1558705152464 -24650
1558705152521 -24707
1558705152521 -24707
1558705152521 -24707
1558705152521 -24707
1558705152521 -24707
1558705152521 -24706
1558705152522 -24707
1558705152522 -24225
1558705152522 -24225
1558705152522 -24225
1558705152522 -24225
1558705152522 -24224
1558705152522 -24224
1558705152522 -24224
1558705152522 -24224
1558705152522 -24224
1558705152522 -24224
1558705152522 -24224
1558705152522 -25036
1558705152522 -25036
1558705152522 -25036
1558705152522 -25036
1558705152522 -25036
1558705152522 -25035
1558705152522 -25035
1558705152522 -25032
1558705152522 -25032
1558705152522 -25032
1558705152522 -25031
1558705152522 -25031
1558705152522 -25031
1558705152522 -24432
1558705152522 -24432
1558705152522 -24432
1558705152522 -24432
1558705152522 -24432
1558705152522 -24431
1558705152522 -23613
1558705152522 -23613
1558705152522 -23613
1558705152522 -23600
1558705152522 -23600
1558705152522 -23600
1558705152522 -23600
1558705152522 -23600
1558705152522 -23600
1558705152523 -23600
1558705152523 -22941
1558705152523 -22941
1558705669058 -541492
1558705669058 -541492
1558705669058 -541492
1558705669058 -541492
1558705669058 -541492
1558705669058 -541492
1558705669058 -541491
1558705669058 -541291
1558705669058 -541291
1558705669058 -541291
1558705669058 -541290
1558705669058 -541290
1558705669058 -541290
1558705669058 -541290
1558705669058 -541290
1558705669058 -541290
1558705669058 -540671
1558705669058 -540670
1558705669058 -540670
1558705669058 -540670
1558705669058 -540668
1558705669058 -540442
1558705669058 -540442
1558705669058 -540442
1558705669058 -540442
1558705669058 -540442
1558705669059 -540378
1558705669059 -540374
1558705669059 -540374
1558705669059 -540374
1558705669059 -540372
1558705669059 -540372
1558705669059 -540372
1558705669059 -539945
1558705669059 -539945
1558705669059 -539945
1558705669059 -539944
1558705669059 -539637
1558705669059 -539637
1558705669059 -539637
1558705669059 -539301
1558705669059 -539301
1558705669059 -539301
1558705669059 -539301
1558705669059 -539301
1558705669059 -539301
1558705669059 -539301
1558705669059 -539301
1558705669059 -539163
1558705669059 -539163
1558705669059 -539163
1558705669059 -539162
1558705669059 -539162
1558705669059 -539161
1558705669059 -539161
1558705669059 -539160
1558705669059 -539160
1558706371226 -1241644
1558706371226 -1241644
1558706371226 -1241644
1558706371226 -1241644
1558706371226 -1241644
1558706371226 -1241644
1558706371226 -1241644
1558706371226 -1241644
1558706371226 -1241644
1558706371226 -1241643
1558706371226 -1241567
1558706371226 -1241566
1558706371226 -1219514
1558706371226 -1219512
1558706371226 -1219510
1558706371226 -1219507
1558706371226 -1219505
1558706371226 -1219504
1558706371226 -1219502
1558706371226 -1219502
1558706371226 -1219496
1558706371226 -1219494
1558706371226 -1219490
1558706371226 -1219489
1558706371226 -1219488
1558706371226 -1219487
1558706371226 -1219486
1558706371226 -1219482
1558706371226 -1219480
1558706371226 -1219478
1558706371226 -1219476
1558706371226 -1219473
1558706371226 -1219472
1558706371226 -1219472
1558706371226 -1219471
1558706371226 -1219470
1558706371226 -1219465
1558706371226 -1219464
1558706371226 -1219463
1558706371226 -1219462
1558706371226 -1219352
1558706371226 -1219351
1558706371226 -1219351
1558706371226 -1219350
1558706371226 -1219346
1558706371226 -1219346
1558706371226 -1219343
1558706371226 -1219342
1558706371226 -1219340
1558706371226 -1219337
1558706371226 -1219337
1558706371226 -1219336
1558706371226 -1219335
1558706371226 -1219334
1558706371226 -1219267
1558706371226 -1219267
1558706371226 -1219266
1558706371226 -1219260
1558706371226 -1219259
1558706371226 -1219258
1558706371226 -1219256
1558706371226 -1219255
1558706371226 -1219255
1558706371226 -1219181
1558706371226 -1219179
1558706371226 -1219179
1558706371226 -1219178
1558706371226 -1219178
1558706371226 -1219176
1558706371226 -1219176
1558706371226 -1219174
1558706371226 -1219173
1558706371226 -1219171
1558706371226 -1219170
1558706371226 -1219165
1558706371226 -1219164
1558706371226 -1219092
1558706371226 -1219090
1558706371226 -1219087
1558706371226 -1219086
1558706371226 -1219085
1558706371226 -1219085
1558706371226 -1219085
1558706371226 -1219084
1558706371226 -1219079
1558706371226 -1219078
1558706371226 -1219077
1558706371226 -1219074
1558706371226 -1219074
1558706371226 -1219073
1558706371226 -1219073
1558706371226 -1219071
1558706371226 -1219068
1558706371226 -1219065
1558706371226 -1219063
1558706371226 -1218960
1558706371226 -1218959
1558706371226 -1218958
1558706371226 -1218954
1558706371226 -1218952
1558706371226 -1218951
1558706371226 -1218951
1558706371226 -1218951
1558706371226 -1218950
1558706371226 -1218949
1558706371226 -1218949
1558706371226 -1218947
1558706371226 -1218851
1558706371226 -1218851
1558706371226 -1218850
1558706371226 -1218849
1558706371226 -1218846
1558706371226 -1218846
1558706371226 -1218814
1558706371226 -1218812
1558706371226 -1218793
1558706371226 -1218744
1558706371226 -1218742
1558706371226 -1218632
1558706371226 -1218632
1558706371226 -1218632
1558706371226 -1218406
1558706371226 -1218405
1558706371226 -1218395
1558706371226 -1218394
1558706371226 -1218394
1558706371226 -1218394
1558706371226 -1218367
1558706371226 -1218362
1558706371226 -1218350
1558706371226 -1218345
1558706371226 -1218345
1558706371226 -1218335
1558706371226 -1218335
1558706371226 -1218333
1558706371226 -1218331
1558706371226 -1218327
1558706371226 -1218318
1558706371226 -1218317
1558706371226 -1218307
1558706371226 -1218306
1558706371226 -1218306
1558706371226 -1218303
1558706371226 -1218301
1558706371226 -1218301
1558706371226 -1218301
1558706371226 -1218287
1558706371226 -1218283
1558706371226 -1218282
1558706371226 -1218282
1558706371226 -1218281
1558706371226 -1218281
1558706371226 -1218280
1558706371226 -1218279
1558706371226 -1218268
