1558705668878 -545325
1558705668878 -545325
1558705668878 -545325
1558705668878 -545325
1558705668878 -545325
1558705668878 -545325
1558705668878 -545325
1558705668878 -545325
1558705668878 -545325
1558705668878 -545325
1558705668878 -545324
1558705668878 -544790
1558705668878 -544789
1558705668878 -544789
1558705668878 -544789
1558705668878 -544789
1558705668878 -544789
1558705668878 -543705
1558705668878 -543705
1558705668878 -543704
1558705668878 -543704
1558705668878 -543704
1558705668878 -543201
1558705668878 -543200
1558705668878 -543200
1558705668878 -542800
1558705668878 -542800
1558705668878 -542799
1558705668878 -542799
1558705668878 -545445
1558705668878 -545445
1558705668878 -545444
1558705668878 -545444
1558705668878 -545443
1558705668878 -545442
1558705668878 -545442
1558705668878 -544733
1558705668878 -544733
1558705668878 -544733
1558705668878 -544733
1558705668878 -544732
1558705668878 -544241
1558705668878 -544241
1558705668878 -544241
1558705668878 -544241
1558705668878 -544241
1558705668878 -544240
1558705668878 -544240
1558705668878 -543653
1558705668878 -543653
1558705668878 -543653
1558705668878 -543653
1558705668878 -543653
1558705668878 -543653
1558705668878 -543652
1558705668878 -543652
1558705668878 -543223
1558705668938 -543282
1558705669130 -544702
1558705669130 -544702
1558705669130 -544699
1558705669130 -544699
1558705669130 -544622
1558705669130 -544622
1558705669130 -544622
1558705669130 -544621
1558705669130 -544621
1558705669130 -544620
1558705669130 -543891
1558705669130 -543890
1558705669130 -543890
1558705669130 -543890
1558705669130 -543890
1558705669130 -543890
1558705669130 -543890
1558705669130 -543889
1558705669130 -543889
1558705669130 -543889
1558705669130 -543889
1558705669130 -543888
1558705669130 -543888
1558705669130 -543888
1558705669130 -543013
1558705796633 -673912
1558705796633 -673912
1558705796633 -673911
1558705796633 -673911
1558705796633 -673136
1558705796633 -673135
1558705796633 -673135
1558706014690 -891192
1558706014690 -891192
1558706014690 -891192
1558706014690 -891192
1558706014690 -890861
1558706014690 -890861
1558706014690 -890861
1558706014690 -890861
1558706014690 -890860
1558706014690 -890860
1558706014690 -890860
1558706014690 -890860
1558706014690 -890860
1558706014690 -890860
1558706014690 -890860
1558706014690 -890860
1558706014690 -890860
1558706014690 -890153
1558706014690 -890152
1558706014690 -890152
1558706014690 -890152
1558706014690 -889823
1558706374327 -1248248
1558706374327 -1247966
1558706374327 -1247964
1558706374327 -1247593
1558706374327 -1247593
1558706374327 -1247593
1558706374327 -1247593
1558706374327 -1247593
1558706374327 -1247592
1558706374327 -1247592
1558706374327 -1247497
1558706374327 -1247497
1558706374327 -1247497
1558706374327 -1200886
1558706374327 -1200884
1558706374327 -1200878
1558706374327 -1200875
1558706374327 -1200874
1558706374327 -1200871
1558706374327 -1200869
1558706374327 -1248671
1558706374327 -1248671
1558706374327 -1248671
1558706374327 -1248233
1558706374327 -1248233
1558706374327 -1248233
1558706374327 -1248233
1558706374327 -1248232
1558706374327 -1248232
1558706374327 -1248232
1558706374327 -1248232
1558706374327 -1247979
1558706374327 -1247979
1558706374327 -1247979
1558706374327 -1247978
1558706374327 -1247978
1558706374327 -1247589
1558706374327 -1199294
1558706374327 -1199291
1558706374327 -1199288
1558706374327 -1199288
1558706374327 -1199287
1558706374327 -1199287
1558706374327 -1199287
1558706374327 -1199285
1558706374327 -1199285
1558706374327 -1199278
1558706374327 -1199278
1558706374327 -1199276
1558706374327 -1199274
1558706374328 -1248211
1558706374328 -1248210
1558706374328 -1248210
1558706374328 -1248210
1558706374328 -1248210
1558706374328 -1248210
1558706374328 -1248210
1558706374328 -1247672
1558706374328 -1247672
1558706374328 -1247672
1558706374328 -1247672
1558706374328 -1247672
1558706374328 -1247672
1558706374328 -1247210
1558706374328 -1247209
1558706374328 -1247209
1558706374328 -1247209
1558706374328 -1247209
1558706374328 -1247209
1558706374328 -1247209
1558706374328 -1247209
1558706374328 -1246419
1558706374328 -1181944
1558706374328 -1181939
1558706374328 -1181935
1558706374328 -1181935
1558706374328 -1181934
1558706374328 -1181934
1558706374328 -1181933
1558706374328 -1181932
1558706374328 -1181932
1558706374328 -1181925
1558706374328 -1181918
1558706374328 -1181917
1558706374328 -1181914
1558706374328 -1181914
1558706374328 -1181903
1558706374328 -1181896
1558706374328 -1181896
1558706374328 -1181896
1558706374328 -1181894
1558706374328 -1181892
1558706374328 -1181891
1558706374328 -1181889
1558706374328 -1181888
1558706374328 -1181883
1558706374328 -1181882
1558706374328 -1181882
1558706374328 -1181881
1558706374328 -1181880
1558706374328 -1181880
1558706374328 -1181879
1558706374328 -1181878
1558706374328 -1181878
1558706374328 -1181878
1558706374328 -1181877
1558706374328 -1181876
1558706374328 -1181872
1558706374328 -1249460
1558706374328 -1249460
1558706374328 -1249459
1558706374328 -1248896
1558706374328 -1248896
1558706374328 -1248895
1558706374328 -1248895
1558706374328 -1248895
1558706374328 -1248894
1558706374328 -1248676
1558706374328 -1248676
1558706374328 -1248675
1558706374328 -1248675
1558706374328 -1248675
1558706374328 -1248675
1558706374328 -1130180
1558706374328 -1130178
1558706374328 -1130155
1558706374328 -1130153
1558706374328 -1130152
1558706374328 -1130151
1558706374328 -1130142
1558706374328 -1130140
1558706374328 -1130140
1558706374328 -1130133
1558706374328 -1130132
1558706374328 -1130130
1558706374328 -1130127
1558706374328 -1130119
1558706374328 -1130118
1558706374328 -1130117
1558706374328 -1130113
1558706374328 -1130112
1558706374328 -1130112
1558706374328 -1130112
1558706374328 -1130107
1558706374328 -1130102
1558706375061 -1201601
1558706375061 -1201600
1558706375061 -1201599
1558706375061 -1201595
1558706375061 -1201595
1558706375061 -1201591
1558706375061 -1201586
1558706375061 -1201581
1558706375061 -1201580
1558706375061 -1201580
1558706375061 -1201573
1558706375061 -1201573
1558706375061 -1201571
1558706375061 -1201571
1558706375061 -1201570
1558706375061 -1201569
1558706375061 -1201569
1558706375061 -1201567
1558706375061 -1201562
1558706375061 -1201560
1558706375061 -1201560
1558706375061 -1201558
1558706375061 -1201558
1558706375061 -1201557
1558706375061 -1201556
1558706375061 -1201556
1558706375061 -867194
1558706375061 -867188
1558706375061 -867187
1558706375061 -867187
1558706375061 -867184
1558706375061 -867181
1558706375061 -867179
1558706375061 -867171
1558706375061 -867170
1558706375061 -867167
1558706375061 -867167
1558706375061 -867151
1558706375061 -867148
1558706375061 -867145
1558706375061 -867145
1558706375061 -867139
1558706375061 -867138
1558706375061 -867133
1558706375061 -867132
1558706375061 -867127
1558706375061 -867126
1558706375061 -867126
1558706375061 -867124
1558706375061 -867115
1558706375061 -867108
1558706375061 -867105
1558706375061 -867104
1558706375061 -867103
1558706375061 -867093
1558706375061 -867090
1558706375061 -867088
1558706375061 -867087
1558706375061 -867086
1558706375061 -867085
1558706375061 -1200006
1558706375061 -1200005
1558706375061 -1200005
1558706375061 -1200000
1558706375061 -1199998
1558706375061 -1199997
1558706375061 -1199995
1558706375061 -1199994
1558706375061 -1199989
1558706375061 -1199988
1558706375061 -1199982
1558706375061 -1199980
1558706375061 -1199979
1558706375061 -1199973
1558706375061 -1199973
1558706375061 -1199972
1558706375061 -1199972
1558706375061 -1199964
1558706375061 -1199962
1558706375061 -1199961
1558706375061 -1199960
1558706375061 -1199959
1558706375061 -850793
1558706375061 -850791
1558706375061 -850790
1558706375061 -850788
1558706375061 -850788
1558706375061 -850787
1558706375061 -850786
1558706375061 -850786
1558706375061 -850785
1558706375061 -850782
1558706375061 -850781
1558706375061 -850780
1558706375061 -850776
1558706375061 -850774
1558706375061 -850769
1558706375061 -850767
1558706375061 -850762
1558706375061 -850761
1558706375061 -850760
1558706375061 -850758
1558706375061 -850743
1558706375061 -850743
1558706375061 -850742
1558706375061 -1182600
1558706375061 -1182590
1558706375061 -1182585
1558706375061 -1182584
1558706375061 -1182584
1558706375061 -1182583
1558706375061 -1182581
1558706375061 -1182581
1558706375061 -1182579
1558706375061 -1182577
1558706375061 -1182577
1558706375061 -1182575
1558706375061 -1182568
1558706375061 -1182565
1558706375061 -1182563
1558706375061 -1182563
1558706375061 -1182562
1558706375061 -1182560
1558706375061 -1182559
1558706375061 -1182557
1558706375061 -843855
1558706375061 -843818
1558706375061 -843817
1558706375061 -843784
1558706375061 -843784
1558706375061 -843784
1558706375061 -843784
1558706375061 -843784
1558706375061 -843784
1558706375061 -843784
1558706375061 -843783
1558706375061 -843783
1558706375061 -843783
1558706375061 -843770
1558706375061 -843766
1558706375061 -843750
1558706375061 -843749
1558706375061 -843749
1558706375061 -843739
1558706375061 -843739
1558706375061 -843738
1558706375061 -843738
1558706375062 -867083
1558706375062 -867080
1558706375062 -867080
1558706375062 -867080
1558706375062 -867077
1558706375062 -867070
1558706375062 -867065
1558706375062 -867064
1558706375062 -867063
1558706375062 -867053
1558706375062 -867053
1558706375062 -867052
1558706375062 -867050
1558706375062 -867049
1558706375062 -867047
1558706375062 -867042
1558706375062 -867041
1558706375062 -867041
1558706375062 -867038
1558706375062 -867036
1558706375062 -867035
1558706375062 -867034
1558706375062 -867030
1558706375062 -867030
1558706375062 -867029
1558706375062 -867026
1558706375062 -867026
1558706375062 -867024
1558706375062 -639861
1558706375062 -639859
1558706375062 -639845
1558706375062 -639845
1558706375062 -639845
1558706375062 -639843
1558706375062 -639842
1558706375062 -639842
1558706375062 -639842
1558706375062 -639807
1558706375062 -639807
1558706375062 -639807
1558706375062 -639807
1558706375062 -639806
1558706375062 -639806
1558706375062 -639806
1558706375062 -639806
1558706375062 -639806
1558706375062 -639798
1558706375062 -639798
1558706375062 -639798
1558706375062 -639798
1558706375062 -639798
1558706375062 -639798
1558706375062 -639773
1558706375062 -639773
1558706375062 -639772
1558706375062 -639772
1558706375062 -639772
1558706375062 -639772
1558706375062 -850743
1558706375062 -850743
1558706375062 -850743
1558706375062 -850743
1558706375062 -850743
1558706375062 -850743
1558706375062 -850742
1558706375062 -850742
1558706375062 -850742
1558706375062 -850742
1558706375062 -850742
1558706375062 -850739
1558706375062 -850734
1558706375062 -850730
1558706375062 -850729
1558706375062 -850729
1558706375062 -850727
1558706375062 -850725
1558706375062 -850724
1558706375062 -850724
1558706375062 -850724
1558706375062 -850723
1558706375062 -850723
1558706375062 -850721
1558706375062 -850720
1558706375062 -850720
1558706375062 -850719
1558706375062 -623481
1558706375062 -623479
1558706375062 -623476
1558706375062 -623474
1558706375062 -623474
1558706375062 -623473
1558706375062 -623472
1558706375062 -623472
1558706375062 -623469
1558706375062 -623468
1558706375062 -623467
1558706375062 -623467
1558706375062 -623467
1558706375062 -623465
1558706375062 -623457
1558706375062 -623453
1558706375062 -623448
1558706375062 -623446
1558706375062 -623443
1558706375062 -623443
1558706375062 -623441
1558706375062 -623440
1558706375062 -623439
1558706375062 -623439
1558706375062 -623434
1558706375062 -623433
1558706375062 -623430
1558706375062 -623429
1558706375062 -623428
1558706375062 -623424
1558706375062 -623422
1558706375062 -623422
1558706375062 -623422
1558706375062 -623421
1558706375062 -623420
1558706375062 -623419
1558706375062 -1130828
1558706375062 -1130822
1558706375062 -1130817
1558706375062 -1130816
1558706375062 -1130815
1558706375062 -1130813
1558706375062 -1130812
1558706375062 -1130810
1558706375062 -1130807
1558706375062 -1130805
1558706375062 -1130804
1558706375062 -1130803
1558706375062 -1130798
1558706375062 -1130793
1558706375062 -1130792
1558706375062 -1130791
1558706375062 -1130789
1558706375062 -1130789
1558706375062 -1130787
1558706375062 -1130782
1558706375062 -1130776
1558706375062 -1130775
1558706375062 -674738
1558706375062 -674732
1558706375062 -674726
1558706375062 -674716
1558706375063 -639769
1558706375063 -639769
1558706375063 -639769
1558706375063 -639768
1558706375063 -639768
1558706375063 -639768
1558706375063 -639768
1558706375063 -639755
1558706375063 -639755
1558706375063 -639755
1558706375063 -639755
1558706375063 -639755
1558706375063 -639755
1558706375063 -639755
1558706375063 -639748
1558706375063 -639747
1558706375063 -639747
1558706375063 -639747
1558706375063 -639747
1558706375063 -639736
1558706375063 -639736
1558706375063 -639729
1558706375063 -639729
1558706375063 -639729
1558706375063 -639729
1558706375063 -519029
1558706375063 -519028
1558706375063 -519027
1558706375063 -519026
1558706375063 -519011
1558706375063 -519009
1558706375063 -519008
1558706375063 -519006
1558706375063 -519000
1558706375063 -518994
1558706375063 -518991
1558706375063 -518990
1558706375063 -518988
1558706375063 -518987
1558706375063 -518985
1558706375063 -518982
1558706375063 -518957
1558706375063 -518957
1558706375063 -518957
1558706375063 -518956
1558706375063 -518956
1558706375063 -623411
1558706375063 -623411
1558706375063 -623408
1558706375063 -623404
1558706375063 -623404
1558706375063 -623402
1558706375063 -623401
1558706375063 -623399
1558706375063 -623399
1558706375063 -623397
1558706375063 -623395
1558706375063 -623392
1558706375063 -623391
1558706375063 -623389
1558706375063 -623387
1558706375063 -623384
1558706375063 -623383
1558706375063 -623382
1558706375063 -623381
1558706375063 -623377
1558706375063 -623376
1558706375063 -516985
1558706375063 -516985
1558706375063 -516984
1558706375063 -516984
1558706375063 -516982
1558706375063 -516982
1558706375063 -516976
1558706375063 -516976
1558706375063 -516976
1558706375063 -516975
1558706375063 -516975
1558706375063 -516975
1558706375063 -516962
1558706375063 -516962
1558706375063 -516962
1558706375063 -516962
1558706375063 -516962
1558706375063 -516962
1558706375063 -516958
1558706375063 -516957
1558706375063 -516953
1558706375063 -516952
1558706375063 -516943
1558706375063 -516939
1558706375063 -516938
1558706375063 -516936
1558706375063 -516933
1558706375063 -516919
1558706375063 -516913
1558706375063 -516912
1558706375063 -516910
1558706375063 -516908
1558706375063 -516906
1558706375063 -516906
1558706375063 -516902
1558706375063 -516901
1558706375063 -516882
1558706375063 -516878
1558706375063 -516876
1558706375063 -516876
1558706375063 -843732
1558706375063 -843710
1558706375063 -843706
1558706375063 -843696
1558706375063 -843686
1558706375063 -843685
1558706375063 -843667
1558706375063 -843666
1558706375063 -843641
1558706375063 -843641
1558706375063 -843629
1558706375063 -843624
1558706375063 -843624
1558706375063 -843620
1558706375063 -843620
1558706375063 -843605
1558706375063 -843605
1558706375063 -569426
1558706375063 -569425
1558706375063 -569422
1558706375063 -569416
1558706375063 -569413
1558706375063 -569412
1558706375063 -569410
1558706375063 -569405
1558706375063 -569404
1558706375063 -569400
1558706375063 -569400
1558706375063 -569388
1558706375063 -569386
1558706375063 -569385
1558706375063 -569384
1558706375063 -569383
1558706375063 -569374
1558706375063 -569365
1558706375063 -569357
1558706375063 -569355
1558706375063 -569344
1558706375063 -569343
1558706375063 -569343
1558706375063 -569341
1558706375063 -569340
1558706375063 -569340
1558706375063 -569339
1558706375063 -569336
1558706375063 -569331
1558706375063 -569330
1558706375063 -569326
1558706375063 -569326
1558706375063 -569324
1558706375063 -569323
1558706375063 -569320
1558706375063 -569315
1558706375063 -569314
1558706375063 -569312
1558706375063 -569312
1558706375063 -569307
1558706375063 -569306
1558706375063 -569278
1558706375063 -569278
1558706375063 -569278
1558706375063 -569277
1558706375063 -569277
1558706375063 -569277
1558706375063 -569276
1558706375063 -569272
1558706375063 -569269
1558706375063 -350273
1558706375063 -350271
1558706375063 -350267
1558706375063 -350258
1558706375063 -350256
1558706375063 -350256
1558706375063 -350253
1558706375063 -350253
1558706375063 -350251
1558706375063 -350250
1558706375063 -350248
1558706375063 -350242
1558706375063 -350241
1558706375063 -350239
1558706375063 -350237
1558706375063 -350232
1558706375063 -350229
1558706375063 -350226
1558706375063 -350221
1558706375063 -350221
1558706375063 -350217
1558706375063 -350216
1558706375063 -350212
1558706375063 -350211
1558706375063 -350210
1558706375063 -350207
1558706375063 -350202
1558706375063 -350201
1558706375063 -350200
1558706375063 -350200
1558706375063 -350197
1558706375063 -350192
1558706375063 -350191
1558706375063 -350191
1558706375063 -350190
1558706375063 -350185
1558706375063 -350184
1558706375063 -350182
1558706375063 -350181
1558706375063 -350178
1558706375063 -350174
1558706375063 -350174
1558706375063 -350174
1558706375063 -350172
1558706375063 -350171
1558706375063 -350168
1558706375063 -350167
1558706375063 -350161
1558706375063 -350158
1558706375063 -350158
1558706375063 -350154
1558706375063 -350144
1558706375064 -518956
1558706375064 -518955
1558706375064 -518954
1558706375064 -518954
1558706375064 -518953
1558706375064 -518953
1558706375064 -518953
1558706375064 -518950
1558706375064 -518947
1558706375064 -518946
1558706375064 -518946
1558706375064 -518944
1558706375064 -518932
1558706375064 -518932
1558706375064 -518928
1558706375064 -518926
1558706375064 -518924
1558706375064 -518915
1558706375064 -518913
1558706375064 -518911
1558706375064 -518904
1558706375064 -518902
1558706375064 -306044
1558706375064 -306042
1558706375064 -306039
1558706375064 -306039
1558706375064 -306038
1558706375064 -306036
1558706375064 -306036
1558706375064 -306033
1558706375064 -516862
1558706375064 -516861
1558706375064 -516861
1558706375064 -516853
1558706375064 -516852
1558706375064 -516850
1558706375064 -516842
1558706375064 -516841
1558706375064 -516840
1558706375064 -516840
1558706375064 -516834
1558706375064 -516833
1558706375064 -516829
1558706375064 -516822
1558706375064 -516820
1558706375064 -516820
1558706375064 -516819
1558706375064 -516815
1558706375064 -516814
1558706375064 -516813
1558706375064 -516811
1558706375064 -516807
1558706375064 -516806
1558706375064 -516804
1558706375064 -516799
1558706375064 -516799
1558706375064 -297853
1558706375064 -297851
1558706375064 -297851
1558706375064 -297849
1558706375064 -297849
1558706375064 -297846
1558706375064 -297843
1558706375064 -297841
1558706375064 -297825
1558706375064 -297824
1558706375064 -297824
1558706375064 -297823
1558706375064 -297822
1558706375064 -297818
1558706375064 -297817
1558706375064 -297813
1558706375064 -297810
1558706375201 -674842
1558706375201 -674835
1558706375201 -674823
1558706375201 -674819
1558706375201 -674811
1558706375201 -674809
1558706375201 -674809
1558706375201 -674802
1558706375201 -674800
1558706375201 -674793
1558706375201 -674793
1558706375201 -674792
1558706375201 -674789
1558706375201 -341052
1558706375201 -341044
1558706375201 -341037
1558706375201 -341014
1558706375201 -341014
1558706375201 -341014
1558706375201 -341013
1558706375201 -341013
1558706375201 -340989
1558706375201 -340986
1558706375201 -340983
1558706375201 -340956
1558706375201 -340955
1558706375201 -340955
1558706375201 -340955
1558706375201 -340944
1558706375201 -340943
1558706375201 -340943
1558706375201 -340942
1558706375201 -340941
1558706375201 -340932
1558706375201 -340923
1558706375201 -340913
1558706375201 -340910
1558706375201 -340903
1558706375201 -340902
1558706375201 -340900
1558706375201 -340894
1558706375201 -340886
1558706375201 -340870
1558706375201 -340868
1558706375201 -340865
1558706375201 -340864
1558706375201 -340857
1558706375201 -340851
1558706375201 -340843
1558706375201 -340841
1558706375201 -340839
1558706375201 -340837
1558706375201 -340837
1558706375201 -340834
1558706375201 -340833
1558706375201 -340832
1558706375201 -340818
1558706375201 -340811
1558706375201 -340810
1558706375201 -340808
1558706375201 -340651
1558706375201 -340651
1558706375201 -340650
1558706375201 -340650
1558706375201 -340648
1558706375201 -340450
1558706375201 -340448
1558706375201 -340448
1558706375201 -340447
1558706375201 -340446
1558706375201 -340445
1558706375201 -340438
1558706375201 -340435
1558706375201 -340431
1558706375201 -340311
1558706375201 -340310
1558706375201 -340310
1558706375201 -340309
1558706375201 -340308
1558706375201 -340307
1558706375201 -340305
1558706375201 -340303
1558706375201 -340301
1558706375201 -340300
1558706375201 -340180
1558706375201 -340175
1558706375201 -340168
1558706375201 -340167
1558706375201 -340163
1558706375201 -340161
1558706375201 -340159
1558706375201 -340159
1558706375201 -340159
1558706375201 -340081
1558706375201 -340081
1558706375201 -340080
1558706375201 -340080
1558706375201 -340080
1558706375201 -340080
1558706375201 -340080
1558706375201 -340080
1558706375201 -340080
1558706375201 -340080
1558706375201 -340080
1558706375201 -340079
1558706375201 -340003
1558706375201 -340002
1558706375201 -340002
1558706375201 -340002
1558706375201 -340000
1558706375201 -340000
1558706375201 -340000
1558706375201 -339999
1558706375201 -339996
1558706375201 -339914
1558706375201 -339913
1558706375201 -339913
1558706375201 -339911
1558706375201 -339910
1558706375416 -306376
1558706375416 -306372
1558706375416 -306367
1558706375416 -306365
1558706375416 -306362
1558706375416 -306362
1558706375416 -306361
1558706375416 -306358
1558706375416 -306357
1558706375416 -306355
1558706375416 -306350
1558706375416 -306349
