1558705357455 -234186
1558705357455 -234186
1558705357455 -234186
1558705357455 -234185
1558705357455 -234185
1558705357455 -234185
1558705357455 -234185
1558705357455 -234185
1558705357455 -234185
1558705357455 -234185
1558705357455 -233058
1558705357455 -233058
1558705357455 -233058
1558705357455 -233045
1558705357455 -233044
1558705357455 -233044
1558705357455 -233044
1558705357455 -233044
1558705357455 -233044
1558705357455 -232012
1558705357455 -232012
1558705357455 -232012
1558705357455 -232011
1558705357455 -232011
1558705357455 -231206
1558705357455 -231206
1558705357455 -231206
1558705357455 -231206
1558705357455 -231206
1558705357455 -231205
1558705357455 -231205
1558705357455 -231205
1558705357455 -231191
1558705357455 -230656
1558705357455 -230656
1558705357455 -230656
1558705357455 -230656
1558705357455 -230656
1558705357455 -230656
1558705357455 -230656
1558705357455 -230656
1558705357455 -230656
1558705357455 -230656
1558705357456 -235336
1558705357456 -235336
1558705357456 -234171
1558705357456 -234171
1558705357456 -234170
1558705357456 -234170
1558705357456 -234170
1558705357456 -234170
1558705357456 -234170
1558705357456 -234145
1558705357456 -234144
1558705357456 -234144
1558705357456 -233124
1558705668751 -544418
1558705668751 -544418
1558705668751 -544418
1558705668751 -544418
1558705668751 -544418
1558705668751 -544418
1558705668751 -544292
1558705668751 -544292
1558705668751 -544292
1558705668751 -543358
1558705668751 -543358
1558705668751 -543358
1558705668751 -543357
1558705668751 -543357
1558705668751 -543357
1558705668751 -543357
1558705668751 -543263
1558705668751 -543263
1558705668751 -543263
1558705668751 -543263
1558705668751 -543263
1558705668751 -542552
1558705668751 -546408
1558705668751 -546407
1558705668751 -546407
1558705668751 -546407
1558705668751 -546407
1558705668751 -546112
1558705668751 -546112
1558705668751 -546111
1558705668751 -545001
1558705668751 -545001
1558705668751 -545001
1558705668751 -545001
1558705668751 -545000
1558705668751 -545000
1558705668751 -544814
1558705668751 -544813
1558705668751 -544813
1558705668751 -544813
1558705668751 -544813
1558705668751 -544813
1558705668751 -544813
1558705668751 -544813
1558705668751 -543957
1558705668751 -543956
1558705668751 -543956
1558705668751 -543956
1558705668751 -543956
1558705668751 -543956
1558705668751 -543744
1558705668751 -543744
1558705668751 -543744
1558705668751 -543744
1558705668751 -543744
1558705668751 -545124
1558705668751 -545124
1558705668751 -545124
1558705668751 -545124
1558705668751 -545124
1558705668751 -545124
1558705668751 -545124
1558705668751 -545124
1558705668751 -545124
1558705668751 -544708
1558705668751 -544708
1558705668751 -544708
1558705668751 -544708
1558705668751 -544708
1558705668751 -544707
1558705668751 -543994
1558705668751 -543993
1558705668751 -543993
1558705668751 -543993
1558705668751 -543993
1558705668751 -543993
1558705668751 -543993
1558705668751 -543647
1558705668751 -543645
1558705668889 -544048
1558705668889 -544048
1558705668889 -544046
1558705668889 -542469
1558705668889 -542468
1558705668889 -542468
1558705668889 -542468
1558705668889 -542467
1558705668889 -542467
1558705668889 -542467
1558705668889 -542453
1558705668889 -542453
1558705668889 -542453
1558705668889 -542453
1558705668889 -542453
1558705668889 -542453
1558705668889 -541560
1558705668889 -541560
1558705668889 -541560
1558705668889 -541560
1558705668889 -541559
1558705668889 -541509
1558705668889 -541509
1558705668889 -541509
1558705668889 -541509
1558705668889 -541509
1558705668889 -541509
1558705668889 -541509
1558705668889 -541507
1558705668889 -541506
1558705668889 -541506
1558705668889 -541506
1558706014394 -890033
1558706014394 -890033
1558706014394 -890033
1558706014394 -890033
1558706014394 -890032
1558706014394 -890031
1558706014394 -889005
1558706014394 -889005
1558706014394 -889005
1558706014394 -889005
1558706014394 -889004
1558706014394 -889004
1558706115004 -989614
1558706115004 -988890
1558706115004 -988890
1558706115004 -988889
1558706115004 -988343
1558706115004 -988343
1558706115004 -988342
1558706115004 -987884
1558706115004 -992886
1558706115004 -992886
1558706115004 -992886
1558706115004 -992885
1558706115004 -992885
1558706115004 -992179
1558706115004 -992179
1558706115004 -992178
1558706115004 -991599
1558706343170 -1219765
1558706343170 -1219765
1558706343170 -1219764
1558706343170 -1219764
1558706343170 -1219764
1558706343170 -1219764
1558706343171 -1219765
1558706343171 -1219266
1558706343171 -1219266
1558706343171 -1219266
1558706343171 -1219265
1558706343171 -1219265
1558706343171 -1219265
1558706343171 -1219265
1558706343171 -1219265
1558706343171 -1219265
1558706343171 -1219265
1558706343171 -1218714
1558706343171 -1218714
1558706343171 -1218714
1558706343171 -1218714
1558706343171 -1218714
1558706343171 -1218714
1558706343171 -1218714
1558706343171 -1218713
1558706343171 -1218713
1558706343171 -1218713
1558706343171 -1218228
1558706343171 -1218228
1558706370648 -1248296
1558706370648 -1248295
1558706370648 -1248295
1558706370648 -1248295
1558706370648 -1248295
1558706370648 -1248295
1558706370648 -1248295
1558706370648 -1248295
1558706370648 -1248292
1558706370648 -1248292
1558706370648 -1248292
1558706370648 -1248291
1558706370648 -1248291
1558706370648 -1247999
1558706370648 -1247999
1558706370648 -1247991
1558706370648 -1247989
1558706370648 -1247082
1558706370648 -1247082
1558706370648 -1247082
1558706370648 -1247082
1558706370648 -1247082
1558706370648 -1247082
1558706370648 -1247082
1558706370648 -1247082
1558706370648 -1246879
1558706370648 -1246879
1558706370648 -1246879
1558706370648 -1246879
1558706370648 -1246878
1558706370648 -1246047
1558706370648 -1246046
1558706370648 -1246046
1558706370648 -1246046
1558706370755 -1243072
1558706370755 -1243072
1558706370755 -1243071
1558706370755 -1243071
1558706370755 -1243071
1558706370755 -1243071
1558706370755 -1243071
1558706370755 -1243071
1558706370755 -1243068
1558706370755 -1243067
1558706370755 -1243067
1558706370755 -1243067
1558706370755 -1243067
1558706370755 -1242295
1558706370755 -1242295
1558706370755 -1242294
1558706370755 -1242294
1558706370755 -1242294
1558706370755 -1242294
1558706370755 -1242294
1558706370755 -1242294
1558706370755 -1242202
1558706370755 -1242201
1558706370755 -1242201
1558706370755 -1242200
1558706370755 -1242200
1558706370755 -1242200
1558706370755 -1242200
1558706370755 -1241525
1558706370755 -1241525
1558706370755 -1241525
1558706370755 -1241525
1558706372105 -1245305
1558706372105 -1245305
1558706372105 -1245280
1558706372105 -1214542
1558706372105 -1214542
1558706372105 -1214541
1558706372105 -1214541
1558706372105 -1214540
1558706372105 -1214540
1558706372105 -1214540
1558706372105 -1214540
1558706372105 -1214536
1558706372105 -1214532
1558706372105 -1214528
1558706372105 -1214514
1558706372105 -1214512
1558706372105 -1214508
1558706372105 -1214507
1558706372105 -1214507
1558706372105 -1214500
1558706372105 -1214496
1558706372105 -1214495
1558706372105 -1214495
1558706372105 -1214494
1558706372105 -1214488
1558706372105 -1214487
1558706372105 -1214485
1558706372105 -1214427
1558706372105 -1214426
1558706372105 -1214426
1558706372105 -1214426
1558706372105 -1214426
1558706372105 -1214426
1558706372105 -1214426
1558706372105 -1214424
1558706372105 -1214423
1558706372105 -1214423
1558706372105 -1214419
1558706372105 -1214348
1558706372105 -1214347
1558706372105 -1214347
1558706372105 -1214346
1558706372105 -1214345
1558706372105 -1214344
1558706372105 -1214309
1558706372105 -1214309
1558706372105 -1214309
1558706372105 -1214259
1558706372105 -1214259
1558706372105 -1214259
1558706372105 -1214258
1558706372105 -1214258
1558706372105 -1214257
1558706372105 -1214257
1558706372105 -1214257
1558706372105 -1214256
1558706372105 -1214249
1558706372105 -1214243
1558706372105 -1214243
1558706372105 -1214242
1558706372105 -1214172
1558706372105 -1214172
1558706372105 -1214172
1558706372105 -1214172
1558706372105 -1214171
1558706372105 -1214171
1558706372105 -1214171
1558706372105 -1214169
1558706372105 -1214168
1558706372105 -1214153
1558706372105 -1214152
1558706372105 -1214151
1558706372105 -1214150
1558706372105 -1214145
1558706372105 -1214141
1558706372105 -1214141
1558706372105 -1214120
1558706372105 -1214120
1558706372105 -1214040
1558706372105 -1214039
1558706372105 -1214039
1558706372105 -1214037
1558706372105 -1214037
1558706372105 -1214037
1558706372105 -1214037
1558706372105 -1214036
1558706372105 -1214035
1558706372105 -1214033
1558706372105 -1214028
1558706372105 -1214022
1558706372105 -1214018
1558706372105 -1214016
1558706372105 -1214008
1558706372105 -1214008
1558706372105 -1214006
1558706372105 -1214001
1558706372105 -1213951
1558706372105 -1213950
1558706372105 -1213950
1558706372105 -1213950
1558706372105 -1213948
1558706372105 -1213948
1558706372105 -1213947
1558706372105 -1213947
1558706372105 -1213947
1558706372105 -1213946
1558706372105 -1213944
1558706372194 -1245995
1558706372194 -1245995
1558706372194 -1245995
1558706372194 -1245995
1558706372194 -1245994
1558706372194 -1245994
1558706372194 -1245910
1558706372194 -1245909
1558706372194 -1245909
1558706372194 -1245909
1558706372194 -1245909
1558706372194 -1245909
1558706372194 -1202809
1558706372194 -1202808
1558706372194 -1202807
1558706372194 -1202805
1558706372194 -1202804
1558706372194 -1202804
1558706372194 -1202801
1558706372194 -1202795
1558706372194 -1202793
1558706372194 -1202783
1558706372194 -1202783
1558706372194 -1202783
1558706372194 -1202771
1558706372194 -1202766
1558706372194 -1202763
1558706372194 -1202763
1558706372194 -1202755
1558706372194 -1202754
1558706372194 -1202752
1558706372195 -1202752
1558706372195 -1202751
1558706372195 -1202750
1558706372195 -1202749
1558706372195 -1202746
1558706372195 -1202745
1558706372195 -1202744
1558706372195 -1202736
1558706372195 -1202722
1558706372195 -1202719
1558706372195 -1202716
1558706372195 -1202714
1558706372195 -1202708
1558706372195 -1202705
1558706372195 -1202594
1558706372195 -1202594
1558706372195 -1202594
1558706372195 -1202592
1558706372203 -1202600
1558706372203 -1202599
1558706372203 -1202481
1558706372203 -1202480
1558706372203 -1202479
1558706372203 -1202478
1558706372203 -1202477
1558706372203 -1202472
1558706372203 -1202471
1558706372203 -1202349
1558706372203 -1202348
1558706372203 -1202348
1558706372203 -1202348
1558706372203 -1202347
1558706372203 -1202346
1558706372203 -1202346
1558706372203 -1202345
1558706372203 -1202340
1558706372203 -1202337
1558706372203 -1202197
1558706372203 -1202197
1558706372203 -1202197
1558706372203 -1202197
1558706372203 -1202197
1558706372203 -1202197
1558706372203 -1202196
1558706372203 -1202127
1558706372203 -1202126
1558706372203 -1202041
1558706372203 -1202041
1558706372203 -1202041
1558706372204 -1202040
1558706372204 -1202040
1558706372204 -1202040
1558706372204 -1202038
1558706372204 -1202037
1558706372204 -1202036
1558706372204 -1202036
1558706372204 -1201954
1558706372204 -1201954
1558706372204 -1201953
1558706372204 -1201953
1558706372204 -1201953
1558706372204 -1201952
1558706372204 -1201952
1558706372204 -1201951
1558706372204 -1201950
1558706372204 -1201950
1558706372204 -1201949
1558706372204 -1201943
1558706372204 -1201863
1558706372204 -1201861
1558706372204 -1201856
1558706372204 -1201856
1558706372204 -1201766
1558706372204 -1201754
1558706372204 -1201753
1558706372204 -1201751
1558706372204 -1201750
1558706372204 -1201748
1558706372204 -1201690
1558706372204 -1201689
1558706372204 -1201688
1558706372204 -1201688
1558706372204 -1201681
1558706372204 -1201681
1558706372204 -1201681
1558706372204 -1201672
1558706372204 -1201672
1558706372204 -1201672
1558706372204 -1201672
1558706372204 -1201672
1558706372204 -1201672
1558706372204 -1201672
1558706372204 -1201672
1558706372204 -1201602
1558706372204 -1201597
1558706372204 -1201592
1558706372204 -1201592
1558706372204 -1201592
1558706372204 -1201513
1558706372204 -1201509
1558706372204 -1201508
1558706372204 -1201507
1558706372204 -1201506
1558706372204 -1201504
1558706372204 -1201427
1558706372204 -1201425
1558706372204 -1201425
1558706372204 -1201425
1558706372204 -1201424
1558706372204 -1201423
1558706372204 -1201422
1558706372204 -1201421
1558706372204 -1201419
1558706372204 -1201412
1558706372204 -1201405
1558706372204 -1201404
1558706372204 -1201399
1558706372204 -1201395
1558706372204 -1201393
1558706372204 -1201391
1558706372205 -1201392
1558706372205 -1201292
1558706372205 -1201292
1558706372205 -1201291
1558706372205 -1201290
1558706372205 -1201290
1558706372205 -1201289
1558706372205 -1201288
1558706372205 -1201286
1558706372205 -1201284
1558706372205 -1201280
1558706372205 -1201276
1558706372205 -1201275
1558706372205 -1201274
1558706372205 -1201274
1558706372205 -1201273
