1558705357115 -233693
1558705357115 -233692
1558705357115 -233692
1558705357115 -233691
1558705357115 -233691
1558705357115 -232950
1558705357115 -232950
1558705357115 -232950
1558705357115 -232950
1558705357115 -232950
1558705357115 -232950
1558705357115 -232949
1558705357115 -232949
1558705357115 -232949
1558705357115 -232949
1558705357115 -232949
1558705357116 -232499
1558705357116 -232499
1558705357116 -232499
1558705357116 -232498
1558705357116 -231895
1558705357116 -231894
1558705357116 -231894
1558705357116 -231456
1558705357116 -231456
1558705357116 -231456
1558705357116 -231456
1558705357116 -231456
1558705357582 -234185
1558705357582 -234185
1558705357582 -234185
1558705357582 -234185
1558705357582 -234185
1558705357582 -234185
1558705357582 -234185
1558705357582 -234184
1558705357582 -234184
1558705357582 -234184
1558705357582 -233333
1558705357582 -233333
1558705357582 -233333
1558705357582 -233332
1558705357582 -233332
1558705357582 -233034
1558705357582 -233034
1558705357582 -233031
1558705357582 -233031
1558705357582 -233031
1558705357582 -233031
1558705357582 -233031
1558705357582 -233031
1558705357582 -233031
1558705357582 -233030
1558705357582 -232321
1558705357582 -232321
1558705357582 -232321
1558705357582 -232321
1558705357582 -232321
1558705357582 -231977
1558705357582 -231977
1558705357582 -231977
1558705357582 -231976
1558705357582 -231466
1558705357582 -231466
1558705357582 -231464
1558705357582 -231244
1558705357582 -231244
1558705357583 -231245
1558705357583 -231245
1558705357583 -231245
1558705357583 -231245
1558705357583 -231245
1558705357583 -231244
1558705357583 -231244
1558705357583 -231244
1558705357583 -230840
1558705357583 -230840
1558705357583 -230840
1558705668740 -543072
1558705668740 -543072
1558705668740 -543072
1558705668740 -543072
1558705668740 -543071
1558705668740 -543071
1558705668740 -542857
1558705668740 -542857
1558705668740 -542856
1558705668740 -542856
1558705668741 -542857
1558705668741 -542857
1558705668741 -542856
1558705668741 -541886
1558705668741 -541886
1558705668741 -541886
1558705668741 -541885
1558705668741 -541885
1558705668741 -541781
1558705668741 -541781
1558705668741 -541776
1558705668741 -541776
1558705668741 -541776
1558705668741 -540729
1558705668741 -540729
