1558705152781 -52610844
1558705152781 -52610844
1558705152781 -52610844
1558705152781 -52610844
1558705152781 -52610713
1558705152781 -52610712
1558705152781 -52610712
1558705152781 -52610712
1558705152781 -52610712
1558705152781 -52610711
1558705152781 -52608705
1558705152781 -52608705
1558705152781 -52608704
1558705152781 -52608704
1558705152781 -52608704
1558705152788 -52608711
1558705152788 -52608585
1558705152788 -52608584
1558705152788 -52608584
1558705152788 -52608584
1558706372129 -3565633
1558706372129 -3565633
1558706372129 -3565633
1558706372129 -3565630
1558706372129 -3565630
1558706372129 -3565630
1558706372129 -3565630
1558706372129 -3565096
1558706372129 -3565096
1558706372129 -3565096
1558706372129 -3565095
1558706372129 -3565095
1558706372129 -3565095
1558706372129 -3563964
1558706372129 -3563964
1558706372129 -3563963
1558706372130 -3563964
1558706372130 -3563494
1558706372130 -3562401
1558706372130 -3562401
1558706372130 -3562401
1558706372130 -3562401
1558706372130 -3562401
1558706372130 -3562401
1558706372130 -3562401
1558706372130 -3562400
1558706372130 -3562003
1558706372130 -3562003
1558706372130 -3562003
1558706372130 -3562002
1558706372130 -3562001
1558706372130 -3562000
1558706372130 -3562000
1558706372130 -3562000
1558706372130 -3561183
1558706372130 -3561182
1558706372130 -3561182
1558706372130 -3560967
1558706372130 -3560967
1558706372130 -3560967
1558706372825 -3559657
1558706372825 -3559657
1558706372825 -3559657
1558706372825 -3559657
1558706372825 -3559657
1558706372825 -3559657
1558706372825 -3559657
1558706372825 -3559656
1558706372825 -3559009
1558706372825 -3559009
1558706372825 -3559009
1558706372825 -3559009
1558706372825 -3559009
1558706372825 -3559008
1558706372825 -3559008
1558706372825 -3559008
1558706372825 -3559008
1558706372825 -3559008
1558706372825 -3559008
1558706372825 -3559008
1558706372825 -3559008
1558706372825 -3559008
1558706372825 -3558991
1558706372825 -3558991
1558706372826 -3558992
1558706372826 -3558990
1558706372826 -3558990
1558706372826 -3558989
1558706372826 -3558989
1558706372826 -3558989
1558706372826 -3558989
1558706372826 -3558989
1558706372826 -3558989
1558706372826 -3558989
1558706372826 -3557379
1558706372826 -3557379
1558706372826 -3557379
1558706372826 -3557379
1558706372826 -3557379
1558706372826 -3557377
1558706372826 -3557377
1558706372826 -3557377
1558706372826 -3557377
1558706372826 -3557377
1558706372826 -3557377
1558706372826 -3557377
1558706372826 -3557376
1558706372826 -3557376
1558706373190 -3561628
1558706373190 -3561628
1558706373190 -3561628
1558706373190 -3561627
1558706373190 -3561627
1558706373190 -3561627
1558706373190 -3561627
1558706373190 -3561627
1558706373190 -3561627
1558706373190 -3561627
1558706373190 -3503230
1558706373190 -3503229
1558706373190 -3503229
1558706373190 -3503228
1558706373190 -3503228
1558706373190 -3503228
1558706373190 -3503227
1558706373190 -3503226
1558706373190 -3503225
1558706373190 -3503224
1558706373190 -3503223
1558706373190 -3503220
1558706373190 -3503216
1558706373190 -3503215
1558706373190 -3503213
1558706373190 -3503212
1558706373190 -3503210
1558706373190 -3503205
1558706373190 -3503202
1558706373190 -3503202
1558706373190 -3503201
1558706373190 -3503198
1558706373190 -3503191
1558706373190 -3503189
1558706373190 -3503185
1558706373190 -3503183
1558706373190 -3503182
1558706373190 -3503181
1558706373190 -3503181
1558706373190 -3503170
1558706373190 -3503166
1558706373190 -3503165
1558706373190 -3503161
1558706373190 -3503159
1558706373190 -3503157
1558706373190 -3503151
1558706373190 -3503150
1558706373190 -3503148
1558706373190 -3503148
1558706373190 -3503147
1558706373190 -3503146
1558706373190 -3503144
1558706373190 -3503143
1558706373190 -3503143
1558706373190 -3503142
1558706373190 -3503140
1558706373190 -3503134
1558706373190 -3503134
1558706373190 -3503132
1558706373190 -3503131
1558706373190 -3503130
1558706373190 -3503130
1558706373190 -3503129
1558706373190 -3503076
1558706373190 -3503057
1558706373190 -3503057
1558706373190 -3503057
1558706373190 -3503057
1558706373190 -3503057
1558706373190 -3503057
1558706373190 -3503056
1558706373190 -3503056
1558706373190 -3503056
1558706373190 -3503056
1558706373190 -3503056
1558706373190 -3503056
1558706373190 -3503056
1558706373190 -3503056
1558706373190 -3503052
1558706373190 -3503050
1558706373190 -3502997
1558706373190 -3502996
1558706373190 -3502996
1558706373190 -3502995
1558706373190 -3502995
1558706373190 -3502993
1558706373190 -3502992
1558706373190 -3502991
1558706373190 -3502952
1558706373190 -3502951
1558706373190 -3502949
1558706373190 -3502948
1558706373190 -3502946
1558706373190 -3502946
1558706373190 -3502945
1558706373190 -3502945
1558706373190 -3502941
1558706373190 -3502939
1558706373190 -3502925
1558706373190 -3502924
1558706373190 -3502921
1558706373190 -3502919
1558706373190 -3502916
1558706373190 -3502864
1558706373190 -3502864
1558706373190 -3502862
1558706373190 -3502856
1558706373190 -3502853
1558706373190 -3502850
1558706373190 -3502833
1558706373190 -3502828
1558706373190 -3502810
1558706373190 -3502808
1558706373190 -3502807
1558706373190 -3502804
1558706373190 -3502801
1558706373190 -3502800
1558706373190 -3502786
1558706373190 -3502782
1558706373190 -3502782
1558706373190 -3502781
1558706373190 -3502775
1558706373190 -3502775
1558706373190 -3502773
1558706373190 -3502769
1558706373190 -3502767
1558706373190 -3502766
1558706373190 -3502763
1558706373190 -3502763
1558706373190 -3502761
1558706373190 -3502761
1558706373190 -3502757
1558706373190 -3502749
1558706373190 -3502743
1558706373190 -3502741
1558706373190 -3502741
1558706373190 -3502740
1558706373190 -3502740
1558706373190 -3502739
1558706373190 -3502736
1558706373190 -3502688
1558706373190 -3502687
1558706373190 -3502684
1558706373190 -3502684
1558706373190 -3502684
1558706373190 -3502684
1558706373190 -3502684
1558706373190 -3502674
1558706373190 -3502672
1558706373190 -3502667
1558706373190 -3502667
1558706373190 -3502661
1558706373190 -3502661
1558706373933 -3558483
1558706373933 -3558169
1558706373933 -3558169
1558706373933 -3558168
1558706373933 -3558168
1558706373933 -3558166
1558706373933 -3558166
1558706373933 -3558164
1558706373933 -3556903
1558706373933 -3556903
1558706373933 -3556903
1558706373933 -3556903
1558706373933 -3556903
1558706373933 -3556478
1558706373933 -3556478
1558706373933 -3556478
1558706373933 -3556454
1558706373933 -3556116
1558706373933 -3556116
1558706373933 -3556116
1558706373933 -3556116
1558706373933 -3556116
1558706373933 -3556116
1558706373933 -3556116
1558706373933 -3556115
1558706373933 -3405356
1558706373933 -3405354
1558706373933 -3405351
1558706373934 -3405352
1558706373934 -3405351
1558706373934 -3405351
1558706373934 -3405350
1558706373934 -3405348
1558706373934 -3405347
1558706373934 -3405345
1558706373934 -3405345
1558706373934 -3405327
1558706373934 -3405325
1558706373934 -3405325
1558706373934 -3405321
1558706373934 -3405320
1558706373934 -3405308
1558706373934 -3405306
1558706373934 -3405302
1558706373934 -3405301
1558706373934 -3405291
1558706373934 -3405283
1558706373934 -3405282
1558706375119 -3504584
1558706375119 -3504584
1558706375119 -3504579
1558706375119 -3504539
1558706375119 -3504539
1558706375119 -3504539
1558706375119 -3504539
1558706375119 -3504539
1558706375119 -3504539
1558706375119 -3504539
1558706375119 -3504538
1558706375119 -3504538
1558706375119 -3504532
1558706375119 -3504530
1558706375119 -3504526
1558706375119 -3504525
1558706375119 -3504523
1558706375119 -3504521
1558706375119 -3504512
1558706375119 -3504505
1558706375119 -3294524
1558706375119 -3294524
1558706375119 -3294511
1558706375119 -3294508
1558706375119 -3294507
1558706375119 -3294505
1558706375119 -3294503
1558706375119 -3294502
1558706375119 -3294499
1558706375119 -3294498
1558706375119 -3294489
1558706375119 -3294487
1558706375119 -3294485
1558706375119 -3294485
1558706375506 -3406850
1558706375506 -3406847
1558706375506 -3406844
1558706375506 -3406844
1558706375506 -3406838
1558706375506 -3406837
1558706375506 -3406836
1558706375506 -3406834
1558706375506 -3406834
1558706375506 -3406833
1558706375506 -3406832
1558706375506 -3406824
1558706375506 -3406823
1558706375506 -3406822
1558706375506 -3406821
1558706375506 -3406821
1558706375506 -3406820
1558706375506 -3406819
1558706375506 -3406818
1558706375506 -3406812
1558706375506 -3406811
1558706375506 -3406810
1558706375506 -3406809
1558706375506 -3406809
1558706375506 -3406808
1558706375506 -3406808
1558706375506 -3406808
1558706375506 -3406806
1558706375506 -3406806
1558706375506 -3406805
1558706375506 -3406805
1558706375506 -3406799
1558706375506 -3406798
1558706375506 -3187213
1558706375506 -3187213
1558706375506 -3187212
1558706375506 -3187189
1558706375506 -3187181
1558706375506 -3187181
1558706375506 -3187180
1558706375506 -3187179
1558706375506 -3187179
1558706375506 -3187179
1558706375506 -3187178
1558706375506 -3187165
1558706375506 -3187164
1558706375506 -3187163
1558706375506 -3187163
1558706375506 -3187156
1558706375506 -3187156
1558706375506 -3187155
1558706375506 -3187154
1558706375506 -3187153
1558706375506 -3187149
