1558706014661 -892412
1558706014661 -892412
1558706014661 -892412
1558706014661 -892412
1558706014661 -892411
1558706014661 -892411
1558706014661 -892410
1558706014661 -891914
1558706014661 -891913
1558706014661 -891913
1558706014661 -891913
1558706014661 -891913
1558706014661 -891913
1558706014661 -891913
1558706014661 -891913
1558706014661 -891913
1558706014661 -891188
1558706014661 -891187
1558706014661 -891187
1558706014661 -891187
1558706014661 -890836
1558706014661 -890835
1558706014661 -890835
1558706014661 -890835
1558706014661 -890835
1558706014661 -890835
1558706014661 -890835
1558706014661 -890120
1558706014661 -890120
1558706014661 -890120
1558706014661 -890119
1558706014661 -890119
1558706014661 -890119
1558706014661 -890119
1558706014661 -890119
1558706115095 -990553
1558706371724 -1246860
1558706371724 -1246858
1558706371724 -1246858
1558706371724 -1246290
1558706371724 -1246290
1558706371724 -1246290
1558706371724 -1246290
1558706371724 -1246289
1558706371724 -1246289
1558706371724 -1246289
1558706371724 -1246289
1558706371724 -1246289
1558706371724 -1246289
1558706371724 -1246072
1558706371724 -1246072
1558706371724 -1246072
1558706371724 -1160883
1558706371724 -1160879
1558706371724 -1160878
1558706371724 -1160870
1558706371724 -1160868
1558706371724 -1160868
1558706371724 -1160868
1558706371724 -1160859
1558706371724 -1160857
1558706371724 -1160857
1558706371724 -1160852
1558706371724 -1160845
1558706371724 -1160838
1558706371724 -1160832
1558706371724 -1160827
1558706371724 -1160826
1558706371724 -1160826
1558706371724 -1160823
1558706371724 -1160817
1558706371724 -1160812
1558706371724 -1160806
1558706371724 -1160805
1558706371724 -1160801
1558706371724 -1160797
1558706371724 -1160797
1558706371724 -1160796
1558706371724 -1160796
1558706371724 -1160796
1558706371724 -1160789
1558706371724 -1160784
1558706371724 -1160784
1558706371724 -1160780
1558706371724 -1160774
1558706371724 -1160771
1558706371724 -1160769
1558706371724 -1160767
1558706371724 -1160764
1558706371724 -1160764
1558706371724 -1160763
1558706371724 -1160758
1558706371724 -1160756
1558706371724 -1160754
1558706371724 -1160741
1558706371724 -1160740
1558706371724 -1160738
