1558705152552 -25074
1558705152552 -25074
1558705152552 -25074
1558705152552 -24454
1558705152552 -24454
1558705152552 -24454
1558705152552 -24454
1558705152552 -24454
1558705152552 -24453
1558705152552 -24453
1558705152552 -23635
1558705152552 -23635
1558705152552 -23635
1558705152552 -23635
1558705152552 -23635
1558705152552 -23635
1558705152552 -23632
1558705152552 -23631
1558705152552 -23631
1558705152552 -23631
1558705152552 -23631
1558705152552 -22928
1558705152552 -22928
1558705152552 -22925
1558705152552 -22925
1558705152552 -22925
1558705152552 -22569
1558705152552 -22569
1558705152552 -22569
1558705152552 -22569
1558705152552 -22569
1558705152552 -22568
1558705152552 -22568
1558705152552 -22568
1558705668826 -546471
1558705668826 -546470
1558705668826 -546190
1558705668826 -545066
1558705668826 -545063
1558705668826 -545063
1558705668826 -545063
1558705668826 -545063
1558705668826 -545063
1558705668826 -544930
1558705668826 -544930
1558705668826 -544930
1558705668826 -544929
1558705668826 -543932
1558705668826 -543932
1558705668826 -543932
1558705668826 -543932
1558705668826 -543931
1558705668826 -542969
1558705668826 -542969
1558705668826 -542969
1558705668826 -542969
1558705668826 -542968
1558705668826 -542968
1558705668826 -542968
1558705668826 -542968
1558705668910 -544005
1558705668910 -544005
1558705668910 -544005
1558705668910 -544004
1558705668910 -544004
1558705668910 -544004
1558705668910 -544004
1558705668910 -544003
1558705668910 -544003
1558705668910 -543980
1558705668910 -542571
1558705668910 -542571
1558705668910 -542571
1558705668910 -542571
1558705668910 -542571
1558705668910 -542571
1558705668910 -542571
1558705668910 -542571
1558705668910 -542570
1558705668910 -542570
1558705668910 -542570
1558705668910 -542570
1558705668910 -542570
1558705668910 -542570
1558705668910 -542570
1558705668910 -542570
1558705668910 -542570
1558705668910 -542570
1558705668910 -542570
1558705668910 -542570
1558705668910 -541575
1558705668910 -541575
1558705668910 -541575
1558705668910 -541575
1558705668910 -541575
1558705668910 -541575
1558705668910 -541574
1558705668910 -541573
1558705668910 -541572
1558705668910 -541572
1558705668910 -541571
1558705668910 -541571
1558705668910 -541571
1558705668910 -541571
1558705668910 -541558
1558705668910 -541557
1558705668910 -541557
1558705668910 -541557
1558705668910 -541557
1558705668910 -541557
1558705668910 -541557
1558705668910 -541557
1558705668910 -541557
1558705796597 -666613
1558705796597 -666612
1558705796597 -666612
1558705796597 -666612
1558705796597 -666612
1558705796597 -666611
1558705796597 -666453
1558705796597 -666453
1558705796597 -666453
1558705796597 -650104
1558705796597 -650104
1558705796597 -650103
1558705796597 -650102
1558705796597 -650100
1558705796597 -650100
1558705796597 -650100
1558705796597 -650098
1558705796597 -650097
1558705796597 -650094
1558705796597 -650092
1558705796597 -650092
1558705796597 -650091
1558705796597 -650085
1558705796597 -650085
1558705796597 -650085
1558705796597 -650082
1558705796597 -650082
1558705796597 -650080
1558705796597 -650079
1558705796597 -650078
1558705796597 -650075
1558705796597 -650072
1558705796597 -650068
1558705796597 -650067
1558705796597 -650065
1558705796597 -650062
1558705796597 -650061
1558705796597 -650059
1558705796597 -650058
1558705796597 -650055
1558705796597 -650043
1558705796597 -650038
1558705796597 -650036
1558705796597 -650034
1558705796597 -650034
1558705796597 -650033
1558705796597 -650032
1558705796597 -650032
1558705796597 -650032
1558705796597 -650032
1558705796597 -650030
1558705796597 -650027
1558705796597 -650026
1558705796597 -650022
1558705796597 -650020
1558705796597 -650018
1558705796597 -650018
1558705796597 -650015
1558705796597 -649946
1558705796597 -649944
1558705796597 -649941
1558705796597 -649940
1558705796597 -649938
1558705796597 -649938
1558705796597 -649867
1558705796597 -649861
1558705796597 -649861
1558705796597 -649860
1558705796597 -649859
1558705796597 -649857
1558705796597 -649782
1558705796597 -649779
1558705796597 -649778
1558705796597 -649778
1558705796597 -649776
1558705796597 -649775
1558705796597 -649773
1558705796597 -649771
1558705796597 -649769
1558705796597 -649768
1558705796597 -649768
1558705796597 -649694
1558705796597 -649694
1558705796597 -649692
1558705796597 -649691
1558705796597 -649690
1558705796597 -649690
1558705796597 -649687
1558705796597 -649687
1558705796597 -649685
1558705796597 -649684
1558705796597 -649684
1558705796597 -649680
1558705796597 -649679
1558705796597 -649678
1558705796597 -649677
1558705796597 -649674
1558705796597 -649670
1558705796597 -649664
1558705796597 -649662
1558705796597 -649662
1558705796597 -649561
1558705796597 -649561
1558705796597 -649560
1558705796597 -649559
1558705796597 -649558
1558705796597 -649558
1558705796597 -649557
1558705796597 -649553
1558705796597 -649552
1558705796597 -649473
1558705796597 -649472
1558705796597 -649469
1558705796597 -649467
1558705796597 -649467
1558705796597 -649465
1558705796597 -649464
1558705796597 -649463
1558705796597 -649463
1558705796597 -649462
1558705796597 -649461
1558705796597 -649457
1558705796597 -649457
1558705796597 -649454
1558705796597 -649454
1558705796597 -649450
1558705796597 -649450
1558705796597 -649448
1558705796597 -649448
1558705796597 -649447
1558705796597 -649444
1558705796597 -649444
1558705796597 -649442
1558705796597 -649439
1558705796597 -649436
1558705796597 -649436
1558705796597 -649383
1558705796597 -649383
1558705796597 -649375
1558705796597 -649373
1558705796654 -649428
1558705796654 -649425
1558705796654 -649425
1558705796654 -649423
1558705796654 -649422
1558705796654 -649422
1558705796654 -649421
1558705796654 -649421
1558705796654 -649420
1558705796654 -649420
1558705796654 -649356
1558705796654 -649356
1558705796654 -649355
1558705796654 -649353
1558705796654 -649351
1558705796654 -649350
1558705796654 -649349
1558705796654 -649344
1558705796654 -649342
1558705796654 -649339
1558705796654 -649339
1558705796654 -649339
1558705796654 -649327
1558705796654 -649325
1558705796654 -649325
1558705796654 -649324
1558705796654 -649321
1558705796654 -649269
1558705796654 -649261
1558705796654 -649244
1558705796654 -649242
1558705796654 -649241
1558705796654 -649240
1558705796654 -649235
1558705796654 -649235
1558705796654 -649231
1558705796654 -649228
1558705796654 -649228
1558705796654 -649226
1558705796654 -649224
1558705796654 -649224
1558705796654 -649221
1558705796654 -649220
1558705796654 -649220
1558705796654 -649219
1558705796654 -649219
1558705796654 -649219
1558705796654 -649217
1558705796654 -649216
1558705796654 -649216
1558705796654 -649214
1558705796654 -649214
1558705796654 -649212
1558705796654 -649211
1558705796654 -649210
1558705796654 -649135
1558705796654 -649134
1558705796654 -649134
1558705796654 -649133
1558705796654 -649131
1558705796654 -649131
1558705796654 -649131
1558705796654 -649126
1558705796654 -649124
1558705796654 -649122
1558705796654 -649117
1558705796654 -649116
1558705796654 -649114
1558705796654 -649113
1558705796654 -649111
1558705796654 -649111
1558705796654 -649110
1558705796654 -649109
1558705796654 -649100
1558706014561 -888630
1558706014561 -888630
1558706014561 -888630
1558706014561 -888629
1558706014561 -888629
1558706014561 -887891
1558706014561 -887891
1558706014561 -887891
1558706014561 -887891
1558706014561 -887891
1558706014561 -887891
1558706014561 -887891
1558706014561 -887890
1558706014561 -887890
1558706014561 -842327
1558706014561 -842325
1558706014561 -842322
1558706014561 -842321
1558706014561 -842315
1558706014561 -842315
1558706014561 -842314
1558706014561 -842313
1558706014561 -842311
1558706014561 -842306
1558706014562 -842299
1558706014562 -842295
1558706014562 -842292
1558706014562 -842291
1558706014562 -842286
1558706014562 -842285
1558706014562 -842284
1558706014562 -842281
1558706014562 -842279
1558706014562 -842279
1558706014562 -842278
1558706014562 -842273
1558706014562 -842272
1558706014562 -842269
1558706014562 -842267
1558706014562 -842266
1558706014562 -842266
1558706014562 -842178
1558706014562 -842178
1558706014562 -842177
1558706014562 -842169
1558706014562 -842168
1558706014562 -842168
1558706014565 -842170
1558706014565 -842170
1558706014565 -842170
1558706014565 -842170
1558706014565 -842170
1558706014565 -842170
1558706014565 -842103
1558706014565 -842103
1558706014565 -842103
1558706014565 -842101
1558706014565 -842101
1558706014565 -842100
1558706014565 -842100
1558706014565 -842100
1558706014565 -842100
1558706014565 -842095
1558706014571 -842022
1558706014571 -842018
1558706014571 -842018
1558706014571 -842018
1558706014573 -842019
1558706014573 -842018
1558706014573 -842007
1558706014573 -842005
1558706014573 -842004
1558706014573 -841999
1558706014573 -841993
1558706014573 -841993
1558706014573 -841984
1558706014573 -841982
1558706014573 -841979
1558706014576 -841980
1558706014579 -841897
1558706014579 -841897
1558706014579 -841896
1558706014579 -841894
1558706014579 -841893
1558706014579 -841893
1558706014579 -841893
1558706014579 -841881
1558706014579 -841881
1558706014579 -841880
1558706014579 -841809
1558706014579 -841809
1558706014579 -841808
1558706014580 -841808
1558706014580 -841808
1558706014580 -841808
1558706014580 -841808
1558706014580 -841808
1558706014580 -841808
1558706014580 -841807
1558706115062 -987709
1558706115062 -986661
1558706115062 -986661
1558706115062 -986659
1558706115062 -986659
1558706115062 -986658
1558706115062 -986658
1558706115062 -986658
1558706115062 -986658
1558706115062 -986657
1558706115062 -986657
1558706115062 -986657
1558706115062 -986614
1558706115062 -986614
1558706115062 -986614
1558706115062 -986614
1558706115062 -986614
1558706115062 -986614
1558706115062 -986614
1558706115062 -986614
1558706115062 -986614
1558706115062 -986614
1558706115062 -932397
1558706115062 -932396
1558706115062 -932395
1558706115062 -932394
1558706115062 -932368
1558706115062 -932368
1558706115062 -932368
1558706115062 -932368
1558706115062 -932368
1558706115062 -932365
1558706115062 -932357
1558706115062 -932357
1558706115062 -932356
1558706115062 -932355
1558706115062 -932352
1558706115062 -932351
1558706115062 -932348
1558706115062 -932342
1558706115062 -932340
1558706115062 -932338
1558706115062 -932338
1558706115062 -932336
1558706115062 -932336
1558706115062 -932336
1558706115062 -932333
1558706115062 -932332
1558706115062 -932330
1558706115062 -932328
1558706115062 -932320
1558706115062 -932320
1558706115062 -932318
1558706115062 -932318
1558706115062 -932317
1558706115062 -932315
1558706115062 -932315
1558706115062 -932314
1558706115062 -932314
1558706115062 -932314
1558706343252 -1195691
1558706343252 -1195688
1558706343252 -1195688
1558706343252 -1195687
1558706343252 -1195687
1558706343252 -1195686
1558706343252 -1195686
1558706343252 -1195685
1558706343252 -1195684
1558706343252 -1195684
1558706343252 -1195684
1558706343252 -1195683
1558706343252 -1195682
1558706343252 -1195677
1558706343252 -1195675
1558706370731 -1197957
1558706370731 -1197956
1558706370731 -1197948
1558706370731 -1197937
1558706370731 -1197927
1558706370731 -1197923
1558706370731 -1197915
1558706370731 -1197895
1558706370731 -1197891
1558706370731 -1197874
1558706370731 -1197870
1558706370731 -1197869
1558706370731 -1197858
1558706370731 -1197846
1558706370731 -1197845
1558706370731 -1197829
1558706370731 -1197827
1558706370731 -1197827
1558706370731 -1197826
1558706370731 -1197825
1558706370731 -1197819
1558706370731 -1197819
1558706370731 -1197818
1558706370731 -1197817
1558706370731 -1197817
1558706370731 -1197817
1558706370731 -1197815
1558706370802 -1197884
1558706370802 -1197884
1558706370802 -1197883
1558706370876 -1197955
1558706370876 -1197955
1558706370876 -1197954
1558706370876 -1197951
1558706370938 -1198011
1558706370938 -826199
1558706370938 -826196
1558706371038 -826290
1558706371038 -826290
1558706371038 -826289
1558706371038 -826287
1558706371038 -826284
1558706371038 -826282
1558706371038 -826281
1558706371038 -826281
1558706371038 -826280
1558706371038 -826265
1558706371038 -826265
1558706371038 -826257
1558706371038 -826255
1558706371038 -826254
1558706371038 -826252
1558706371038 -826251
1558706371038 -826249
1558706371038 -826248
1558706371038 -826247
1558706371038 -826245
1558706371038 -826240
1558706371038 -826240
1558706371038 -826239
1558706371038 -826237
1558706371038 -826237
1558706371038 -826236
1558706371038 -826233
1558706371038 -826232
1558706371038 -826231
1558706371038 -826230
1558706371038 -826230
1558706371038 -826230
1558706371038 -826227
1558706371038 -826224
1558706371038 -826219
1558706371038 -691055
1558706371038 -691053
1558706371038 -691052
1558706371038 -691049
1558706371038 -691047
1558706371038 -691043
1558706371038 -691042
1558706371038 -691040
1558706371038 -691039
1558706371038 -691039
1558706371038 -691038
1558706371038 -691037
1558706371038 -691036
1558706371038 -691035
1558706371038 -691034
1558706371038 -691033
1558706371038 -691033
1558706371038 -691031
1558706371038 -691030
1558706371038 -691029
1558706371038 -691028
1558706371038 -691024
1558706371038 -691023
1558706371038 -691021
1558706371038 -1188289
1558706371038 -1188288
1558706371038 -1188288
1558706371038 -1188287
1558706371038 -1188282
1558706371038 -1188280
1558706371038 -1188278
1558706371038 -1188277
1558706371038 -1188276
1558706371038 -1188276
1558706371038 -1188274
1558706371038 -1188270
1558706371038 -1188270
1558706371038 -1188269
1558706371038 -1188267
1558706371038 -1188266
1558706371038 -1188265
1558706371038 -1188265
1558706371038 -1188257
1558706371038 -1188256
1558706371038 -1188255
1558706371038 -1188255
1558706371038 -1188255
1558706371038 -1188251
1558706371038 -1188249
1558706371038 -1188238
1558706371038 -1188237
1558706371038 -1188235
1558706371038 -1188235
1558706371038 -1188234
1558706371038 -1188233
1558706371038 -1188232
1558706371038 -1188226
1558706371038 -1188224
1558706371038 -1188223
1558706371038 -1188221
1558706371038 -1188220
1558706371038 -1188219
1558706371038 -1188219
1558706371038 -1188219
1558706371038 -1188217
1558706371038 -1188216
1558706371038 -1188209
1558706371038 -1188209
1558706371038 -848020
1558706371038 -847998
1558706371038 -847994
1558706371038 -847992
1558706371038 -847990
1558706371038 -847979
1558706371038 -847976
1558706371038 -847967
1558706371038 -847967
1558706371038 -847967
1558706371038 -847946
1558706371038 -847946
1558706371038 -847946
1558706371038 -847946
1558706371038 -847946
1558706371038 -847946
1558706371038 -847946
1558706371038 -847945
1558706371038 -847945
1558706371038 -847945
1558706371038 -847945
1558706371038 -847945
1558706371038 -847945
1558706371038 -847945
1558706371038 -847945
1558706371038 -847916
1558706371038 -847916
1558706371038 -847916
1558706371038 -847916
1558706371038 -847916
1558706371038 -847916
1558706371038 -847908
1558706371038 -847820
1558706371038 -847820
1558706371038 -847820
1558706371038 -847819
1558706371038 -847819
1558706371038 -847819
1558706371038 -847819
1558706371038 -847819
1558706371038 -847818
1558706371039 -847819
1558706371039 -847819
1558706371039 -847819
1558706371039 -847819
1558706371039 -847819
1558706371039 -847819
1558706371039 -847818
1558706371039 -847818
1558706371039 -847763
1558706371039 -847763
1558706371039 -847763
1558706371039 -847763
1558706371039 -847763
1558706371039 -847763
1558706371039 -847762
1558706371039 -847762
1558706371039 -847761
1558706371039 -691019
1558706371039 -691017
1558706371039 -691016
1558706371039 -691008
1558706371039 -691007
1558706371039 -691003
1558706371039 -690996
1558706371039 -690994
1558706371039 -690992
1558706371039 -690991
1558706371039 -690989
1558706371039 -690988
1558706371039 -690988
1558706371039 -690987
1558706371039 -690987
1558706371039 -690985
1558706371039 -847761
1558706371039 -847761
1558706371039 -847731
1558706371039 -847731
1558706371039 -847731
1558706371039 -847731
1558706371039 -847731
1558706371039 -847731
1558706371039 -847731
1558706371039 -847731
1558706371039 -847731
1558706371039 -847731
1558706371039 -847731
1558706371039 -847731
1558706371039 -847731
1558706371039 -847731
1558706371039 -847731
1558706371039 -847730
1558706371039 -847730
1558706371039 -847730
1558706371039 -847727
1558706371039 -847727
1558706371039 -847727
1558706371039 -847727
1558706371039 -847726
1558706371039 -847723
1558706371039 -847723
1558706371039 -847723
1558706371039 -847722
1558706371039 -847722
1558706371039 -847722
1558706371039 -847722
1558706371039 -847722
1558706371039 -847722
1558706371039 -847696
1558706371039 -847675
1558706371039 -847675
1558706371039 -847674
1558706371039 -847674
1558706371039 -847674
1558706371039 -847674
1558706371039 -847674
1558706371039 -847674
1558706371039 -847674
1558706371039 -847674
1558706371039 -847674
1558706371039 -847674
1558706371039 -847674
1558706371039 -847674
1558706371039 -847674
1558706371039 -847674
1558706371039 -847674
1558706371039 -847674
1558706371039 -620699
1558706371039 -620694
1558706371039 -620684
1558706371039 -620656
1558706371039 -620656
1558706371039 -620656
1558706371039 -620655
1558706371039 -620655
1558706371039 -620655
1558706371039 -620655
1558706371039 -620655
1558706371039 -620655
1558706371039 -620655
1558706371039 -620651
1558706371039 -620648
1558706371039 -620648
1558706371039 -620648
1558706371039 -620648
1558706371039 -620648
1558706371039 -620648
1558706371039 -620648
1558706371039 -620648
1558706371039 -620644
1558706371039 -620642
1558706371039 -620638
1558706371039 -620636
1558706371039 -620635
1558706371039 -620632
1558706371039 -620631
1558706371039 -620629
1558706371039 -620626
1558706371039 -620626
1558706371039 -620622
1558706371039 -620621
1558706371039 -620619
1558706371039 -620618
1558706371039 -620615
1558706371039 -620613
1558706371039 -620612
1558706371039 -620610
1558706371039 -620603
1558706371039 -620601
1558706371039 -620598
1558706371039 -620594
1558706371039 -620591
1558706371039 -620588
1558706371039 -620584
1558706371039 -620582
