1558705357360 -233788
1558705357360 -233788
1558705357360 -233788
1558705357360 -233787
1558705357360 -233787
1558705357360 -233787
1558705357360 -233787
1558705357360 -233787
1558705357360 -233291
1558705357360 -233291
1558705357360 -233291
1558705357360 -233291
1558705357360 -233291
1558705357360 -233291
1558705357360 -233290
1558705357360 -233290
1558705357360 -233290
1558705357360 -233290
1558705357360 -232643
1558705357360 -232643
1558705357360 -232643
1558705357360 -232643
1558705357360 -232643
1558705357360 -232643
1558705357360 -232643
1558705357360 -232643
1558705357360 -232642
1558705357360 -232231
1558705357360 -232231
1558705357360 -232231
1558705357360 -232226
1558705357360 -232226
1558705357360 -232226
1558705357360 -232225
1558705357360 -232225
1558705357360 -232225
1558705357360 -232225
1558705357360 -232225
1558705357360 -231684
1558705357360 -231684
1558705357360 -231684
1558705357360 -231684
1558705357360 -231684
1558705357360 -231683
1558705357360 -231683
1558705357360 -231683
1558705357360 -231278
1558705357360 -231277
1558705357360 -231277
1558705668955 -545978
1558705668955 -545978
1558705668955 -545978
1558705668955 -545977
1558705668955 -545977
1558705668955 -545977
1558705668955 -545977
1558705668955 -545977
1558705668955 -545977
1558705668955 -545977
1558705668955 -545730
1558705668955 -545730
1558705668955 -545729
1558705668955 -545729
1558705668955 -545729
1558705668955 -545728
1558705668955 -544890
1558705668955 -544889
1558705668955 -544889
1558705668955 -544889
1558705668955 -544889
1558705668955 -544887
1558705668955 -544886
1558705668955 -544886
1558705668955 -544886
1558705668955 -544886
1558705668955 -544886
1558705668955 -544886
1558705668955 -544886
1558705668955 -544886
1558705668955 -544669
1558705668955 -544669
1558705668955 -544669
1558705668955 -544669
1558705668955 -544669
1558705668955 -544669
1558705668955 -543854
1558705668955 -543854
