1558705152492 -24626
1558705152520 -24654
1558705152520 -24654
1558705152520 -24654
1558705152520 -24654
1558705152520 -24654
1558705152520 -24654
1558705152520 -24654
1558705152520 -24654
1558705152520 -24654
1558705152520 -24654
1558705152520 -24229
1558705152520 -24229
1558705152520 -24229
1558705152520 -24229
1558705152520 -24229
1558705152520 -24229
1558705152520 -24228
1558705152520 -23816
1558705152520 -23816
1558705152520 -23815
1558705152520 -23815
1558705152520 -23815
1558705152520 -23815
1558705152520 -23815
1558705152520 -23426
1558705152520 -23426
1558705152520 -23077
1558705152520 -23077
1558705152520 -23077
1558705152520 -23076
1558705152520 -23076
1558705152520 -23076
1558705152520 -23076
1558705152520 -22812
1558705152520 -22812
1558705152520 -22812
1558705152520 -22811
1558705152520 -22811
1558705152520 -22811
1558705357388 -233968
1558705357388 -233968
1558705357388 -233968
1558705357388 -233968
1558705357388 -233967
1558705357388 -233966
1558705357388 -233966
1558705357388 -233966
1558705357388 -233219
1558705357388 -233219
1558705357388 -233219
1558705357388 -233218
1558705357388 -233218
1558705357388 -233218
1558705357388 -233218
1558705357388 -232779
1558705357388 -232777
1558705357388 -232777
1558705357388 -232777
1558705357388 -232777
1558705357388 -232777
1558705357388 -232777
1558705357388 -232777
1558705357388 -232777
1558705357388 -232777
1558705357388 -232777
1558705357388 -232175
1558705357388 -232175
1558705357388 -232175
1558705357388 -232175
1558705357388 -232174
1558705357388 -232174
1558705357388 -232174
1558705357388 -231725
1558705357388 -231725
1558705357388 -231725
1558705357388 -231725
1558705357388 -231725
1558705357388 -231725
1558705357388 -231725
1558705357388 -231724
1558705357388 -231724
1558705357388 -231295
1558705357388 -231295
1558705668940 -545859
1558705668940 -545859
1558705668940 -545859
1558705668940 -545858
1558705668940 -545858
1558705668940 -545858
1558705668940 -545858
1558705668940 -545858
1558705668940 -545858
1558705668940 -545811
1558705668940 -545811
1558705668940 -545811
1558705668940 -545811
1558705668940 -545811
1558705668940 -545810
1558705668940 -544754
1558705668940 -544754
1558705668940 -544753
1558705668940 -543725
1558705668940 -543725
1558705668940 -543725
1558705668940 -543724
1558705668940 -543724
1558705668940 -543724
1558705668940 -543724
1558705668940 -543724
1558705668940 -543720
1558705668940 -543720
1558705668940 -543720
1558705668940 -543720
1558705668940 -543720
1558705668940 -543720
1558705668941 -539232
1558705668941 -539232
1558705668941 -539232
1558705668941 -539231
1558705668945 -539019
1558705668945 -539019
1558705668945 -539019
1558705668945 -539018
1558705668945 -539018
1558705668945 -535217
1558705668945 -535216
1558705668945 -535216
1558705668945 -535212
1558705668945 -535211
1558705668945 -535209
1558705668945 -535194
1558705668945 -535190
1558705668945 -535188
1558705668945 -535183
1558705668945 -535182
1558705668945 -535175
1558705668946 -535174
1558705668946 -535173
1558705668946 -535172
1558705668946 -535171
1558705668946 -535165
1558705668946 -535157
1558705668946 -535152
1558705668946 -535150
1558705668946 -535144
1558705668946 -535142
1558705668946 -535140
1558705668946 -535140
1558705668946 -535083
1558705668946 -535080
1558705668946 -535080
1558705668946 -535073
1558705668946 -535069
1558705668946 -535069
1558705668946 -535064
1558705668946 -535063
1558705668946 -535062
1558705668946 -535008
1558705668946 -535008
1558705668946 -535007
1558705668946 -535006
1558705668946 -535005
1558705668946 -535001
1558705668946 -534992
1558705668946 -534990
1558705668946 -534990
1558705668946 -534988
1558705668946 -534987
1558705668946 -534920
1558705668946 -534919
1558705668946 -534904
1558705668946 -534903
1558705668946 -534902
1558705668946 -534901
1558705668946 -534899
1558705668946 -534899
1558705668946 -534898
1558705668946 -534896
1558705668946 -534896
1558705668946 -534895
1558705668946 -534894
1558705668946 -534892
1558705668946 -534832
1558705668946 -534821
1558705668946 -534820
1558705668946 -534818
1558705668946 -534816
1558705668946 -534814
1558705668946 -534814
1558705668946 -534813
1558705668946 -534812
1558705668946 -534810
1558705668946 -534810
1558705668946 -534809
1558705668946 -534806
1558705668946 -534791
1558705668946 -534790
1558705668946 -534789
1558705668946 -534782
1558705668946 -534781
1558705668946 -534699
1558705668946 -534697
1558705668946 -534696
1558705668946 -534694
1558705668946 -534692
1558705668946 -534687
1558705668946 -534685
1558705668946 -534681
1558705668946 -534679
1558705668946 -534678
1558705668946 -534677
1558705668946 -534672
1558705668946 -534671
1558705668946 -534669
1558705668946 -534669
1558705668946 -534666
1558705668946 -534666
1558705668946 -534608
1558705668946 -534600
1558705668946 -534598
1558705668946 -534598
1558705668946 -534595
1558705668946 -534592
1558705668946 -534592
1558705668946 -534586
1558705668946 -534579
1558705668946 -534576
1558705668946 -534575
1558705668946 -534522
1558705668946 -534522
1558705668946 -534522
1558705668946 -534520
1558705668946 -534519
1558705668946 -534518
1558705668946 -534517
1558705668946 -534516
