1558705152833 -52612710
1558705152833 -52612704
1558705152833 -52612704
1558705152833 -52612704
1558705152833 -52612703
1558705152833 -52612703
1558705152833 -52612703
1558705152833 -52612702
1558705152833 -52612702
1558705152833 -52612702
1558705152833 -52612702
1558705152835 -52610125
1558705152835 -52610125
1558705152835 -52610125
1558705152835 -52610125
1558705152835 -52610125
1558705152835 -52610125
1558705152835 -52610125
1558705152835 -52610125
1558705152835 -52610125
1558705152835 -52610125
1558705152835 -52610125
1558705152835 -52610125
1558705152835 -52610124
1558705152835 -52609970
1558705152835 -52609970
1558705152835 -52609970
1558705152835 -52609970
1558705152835 -52609970
1558705152836 -52609971
1558705152836 -52609971
1558705152836 -52609971
1558705152836 -52609971
1558705152836 -52609970
1558705152836 -52609970
1558705152836 -52609970
1558705152836 -52609970
1558705152836 -52607939
1558705152836 -52607939
1558705152836 -52607939
1558705152836 -52607939
1558705152836 -52607939
1558705152836 -52607939
1558705152836 -52607939
1558705152836 -52607939
1558705152836 -52607938
1558705152836 -52607938
1558705152836 -52607927
1558705152836 -52607927
1558705152836 -52607927
1558705152836 -52607927
1558705152836 -52607927
