1558705357408 -233827
1558705357409 -233828
1558705357409 -233828
1558705357409 -233828
1558705357409 -233827
1558705357409 -233827
1558705357409 -233324
1558705357409 -233323
1558705357409 -233323
1558705357409 -233323
1558705357409 -233323
1558705357409 -233323
1558705357409 -233323
1558705357409 -233323
1558705357409 -233322
1558705357409 -232720
1558705357409 -232720
1558705357409 -232720
1558705357409 -232720
1558705357409 -232720
1558705357409 -232719
1558705357409 -232719
1558705357409 -232719
1558705357409 -232244
1558705357409 -232244
1558705357409 -232244
1558705357409 -232244
1558705357409 -232244
1558705357409 -232244
1558705357409 -232243
1558705357409 -232243
1558705357409 -232243
1558705357409 -231728
1558705357409 -233998
1558705357409 -233998
1558705357409 -233998
1558705357409 -233997
1558705357409 -233997
1558705357409 -233997
1558705357409 -233997
1558705357409 -233184
1558705357409 -233183
1558705357409 -233183
1558705357409 -233182
1558705357409 -232820
1558705357409 -232805
1558705357409 -232805
1558705357409 -232805
1558705357409 -232801
1558705357409 -232801
1558705357409 -232801
1558705357409 -232801
1558705357409 -232801
1558705357409 -232801
1558705357409 -232801
1558705357409 -232801
1558705357409 -232800
1558705357409 -232800
1558705357409 -232163
1558705357409 -232163
1558705357409 -232163
1558705357409 -232162
1558705357409 -232162
1558705357409 -232162
1558705357409 -232162
1558705357409 -232162
1558705357409 -232161
1558705357409 -231796
1558705357409 -231796
1558705357409 -231796
1558705357409 -231796
1558705357409 -231796
1558705669049 -545153
1558705669049 -544173
1558705669049 -544173
1558705669049 -544173
1558705669049 -544172
1558705669049 -544172
1558705669049 -544172
1558705669049 -544172
1558705669049 -544172
1558705669049 -544171
1558705669049 -544171
1558705669049 -544171
1558705669049 -542733
1558705669049 -542732
1558705669049 -542732
1558705669049 -542732
1558705669049 -542565
1558705669049 -542565
1558705669049 -542564
1558705669049 -542564
1558705669049 -542564
1558705669049 -541754
1558705669049 -541754
1558705669049 -541754
1558705669049 -541754
1558705669049 -541754
1558705669049 -541753
1558705669049 -544840
1558705669049 -543534
1558705669049 -543025
1558705669049 -543025
1558705669049 -543025
1558705669049 -543024
1558705669049 -543024
1558705669049 -543024
1558705669049 -543024
1558705669049 -543024
1558705669049 -543024
1558705669049 -543024
1558705669049 -543024
1558705669049 -543024
1558705669049 -543023
1558705669049 -542318
1558705669049 -542318
1558705669049 -542318
1558705669049 -542317
1558705669049 -541982
1558705669049 -541982
1558705669049 -541982
1558705669049 -541982
1558705669049 -541982
1558705669049 -541982
1558705669049 -541982
1558705669049 -541982
1558705669049 -541982
1558705669049 -541982
1558705669049 -541982
1558705669049 -541982
1558705669049 -541982
