1558705357121 -234676
1558705357121 -234676
1558705357121 -234675
1558705357121 -234675
1558705357121 -234674
1558705357121 -234674
1558705357121 -234673
1558705357121 -234673
1558705357121 -234582
1558705357121 -234581
1558705357121 -234581
1558705357121 -233297
1558705357121 -233296
1558705357121 -233296
1558705357121 -233294
1558705357121 -233294
1558705357121 -233293
1558705357121 -233293
1558705357121 -232201
1558705357121 -232201
1558705357121 -232201
1558705357121 -232200
1558705357121 -232200
1558705357121 -232164
1558705357121 -231268
1558705357121 -231267
1558705357121 -231266
1558705357121 -231266
1558705357121 -231266
1558705357121 -231266
1558705357121 -231266
1558705357121 -231265
1558705668762 -544153
1558705668762 -544153
1558705668762 -544153
1558705668762 -544153
1558705668762 -544153
1558705668762 -544153
1558705668762 -544153
1558705668762 -544152
1558705668762 -544152
1558705668762 -543671
1558705668762 -543671
1558705668762 -543670
1558705668762 -543670
1558705668762 -543670
1558705668762 -542486
1558705668762 -542485
1558705668762 -542188
1558705668762 -542188
1558705668762 -542188
1558705668762 -542187
1558705668762 -542187
1558705668762 -542187
1558705668762 -542187
1558705668762 -542187
1558705668762 -542187
1558705668762 -542187
1558705668762 -542187
1558705668762 -542186
1558705668762 -542186
1558705668762 -542186
1558705668762 -541543
1558705668762 -541543
1558705668914 -547105
1558705668914 -546980
1558705668914 -546979
1558705668914 -546979
1558705668914 -546979
1558705668914 -546538
1558705668914 -546537
1558705668914 -546509
1558705668914 -546508
1558705668914 -546345
1558705668914 -546345
1558705668914 -546344
1558705668914 -546344
1558705668914 -546344
1558705668914 -546343
1558705668914 -545273
1558705668914 -545273
1558705668914 -545272
1558705668914 -545272
1558705668914 -545272
1558705668914 -544213
1558705668914 -544212
1558705668914 -544212
1558705668914 -544212
1558705668914 -544212
1558705668914 -544195
1558705668914 -544195
1558705668914 -544195
1558705668914 -542982
1558705668914 -542981
1558705668914 -542981
1558705668914 -542981
1558705668914 -542981
1558705668914 -542981
1558705668914 -542981
1558705668914 -542981
1558705668914 -542981
1558705668914 -542245
1558705668914 -542245
1558705668914 -514518
1558705668914 -514518
1558705668914 -514518
1558705668914 -514514
1558705668914 -514511
1558705668914 -514510
1558705668914 -514499
1558705668914 -514492
1558705668914 -514491
1558705668914 -514488
1558705668914 -514486
1558705668914 -514475
1558705668914 -514472
1558705668914 -514470
1558705668914 -514470
1558705668914 -514465
1558705668914 -514465
1558705668914 -514462
1558705668914 -514457
1558705668914 -514457
1558705668914 -514448
1558705668914 -514447
1558705668914 -514438
1558705668914 -514416
1558705668914 -514410
1558705668914 -514410
1558705668914 -514409
1558705668914 -514404
1558705668914 -514341
1558705668914 -514332
1558705668914 -514332
1558705668914 -514332
1558705668914 -514310
1558705668914 -514304
1558705668915 -514289
1558705668915 -514289
1558705668915 -514278
1558705668915 -514276
1558705668915 -514275
1558705668915 -514275
1558705668915 -514273
1558705668915 -514270
1558705668915 -514268
1558705668915 -514267
1558705668915 -514209
1558705668915 -514209
1558705668915 -514206
1558705668915 -514206
1558705668915 -514205
1558705668915 -514205
1558705668915 -514197
1558705668915 -514196
1558705668915 -514191
1558705668915 -514177
1558705668915 -514121
1558705668915 -514120
1558705668915 -514120
1558705668915 -514119
1558705668915 -514119
1558705668915 -514118
1558705668915 -514070
1558705668915 -514070
1558705668915 -514070
1558705668915 -514070
1558705668915 -514070
1558705668915 -514069
1558705668915 -514069
1558705668915 -514069
1558705668915 -514069
1558705668915 -514069
1558705668915 -514054
1558705668915 -514040
1558705668915 -513989
1558705668915 -513988
1558705668915 -513988
1558705668915 -513988
1558705668915 -513988
1558705668915 -513988
1558705668915 -513988
1558705668915 -513987
1558705668915 -513987
1558705668915 -513987
1558705668915 -513986
1558705668915 -513983
1558705668915 -513973
1558705668915 -513954
1558705668915 -513935
1558705668915 -513934
1558705668915 -513934
1558705668915 -513934
1558705668915 -513928
1558705668915 -513881
1558705668915 -513880
1558705668915 -513873
1558705668915 -513873
1558705668915 -513873
1558705668915 -513873
1558705668915 -513842
1558705668915 -513839
1558705668915 -513820
1558705668915 -513819
1558705668915 -513801
1558705668915 -513793
1558705668915 -513793
1558705668915 -513787
1558705668915 -513786
1558705668915 -513775
1558705668915 -513748
1558705668915 -513747
1558705668915 -513746
1558705668915 -513743
1558705668915 -513740
1558705668915 -513735
1558705668915 -513726
1558705668915 -513725
1558705668915 -513713
1558705668915 -513713
1558705668915 -513709
1558705668915 -513683
1558705668915 -513682
1558705668915 -513669
1558705668915 -513669
1558705668915 -513663
1558705668915 -513662
1558705668915 -513662
1558705668915 -513657
1558705668915 -513656
1558705668915 -513634
1558705668915 -513630
1558705668915 -513597
1558705668915 -513597
1558705668915 -513595
1558705668915 -513578
1558705668915 -513577
1558705668915 -513569
1558705668915 -513569
1558705668915 -513566
1558705796536 -641181
1558705796536 -641179
1558705796536 -641170
1558705796536 -641164
1558705796536 -641162
1558705796536 -641152
1558705796536 -641148
1558705796536 -641138
1558705796536 -641135
1558705796536 -641135
1558705796536 -641135
1558705796536 -641135
1558705796536 -641117
1558705796536 -641087
1558705796536 -641085
1558705796536 -641083
1558705796536 -641077
1558705796536 -641077
1558705796536 -641064
1558705796536 -641050
1558705796536 -641048
1558705796536 -641043
1558705796536 -641018
1558705796536 -439311
1558705796536 -439281
1558705796536 -439236
1558705796536 -439236
1558705796536 -439236
1558705796536 -439236
1558705796536 -439236
1558705796536 -439236
1558705796536 -439236
1558705796536 -436456
1558705796536 -436455
1558705796536 -436455
1558705796536 -436454
1558706370746 -1243527
1558706370746 -1243525
1558706370746 -1243525
1558706370746 -1243525
1558706370746 -1243525
1558706370746 -1243525
1558706370746 -1243525
1558706370746 -1243524
1558706370746 -1243284
1558706370746 -1243284
1558706370746 -1243284
1558706370746 -1243284
1558706370746 -1243283
1558706370746 -1243283
1558706371516 -1243166
1558706371516 -1243166
1558706371516 -1174153
1558706371516 -1174150
1558706371516 -1174150
1558706371516 -1174149
1558706371516 -1174144
1558706371516 -1174140
1558706371516 -1174139
1558706371516 -1174137
1558706371516 -1174136
1558706371516 -1174135
1558706371516 -1174135
1558706371516 -1174133
1558706371516 -1174132
1558706371516 -1174131
1558706371516 -1174130
1558706371516 -1174129
1558706371516 -1174126
1558706371516 -1174122
1558706371516 -1174121
1558706371516 -1174116
1558706371516 -1174114
1558706371516 -1174113
1558706371516 -1174112
1558706371516 -1174111
1558706371516 -1174103
1558706371516 -1174103
1558706371516 -1174096
1558706371516 -1174093
1558706371516 -1174091
1558706371516 -1174090
1558706371516 -1174085
1558706371516 -1174083
1558706371516 -1174080
1558706371517 -1246797
1558706371517 -1246797
1558706371517 -1246797
1558706371517 -1246797
1558706371517 -1246797
1558706371517 -1245966
1558706371517 -1245966
1558706371517 -1245966
1558706371517 -1245966
1558706371517 -1245966
1558706371517 -1245966
1558706371517 -1245965
1558706371517 -1245964
1558706371517 -1245916
1558706371517 -1245916
1558706371517 -1218970
1558706371517 -1218852
1558706371517 -1218843
1558706371517 -1218842
1558706371517 -1218842
1558706371517 -1218841
1558706371517 -1218815
1558706371517 -1218815
1558706371517 -1218807
1558706371517 -1218800
1558706371517 -1218795
1558706371517 -1130860
1558706371517 -1130859
1558706371517 -1130859
1558706371517 -1130857
1558706371517 -1130853
1558706371517 -1130851
1558706371517 -1130847
1558706371517 -1130847
1558706371517 -1130845
1558706371517 -1130841
1558706371517 -1130838
1558706371517 -1130838
1558706371517 -1130835
1558706371517 -1130834
1558706371517 -1130831
1558706371517 -1130827
1558706371517 -1130825
1558706371517 -1130825
1558706371517 -1130824
1558706371517 -1130821
1558706371517 -1130814
1558706371517 -1130814
1558706371517 -1130812
1558706371517 -1130811
1558706371517 -1130810
1558706371517 -1130808
1558706371517 -1130807
1558706371517 -1130807
1558706371517 -1130806
1558706371517 -1130806
1558706371517 -1130802
1558706371517 -1130801
1558706371517 -1130787
1558706371517 -1130786
1558706371517 -1011435
1558706371517 -1011435
1558706371517 -1011431
1558706371517 -1011431
1558706371517 -1011427
1558706371517 -1011425
1558706371517 -1011423
1558706371517 -1011422
1558706371517 -1011421
1558706371517 -1011421
1558706371517 -1011419
1558706371517 -1011417
1558706371517 -1011412
1558706371517 -1011397
1558706371517 -1011396
1558706371517 -1011394
1558706371517 -1011390
1558706371517 -1011386
1558706371517 -1174071
1558706371517 -1174069
1558706371517 -1174064
1558706371517 -1174063
1558706371517 -1174057
1558706371517 -1174056
1558706371517 -1174052
1558706371517 -1174048
1558706371517 -1174045
1558706371517 -1174044
1558706371517 -1174044
1558706371517 -1174042
1558706371517 -1174038
1558706371517 -1174038
1558706371517 -1174034
1558706371517 -1174034
1558706371517 -1174032
1558706371517 -1174031
1558706371517 -1174028
1558706371517 -1174026
1558706371517 -1174026
1558706371517 -1174024
1558706371517 -840308
1558706371517 -840236
1558706371517 -840236
1558706371517 -840236
1558706371517 -840234
1558706371517 -840234
1558706371517 -840233
1558706371517 -840233
1558706371517 -840233
1558706371517 -840233
1558706371517 -840233
1558706371517 -840233
1558706371517 -840233
1558706371517 -840233
1558706371517 -840233
1558706371517 -840233
1558706371517 -840232
1558706371517 -840212
1558706371517 -840210
1558706371517 -840209
1558706371517 -840200
1558706371517 -840200
1558706371517 -840200
1558706371517 -840198
1558706371517 -840164
1558706371517 -840157
1558706371517 -840149
1558706371517 -840140
1558706371517 -840136
1558706371517 -840136
1558706371517 -840135
1558706371517 -840135
1558706371517 -840134
1558706371517 -840109
1558706372044 -1131308
1558706372044 -1131302
1558706372044 -1131302
1558706372044 -1131296
1558706372044 -1131293
1558706372044 -1131292
1558706372044 -1131291
1558706372044 -1131289
1558706372044 -1131287
1558706372044 -1131286
1558706372044 -1131285
1558706372044 -1131285
1558706372044 -1131282
1558706372044 -1131280
1558706372044 -1131279
1558706372044 -1131278
1558706372044 -1131271
1558706372044 -1131271
1558706372044 -1131271
1558706372044 -1131270
1558706372044 -1131269
1558706372044 -1131268
1558706372044 -1131268
1558706372044 -1131265
1558706372044 -1131264
1558706372044 -1131263
1558706372044 -1131260
1558706372044 -1131260
1558706372044 -1131253
1558706372044 -1131253
1558706372044 -1131251
1558706372044 -1131250
1558706372044 -1131250
1558706372044 -1131250
1558706372044 -1131233
1558706372044 -671719
1558706372044 -671717
1558706372044 -671715
1558706372044 -671713
1558706372044 -671705
1558706372044 -671699
1558706372070 -840662
1558706372070 -840661
1558706372070 -840661
1558706372070 -840661
1558706372070 -840661
1558706372070 -840661
1558706372070 -840661
1558706372070 -840661
1558706372070 -840661
1558706372070 -840661
1558706372070 -840661
1558706372070 -840661
1558706372070 -840660
1558706372070 -840620
1558706372070 -840611
1558706372070 -840609
1558706372070 -840608
1558706372070 -840608
1558706372070 -840605
1558706372070 -840603
1558706372070 -840602
1558706372070 -840598
1558706372070 -840595
1558706372070 -840594
1558706372070 -840587
1558706372070 -840584
1558706372070 -840580
1558706372070 -566432
1558706372070 -566422
1558706372070 -566420
1558706372070 -566418
1558706372070 -566412
1558706372070 -566401
1558706372070 -566399
1558706372070 -566394
1558706372070 -566393
1558706372070 -566392
1558706372070 -566388
1558706372070 -566377
1558706372070 -566376
1558706372070 -566374
1558706372070 -566373
1558706372070 -566372
1558706372070 -566366
1558706372070 -566364
1558706372070 -566358
1558706372088 -566375
1558706372088 -566369
1558706372088 -566367
1558706372088 -566362
1558706372088 -566360
1558706372088 -566359
1558706372088 -566358
1558706372088 -566351
1558706372088 -566348
1558706372088 -566343
1558706372088 -566340
1558706372088 -566338
1558706372088 -566337
1558706372088 -566335
1558706372088 -566333
1558706372088 -566327
1558706372088 -566309
1558706372088 -566307
1558706372088 -566307
1558706372088 -566306
1558706372088 -566292
1558706372088 -566288
1558706372088 -566287
1558706372088 -566283
1558706372089 -345271
1558706372089 -345269
1558706372089 -345265
1558706372089 -345261
1558706372089 -345258
1558706372089 -345258
1558706372089 -345258
1558706372089 -345253
1558706372089 -345252
1558706372089 -345251
1558706372089 -345250
1558706372089 -345247
1558706372089 -345243
1558706372089 -345242
1558706372089 -345236
1558706372089 -345235
1558706372089 -345234
1558706372089 -345233
1558706372089 -345122
1558706372089 -345120
1558706372089 -345120
1558706372089 -345115
1558706372089 -345105
1558706372089 -345104
1558706372089 -345042
1558706372089 -345039
1558706372089 -345038
1558706372089 -345035
1558706372089 -345031
1558706372089 -345031
1558706372089 -344953
1558706372089 -344952
1558706372089 -344951
1558706372089 -344950
1558706372089 -344949
1558706372089 -344947
1558706372089 -344945
1558706372089 -344941
1558706372089 -344941
1558706372089 -344866
1558706372089 -344866
1558706372089 -344865
1558706372090 -671731
1558706372090 -671728
1558706372090 -671725
1558706372090 -671717
1558706372090 -671716
1558706372090 -671713
1558706372090 -671713
1558706372090 -671710
1558706372090 -671709
1558706372090 -671699
1558706372090 -671699
1558706372090 -671698
1558706372090 -671697
1558706372181 -671783
1558706372181 -671773
1558706372181 -671770
1558706372181 -671767
1558706372181 -671766
1558706372181 -671765
1558706372181 -671758
1558706372181 -671752
1558706372181 -338031
1558706372181 -338023
1558706372181 -338021
1558706372181 -338019
1558706372181 -338017
1558706372181 -337996
1558706372181 -337996
1558706372181 -337996
1558706372181 -337996
1558706372181 -337996
1558706372181 -337996
1558706372181 -337996
1558706372181 -337995
1558706372181 -337995
1558706372181 -337995
1558706372181 -337993
1558706372181 -337959
1558706372181 -337957
1558706372181 -337930
1558706372181 -337923
1558706372181 -337919
1558706372181 -337915
1558706372181 -337895
1558706372181 -337892
1558706372181 -337888
1558706372181 -337886
1558706372181 -337881
1558706372181 -337878
1558706372181 -337877
1558706372181 -337876
1558706372181 -337867
1558706372181 -337865
1558706372181 -337862
1558706372181 -337854
1558706372181 -337849
1558706372181 -337823
1558706372181 -337756
1558706372181 -337754
1558706372181 -337750
1558706372181 -337750
1558706372181 -337744
1558706372181 -337742
1558706372181 -337742
1558706372181 -337737
1558706372181 -337736
1558706372181 -337736
1558706372181 -337675
1558706372181 -337675
1558706372181 -337665
1558706372181 -337665
1558706372181 -337665
1558706372181 -337665
1558706372181 -337665
1558706372181 -337664
1558706372181 -337587
1558706372181 -337587
1558706372181 -337584
1558706372181 -337584
1558706372181 -337584
1558706372181 -337578
1558706372181 -337577
1558706372181 -337577
1558706372181 -337577
1558706372181 -337576
1558706372181 -337569
1558706372181 -337499
1558706372181 -337498
1558706372181 -337497
1558706372181 -337497
1558706372181 -337487
1558706372181 -337486
1558706372181 -337486
1558706372181 -337486
1558706372181 -337486
1558706372181 -337485
1558706372181 -337485
1558706372181 -337467
1558706372181 -337443
1558706372181 -337441
1558706372181 -337438
1558706372181 -337436
1558706372181 -337424
1558706372181 -337367
1558706372181 -337367
1558706372181 -337366
1558706372181 -337365
1558706372181 -337365
1558706372181 -337364
1558706372181 -337353
1558706372181 -337353
1558706372181 -337352
1558706372181 -337352
1558706372181 -337352
1558706372181 -337352
1558706372181 -337352
1558706372181 -337352
1558706372181 -337352
1558706372181 -337352
1558706372181 -337344
1558706372181 -337343
1558706372181 -337343
1558706372181 -337343
1558706372181 -337343
1558706372181 -337342
