1558705357465 -234196
1558705357465 -234196
1558705357465 -234195
1558705357465 -234195
1558705357465 -234195
1558705357465 -234195
1558705357465 -234195
1558705357465 -233068
1558705357465 -233068
1558705357465 -233068
1558705357465 -233068
1558705357465 -233068
1558705357465 -233067
1558705357465 -233067
1558705357465 -233067
1558705357465 -233067
1558705357465 -233061
1558705357465 -233054
1558705357465 -233054
1558705357465 -233054
1558705357466 -233055
1558705357466 -233055
1558705357466 -233055
1558705357466 -233055
1558705357466 -233055
1558705357466 -233055
1558705357466 -233046
1558705357466 -232023
1558705357466 -232023
1558705357466 -232023
1558705357466 -232023
1558705357466 -232022
1558705357466 -232022
1558705357466 -232022
1558705357466 -232022
1558705357466 -232022
1558705357466 -232022
1558705357466 -231217
1558705357466 -231217
1558705357466 -231217
1558705357466 -231217
1558705357466 -231217
1558705357466 -231217
1558705357466 -231216
1558705357466 -231216
1558705357466 -231216
1558705357466 -231216
1558705357466 -231211
1558705357466 -231202
1558705357466 -231202
1558705357466 -230667
1558705357466 -230667
1558705357466 -230667
1558705357466 -230666
1558706014648 -887848
1558706014648 -887848
1558706014648 -887848
1558706014648 -887823
1558706014648 -887822
1558706014648 -887822
1558706014648 -887822
1558706014648 -857085
1558706014648 -857083
1558706014648 -857083
1558706014648 -857082
1558706014648 -857076
1558706014648 -857074
1558706014648 -857070
1558706014648 -857067
1558706014648 -857056
1558706014648 -857052
1558706014648 -857049
1558706014648 -857049
1558706014648 -857043
1558706014648 -857043
1558706014648 -857042
1558706014648 -857040
1558706014648 -857037
1558706014648 -857029
1558706014648 -857029
1558706014649 -857029
1558706014649 -857026
1558706014649 -856971
1558706014649 -856971
1558706014649 -856971
1558706014649 -856970
1558706014649 -856970
1558706014649 -856970
1558706014649 -856969
1558706014649 -856968
1558706014649 -856968
1558706014649 -856968
1558706014649 -856968
1558706014649 -856968
1558706014649 -856968
1558706014649 -856968
1558706014649 -856968
1558706014649 -856892
1558706014649 -856891
1558706014649 -856890
1558706014649 -856890
1558706014649 -856889
1558706014649 -856853
1558706014649 -856853
1558706014649 -856853
1558706014649 -856853
1558706014649 -856853
1558706014649 -856853
1558706014649 -856804
1558706014649 -856803
1558706014649 -856802
1558706014649 -856801
1558706014649 -856793
1558706014649 -856790
1558706014649 -856787
1558706014649 -856787
1558706014649 -856716
1558706014649 -856715
1558706014649 -856714
1558706014649 -856714
1558706014649 -856714
1558706014649 -856713
1558706014649 -856712
1558706014649 -856712
1558706014649 -856712
1558706014649 -856712
1558706014649 -856710
1558706014649 -856708
1558706014649 -856704
1558706014649 -856694
1558706014649 -856693
1558706014649 -856689
1558706014649 -856688
1558706014649 -856664
1558706014649 -856664
1558706014649 -856664
1558706014649 -856664
1558706014649 -856664
1558706014649 -856583
1558706014649 -856582
1558706014649 -856581
1558706014649 -856580
1558706014649 -856580
1558706014649 -856576
1558706014649 -856575
1558706014649 -856574
1558706014649 -856573
1558706014649 -856573
1558706014649 -856567
1558706014649 -856565
1558706014649 -856563
1558706014649 -856561
1558706014649 -856559
1558706014649 -856556
1558706014649 -856542
1558706014649 -856542
1558706014649 -856541
1558706014649 -856495
1558706014649 -856495
1558706014649 -856495
1558706014649 -856493
1558706014649 -856493
1558706014649 -856492
1558706014649 -856491
1558706014649 -856491
1558706014649 -856491
1558706014649 -856490
1558706343282 -1185109
1558706343282 -1185041
1558706343282 -1185040
1558706343282 -1185040
1558706343282 -1185038
1558706343282 -1185038
1558706343282 -1185035
1558706343282 -1185033
1558706343282 -1185033
1558706343282 -1185032
1558706343282 -1185032
1558706343282 -1185032
1558706343282 -1185027
1558706343282 -1185026
1558706343283 -1185027
1558706343283 -1185026
1558706343283 -1185025
1558706343283 -1185011
1558706343283 -1185004
1558706343283 -965327
1558706343283 -965326
1558706343283 -965322
1558706343283 -965319
1558706343283 -965317
1558706343283 -965316
1558706343283 -965312
1558706343283 -965312
1558706343283 -965309
1558706343283 -965306
1558706343283 -965304
1558706343283 -965299
1558706343283 -965298
1558706343283 -965295
1558706343283 -965295
1558706343283 -965294
1558706343283 -965292
1558706343283 -965291
1558706343283 -965290
1558706343283 -965289
1558706343283 -965289
1558706343283 -965287
1558706343283 -965287
1558706343283 -965284
1558706343283 -965281
1558706343283 -965275
1558706343283 -965273
1558706370971 -992957
1558706370971 -992955
1558706370971 -992953
1558706370971 -992953
1558706370971 -992947
1558706370971 -992944
1558706370971 -992943
1558706370971 -992943
1558706370971 -992936
1558706370971 -992932
1558706370971 -992929
1558706370971 -992927
1558706370971 -992922
1558706370971 -992918
1558706370971 -992917
1558706370971 -992916
1558706370971 -992916
1558706370971 -992913
1558706370971 -992911
1558706370971 -992911
1558706370971 -992911
1558706370971 -992911
1558706370971 -992910
1558706370971 -992910
1558706370971 -992909
1558706370971 -992908
1558706370971 -992908
1558706370971 -992906
1558706370971 -992905
1558706370971 -992905
1558706370971 -992903
1558706370971 -992902
1558706370971 -992898
1558706370971 -992898
1558706370971 -992896
1558706370971 -992894
1558706370971 -992893
1558706370971 -992893
1558706370971 -992892
1558706370971 -992891
1558706370971 -992886
1558706370971 -992884
1558706370971 -992884
1558706370971 -992884
1558706370971 -992883
1558706370971 -658298
1558706370971 -658296
1558706370971 -658296
1558706370971 -658286
1558706370971 -658283
1558706370971 -658283
1558706370971 -658281
1558706370971 -658281
1558706370971 -658279
1558706370971 -658278
1558706370971 -658272
1558706370971 -658270
1558706370971 -658267
1558706370971 -658266
1558706370971 -658263
1558706370971 -658260
1558706370971 -658260
1558706370971 -658260
1558706370971 -658258
1558706370971 -658257
1558706370971 -658256
