1558705357493 -234103
1558705357493 -234103
1558705357493 -234103
1558705357493 -234103
1558705357493 -234103
1558705357493 -234102
1558705357493 -234102
1558705357493 -234102
1558705357493 -233232
1558705357493 -233232
1558705357493 -233232
1558705357493 -233232
1558705357493 -233231
1558705357493 -233231
1558705357493 -233231
1558705357493 -233231
1558705357493 -233231
1558705357493 -232981
1558705357493 -232965
1558705357493 -232965
1558705357493 -232965
1558705357493 -232180
1558705357493 -232180
1558705357493 -232180
1558705357493 -232180
1558705357493 -232179
1558705357493 -232179
1558705357493 -231940
1558705357493 -231831
1558705357493 -231831
1558705357493 -231831
1558705357493 -231831
1558705357493 -231831
1558705357493 -231830
1558705357493 -231589
1558705357493 -231589
1558705357493 -231588
1558705357493 -231588
1558705357493 -231588
1558705357493 -231588
1558705357493 -231588
1558705357493 -231587
1558705357493 -230658
1558705357493 -230658
1558705357493 -230658
1558705357493 -230658
1558705357493 -230657
1558705357493 -230657
1558705357493 -230657
1558705357493 -230657
1558705357493 -230508
1558705357493 -230508
1558705357493 -230508
1558705357493 -230508
1558705357493 -230508
1558705357493 -230508
1558705357493 -229461
1558705357493 -229461
1558705357494 -229462
1558705357494 -229462
1558705357494 -229462
1558705357494 -229461
1558705357494 -229461
1558705357494 -229461
1558705668734 -540701
