1558705153501 -52612512
1558705153502 -52611084
1558705153502 -52611084
1558705153502 -52611083
1558705153502 -52611083
1558705153502 -52611083
1558705153502 -52611083
1558705153502 -52611083
1558705153502 -52611083
1558705153502 -52610453
1558705153502 -52610453
1558705153502 -52610453
1558705153502 -52610453
1558705153502 -52610452
1558705153502 -52610452
1558705153502 -52610452
1558705153502 -52610452
1558705153502 -52610452
1558705153502 -52610452
1558705153502 -52608748
1558705153502 -52608748
1558705153502 -52608748
1558705153502 -52608748
1558705153502 -52608748
1558705153502 -52608746
1558705153502 -52608725
1558705153502 -52608725
1558705153502 -52608725
1558705153502 -52608725
1558705153502 -52608725
1558705153502 -52608725
1558705153502 -52608725
1558705153502 -52608725
1558705153502 -52608724
1558705153502 -52608574
1558705153502 -52608574
1558706375053 -3562809
1558706375053 -3562809
1558706375053 -3562809
1558706375053 -3562808
1558706375053 -3562808
1558706375053 -3562808
1558706375053 -3562808
1558706375053 -3562808
1558706375053 -3562808
1558706375053 -3562808
1558706375053 -3562808
1558706375053 -3560542
1558706375053 -3560542
1558706375053 -3560542
1558706375053 -3560542
1558706375053 -3560541
1558706375053 -3560541
1558706375053 -3560541
1558706375053 -3560527
1558706375053 -3560527
1558706375053 -3560527
1558706375053 -3560525
1558706375053 -3560525
1558706375053 -3560525
1558706375053 -3560525
1558706375053 -3560525
1558706375053 -3560525
1558706375053 -3560525
1558706375053 -3560524
1558706375053 -3560524
1558706375053 -3560093
1558706375053 -3560092
1558706375053 -3560091
1558706375053 -3560091
1558706375053 -3560090
1558706375053 -3560090
1558706375053 -3560090
1558706375053 -3558775
1558706375053 -3558775
1558706375053 -3558775
1558706375053 -3558775
1558706376069 -3559791
1558706376069 -3559790
1558706376069 -3559435
1558706376069 -3559435
1558706376069 -3559435
1558706376069 -3559435
1558706376069 -3559435
1558706376069 -3559435
1558706376069 -3559435
1558706376069 -3559429
1558706376069 -3558710
1558706376069 -3558709
1558706376069 -3558709
1558706376069 -3558709
1558706376069 -3558708
1558706376069 -3558708
1558706376069 -3558708
1558706376069 -3558708
1558706376069 -3558708
1558706376069 -3558708
1558706376069 -3558708
1558706376069 -3558707
1558706376069 -3558363
1558706376069 -3558363
1558706376069 -3558362
1558706376069 -3558362
1558706376069 -3558362
1558706376069 -3558361
1558706376069 -3557941
1558706376069 -3557941
1558706376069 -3557940
1558706376069 -3557940
1558706376069 -3557940
1558706376069 -3557939
1558706376069 -3557939
1558706376069 -3557939
1558706376069 -3557938
1558706376069 -3557938
1558706376069 -3557937
1558706376069 -3557937
1558706376069 -3557937
1558706376069 -3557586
1558706376069 -3557586
1558706376069 -3557585
1558706376069 -3557585
1558706376069 -3557585
1558706376069 -3411218
1558706376069 -3411217
1558706376069 -3411215
1558706376069 -3411215
1558706376069 -3411212
1558706376069 -3411212
1558706376069 -3411209
1558706376070 -3411210
1558706376070 -3411209
1558706376070 -3411203
1558706376070 -3411202
1558706376070 -3411202
1558706376070 -3411200
1558706376070 -3411200
1558706376070 -3411197
1558706376070 -3411191
1558706376070 -3411190
1558706376070 -3411189
1558706376070 -3411187
1558706376070 -3411186
1558706376070 -3411184
1558706376070 -3411179
1558706376070 -3411177
1558706376070 -3411176
1558706376070 -3411175
1558706376070 -3411174
1558706376070 -3411174
