1558705357477 -235183
1558705357477 -235183
1558705357477 -235182
1558705357477 -235181
1558705357477 -235181
1558705357477 -235181
1558705357477 -235150
1558705357477 -234824
1558705357477 -234823
1558705357477 -234823
1558705357478 -234824
1558705357478 -234824
1558705357478 -234824
1558705357478 -234823
1558705357478 -234823
1558705357478 -233532
1558705357478 -233532
1558705357478 -233532
1558705357478 -233531
1558705357478 -233531
1558705357478 -233531
1558705357478 -233531
1558705357478 -233531
1558705357478 -233531
1558705357478 -232687
1558705357478 -232687
1558705357478 -232686
1558705357478 -232686
1558705357478 -232686
1558705357478 -232686
1558705357478 -232469
1558705357478 -232468
1558705357478 -232468
1558705357478 -232468
1558705357478 -232468
1558705357478 -232468
1558705357478 -232468
1558705357478 -232467
1558705357478 -232467
1558705357478 -231658
1558705357478 -231658
1558705357478 -231658
1558705357478 -231657
1558705357478 -231657
1558705357478 -231491
1558705357478 -231490
1558705357478 -231490
