1558705152533 -25067
1558705152533 -25067
1558705152533 -25067
1558705152533 -25067
1558705152533 -25067
1558705152533 -25066
1558705152533 -24577
1558705152533 -24577
1558705152533 -24577
1558705152533 -24327
1558705152533 -24327
1558705152533 -24327
1558705152533 -24327
1558705152533 -24327
1558705152565 -24359
1558705152565 -24359
1558705152565 -24359
1558705152565 -24359
1558705152565 -24359
1558705152565 -23775
1558705152565 -23775
1558705152565 -23775
1558705152565 -23775
1558705152565 -23775
1558705152565 -23775
1558705152565 -23775
1558705152565 -23774
1558705152565 -23774
1558705152565 -23774
1558705152565 -23774
1558705152565 -23556
1558705152565 -23556
1558705152565 -23554
1558705152565 -23554
1558705152565 -23554
1558705152565 -23554
1558705152565 -23554
1558705152565 -23554
1558705668899 -544856
1558705668899 -544855
1558705668899 -543221
1558705668899 -543221
1558705668899 -543220
1558705668899 -543220
1558705668899 -543220
1558705668899 -543220
1558705668899 -543075
1558705668899 -543075
1558705668899 -543075
1558705668899 -543075
1558705668899 -543075
1558705668899 -543074
1558705668899 -542000
1558705668899 -542000
1558705668899 -542000
1558705668899 -542000
1558705668899 -542000
1558705796628 -667616
1558705796628 -667616
1558705796628 -667093
1558705796628 -667093
1558705796628 -667093
1558705796628 -667092
1558705796628 -667092
1558705796628 -667092
1558705796628 -667092
1558705796628 -667092
1558705796628 -654755
1558705796628 -654755
1558705796628 -654755
1558705796628 -654753
1558705796628 -654753
1558705796628 -654753
1558705796628 -654752
1558705796628 -654752
1558705796628 -654752
1558705796628 -654752
1558705796628 -654752
1558705796628 -654750
1558705796628 -654735
1558705796628 -654733
1558705796628 -654732
1558705796628 -654730
1558705796628 -654727
1558705796628 -654724
1558705796628 -654723
1558705796628 -654721
1558705796628 -654714
1558705796628 -654713
1558705796628 -654712
1558705796628 -654709
1558705796628 -654631
1558705796628 -654630
1558705796628 -654627
1558705796628 -654627
1558706371568 -1244641
1558706371568 -1244641
1558706371568 -1244641
1558706371568 -1244641
1558706371568 -1244641
1558706371568 -1244640
1558706371568 -1244640
1558706371568 -1244640
1558706371568 -1243483
1558706371568 -1243483
1558706371568 -1243482
1558706371568 -1243482
1558706371568 -1243482
1558706371568 -1243482
1558706371568 -1243480
1558706371568 -1243480
1558706371568 -1243480
1558706371568 -1243479
1558706371568 -1243479
1558706371568 -1243479
1558706371568 -1243479
1558706371568 -1242959
1558706371568 -1242958
1558706371568 -1242958
1558706371568 -1242958
1558706371568 -1242958
1558706371568 -1242958
1558706371568 -1242958
1558706371568 -1242958
1558706371568 -1242957
1558706371568 -1175328
1558706371568 -1175328
1558706371568 -1175328
1558706371568 -1175328
1558706371568 -1175324
1558706371568 -1175320
1558706371568 -1175319
1558706371568 -1175319
1558706371568 -1175318
1558706371568 -1175316
1558706371568 -1175313
1558706371696 -1229691
1558706371696 -1229623
1558706371696 -1229623
1558706371696 -1229622
1558706371696 -1229622
1558706371696 -1229622
1558706371696 -1229621
1558706371696 -1229621
1558706371696 -1229619
1558706371696 -1229619
1558706371696 -1229618
1558706371696 -1229617
1558706371696 -1229617
1558706371696 -1229614
1558706371696 -1229611
1558706371696 -1229578
1558706371696 -1229577
1558706371696 -1229576
1558706371696 -1229576
1558706371696 -1229575
1558706371696 -1229571
1558706371696 -1229570
1558706371696 -1229569
1558706371696 -1229568
1558706371696 -1229564
1558706371696 -1229564
1558706371696 -1229563
1558706371696 -1229562
1558706371696 -1229559
1558706371696 -1229559
1558706371696 -1229558
1558706371696 -1229558
1558706371696 -1229557
1558706371696 -1229557
1558706371696 -1229555
1558706371696 -1229555
1558706371696 -1218359
1558706371696 -1218359
1558706371696 -1218359
1558706371696 -1218359
1558706371696 -1218359
1558706371696 -1218359
1558706371696 -1218359
1558706371696 -1218358
1558706371696 -1060208
1558706371696 -1060206
1558706371696 -1060197
1558706371696 -1060196
1558706371696 -1060196
1558706371696 -1060190
1558706371696 -1060189
1558706371696 -1060187
1558706371696 -1060187
1558706371696 -1060178
1558706371696 -1060177
1558706371696 -1060173
1558706371696 -1060165
1558706371696 -1060163
1558706371696 -1060163
1558706371696 -1060158
1558706371696 -1060157
1558706374353 -1178089
1558706374353 -1178080
1558706374353 -1178077
1558706374353 -1178069
1558706374353 -1178067
1558706374353 -1178067
1558706374353 -1178066
1558706374353 -1178063
1558706374353 -1178062
1558706374353 -1178061
1558706374353 -1178060
1558706374353 -1178060
1558706374353 -1178059
1558706374353 -1178058
1558706374353 -1178058
1558706374353 -1178055
1558706374353 -1178054
1558706374353 -1178053
1558706374353 -1178053
1558706374353 -1178052
1558706374353 -1178051
1558706374353 -1178050
1558706374353 -1178050
1558706374353 -1178049
1558706374353 -1178046
1558706374353 -1178040
1558706374353 -851156
1558706374353 -851156
1558706374353 -851156
1558706374353 -851156
1558706374353 -851155
1558706374353 -851155
1558706374353 -851108
1558706374353 -851108
1558706374353 -851107
1558706374353 -851107
1558706374353 -851107
1558706374353 -851107
1558706374353 -851107
1558706374353 -851107
1558706374353 -851107
1558706374353 -851079
1558706374353 -851078
1558706374353 -851078
1558706374353 -851078
1558706374353 -851078
1558706374353 -851078
1558706374353 -851078
1558706374353 -851077
1558706374353 -851033
1558706374353 -851033
1558706374353 -851033
1558706374353 -851033
1558706374353 -851032
1558706374353 -850987
1558706375064 -851697
1558706375064 -851697
1558706375064 -851697
1558706375064 -851697
1558706375064 -851697
1558706375064 -851697
1558706375064 -851697
1558706375064 -851696
1558706375064 -851696
1558706375064 -851696
1558706375064 -851678
1558706375064 -851678
1558706375064 -851678
1558706375064 -851677
1558706375064 -851672
1558706375064 -851671
1558706375064 -851671
1558706375064 -851670
1558706375064 -851666
1558706375064 -851666
1558706375064 -851665
1558706375064 -851665
1558706375064 -851664
1558706375064 -851663
1558706375064 -851660
1558706375064 -851659
1558706375064 -616516
1558706375064 -616516
1558706375064 -616515
1558706375064 -616514
1558706375064 -616513
1558706375064 -616480
1558706375064 -616480
1558706375064 -616480
1558706375064 -616479
1558706375064 -616479
1558706375064 -616479
1558706375064 -616479
1558706375064 -616479
1558706375064 -616479
1558706375064 -616479
1558706375064 -616479
1558706375064 -616470
1558706375064 -616470
1558706375064 -616468
1558706375064 -616465
1558706375064 -616459
1558706375064 -616459
1558706375064 -616442
1558706375311 -1063764
1558706375311 -1063762
1558706375311 -1063759
1558706375311 -1063743
1558706375311 -1063741
1558706375311 -1063741
1558706375311 -1063738
1558706375311 -1063733
1558706375311 -1063731
1558706375311 -1063728
1558706375311 -1063718
1558706375311 -1063718
1558706375311 -1063717
1558706375311 -1063716
1558706375311 -1063713
1558706375311 -1063712
1558706375311 -1063712
1558706375311 -1063708
1558706375311 -1063707
1558706375311 -1063703
1558706375311 -1063703
1558706375311 -1063702
1558706375311 -1063700
1558706375311 -1063696
1558706375311 -1063696
1558706375311 -1063695
1558706375311 -604075
1558706375311 -604075
1558706375311 -604074
1558706375311 -604074
1558706375311 -604074
1558706375311 -604073
1558706375311 -604073
1558706375311 -604072
1558706375311 -604072
1558706375311 -604070
1558706375311 -604067
1558706375311 -604066
1558706375311 -604066
1558706375311 -604065
1558706375311 -604065
1558706375311 -604065
1558706375311 -604061
1558706375311 -604059
1558706375311 -604057
1558706375311 -604055
1558706375311 -604055
1558706375311 -604052
1558706375311 -604052
1558706375499 -616850
1558706375499 -616849
1558706375499 -616845
1558706375499 -616843
1558706375499 -616841
1558706375499 -616832
1558706375499 -616815
1558706375499 -616815
1558706375499 -616815
1558706375499 -616814
1558706375499 -616792
1558706375499 -616779
1558706375499 -616778
1558706375499 -616768
1558706375499 -616768
1558706375499 -616753
1558706375499 -616753
1558706375499 -616739
1558706375499 -616738
1558706375499 -616724
1558706375499 -616724
1558706375499 -616724
1558706375499 -616714
1558706375499 -616714
1558706375499 -616714
1558706375499 -616714
1558706375499 -616700
1558706375499 -616698
1558706375499 -616697
1558706375499 -616697
1558706375499 -510467
1558706375499 -510466
1558706375499 -510445
1558706375499 -510445
1558706375499 -510445
1558706375499 -510445
1558706375499 -510443
1558706375499 -510430
1558706375499 -510430
1558706375499 -510430
1558706375499 -510430
1558706375499 -510426
1558706375499 -510426
1558706375499 -510426
1558706375499 -510426
1558706375499 -510411
1558706375499 -510405
1558706375585 -510475
1558706375585 -510471
1558706375585 -510469
1558706375585 -510467
1558706375586 -510466
1558706375586 -510466
1558706375586 -510464
1558706375586 -510462
1558706375586 -510458
1558706375586 -510456
1558706375586 -510456
1558706375586 -510455
1558706375586 -510415
1558706375586 -510415
1558706375586 -510415
1558706375586 -510415
1558706375586 -510415
1558706375586 -510415
1558706375586 -510415
1558706375586 -510415
1558706375586 -510415
1558706375586 -510414
1558706375586 -510414
1558706375586 -510414
1558706375586 -510414
1558706375586 -510414
1558706375586 -510414
1558706375586 -510414
1558706375586 -510414
1558706375586 -510414
1558706375586 -510414
1558706375586 -510414
1558706375586 -510414
1558706375586 -510399
1558706375586 -510396
1558706375586 -510385
1558706375586 -510381
1558706375586 -510378
1558706375586 -510374
1558706375586 -510372
1558706375586 -510371
1558706375586 -510369
1558706375586 -510367
1558706375586 -510366
1558706375586 -510365
1558706375586 -510363
1558706375586 -285256
1558706375586 -285255
1558706375586 -285254
1558706375586 -285252
1558706375586 -285252
1558706375775 -604511
1558706375775 -604509
1558706375775 -604509
1558706375775 -604505
1558706375775 -604504
1558706375775 -604503
1558706375775 -604500
1558706375775 -604499
1558706375775 -604492
1558706375775 -604489
1558706375818 -604531
1558706375818 -604527
1558706375818 -604526
1558706375818 -604524
1558706375818 -604522
1558706375818 -604520
1558706375818 -604519
1558706375818 -604511
1558706375818 -604510
1558706375818 -604509
1558706375818 -604509
1558706375818 -604507
1558706375818 -604507
1558706375818 -604503
1558706375818 -264614
1558706375818 -264614
1558706375818 -264614
1558706375818 -264614
1558706375818 -264613
1558706375818 -264612
1558706375818 -264611
1558706375818 -264603
1558706375818 -264596
1558706375818 -264592
1558706375818 -264591
1558706375819 -264591
1558706375819 -264582
1558706375819 -264582
1558706375819 -264575
1558706375819 -264574
1558706375819 -264570
1558706375819 -264567
1558706375819 -264563
1558706375819 -264562
1558706375819 -264562
1558706375819 -264562
1558706375819 -264561
1558706375819 -264561
1558706375819 -264558
1558706375819 -264557
1558706375819 -264554
1558706375819 -264553
1558706375819 -264552
1558706375819 -264549
1558706375819 -264549
1558706375819 -264547
1558706375819 -264545
1558706375819 -264544
1558706375819 -264543
1558706375819 -264542
1558706375819 -264539
1558706375819 -264539
1558706375819 -264537
1558706375819 -264533
1558706375819 -264528
1558706375819 -264526
1558706375819 -264518
1558706375819 -264518
1558706375819 -264517
1558706375819 -264514
1558706375819 -264512
1558706375819 -264503
1558706375819 -264502
1558706375819 -264500
1558706375819 -264497
1558706375819 -264494
1558706375819 -264492
1558706375819 -264481
1558706375819 -264481
