1558705153254 -52612670
1558705153254 -52612669
1558705153254 -52612668
1558705153254 -52612454
1558705153254 -52612453
1558705153254 -52612452
1558705153254 -52612452
1558705153254 -52612452
1558705153254 -52612451
1558705357738 -52815140
1558705357738 -52815140
1558705357738 -52815140
1558705357738 -52815140
1558705357738 -52814724
1558705357761 -52814746
1558705357761 -52814746
1558705357761 -52814746
1558705357761 -52813228
1558705357761 -52813227
1558705357761 -52813227
1558705357761 -52813227
1558705357761 -52813226
1558705357761 -52813226
1558705357761 -52813226
1558705357761 -52813226
1558705357761 -52813226
1558705357761 -52812671
1558705357761 -52812671
1558705357762 -52815152
1558705357762 -52815152
1558705357762 -52815152
1558705357762 -52815151
1558705357762 -52815151
1558705357762 -52815151
1558705357762 -52815151
1558705357762 -52815151
1558705357762 -52815151
1558705357762 -52815151
1558705357762 -52814833
1558705357762 -52814755
1558705669752 -53126745
1558705669752 -53125207
1558705669752 -53125207
1558705669752 -53125207
1558705669752 -53125207
1558705669752 -53125207
1558705669752 -53125206
1558705669752 -53125206
1558705669752 -53125206
1558705669752 -53125206
1558705669752 -53125206
1558705669752 -53124667
1558705669752 -53124667
1558705669752 -53124667
1558705669752 -53124666
1558705669752 -53124666
1558705669752 -53124666
1558705669752 -53124666
1558705669752 -53124666
1558705669752 -53127169
1558705669752 -53127169
1558705669752 -53127169
1558705669752 -53127169
1558705669752 -53127168
1558705669752 -53127168
1558705669752 -53127168
1558705669752 -53127168
1558705669752 -53127168
1558705669752 -53126726
1558705669752 -53125304
1558705669752 -53125304
1558705669752 -53124618
