1558705357122 -234889
1558705357122 -234889
1558705357122 -234888
1558705357122 -233490
1558705357122 -233490
1558705357122 -233490
1558705357122 -233490
1558705357122 -233490
1558705357122 -233490
1558705357122 -233085
1558705357122 -233085
1558705357123 -233086
1558705357123 -233086
1558705357123 -233086
1558705357123 -233086
1558705357123 -232386
1558705357123 -232386
1558705357123 -232386
1558705357439 -232701
1558705357439 -232331
1558705357439 -232331
1558705357439 -232331
1558705357439 -232331
1558705357439 -232331
1558705357439 -231685
1558705357439 -231685
1558705357439 -231684
1558705357439 -231684
1558705357439 -231684
1558705357439 -231684
1558705357439 -231684
1558705357439 -231684
1558705357439 -231684
1558705357439 -231420
1558705357439 -231420
1558705357439 -231419
1558705357439 -231418
1558705357439 -231418
1558705357439 -231418
1558705357439 -231418
1558705357439 -231418
1558705357439 -231418
1558705357439 -231059
1558705357439 -231059
1558705357439 -231059
1558705357439 -231059
1558705357439 -231059
1558705357439 -231059
1558705357439 -231059
1558705357439 -231059
1558705357439 -231058
1558705357439 -231058
1558705357439 -231058
1558705357439 -231058
1558705357439 -231058
1558705357439 -231058
1558705357439 -231058
1558705357439 -230713
1558705357439 -230713
1558705357439 -230713
1558705357439 -230713
1558705357439 -230713
1558705668906 -545837
1558705668906 -545837
1558705668906 -545836
1558705668906 -545836
1558705668906 -545836
1558705668906 -545836
1558705668906 -545765
1558705668906 -545764
1558705668906 -545764
1558705668906 -545764
1558705668906 -545764
1558705668906 -545764
1558705668906 -544757
1558705668906 -544757
1558705668906 -544757
1558705668906 -544756
1558705668906 -544756
1558705668906 -544756
1558705668906 -544756
1558705668906 -544756
1558705668906 -544756
1558705668906 -544756
1558705668906 -544756
1558705668906 -544756
1558705668906 -544756
1558705668906 -544693
1558705668906 -544692
1558705668906 -544692
1558705668906 -544692
1558705668906 -544692
1558705668906 -544692
1558705668906 -543714
1558705668906 -543714
1558705668906 -543714
1558705668906 -543714
1558705668906 -543713
1558705668906 -543713
1558706370771 -1244045
1558706370771 -1218200
1558706370771 -1218198
1558706370771 -1218197
1558706370771 -1218194
1558706370771 -1218192
1558706370771 -1218164
1558706370771 -1218161
1558706370771 -1218147
1558706370771 -1218147
1558706370771 -1218092
1558706370771 -1209409
1558706370771 -1209409
1558706370771 -1209408
1558706370771 -1209408
1558706370771 -1209407
1558706370771 -1209407
1558706370771 -1209407
1558706370771 -1209406
1558706370771 -1209405
1558706370771 -1209401
1558706370771 -1209381
1558706370771 -1209379
1558706370771 -1209377
1558706370771 -1209372
1558706370771 -1209372
1558706370771 -1209369
1558706370771 -1209367
1558706370771 -1209359
1558706370771 -1209343
1558706370771 -1209343
1558706370771 -1209338
1558706370771 -1209338
1558706370771 -1209338
1558706370771 -1209338
1558706370771 -1209338
1558706370771 -1209324
1558706370771 -1209323
1558706370771 -1209323
1558706370771 -1209321
1558706370771 -1209319
1558706370771 -1209319
1558706370771 -1209318
1558706370771 -1209318
1558706370771 -1209318
1558706370771 -1209317
1558706370771 -1209317
1558706370771 -1209316
1558706370771 -1209311
1558706370771 -1209310
1558706370771 -1209310
1558706370771 -1209309
1558706370771 -1209241
1558706370771 -1209241
1558706370771 -1209241
1558706370771 -1209240
1558706370771 -1209240
1558706370771 -1209239
1558706370771 -1209238
1558706370771 -1209237
1558706370771 -1209236
1558706370771 -1209235
1558706370771 -1209234
1558706370771 -1209157
1558706370771 -1209155
1558706370771 -1209151
1558706370771 -1209145
1558706370771 -1209139
1558706370771 -1209131
1558706370771 -1209073
1558706370771 -1209072
1558706370771 -1209072
1558706370771 -1209071
1558706370771 -1209071
1558706370771 -1209071
1558706370771 -1209067
1558706370771 -1209064
1558706370771 -1209064
1558706370771 -1209064
1558706370771 -1209063
1558706370771 -1209056
1558706370771 -1209055
1558706370771 -1209054
1558706370771 -1209051
1558706370771 -1209049
1558706370771 -1209049
1558706370771 -1209047
1558706370771 -1209046
1558706370771 -1209046
1558706370771 -1209045
1558706370771 -1209043
1558706370771 -1209042
1558706370771 -1209042
1558706370771 -1209039
1558706370771 -1208942
1558706370771 -1208942
1558706370771 -1208940
1558706370771 -1208940
1558706370771 -1208940
1558706370771 -1208939
1558706370771 -1208939
1558706370771 -1208939
1558706370771 -1208939
1558706370771 -1208939
1558706370771 -1208938
1558706370771 -1208937
1558706370771 -1208936
1558706370771 -1208935
1558706370771 -1208931
1558706370771 -1208919
1558706370771 -1208896
1558706370771 -1208895
1558706370771 -1208888
1558706370771 -1208888
1558706370771 -1208886
1558706370771 -1208884
1558706370771 -1208883
1558706370771 -1208867
1558706370771 -1208866
1558706370771 -1208859
1558706370771 -1208856
1558706370771 -1208852
1558706370771 -1208851
1558706370771 -1208850
1558706370771 -1208847
1558706370771 -1208846
1558706370771 -1208844
1558706370771 -1208844
1558706370771 -1208765
1558706370771 -1208764
1558706370771 -1208764
1558706370771 -1208763
1558706370771 -1208763
1558706370771 -1208763
1558706370771 -1208763
1558706370771 -1208763
1558706370771 -1208761
1558706370771 -1208761
1558706370771 -1208761
1558706370771 -1208760
1558706370771 -1208757
1558706370771 -1208757
1558706370771 -1208749
1558706370771 -1208745
1558706370771 -1208742
1558706370771 -1208739
1558706371504 -1209472
1558706371504 -1209469
1558706371504 -1209467
1558706371504 -1209467
1558706371504 -1209452
1558706371504 -1209445
1558706371504 -1209444
1558706371504 -1209443
1558706371504 -1209441
1558706371504 -1209440
1558706371504 -1209428
1558706371504 -1209428
1558706371504 -1209427
1558706371504 -1209366
1558706371504 -1209365
1558706371504 -1209363
1558706371504 -1209362
1558706371504 -1209359
