1558705668911 -544538
1558705668911 -544537
1558705668911 -544537
1558705668911 -544537
1558705668911 -544537
1558705668911 -544536
1558705668911 -544536
1558705668911 -544536
1558705668911 -543622
1558705668911 -543622
1558705668911 -543622
1558705668911 -543622
1558705668911 -543621
1558705668911 -543621
1558705668911 -543620
1558705668911 -543620
1558705668911 -542788
1558705668911 -542788
1558705668911 -542788
1558705668911 -542787
1558705668911 -542787
1558705668911 -542787
1558705668911 -542273
1558705668911 -542272
1558705668911 -542272
1558705668955 -546848
1558705668955 -546848
1558705668955 -546848
1558705668955 -546847
1558705668955 -546847
1558705668955 -546847
1558705668955 -546846
1558705668955 -546138
1558705668955 -546138
1558705668955 -546138
1558705668955 -546137
1558705668955 -546137
1558705796532 -673714
1558705796533 -673715
1558705796533 -673715
1558705796533 -673715
1558705796533 -673715
1558705796533 -673124
1558705796533 -673123
1558705796533 -673123
1558705796533 -673123
1558705796533 -673116
1558705796533 -672631
1558705796533 -672631
1558705796533 -672631
1558705796533 -672631
1558705796533 -672631
1558705796533 -672631
1558705796533 -672631
1558705796533 -672072
1558705796533 -672071
1558705796533 -672071
1558705796533 -672071
1558705796533 -672071
1558705796533 -672071
1558705796533 -672071
1558705796533 -672071
1558705796533 -672071
