1558706370721 -1247664
1558706370721 -1247664
1558706370721 -1247663
1558706370721 -1247663
1558706370721 -1247663
1558706370721 -1247663
1558706370721 -1247663
1558706370721 -1247553
1558706370721 -1247552
1558706370721 -1247552
1558706370721 -1246595
1558706370721 -1246595
1558706370721 -1246595
1558706370721 -1246595
1558706370721 -1246595
1558706370721 -1246595
1558706370721 -1246480
1558706370721 -1246480
1558706370721 -1246480
1558706370721 -1246480
1558706370721 -1246474
1558706370721 -1246473
1558706370721 -1246473
1558706370721 -1246473
1558706370721 -1246473
1558706370721 -1245589
1558706370721 -1245589
1558706370721 -1245589
1558706370721 -1245589
1558706370752 -1245620
1558706370752 -1245620
1558706370752 -1245620
1558706370752 -1245619
1558706371956 -1246688
1558706371956 -1246688
1558706371956 -1246687
1558706371956 -1246687
1558706371956 -1246687
1558706371956 -1246685
1558706371956 -1246685
1558706371956 -1246684
1558706371956 -1246684
1558706371956 -1246045
1558706371956 -1246045
1558706371956 -1246045
1558706371956 -1246044
1558706371956 -1246044
1558706371956 -1246044
1558706371956 -1128591
1558706371956 -1128590
1558706371956 -1128589
1558706371956 -1128588
1558706371956 -1128587
1558706371956 -1128586
1558706371956 -1128586
1558706371956 -1128584
1558706371956 -1128577
1558706371956 -1128575
1558706371956 -1128574
1558706371956 -1128570
1558706371956 -1128570
1558706371956 -1128567
1558706371956 -1128564
1558706371956 -1128563
1558706371956 -1128562
1558706371956 -1128562
1558706371956 -1128561
1558706371956 -1128552
1558706371956 -1128549
1558706371956 -1128548
1558706371956 -1128548
1558706371956 -1128542
1558706371956 -1128542
1558706371956 -1128541
1558706371956 -1128539
1558706371956 -1128531
1558706371956 -1128530
1558706371956 -1128526
1558706371956 -1128520
1558706371956 -1128519
1558706375315 -1131876
1558706375315 -1131875
1558706375315 -1131872
1558706375315 -1131871
1558706375315 -1131870
1558706375315 -1131869
1558706375315 -1131868
1558706375315 -1131865
1558706375315 -1131862
1558706375315 -1131861
1558706375315 -1131859
1558706375315 -1131859
1558706375315 -1131858
1558706375315 -1131858
1558706375315 -1131857
1558706375315 -1131857
1558706375315 -1131851
1558706375315 -1131851
1558706375315 -1131849
1558706375315 -1131847
1558706375315 -1131847
1558706375315 -1131847
1558706375315 -1131846
1558706375315 -1131841
1558706375315 -1131841
1558706375315 -1131839
1558706375315 -1131835
1558706375316 -1131836
1558706375316 -1131835
1558706375316 -670896
1558706375316 -670893
1558706375316 -670893
1558706375316 -670892
1558706375316 -670891
1558706375316 -670865
1558706375316 -670865
1558706375316 -670865
1558706375316 -670864
1558706375316 -670864
1558706375316 -670864
1558706375316 -670858
1558706375316 -670857
1558706375316 -670853
1558706375316 -670848
1558706375316 -670845
1558706375316 -670839
1558706375316 -670836
1558706375316 -670835
1558706375709 -671222
1558706375709 -671215
1558706375709 -671212
1558706375709 -671212
1558706375709 -671209
1558706375709 -671207
1558706375709 -671207
1558706375709 -671205
1558706375709 -671205
1558706375709 -671203
1558706375709 -671199
1558706375709 -671189
1558706375709 -671187
1558706375709 -671186
1558706375709 -671186
1558706375709 -671184
1558706375709 -671180
1558706375709 -671175
1558706375709 -671173
1558706375709 -671172
1558706375709 -671170
1558706375709 -671170
1558706375709 -671169
1558706375709 -671168
1558706375709 -337463
1558706375709 -337462
1558706375709 -337462
1558706375709 -337450
1558706375709 -337450
1558706375709 -337449
1558706375709 -337448
1558706375709 -337443
1558706375709 -337423
1558706375709 -337421
1558706375709 -337417
1558706375709 -337414
1558706375709 -337413
1558706375709 -337413
1558706375709 -337409
1558706375709 -337409
1558706375709 -337402
1558706375709 -337402
1558706375709 -337398
1558706375709 -337390
1558706375709 -337385
1558706375709 -337382
1558706375709 -337381
1558706375709 -337380
1558706375709 -337378
1558706375709 -337377
1558706375709 -337370
1558706375709 -337368
1558706375709 -337365
1558706375709 -337358
1558706375709 -337354
1558706375709 -337344
1558706375709 -337334
1558706375709 -337332
1558706375709 -337330
1558706375709 -337330
1558706375709 -337329
1558706375709 -337328
1558706375709 -337325
1558706375709 -337320
1558706375709 -337315
1558706375709 -337315
1558706375709 -337315
1558706375709 -337313
1558706375709 -337301
1558706375709 -337301
1558706375709 -337298
1558706375709 -337292
1558706375709 -337291
1558706375709 -337290
1558706375709 -337103
1558706375709 -337101
1558706375709 -337101
1558706375709 -337100
1558706375709 -337100
1558706375709 -337099
1558706375709 -337094
1558706375709 -337092
1558706375709 -336927
1558706375709 -336927
1558706375709 -336926
1558706375709 -336926
1558706375709 -336926
1558706375709 -336926
1558706375709 -336926
1558706375709 -336926
1558706375709 -336926
1558706375709 -336924
1558706375709 -336924
1558706375709 -336924
1558706375709 -336924
1558706375709 -336921
1558706375709 -336795
1558706375709 -336792
1558706375709 -336792
1558706375709 -336790
1558706375709 -336789
1558706375709 -336789
1558706375709 -336664
1558706375709 -336660
1558706375709 -336659
1558706375709 -336651
1558706375709 -336651
1558706375709 -336651
1558706375709 -336650
1558706375709 -336576
1558706375709 -336574
1558706375709 -336573
1558706375709 -336570
1558706375709 -336570
1558706375709 -336570
1558706375709 -336568
1558706375709 -336568
1558706375709 -336568
1558706375709 -336482
1558706375709 -336481
1558706375709 -336476
1558706375709 -336472
1558706375709 -336470
1558706375709 -336469
1558706375709 -336469
1558706375709 -336468
