1558705153317 -52613056
1558705153317 -52613055
1558705153317 -52613054
1558705153317 -52613053
1558705357725 -52815103
1558705357725 -52815103
1558705357725 -52815102
1558705357725 -52814808
1558705357725 -52814807
1558705357725 -52814807
1558705357725 -52814807
1558705357736 -52814818
1558705357762 -52814844
1558705357762 -52814843
1558705357762 -52814843
1558705357762 -52812901
1558705357762 -52812901
1558705357762 -52812901
1558705357762 -52812899
1558705357762 -52812899
1558705357762 -52812899
1558705357762 -52812898
1558705357762 -52812898
