1558705152497 -24567
1558705152497 -24567
1558705152497 -24567
1558705152497 -24567
1558705152497 -24567
1558705152497 -24567
1558705152497 -24566
1558705152497 -24244
1558705152497 -24244
1558705152497 -24243
1558705152497 -24242
1558705152497 -24242
1558705152497 -23755
1558705152497 -23755
1558705152497 -23755
1558705152497 -23754
1558705152497 -23419
1558705152497 -23419
1558705152497 -23419
1558705152497 -23000
1558705152497 -23000
1558705152497 -23000
1558705152497 -23000
1558705152497 -22999
1558705152497 -22804
1558705152497 -22804
1558705152497 -22804
1558705152497 -22804
1558705152497 -22804
1558705152497 -22803
1558705152497 -22803
1558705152497 -22802
1558705152497 -22802
1558705152497 -22802
1558705152497 -22565
1558705152497 -25020
1558705152497 -25019
1558705152497 -25019
1558705152497 -25019
1558705152497 -25019
1558705152497 -25019
1558705152497 -25018
1558705152497 -24399
1558705152497 -24399
1558705152497 -24399
1558705152497 -24399
1558705152497 -24399
1558705152497 -24399
1558705152497 -24398
1558705152497 -24398
1558705152497 -23580
1558705152497 -23580
1558705152498 -23581
1558705152498 -23581
1558705152498 -23581
1558705152498 -23578
1558705152498 -23577
1558705152498 -23577
1558705152498 -23577
1558705152498 -23577
1558705152498 -22874
1558705152498 -22874
1558705152498 -22874
1558705152498 -22873
1558705152498 -22873
1558705152498 -22871
1558705152498 -22871
1558705152498 -22871
1558705152498 -22871
1558705152498 -22515
1558705152498 -22514
1558705152498 -22514
1558705152498 -22514
1558705668822 -538889
1558705668822 -538889
1558705668822 -538889
1558705668822 -538889
1558705668822 -538889
1558705668822 -538888
1558705668822 -538785
1558705668822 -538785
1558705668822 -524566
1558705668822 -524564
1558705668822 -524564
1558705668822 -524561
1558705668822 -524559
1558705668822 -524556
1558705668822 -524554
1558705668822 -524549
1558705668822 -524547
1558705668822 -524546
1558705668822 -524544
1558705668822 -524541
1558705668822 -524540
1558705668822 -524538
1558705668822 -524537
1558705668822 -524536
1558705668822 -524535
1558705668822 -524534
1558705668822 -524533
1558705668822 -524530
1558705668822 -524528
1558705668822 -524524
1558705668822 -524524
1558705668822 -524523
1558705668822 -524523
1558705668822 -524515
1558705668822 -524514
1558705668822 -524500
1558705668822 -524500
1558705668822 -524497
1558705668822 -524496
1558705668822 -524496
1558705668822 -524491
1558705668822 -524490
1558705668822 -524489
1558705668822 -524486
1558705668822 -524483
1558705668822 -524482
1558705668822 -524428
1558705668822 -524428
1558705668822 -524426
1558705668822 -524425
1558705668822 -524424
1558705668822 -524351
1558705668822 -524350
1558705668822 -524345
1558705668822 -524344
1558705668822 -524342
1558705668822 -524341
1558705668822 -524336
1558705668823 -524263
1558705668823 -524262
1558705668823 -524257
1558705668823 -524256
1558705668823 -524255
1558705668823 -524254
1558705668823 -524254
1558705668823 -524241
1558705668823 -524238
1558705668823 -524174
1558705668823 -524173
1558705668823 -524172
1558705668823 -524172
1558705668823 -524169
1558705668823 -524166
1558705668823 -524165
1558705668823 -524160
1558705668823 -524160
1558705668823 -524160
1558705668823 -524159
1558705668823 -524157
1558705668823 -524154
1558705668823 -524152
1558705668823 -524149
1558705668823 -524147
1558705668823 -524146
1558705668823 -524146
1558705668823 -524145
1558705668823 -524046
1558705668823 -524041
1558705668823 -524039
1558705668823 -524038
1558705668823 -524037
1558705668823 -524037
1558705668823 -524036
1558705668823 -524036
1558705668849 -524059
1558705668890 -524096
1558705668890 -524093
1558705668945 -524146
1558705668945 -524143
1558705668945 -524141
1558705668945 -524135
1558705796485 -651573
1558705796485 -651572
1558705796485 -651568
1558705796485 -651568
1558705796485 -651567
1558705796485 -651564
1558705796485 -651564
1558705796485 -651563
1558705796485 -651563
1558705796485 -651563
1558705796485 -651558
1558705796485 -651557
1558705796485 -651554
1558705796485 -651554
1558705796485 -651549
1558705796485 -651547
1558705796485 -651545
1558705796485 -651543
1558705796485 -651541
1558705796485 -651539
1558705796485 -651539
1558705796485 -651483
1558705796485 -651482
1558705796485 -651479
1558705796485 -651477
1558705796485 -651476
1558705796485 -651472
1558705796485 -651471
1558705796485 -651466
1558705796485 -651465
1558705796485 -651463
1558705796485 -651462
1558705796485 -651460
1558705796485 -651459
1558705796485 -651399
1558705796485 -651398
1558705796485 -651394
1558705796485 -651393
1558705796485 -651393
1558705796485 -651391
1558705796485 -651389
1558705796485 -651387
1558705796485 -651384
1558705796485 -651384
1558705796485 -651380
1558705796485 -651380
1558705796485 -651379
1558705796485 -666501
1558705796485 -666501
1558705796485 -666501
1558705796485 -666500
1558705796485 -666500
1558705796485 -666499
1558705796485 -666498
1558705796485 -666341
1558705796485 -649992
1558705796485 -649991
1558705796485 -649991
1558705796485 -649990
1558705796485 -649990
1558705796485 -649985
1558705796485 -649981
1558705796485 -649981
1558705796485 -649981
1558705796485 -649978
1558705796485 -649978
1558705796485 -649975
1558705796485 -649973
1558705796485 -649968
1558705796485 -649961
1558705796485 -649959
1558705796485 -649959
1558705796485 -649958
1558705796485 -649958
1558705796485 -649957
1558705796485 -649955
1558705796485 -649953
1558705796485 -649953
1558705796485 -649952
1558705796485 -649950
1558705796485 -649949
1558705796485 -649947
1558705796485 -649946
1558705796485 -649945
1558705796485 -649944
1558705796485 -649934
1558705796485 -649932
1558705796485 -649928
1558705796485 -649927
1558705796485 -649924
1558705796485 -649918
1558705796485 -649915
1558705796485 -649913
1558705796485 -649913
1558705796486 -649914
1558705796486 -649913
1558705796486 -649909
1558705796486 -649906
1558705796486 -649905
1558705796486 -649836
1558705796486 -649835
1558705796498 -649847
1558705796498 -649843
1558705796498 -649842
1558705796498 -649841
1558705796498 -649839
1558705796498 -649836
1558705796498 -649770
1558705796498 -649769
1558705796498 -649767
1558705796498 -649764
1558705796498 -649761
1558705796498 -649761
1558705796498 -649757
1558705796498 -649684
1558705796498 -649684
1558705796498 -649684
1558705796498 -649683
1558705796498 -649671
1558705796498 -649596
1558705796498 -649594
1558705796498 -649590
1558705796498 -649589
1558705796498 -649588
1558705796498 -649587
1558705796498 -649586
1558705796498 -649580
1558705796498 -649578
1558705796498 -649575
1558705796498 -649573
1558705796498 -649570
1558705796498 -649568
1558705796498 -649568
1558705796498 -649566
1558705796498 -649565
1558705796498 -649564
1558705796498 -649463
1558705796498 -649462
1558705796498 -649462
1558705796498 -649462
1558705796498 -649457
1558705796498 -649455
1558705796498 -649454
1558705796498 -649453
1558705796498 -649452
1558705796498 -649451
1558705796498 -649451
1558705796498 -649375
1558705796498 -649375
1558705796498 -649372
1558705796498 -649371
1558705796498 -649367
1558705796498 -649366
1558705796498 -649363
1558705796498 -649361
1558705796498 -649360
1558705796498 -649359
1558705796498 -649357
1558705796498 -649356
1558705796498 -649356
1558705796498 -649353
1558705796498 -649351
1558705796498 -649348
1558705796498 -649347
1558705796498 -649347
1558705796498 -649346
1558705796498 -649345
1558705796498 -649342
1558705796499 -649342
1558705796499 -649337
1558705796499 -649290
1558705796499 -649289
1558705796499 -649284
1558705796499 -649282
1558705796499 -649282
1558705796499 -649281
1558705796499 -649279
1558705796499 -649279
1558705796499 -649276
1558705796499 -649276
1558705796499 -649276
1558705796499 -649275
1558705796499 -649274
1558705796499 -649274
1558705796499 -649274
1558705796499 -649274
1558705796499 -649272
1558705796499 -649271
1558705796499 -649269
1558705796499 -649268
1558705796499 -649267
1558705796499 -649266
1558705796499 -649263
1558705796499 -649200
1558705796499 -649200
1558705796499 -649198
1558705796499 -649197
1558705796499 -649196
1558705796499 -649192
1558705796499 -649191
1558705796499 -649190
1558705796499 -649189
1558705796513 -649196
1558705796513 -649186
1558705796513 -649186
1558705796546 -649218
1558705796546 -649216
1558705796546 -649214
1558705796546 -649213
1558705796546 -649154
1558705796546 -649152
1558705796546 -649150
1558705796546 -649148
1558705796546 -649146
1558705796546 -649145
1558705796546 -649132
1558705796546 -649132
1558705796546 -649131
1558705796546 -649131
1558705796546 -649131
1558705796546 -649128
1558705796546 -649128
1558705796546 -649128
1558705796546 -649125
1558705796546 -649125
1558705796546 -649124
1558705796546 -649122
1558705796546 -649121
1558705796546 -649121
1558705796546 -649115
1558705796546 -649115
1558705796546 -649114
1558705796546 -649114
1558705796546 -649114
1558705796546 -649114
1558705796546 -649113
1558705796546 -649113
1558705796546 -649110
1558705796546 -649108
1558705796546 -649108
1558705796546 -649107
1558705796546 -649105
1558705796546 -649103
1558705796546 -649102
1558705796546 -649028
1558705796546 -649028
1558705796546 -649026
1558705796546 -649024
1558705796546 -649024
1558705796546 -649015
1558705796546 -649013
1558705796546 -649012
1558705796546 -649012
1558705796546 -649006
1558705796546 -649005
1558705796546 -649005
1558705796546 -649004
1558705796546 -649002
1558705796546 -648994
1558705796546 -648993
1558705796546 -648992
1558706371739 -1226626
1558706371739 -1226624
1558706371739 -1226602
1558706371739 -1226601
1558706371739 -1226597
1558706371739 -1226594
1558706371739 -1226591
1558706371739 -1226591
1558706371739 -1226591
1558706371739 -1226591
1558706371739 -1226586
1558706371739 -1226580
1558706371739 -1226579
1558706371739 -1226578
1558706371739 -1052483
1558706371739 -1052483
1558706371739 -1052483
1558706371739 -1052482
1558706371739 -1052481
1558706371739 -1052479
1558706371739 -1052479
1558706371739 -1052478
1558706371739 -1052473
1558706371739 -1052468
1558706371739 -1052467
1558706371739 -1052467
1558706371739 -1052465
1558706371739 -1052462
1558706371739 -1052461
1558706371739 -1052458
1558706371739 -1052453
1558706371739 -1052447
1558706371739 -1052444
1558706371739 -1052440
1558706371739 -1052439
1558706371739 -1052434
1558706371739 -1052432
1558706371739 -1052431
1558706371739 -1052430
1558706371739 -1052430
1558706371739 -1052425
1558706371739 -1052422
1558706371739 -1052421
1558706371739 -1052421
1558706371739 -1052412
1558706371739 -1052412
1558706371739 -1052412
1558706371739 -1052407
1558706371739 -1052407
1558706371739 -1224182
1558706371739 -1224181
1558706371739 -1224180
1558706371739 -1224180
1558706371739 -1224178
1558706371739 -1224173
1558706371739 -1224172
1558706371739 -1224168
1558706371739 -1224167
1558706371739 -1224165
1558706371739 -1034990
1558706371739 -1034988
