1558705669140 -544444
1558705669140 -544443
1558705669140 -544311
1558705669140 -542812
1558705669140 -542812
1558705669140 -542808
1558705669140 -542674
1558705669140 -542674
1558705669140 -542674
1558705669140 -542674
1558705669140 -541818
1558705669140 -541818
1558705669140 -541818
1558705669140 -541817
1558705669140 -541817
1558705669140 -541815
1558705669140 -541814
1558705669140 -541754
1558705669140 -541754
1558705669140 -541754
1558705669140 -541754
1558705669140 -541754
1558705669140 -541754
1558705669140 -541753
1558705669140 -540751
1558705669140 -544929
1558705669140 -544929
1558705669140 -544929
1558705669140 -544929
1558705669140 -544928
1558705669140 -543637
1558705669140 -543103
1558705669140 -543103
1558705669140 -543102
1558705669140 -542418
1558705669140 -542418
1558705669140 -542418
1558705669140 -542417
1558705669140 -542033
1558705669140 -542033
1558705669140 -542033
1558705669140 -542033
1558705669140 -542033
1558705669140 -542032
1558705669140 -542032
1558706343457 -1215068
1558706343457 -1215068
1558706343457 -1215066
1558706343457 -1215066
1558706343457 -1215065
1558706343457 -1215065
1558706343457 -1215001
1558706343457 -1215000
1558706343457 -1215000
1558706343457 -1214725
1558706343457 -1214725
1558706343457 -1214725
1558706343457 -1214724
1558706343457 -1214724
1558706343457 -1214692
1558706343457 -1214691
1558706343457 -1214691
1558706343457 -1214691
1558706343457 -1214691
1558706343457 -1214690
1558706343457 -1214690
1558706343457 -1214690
1558706343457 -1143121
1558706343457 -1143121
1558706343457 -1143120
1558706343457 -1143120
1558706343457 -1143120
1558706343457 -1143119
1558706343457 -1143119
1558706343457 -1143110
1558706343457 -1143106
1558706343457 -1143105
1558706343457 -1215546
1558706343457 -1215546
1558706343457 -1215546
1558706343457 -1215546
1558706343457 -1215546
1558706343457 -1215544
1558706343457 -1215544
1558706343457 -1215544
1558706343457 -1215544
1558706343457 -1215544
1558706343457 -1215544
1558706343457 -1215543
1558706343457 -1215543
1558706343457 -1215543
1558706343457 -1215264
1558706343457 -1142898
1558706343457 -1142892
1558706343457 -1142892
1558706343457 -1142890
1558706343457 -1142887
1558706343457 -1142886
1558706343457 -1142885
1558706343457 -1142883
1558706343457 -1142867
1558706343457 -1142865
1558706343457 -1142862
1558706343457 -1142860
1558706343457 -1142860
1558706343457 -1142859
1558706343457 -1142859
1558706343457 -1142858
1558706343457 -1142857
1558706343457 -1142853
1558706343457 -1142851
1558706343457 -1142849
1558706343457 -1142849
1558706343457 -1142847
1558706343457 -1142844
1558706343457 -1142841
1558706343457 -1142840
1558706343457 -1142839
1558706343457 -1142837
1558706343457 -1142836
1558706343457 -1142829
1558706343457 -1142827
1558706343457 -1142827
1558706343457 -1142826
1558706343457 -1142821
1558706343457 -1142817
1558706343457 -1142816
1558706373018 -1172665
1558706373018 -1172659
1558706373018 -1172649
1558706373018 -1172648
1558706373018 -1172647
1558706373018 -1172642
1558706373018 -1172634
1558706373018 -1172632
1558706373018 -1172627
1558706373018 -1172627
1558706373018 -1172625
1558706373018 -1172625
1558706373018 -1172624
1558706373018 -1172621
1558706373018 -1172617
1558706373018 -1172617
1558706373018 -1172611
1558706373018 -1172610
1558706373018 -1172608
1558706373018 -1172602
1558706373018 -835737
1558706373018 -835736
1558706373018 -835736
1558706373018 -835733
1558706373018 -835733
1558706373018 -835731
1558706373018 -835727
1558706373018 -835722
1558706373018 -835722
1558706373018 -835719
1558706373018 -835718
1558706373018 -835713
1558706373018 -835712
1558706373018 -835711
1558706373018 -835711
1558706373018 -835710
1558706373018 -835710
1558706373018 -1172372
1558706373018 -1172367
1558706373018 -1172366
1558706373018 -1172361
1558706373018 -1172354
1558706373018 -1172351
1558706373018 -1172350
1558706373018 -1172347
1558706373018 -1172345
1558706373018 -1172344
1558706373018 -1172343
1558706373018 -1172339
1558706373018 -1172337
1558706373018 -1172336
1558706373018 -1172334
1558706373018 -1172333
1558706373019 -1172333
1558706373019 -1172332
1558706373019 -1172331
1558706373019 -1172328
1558706373019 -1172327
1558706373019 -1172322
1558706373019 -833607
1558706373019 -833607
1558706373019 -833607
1558706373019 -833607
1558706373019 -833607
1558706373019 -833606
1558706373019 -833606
1558706373019 -833577
1558706373019 -833577
1558706373019 -833577
1558706373019 -833577
1558706373019 -833577
1558706373019 -833577
1558706373019 -833577
1558706373019 -833574
1558706373019 -833573
1558706373019 -833573
1558706373019 -833573
1558706373019 -833572
1558706373019 -833572
1558706373019 -833572
1558706373019 -833564
1558706373019 -833556
1558706373019 -833556
1558706373019 -833556
1558706373019 -833554
1558706373019 -833554
1558706373019 -833542
1558706373019 -833541
1558706373019 -833541
1558706373019 -833541
1558706373019 -833541
1558706373019 -833540
1558706373019 -833539
1558706373019 -833520
1558706373019 -833520
1558706373019 -833519
1558706373019 -833519
1558706373019 -833518
1558706373019 -833518
1558706373019 -833516
1558706373019 -833514
1558706373019 -833503
1558706373019 -833503
1558706373019 -833503
1558706373019 -833503
1558706373019 -833503
1558706373139 -835824
1558706373139 -835823
1558706373139 -835821
1558706373139 -835821
1558706373139 -835820
1558706373139 -835815
1558706373139 -835807
1558706373139 -835807
1558706373139 -835806
1558706373139 -835801
1558706373139 -835800
1558706373139 -835799
1558706373139 -835795
1558706373139 -835621
1558706373139 -835621
1558706373139 -835620
1558706373139 -835620
1558706373139 -835619
1558706373139 -835619
1558706373139 -835619
1558706373139 -835619
1558706373139 -835615
1558706373139 -835614
1558706373139 -835605
1558706373139 -616654
1558706373139 -616653
1558706373139 -616652
1558706373139 -616651
1558706373139 -616651
1558706373139 -616648
1558706373139 -616646
1558706373139 -616646
1558706373139 -616644
1558706373139 -616644
1558706373139 -616643
1558706373139 -616631
1558706373139 -616630
1558706373139 -616626
1558706373139 -616624
1558706373139 -616617
1558706373139 -616615
1558706373139 -616611
1558706373139 -616611
1558706373139 -616610
1558706373139 -616608
1558706373139 -616604
1558706373139 -616603
1558706373139 -616602
1558706373139 -616602
1558706373139 -616599
1558706373139 -616599
1558706373139 -616598
1558706373139 -616595
1558706373139 -616594
1558706373139 -616593
1558706373139 -616590
1558706373139 -616584
1558706373139 -833623
1558706373139 -833622
1558706373139 -833605
1558706373139 -833605
1558706373139 -833604
1558706373139 -833604
1558706373139 -833604
1558706373139 -833595
1558706373139 -833589
1558706373139 -833589
1558706373139 -833589
1558706373139 -833588
1558706373139 -833587
1558706373139 -833585
1558706373139 -833585
1558706373139 -833584
1558706373139 -833583
1558706373139 -833583
1558706373139 -833571
1558706373139 -833571
1558706373139 -612556
1558706373139 -612548
1558706373139 -612539
1558706373139 -612514
1558706373139 -612508
1558706373139 -612506
1558706373139 -612497
1558706373139 -612490
1558706373139 -612490
1558706373139 -612468
1558706373139 -612464
1558706373139 -612453
1558706373139 -612450
1558706373139 -612449
1558706373139 -612440
1558706373139 -612440
1558706373139 -612430
1558706373139 -612421
1558706373139 -612418
1558706373139 -612418
1558706373139 -612417
1558706373139 -612404
1558706373139 -612404
1558706373139 -612403
1558706373139 -612390
1558706373139 -612369
1558706373139 -612368
1558706373139 -612368
1558706373385 -616822
1558706373385 -616820
1558706373385 -616820
1558706373385 -616807
1558706373385 -616803
1558706373385 -616795
1558706373385 -616793
1558706373385 -616791
1558706373385 -616789
1558706373385 -616788
1558706373385 -616785
1558706373385 -616785
1558706373385 -616782
1558706373385 -616780
1558706373385 -616780
1558706373385 -616767
1558706373385 -616766
1558706373385 -616764
1558706373385 -616762
1558706373385 -616761
1558706373385 -616759
1558706373385 -616755
1558706373385 -616754
1558706373385 -616749
1558706373385 -616747
1558706373385 -616746
1558706373385 -616745
1558706373385 -616744
1558706373385 -616744
1558706373385 -616744
1558706373385 -506308
1558706373385 -506307
1558706373385 -506280
1558706373385 -506280
1558706373385 -506279
1558706373385 -506279
1558706373385 -506279
1558706373385 -506255
1558706373385 -506255
1558706373385 -506255
1558706373385 -506254
1558706373385 -506254
1558706373385 -506254
1558706373385 -506254
1558706373385 -506254
1558706373385 -506254
1558706373385 -506254
1558706373385 -506238
1558706373385 -506238
1558706373385 -506238
1558706373385 -506238
1558706373385 -506238
1558706373385 -506238
1558706373385 -506238
1558706373385 -506238
1558706373385 -506238
1558706373385 -506238
1558706373385 -506238
1558706373385 -506237
1558706373385 -506237
1558706373385 -506237
1558706373385 -506237
1558706373385 -506236
1558706373385 -506222
1558706373385 -612570
1558706373385 -612565
1558706373385 -612563
1558706373385 -612561
1558706373385 -612547
1558706373385 -612540
1558706373385 -612540
1558706373385 -612535
1558706373385 -612530
1558706373385 -612530
1558706373385 -612523
1558706373385 -612513
1558706373385 -612504
1558706373385 -612503
1558706373385 -612489
1558706373385 -612489
1558706373385 -612489
1558706373385 -612489
1558706373385 -612488
1558706373385 -612482
1558706373385 -612472
1558706373385 -612467
1558706373385 -612465
1558706373385 -612461
1558706373385 -612460
1558706373385 -612458
1558706373385 -502193
1558706373385 -502192
1558706373385 -502184
1558706373385 -502184
1558706373385 -502183
1558706373385 -502183
1558706373385 -502183
1558706373385 -502183
1558706373385 -502182
1558706373385 -502182
1558706373385 -502182
1558706373385 -502181
1558706373385 -502176
1558706373385 -502175
1558706373385 -502174
1558706373385 -502174
1558706373385 -502164
1558706373385 -502161
1558706373385 -502157
1558706373385 -502152
1558706373385 -502148
1558706373385 -502147
1558706373385 -502145
1558706373385 -502143
1558706373385 -502143
1558706373385 -502140
1558706373385 -502136
1558706373385 -502114
1558706373385 -502114
1558706373385 -502114
1558706373385 -502113
1558706373385 -502113
1558706373385 -502113
1558706373385 -502113
1558706373769 -506591
1558706373769 -506586
1558706373769 -506586
1558706373769 -506571
1558706373769 -506567
1558706373769 -506545
1558706373769 -506545
1558706373769 -506532
1558706373769 -506526
1558706373769 -506510
1558706373769 -506508
1558706373769 -506507
1558706373769 -506507
1558706373769 -506506
1558706373769 -506499
1558706373769 -506498
1558706373769 -506489
1558706373769 -506488
1558706373769 -506487
1558706373769 -506487
1558706373769 -506476
1558706373769 -506475
1558706373769 -506474
1558706373769 -506472
1558706373769 -506472
1558706373769 -506472
1558706373769 -506470
1558706373769 -506470
1558706373769 -506469
1558706373769 -506469
1558706373769 -506468
1558706373769 -166725
