1558705152797 -52612717
1558705152797 -52612715
1558705152797 -52612714
1558705152797 -52612713
1558705152797 -52610084
1558705152797 -52610084
1558705152797 -52610084
1558705152797 -52610084
1558705152797 -52610083
1558705152797 -52610083
1558705152797 -52610083
1558705152797 -52609935
1558705152797 -52609935
1558705152797 -52609935
1558705152797 -52609935
1558705152797 -52609934
1558705152797 -52609934
1558705152797 -52609934
1558705152797 -52609934
1558705152797 -52607894
1558705152797 -52607894
1558705152797 -52607894
1558705152797 -52607894
1558705152797 -52607894
1558705152797 -52607893
1558705152797 -52607893
1558705152797 -52607893
1558705152797 -52607893
1558705152797 -52607893
