1558705152541 -24635
1558705152541 -24635
1558705152541 -24634
1558705152541 -24289
1558705152541 -24288
1558705152541 -24288
1558705152541 -24288
1558705152541 -24288
1558705152541 -23771
1558705152541 -23771
1558705152541 -23770
1558705152541 -23770
1558705152541 -23770
1558705152541 -23517
1558705152541 -23517
1558705152541 -23517
1558705152541 -23516
1558705152541 -23516
1558705152541 -23516
1558705152541 -23516
1558705152541 -23516
1558705152541 -23516
1558705152541 -23516
1558705152541 -23516
1558705152541 -23020
1558705152541 -23020
1558705152541 -23019
1558705152541 -23019
1558705152541 -23019
1558705152541 -23019
1558705152541 -23019
1558705152541 -23019
1558705152541 -22857
1558705152541 -22857
1558705152541 -22857
1558705357503 -235381
1558705357503 -235380
1558705357566 -235443
1558705357566 -235442
1558705357566 -235405
1558705357566 -235405
1558705357566 -235404
1558705357566 -233897
1558705357566 -233897
1558705357566 -233897
1558705357566 -233897
1558705357566 -233897
1558705357566 -233897
1558705357567 -233898
1558705357567 -233897
1558705357567 -233897
1558705357567 -233549
1558705357593 -233574
1558705357593 -233574
1558705357593 -233574
1558705357593 -233574
1558705357593 -233574
1558705357593 -233574
1558705357593 -232828
1558705357593 -232828
1558705357593 -232828
1558705357593 -232827
1558705357593 -232493
1558705357593 -232493
1558705357593 -232493
1558705357593 -232493
1558705357593 -232493
1558705357593 -232490
1558705357593 -232490
1558705357593 -232490
1558705357593 -231831
1558705357593 -231830
1558705357593 -231830
1558705357593 -231830
1558705357593 -231829
1558705357593 -231829
1558705357593 -231828
1558705796568 -666883
1558705796568 -666629
1558705796568 -666629
1558705796568 -666629
1558705796568 -666629
1558705796568 -666629
1558705796568 -666629
1558705796568 -666628
1558705796568 -666628
1558705796568 -666628
1558705796568 -666628
1558705796568 -666628
1558705796568 -666628
1558705796568 -666577
1558705796568 -666533
1558705796568 -666533
1558705796568 -661427
1558705796569 -661425
1558705796569 -661425
1558705796569 -661424
1558705796569 -661422
1558705796569 -661418
1558705796569 -661407
1558705796569 -661406
1558705796569 -661404
1558705796569 -661404
1558705796569 -661400
1558705796569 -661395
1558705796569 -661394
1558705796569 -661394
1558705796569 -661389
1558705796569 -661389
1558705796569 -661388
1558705796569 -661386
1558705796569 -661384
1558705796569 -661384
1558705796569 -661383
1558705796569 -661382
1558705796569 -661377
1558705796569 -661373
1558705796569 -661373
1558705796569 -661368
1558705796569 -661364
1558705796569 -661361
1558705796569 -661361
1558705796569 -661358
1558705796569 -661347
1558705796569 -661347
1558705796569 -661346
1558705796569 -661288
1558705796569 -661286
1558705796569 -661286
1558705796569 -661285
1558705796569 -661282
1558705796569 -661210
1558705796569 -661210
1558705796569 -661209
1558705796569 -661208
1558705796569 -661208
1558705796569 -661207
1558705796569 -661206
1558705796569 -661205
1558705796569 -661204
1558705796569 -661123
1558705796569 -661120
1558705796569 -661118
1558705796569 -661118
1558705796569 -661115
1558705796569 -661030
1558705796569 -661027
1558705796569 -661025
1558705796569 -661016
1558705796569 -661012
1558705796569 -661011
1558705796569 -661011
1558705796569 -661011
1558705796569 -661009
1558705796569 -661008
1558705796569 -661007
1558705796569 -661001
1558705796569 -660901
1558705796569 -660899
1558705796569 -660898
1558705796569 -660892
1558705796569 -660891
1558705796569 -660886
1558705796569 -660885
1558705796569 -660884
1558705796569 -660883
1558705796569 -660883
1558705796569 -660881
1558705796569 -660881
1558705796569 -660880
1558705796569 -660814
1558705796569 -660814
1558705796569 -660813
1558705796569 -660813
1558705796569 -660813
1558705796569 -660812
1558705796569 -660811
1558705796569 -660809
1558705796569 -660808
1558705796569 -660808
1558705796569 -660798
1558705796569 -660797
1558705796569 -660795
1558705796569 -660790
1558705796569 -660789
1558705796569 -660786
1558705796569 -660785
1558705796569 -660783
1558705796569 -660727
1558705796569 -660726
1558705796569 -660725
1558705796569 -660724
1558705796569 -660721
1558705796569 -660716
1558705796569 -660716
1558705796569 -660711
1558705796569 -660709
1558705796569 -660709
1558705796569 -660701
1558705796569 -660640
1558705796569 -660639
1558705796569 -660639
1558705796569 -660639
1558705796569 -660638
1558705796569 -660637
1558705796569 -660637
1558705796569 -660634
1558705796569 -660634
1558705796569 -660633
1558705796569 -660631
1558705796569 -660631
1558705796569 -660631
1558705796569 -660628
1558705796569 -660627
1558705796569 -660626
1558705796569 -660624
1558705796569 -660624
1558705796569 -660624
1558705796569 -660624
1558705796569 -660623
1558705796569 -660622
1558705796569 -660619
1558705796569 -660619
1558705796569 -660551
1558705796569 -660550
1558705796569 -660550
1558705796569 -660550
1558705796569 -660550
1558705796569 -660549
1558705796569 -660548
1558705796569 -660547
1558705796569 -660547
1558705796569 -660545
1558705796569 -660543
1558705796569 -660526
1558705796569 -660525
1558705796569 -660522
1558705796569 -660520
1558705796569 -660518
1558705796569 -660502
1558705796569 -660501
1558705796569 -660499
1558705796569 -660498
1558705796569 -660496
1558705796569 -660496
1558705796569 -660491
1558705796569 -660489
1558705796569 -660488
1558705796569 -660484
1558705796569 -660483
1558705796569 -660482
