1558706115208 -993107
1558706115208 -993105
1558706115208 -993105
1558706115208 -993104
1558706115208 -991919
1558706115208 -991919
1558706115208 -991919
1558706115208 -991918
1558706115208 -991918
1558706115208 -991918
1558706115208 -991898
1558706115208 -991898
1558706115208 -990807
1558706115208 -990807
1558706115208 -990807
1558706115208 -990807
1558706115208 -990807
1558706115208 -990807
1558706115208 -990806
1558706115208 -990806
1558706115208 -990806
1558706115208 -989755
1558706115208 -989755
1558706115208 -989755
1558706115208 -989755
1558706115208 -989754
1558706115208 -989751
1558706343468 -1218011
1558706343468 -1218011
1558706343468 -1218011
1558706343468 -1218011
1558706371097 -1246209
1558706371097 -1246209
1558706371097 -1246209
1558706371097 -1246208
1558706371097 -1246208
1558706371097 -1246208
1558706371097 -1246208
1558706371097 -1246207
1558706371097 -1246207
1558706371097 -1246207
1558706371097 -1246207
1558706371097 -1246193
1558706371097 -1244784
1558706371097 -1244784
1558706371097 -1244784
1558706371097 -1244784
1558706371097 -1244784
1558706371097 -1244783
1558706371097 -1244605
1558706371097 -1244604
1558706371097 -1244604
1558706371097 -1244604
1558706371097 -1244604
1558706371097 -1244604
1558706371097 -1244603
1558706371097 -1243809
1558706371097 -1243809
1558706371097 -1243807
1558706371097 -1243683
1558706371097 -1243683
1558706371097 -1243683
1558706371097 -1243682
1558706371785 -1249898
1558706371785 -1249898
1558706371785 -1249327
1558706371785 -1249327
1558706371785 -1249236
1558706371785 -1249236
1558706371785 -1249236
1558706371785 -1249235
1558706371785 -1249235
1558706371785 -1249235
1558706371785 -1248124
1558706371785 -1248123
1558706371785 -1248123
1558706371785 -1248123
1558706371785 -1248123
1558706371785 -1248123
1558706371785 -1247111
1558706371785 -1247111
1558706371785 -1247111
1558706371785 -1247110
1558706371785 -1247016
1558706371785 -1247016
1558706371785 -1247016
1558706371785 -1247016
1558706371785 -1247015
1558706371785 -1247015
1558706371785 -1249930
1558706371785 -1249929
1558706371785 -1249928
1558706371785 -1249928
1558706371785 -1249260
1558706371785 -1249260
1558706371785 -1249260
1558706371785 -1249260
1558706371785 -1249260
1558706371785 -1249260
1558706371785 -1249260
1558706371785 -1248101
1558706371785 -1248101
1558706371785 -1248101
1558706371785 -1248100
1558706371785 -1248100
1558706371785 -1248098
1558706371785 -1248097
1558706371785 -1248097
1558706371785 -1248097
1558706371785 -1248097
1558706371785 -1248097
1558706371785 -1248095
1558706371785 -1248095
1558706371785 -1247072
1558706371785 -1247071
1558706371797 -1247083
1558706371797 -1247083
1558706371797 -1246204
1558706371798 -1244516
1558706371798 -1244516
1558706371798 -1244516
1558706371798 -1244516
1558706371798 -1244515
1558706371798 -1244515
1558706371798 -1244515
1558706371798 -1244515
1558706371798 -1244511
1558706371798 -1244511
1558706371798 -1244510
1558706371798 -1244509
1558706371798 -1244509
1558706371798 -1244509
1558706371798 -1244509
1558706371798 -1244485
1558706371798 -1244398
1558706371798 -1244398
1558706371798 -1244398
1558706371798 -1244397
1558706371798 -1244397
1558706371798 -1244124
1558706371798 -1244124
1558706371798 -1244124
1558706371798 -1244124
1558706371798 -1244124
1558706371798 -1244124
1558706371798 -1244124
1558706371798 -1244124
1558706371798 -1244124
1558706371798 -1244124
1558706371798 -1244123
1558706371798 -1244120
1558706371798 -1244120
1558706371798 -1244120
1558706371798 -1244120
1558706372116 -1245863
1558706372116 -1245863
1558706372116 -1245863
1558706372116 -1245863
1558706372116 -1245863
1558706372116 -1245863
1558706372116 -1245863
1558706372116 -1245863
1558706372116 -1245863
1558706372116 -1245862
1558706372116 -1245862
1558706372116 -1245298
1558706372116 -1245298
1558706372116 -1245298
1558706372116 -1245297
1558706372116 -1245297
1558706372116 -1245297
1558706372116 -1194510
1558706372116 -1194509
1558706372116 -1194507
1558706372116 -1194506
1558706372116 -1194506
1558706372116 -1194506
1558706372116 -1194504
1558706372116 -1194504
1558706372116 -1194501
1558706372116 -1194496
1558706372116 -1194494
1558706372116 -1194493
1558706372116 -1194492
1558706372116 -1194492
