1558706371137 -3564572
1558706371137 -3564572
1558706371137 -3564572
1558706371137 -3564571
1558706371137 -3564571
1558706371137 -3564571
1558706371137 -3564571
1558706371137 -3564151
1558706371137 -3564151
1558706371137 -3564151
1558706371137 -3564151
1558706371137 -3564151
1558706371137 -3564149
1558706371137 -3564149
1558706371137 -3564148
1558706371137 -3564135
1558706371137 -3564135
1558706371137 -3564135
1558706371137 -3564135
1558706371137 -3564135
1558706371137 -3564135
1558706371137 -3564134
1558706371137 -3562929
1558706371137 -3562929
1558706371137 -3562928
1558706371137 -3562928
1558706371137 -3562928
1558706371137 -3562928
1558706371137 -3562927
1558706371137 -3562926
1558706371137 -3562926
1558706371137 -3562925
1558706371137 -3562925
1558706371137 -3562555
1558706371137 -3562555
1558706371137 -3562554
1558706371137 -3562552
1558706371137 -3562552
1558706371513 -3561759
1558706371513 -3561758
1558706371513 -3561758
1558706371513 -3561758
1558706371513 -3561408
1558706371513 -3561408
1558706371513 -3561408
1558706371513 -3561408
1558706371513 -3561408
1558706371513 -3561407
1558706371513 -3561407
1558706371513 -3561407
1558706371513 -3561407
1558706371513 -3560547
1558706371513 -3417158
1558706371513 -3417157
1558706371513 -3417155
1558706371513 -3417155
1558706371513 -3417153
1558706371513 -3417152
1558706371513 -3417150
1558706371513 -3417149
1558706371513 -3417146
1558706371717 -3417350
1558706371717 -3417348
1558706371717 -3417346
1558706371717 -3417345
1558706371717 -3417343
1558706371717 -3417342
1558706371717 -3417332
1558706371717 -3417325
1558706371717 -3417325
1558706371717 -3417323
1558706371717 -3417323
1558706371717 -3417322
1558706371717 -3417319
1558706371717 -3417319
1558706371717 -3417314
1558706371717 -3417309
1558706371717 -3417305
1558706374045 -3419632
1558706374045 -3419632
1558706374045 -3419631
1558706374045 -3419630
1558706374045 -3419628
1558706374045 -3419627
1558706374045 -3419624
1558706374045 -3419623
1558706374045 -3419611
1558706374045 -3419611
1558706374045 -3419609
1558706374045 -3419605
1558706374045 -3419600
1558706374045 -3419593
1558706374045 -3419592
1558706374045 -3419585
1558706374045 -3204991
1558706374045 -3204987
1558706374045 -3204986
1558706374045 -3204984
1558706374045 -3204984
1558706374045 -3204982
1558706374045 -3204974
1558706374045 -3204974
1558706374045 -3204973
1558706374045 -3204968
1558706374045 -3204964
1558706374045 -3204956
1558706374046 -3204956
1558706374046 -3204956
1558706374046 -3204953
1558706374046 -3204949
1558706374046 -3204948
1558706374046 -3204942
1558706374046 -3204942
1558706374046 -3204940
1558706374046 -3204940
1558706374046 -3204936
1558706374046 -3204931
1558706374046 -3204920
1558706374046 -3204919
1558706374046 -3204918
1558706374046 -3204917
1558706374046 -3204917
1558706374046 -3204917
1558706374046 -3204912
1558706374046 -3204911
1558706374046 -3204901
1558706374046 -3204890
1558706374046 -3204876
1558706374046 -3204871
1558706374046 -3204870
1558706374046 -3204867
1558706374046 -3204860
1558706374046 -3204856
1558706374046 -3204856
1558706374046 -3204855
1558706374046 -3204853
1558706374046 -3204852
1558706374046 -3204850
1558706374046 -3204844
1558706374046 -3204843
1558706374046 -3204843
1558706374046 -3204841
1558706374046 -3204840
1558706374046 -3204836
1558706374046 -3204835
1558706374046 -3204830
1558706374046 -3204829
1558706374046 -3204826
1558706374046 -3204819
1558706374046 -3204811
1558706374046 -3204810
1558706374046 -3177601
1558706374046 -3177600
1558706374046 -3177600
1558706374046 -3177598
1558706374046 -3177593
1558706374046 -3177591
1558706374046 -3177472
1558706374046 -3177472
1558706374046 -3177471
1558706374046 -3177471
1558706374046 -3177470
1558706374046 -3177468
1558706374046 -3177468
1558706374046 -3177467
1558706374046 -3177467
1558706374046 -3177467
1558706374046 -3177465
1558706374046 -3177463
1558706374046 -3177392
1558706374046 -3177389
1558706374046 -3177388
1558706374046 -3177387
1558706374046 -3177385
1558706374046 -3177385
1558706374046 -3177385
1558706374046 -3177384
1558706374046 -3177382
