1558706370720 -1246112
1558706370720 -1246111
1558706370720 -1246110
1558706370720 -1246110
1558706370720 -1246110
1558706370720 -1246110
1558706370720 -1245629
1558706370720 -1245628
1558706370720 -1244444
1558706370720 -1244443
1558706370720 -1244443
1558706370720 -1244443
1558706370720 -1244443
1558706370720 -1244443
1558706370898 -1244323
1558706370898 -1244323
1558706370898 -1244323
1558706370898 -1244323
1558706370898 -1244323
1558706370898 -1244322
1558706370898 -1243679
1558706370898 -1243679
1558706371028 -1248054
1558706371028 -1248054
1558706371028 -1248054
1558706371028 -1248054
1558706371028 -1248054
1558706371028 -1248054
1558706371028 -1248054
1558706371028 -1248054
1558706371028 -1247794
1558706371028 -1247794
1558706371028 -1247794
1558706371028 -1247794
1558706371028 -1247794
1558706371028 -1247794
1558706371028 -1247793
1558706371028 -1246971
1558706371028 -1246970
1558706371028 -1246970
1558706371028 -1246970
1558706371028 -1246970
1558706371028 -1246737
1558706371028 -1246737
1558706371028 -1246737
1558706371028 -1246737
1558706371028 -1246737
1558706371028 -1246737
1558706371028 -1246737
1558706371028 -1246736
1558706371028 -1246736
1558706371028 -1245940
1558706371028 -1245939
1558706371028 -1245939
1558706371028 -1245939
1558706371536 -1243486
1558706371536 -1243486
1558706371536 -1243486
1558706371536 -1243485
1558706371536 -1243485
1558706371536 -1243425
1558706371536 -1243425
1558706371536 -1243425
1558706371536 -1243425
1558706371536 -1243424
1558706371536 -1243424
1558706371536 -1243424
1558706371536 -1243421
1558706371536 -1242657
1558706371536 -1242657
1558706371536 -1242656
1558706371536 -1242656
1558706371536 -1242656
1558706371536 -1242611
1558706371536 -1242611
1558706371536 -1242611
1558706371536 -1242611
1558706371536 -1242611
1558706371536 -1242611
1558706371536 -1242610
1558706371536 -1241926
1558706371536 -1241926
1558706371536 -1241926
1558706371536 -1241926
1558706371536 -1241926
1558706371536 -1241926
1558706371536 -1241926
1558706371536 -1241925
1558706373856 -1246637
1558706373856 -1246637
1558706373856 -1246637
1558706373856 -1246637
1558706373856 -1246637
1558706373856 -1246635
1558706373856 -1246634
1558706373856 -1246394
1558706373856 -1246393
1558706373856 -1246393
1558706373856 -1245507
1558706373856 -1245507
1558706373856 -1245506
1558706373856 -1245506
1558706373856 -1245506
1558706373856 -1245506
1558706373856 -1245506
1558706373856 -1176492
1558706373856 -1176492
1558706373856 -1176489
1558706373856 -1176486
1558706373856 -1176486
1558706373856 -1176486
1558706373856 -1176485
1558706373856 -1176485
1558706373856 -1176483
1558706373856 -1176481
1558706373856 -1176480
1558706373856 -1176480
1558706373856 -1176480
1558706373856 -1176479
1558706373856 -1176473
1558706373856 -1176470
1558706373856 -1176464
1558706373856 -1176462
1558706373856 -1176457
1558706373856 -1176452
1558706373856 -1176449
1558706373856 -1176447
1558706373856 -1176445
1558706373856 -1176442
1558706373856 -1176440
1558706373856 -1176439
1558706373856 -1176437
1558706373856 -1176437
1558706373856 -1176425
1558706373856 -1176419
1558706373856 -1176418
1558706373856 -1176412
1558706373964 -1248875
1558706373964 -1248875
1558706373964 -1248875
1558706373964 -1248874
1558706373964 -1248667
1558706373964 -1248667
1558706373964 -1248667
1558706373964 -1248667
1558706373964 -1248667
1558706373964 -1248666
1558706373964 -1248665
1558706373964 -1248665
1558706373964 -1248665
1558706373964 -1248054
1558706373964 -1248054
1558706373964 -1247919
1558706373964 -1149537
1558706373964 -1149536
1558706373964 -1149534
1558706373964 -1149532
1558706373964 -1149531
1558706373964 -1149531
1558706373964 -1149530
1558706373964 -1149530
1558706373964 -1149530
1558706373964 -1149529
1558706373964 -1149529
1558706373964 -1149528
1558706373964 -1149527
1558706373964 -1149523
1558706373964 -1149521
1558706373964 -1149519
1558706373964 -1149512
1558706373964 -1149508
1558706373964 -1149506
1558706373964 -1149506
1558706373964 -1149506
1558706373964 -1149503
1558706373964 -1149498
1558706373964 -1149497
1558706373964 -1149496
1558706373964 -1243993
1558706373964 -1243992
1558706373964 -1243992
1558706373964 -1243991
1558706373964 -1243991
1558706373964 -1243990
1558706373964 -1243990
1558706373964 -1243975
1558706373964 -1243975
1558706373964 -1243975
1558706373964 -1243825
1558706373964 -1243825
1558706373964 -1243825
1558706373964 -1243825
1558706373964 -1243825
1558706373964 -1127033
1558706373964 -1127032
1558706373965 -1127033
1558706373965 -1127032
1558706373965 -1127031
1558706373965 -1127030
1558706373965 -1127026
1558706373965 -1127024
1558706373965 -1127021
1558706373965 -1127021
1558706373965 -1127018
1558706373965 -1127017
1558706373965 -1127013
1558706373965 -1127010
1558706373965 -1127010
1558706373965 -1127010
1558706373965 -1127008
1558706373965 -1127004
1558706373965 -1127002
1558706373965 -1127001
1558706373965 -1126998
1558706373965 -1126997
1558706373965 -1126996
1558706373965 -1126994
1558706373965 -1126993
1558706373965 -1126993
1558706373965 -1126991
1558706373965 -1126990
1558706373965 -1126988
1558706373965 -1126985
1558706373965 -1126984
1558706373965 -1126984
1558706373965 -1126982
1558706373965 -1126982
1558706373965 -1126981
1558706373965 -1126980
1558706373965 -1126979
1558706373965 -1126978
1558706373965 -1126963
1558706373965 -1126963
1558706374499 -1177054
1558706374499 -1177053
1558706374499 -1177050
1558706374499 -1177045
1558706374499 -1177040
1558706374499 -1177037
1558706374499 -1177035
1558706374499 -1177027
1558706374499 -1177026
1558706374499 -1177026
1558706374499 -1177023
1558706374499 -1177022
1558706374499 -1177020
1558706374499 -1177018
1558706374499 -1177017
1558706374499 -1177013
1558706374499 -1177012
1558706374499 -1177012
1558706374499 -1177007
1558706374499 -843293
1558706374499 -843218
1558706374499 -843218
1558706374499 -843218
1558706374499 -843218
1558706374499 -843216
1558706374499 -843216
1558706374499 -843216
1558706374499 -843215
1558706374499 -843215
1558706374499 -843215
1558706374499 -843215
1558706374499 -843215
1558706374499 -843215
1558706374499 -843215
1558706374499 -843215
1558706374499 -843214
1558706374499 -843214
1558706374499 -843214
1558706374499 -843214
1558706374499 -843194
1558706374499 -843194
1558706374499 -843194
1558706374499 -843194
1558706374499 -843194
1558706374499 -843194
1558706374499 -843194
1558706374499 -843194
1558706374499 -843193
1558706374499 -843193
1558706374499 -843193
1558706374499 -843190
1558706374499 -843147
1558706374499 -843140
1558706374499 -843118
1558706374499 -843117
1558706374499 -843091
1558706374499 -843091
1558706374749 -1150269
1558706374749 -1150264
1558706374749 -1150263
1558706374749 -1150263
1558706374749 -1150260
1558706374749 -1150258
1558706374749 -1150246
1558706374749 -1150243
1558706374749 -1150243
1558706374749 -1150243
1558706374749 -1150242
1558706374749 -1150233
1558706374749 -1150232
1558706374749 -1150231
1558706374749 -1150230
1558706374749 -1150226
1558706374749 -1150222
1558706374749 -1150221
1558706374749 -1150220
1558706374749 -688760
1558706374749 -688760
1558706374749 -688758
1558706374749 -688744
1558706374749 -688744
1558706374749 -688744
1558706374749 -688735
1558706374749 -688734
1558706374749 -688734
1558706374749 -688734
1558706374749 -688730
1558706374749 -688730
1558706374749 -688729
1558706374749 -688727
1558706374749 -688709
1558706374749 -688706
1558706374749 -688704
1558706374749 -688679
1558706374749 -688676
1558706374749 -688672
1558706374749 -1127738
1558706374749 -1127736
1558706374749 -1127734
1558706374749 -1127731
1558706374749 -1127730
1558706374749 -1127728
1558706374749 -1127727
1558706374749 -1127726
1558706374749 -1127723
1558706374749 -1127721
1558706374749 -1127721
1558706374749 -1127719
1558706374749 -1127718
1558706374749 -1127714
1558706374749 -1127711
1558706374749 -1127706
1558706374749 -1127706
1558706374749 -1127703
1558706374749 -1127702
1558706374953 -673312
1558706374953 -673312
1558706374953 -673312
1558706374953 -673312
1558706374953 -673312
1558706374953 -673312
1558706374953 -673312
1558706374953 -673311
1558706374953 -673311
1558706374953 -673311
1558706374953 -673311
1558706374953 -673302
1558706374954 -673283
1558706374954 -673283
1558706374954 -673283
1558706374954 -673283
1558706374954 -673283
1558706374954 -673283
1558706374954 -673246
1558706374954 -673246
1558706374954 -673246
1558706374954 -673246
1558706374954 -673246
1558706374954 -673245
1558706374954 -673245
1558706374954 -673245
1558706374954 -673245
1558706374954 -673245
1558706374954 -673245
1558706374954 -673245
1558706374954 -673245
1558706374954 -673245
1558706374954 -673245
1558706374954 -673244
1558706374954 -673244
1558706374954 -673244
1558706374954 -673244
1558706374954 -673244
1558706374954 -673244
1558706374954 -673215
1558706374954 -673215
1558706375272 -843864
1558706375272 -843864
1558706375272 -843863
1558706375272 -843863
1558706375272 -843863
1558706375272 -843809
1558706375272 -843806
1558706375272 -843803
1558706375272 -843800
1558706375272 -843799
1558706375272 -843789
1558706375272 -843787
1558706375272 -843782
1558706375272 -569634
1558706375272 -569629
1558706375272 -569626
1558706375272 -569625
1558706375272 -569619
1558706375272 -569606
1558706375272 -569597
1558706375272 -569597
1558706375272 -569596
1558706375272 -569594
1558706375272 -569591
1558706375272 -569590
1558706375272 -569589
1558706375272 -569588
1558706375272 -569585
1558706375272 -569581
1558706375272 -569579
1558706375272 -569577
1558706375272 -569576
1558706375272 -569574
1558706375272 -569570
1558706375272 -569567
1558706375272 -569567
1558706375272 -569565
1558706375272 -569562
1558706375272 -569559
1558706375272 -569555
1558706375272 -569548
1558706375272 -569543
1558706375272 -569543
1558706375272 -569543
1558706375272 -569542
1558706375272 -569539
1558706375272 -569538
1558706375272 -569537
1558706375272 -569534
1558706375272 -569533
1558706375272 -569529
1558706375272 -569528
1558706375272 -569527
1558706375272 -569525
1558706375272 -569525
1558706375272 -569525
1558706375272 -569524
1558706375272 -569521
1558706375272 -569513
1558706375272 -569512
1558706375272 -569494
1558706375272 -569492
1558706375272 -569490
1558706375272 -569488
1558706375272 -569482
1558706375272 -569480
1558706375272 -569470
1558706375272 -569469
1558706375272 -348451
1558706375272 -348450
1558706375272 -348448
1558706375272 -348446
1558706375272 -348444
1558706375272 -348443
1558706375272 -348443
1558706375272 -348439
1558706375272 -348438
1558706375272 -348437
1558706375272 -348436
1558706375272 -348432
1558706375272 -348428
1558706375272 -348428
1558706375272 -348425
1558706375272 -348425
1558706375272 -348424
1558706375272 -348422
1558706375272 -348422
1558706375272 -348416
1558706375272 -348416
1558706375272 -348415
1558706375272 -348414
1558706375272 -348305
1558706375272 -348304
1558706375272 -348302
1558706375272 -348300
1558706375272 -348300
1558706375272 -348296
1558706375272 -348294
1558706375272 -348293
1558706375272 -348292
1558706375272 -348291
1558706375272 -348289
1558706375272 -348225
1558706375272 -348223
1558706375272 -348221
1558706375272 -348218
1558706375272 -348217
1558706375272 -348212
1558706375272 -348137
1558706375272 -348136
1558706375272 -348131
1558706375272 -348130
1558706375272 -348129
1558706375272 -348128
1558706375272 -348128
1558706375272 -348127
1558706375303 -348156
1558706375303 -348156
1558706375303 -348154
1558706375303 -348081
1558706375303 -348079
1558706375588 -689492
1558706375588 -689486
1558706375588 -689482
1558706375588 -689480
1558706375588 -689476
1558706375588 -689475
1558706375588 -689471
1558706375588 -689471
1558706375588 -689467
1558706375588 -689465
1558706375588 -689464
1558706375588 -689463
1558706375588 -689458
1558706375588 -689457
1558706375588 -689456
1558706375588 -689445
1558706375588 -689442
1558706375588 -689436
1558706375588 -689432
1558706375588 -689427
1558706375588 -689425
1558706375588 -689424
1558706375588 -689422
1558706375588 -349633
1558706375588 -349624
1558706375588 -349618
1558706375588 -349614
1558706375588 -349613
1558706375588 -349613
1558706375588 -349591
1558706375588 -349588
1558706375588 -349583
1558706375588 -349581
1558706375588 -349574
1558706375588 -349566
1558706375588 -349564
1558706375588 -349564
1558706375588 -349561
1558706375588 -349560
1558706375588 -349558
1558706375588 -349551
1558706375588 -349548
1558706375588 -349540
1558706375588 -349531
1558706375588 -349515
1558706375588 -349514
1558706375588 -349513
1558706375588 -349512
1558706375588 -349511
1558706375589 -349483
1558706375589 -349391
1558706375589 -349391
1558706375589 -349390
1558706375589 -349389
1558706375589 -349388
1558706375589 -349386
1558706375589 -349302
1558706375589 -349302
1558706375589 -349300
1558706375589 -349300
1558706375589 -349215
1558706375589 -349214
1558706375589 -349214
1558706375589 -349214
1558706375589 -349212
1558706375589 -349212
1558706375589 -349212
1558706375589 -349210
1558706375589 -349210
1558706375589 -349209
1558706375589 -349208
1558706375589 -349207
1558706375589 -349207
1558706375589 -349127
1558706375589 -349125
1558706375589 -349125
1558706375589 -349125
1558706375589 -349125
1558706375589 -349123
1558706375589 -349121
1558706375589 -349120
1558706375589 -349120
1558706375589 -349119
1558706375589 -349040
1558706375589 -349039
1558706375589 -349039
1558706375589 -349038
1558706375589 -349038
1558706375589 -349037
1558706375589 -349037
1558706375589 -349034
1558706375589 -349029
1558706375589 -349022
1558706375589 -349022
1558706375589 -348951
1558706375589 -348949
1558706375589 -348947
1558706375589 -348946
1558706375589 -348946
1558706375589 -348945
1558706375589 -348941
1558706375589 -348937
1558706375589 -348937
1558706375589 -348935
1558706375589 -348914
1558706375589 -348910
1558706375589 -348910
1558706375589 -348902
1558706375589 -348902
1558706375589 -348901
1558706375589 -348900
1558706375589 -348899
1558706375589 -348899
1558706375589 -348899
1558706375589 -348889
1558706375589 -348887
1558706375589 -348886
1558706375589 -348885
1558706375589 -348885
1558706375589 -348819
1558706375589 -348819
1558706375589 -348815
1558706375589 -348813
1558706375589 -348813
1558706375589 -348810
1558706375589 -348801
1558706375589 -348800
1558706375589 -348799
1558706375589 -348798
1558706375589 -348796
1558706375589 -348796
1558706375589 -348794
1558706375589 -348792
1558706375589 -348792
1558706375684 -673945
1558706375684 -673945
1558706375684 -673945
1558706375684 -673929
1558706375684 -673923
1558706375684 -673923
1558706375684 -673909
1558706375684 -673899
1558706375684 -673899
1558706375684 -673880
1558706375684 -673880
1558706375684 -673879
1558706375684 -673871
1558706375684 -673862
1558706375684 -673852
1558706375684 -673834
1558706375684 -673834
1558706375684 -334110
1558706375684 -334070
1558706375684 -334070
1558706375684 -334070
1558706375684 -334070
1558706375684 -334070
1558706375684 -334070
1558706375684 -334070
1558706375684 -334070
1558706375684 -334070
1558706375684 -334070
1558706375684 -334070
1558706375684 -334070
1558706375684 -334070
1558706375684 -334070
1558706375684 -334067
1558706375684 -334067
1558706375684 -334051
1558706375684 -334051
1558706375684 -334051
1558706375684 -334051
1558706375684 -334051
1558706375684 -334050
1558706375684 -334050
1558706375684 -334050
1558706375684 -334043
1558706375684 -334043
1558706375684 -334043
1558706375684 -334043
1558706375684 -334043
1558706375684 -334043
1558706375684 -334037
1558706375684 -334036
1558706375684 -334036
1558706375684 -334036
1558706375684 -334036
1558706375684 -334036
1558706375684 -334036
1558706375684 -334036
1558706375684 -334036
1558706375684 -334034
1558706375684 -334034
1558706375684 -334034
1558706375684 -334009
1558706375684 -334008
1558706375684 -334002
1558706375684 -333999
1558706375684 -333997
1558706375684 -333989
1558706375684 -333972
1558706375684 -333970
1558706375684 -333965
1558706375684 -219406
1558706375685 -219406
1558706375685 -219406
1558706375685 -219405
1558706375685 -219404
1558706375685 -219404
1558706375685 -219403
1558706375685 -219403
1558706375685 -219402
1558706375685 -219396
1558706375685 -219391
1558706375685 -219388
1558706375685 -219376
1558706375685 -219335
1558706375685 -219335
1558706375685 -219334
1558706375685 -219334
1558706375685 -219334
1558706375685 -219334
1558706375685 -219333
1558706375685 -219329
1558706375685 -219327
1558706375685 -219326
1558706375685 -219324
1558706375685 -219321
1558706375685 -219308
1558706375685 -219303
1558706375685 -219301
1558706375685 -219296
1558706375685 -219296
1558706375685 -219285
1558706375685 -219282
1558706375685 -219281
1558706375685 -219276
1558706375685 -219194
1558706375685 -219194
1558706375685 -219194
1558706375685 -219193
1558706375685 -219192
