1558706372502 -1249633
1558706372502 -1249632
1558706372502 -1249632
1558706372502 -1249632
1558706372502 -1249632
1558706372502 -1249632
1558706372502 -1249632
1558706372502 -1249632
1558706372502 -1249632
1558706372502 -1249632
1558706372502 -1249631
1558706372502 -1249631
1558706372502 -1249629
1558706372502 -1249131
1558706372502 -1249131
1558706372502 -1249130
1558706372502 -1249130
1558706372502 -1249130
1558706372502 -1249130
1558706372502 -1249130
1558706372502 -1248555
1558706372502 -1248555
1558706372502 -1248555
1558706372502 -1248555
1558706372502 -1248555
1558706372502 -1248555
1558706372502 -1248555
1558706372502 -1248554
1558706372502 -1248554
1558706372502 -1248098
1558706372502 -1248098
1558706372502 -1248098
1558706372502 -1248098
1558706372502 -1248098
1558706372502 -1248097
1558706372502 -1247528
1558706372502 -1247528
1558706372502 -1247528
1558706372502 -1247528
1558706372769 -1247378
1558706372769 -1246875
1558706372769 -1246875
1558706372769 -1246875
1558706372769 -1246875
1558706372769 -1246875
1558706372769 -1246874
1558706372769 -1164032
1558706372769 -1164031
1558706372769 -1164023
1558706372769 -1164017
1558706372769 -1164011
1558706372769 -1164008
1558706372769 -1164008
1558706372769 -1164005
1558706372769 -1164000
1558706372769 -1163997
1558706372769 -1163997
1558706372769 -1163983
1558706372769 -1163980
1558706372769 -1163975
1558706372769 -1163968
1558706372769 -1163959
1558706372769 -1163959
1558706372769 -1163951
1558706372769 -1163945
1558706372769 -1163940
1558706372769 -1163940
1558706372769 -1163939
1558706372769 -1163936
1558706372769 -1163936
1558706372769 -1163934
1558706372769 -1163934
1558706372769 -1163933
1558706372769 -1163931
1558706372769 -1163929
1558706372769 -1163919
1558706372769 -1163918
1558706372769 -1163916
1558706372890 -1164026
1558706372890 -1164025
1558706372890 -1164020
1558706372890 -1164007
1558706372890 -1164006
1558706372890 -1164005
1558706372890 -1164001
1558706372890 -1163999
1558706372890 -1163998
1558706372890 -1163997
1558706372890 -1163996
1558706372890 -1163994
1558706372890 -1163994
1558706372890 -1163983
1558706372890 -1163981
1558706372890 -1163971
1558706372890 -1163967
1558706372890 -1163967
1558706372890 -1163961
1558706372890 -1163955
1558706372890 -1163952
1558706372890 -1163947
1558706372890 -1163945
1558706372890 -1163943
1558706372890 -1163941
1558706372890 -1163929
1558706372890 -709429
1558706372890 -709423
1558706372890 -709420
1558706372890 -709409
1558706372890 -709405
1558706372890 -709386
1558706372890 -709380
1558706372890 -709379
1558706372890 -709375
1558706372890 -709374
1558706372890 -709373
1558706372890 -709370
1558706372890 -709368
1558706372890 -709366
1558706372890 -709366
1558706372890 -709366
1558706372890 -709360
1558706372890 -709356
1558706372890 -709356
1558706372890 -709343
1558706372890 -709342
1558706372890 -709341
1558706372890 -709341
1558706372890 -709339
1558706372890 -709333
1558706372890 -709331
1558706372890 -709328
1558706372890 -709324
1558706372890 -709321
1558706372890 -709315
1558706372890 -709313
1558706372890 -709313
1558706372890 -709311
1558706372890 -709309
1558706372890 -709308
1558706372890 -709307
1558706372890 -709303
1558706372890 -709302
1558706372890 -709301
1558706372890 -709296
1558706372890 -709284
1558706372890 -709284
1558706372890 -709280
1558706372890 -709276
1558706372890 -709252
1558706372890 -709252
1558706372890 -709250
1558706372890 -709238
1558706372890 -709236
1558706372890 -709231
1558706372890 -709228
1558706372890 -702518
1558706372890 -702515
1558706372890 -702507
1558706372890 -702503
1558706372890 -702499
1558706372890 -702488
1558706372890 -702488
1558706372890 -702472
1558706372890 -702464
1558706372890 -702460
1558706372890 -702458
1558706372890 -702441
1558706372890 -702435
1558706372890 -702434
1558706372890 -702432
1558706372890 -702431
1558706372890 -702430
1558706372890 -702429
1558706372890 -702415
1558706372890 -702288
1558706372890 -702287
1558706372890 -702285
1558706372890 -702285
1558706372890 -702285
1558706372890 -702273
1558706372890 -702273
1558706372890 -702273
1558706372890 -702110
1558706372890 -702110
1558706372890 -702110
1558706372890 -702110
1558706372890 -702110
1558706372890 -702110
1558706372890 -702110
1558706372890 -702110
1558706372890 -702109
1558706372890 -702109
1558706372890 -702109
1558706372890 -701980
1558706372890 -701980
1558706372890 -701980
1558706372890 -701980
1558706372890 -701978
1558706372890 -701977
1558706372890 -701974
1558706372890 -701878
1558706372890 -701878
1558706372890 -701878
1558706372890 -701878
1558706372890 -701877
1558706372890 -701877
1558706372890 -701877
1558706372890 -701751
1558706372890 -701751
1558706372890 -701751
1558706372890 -701751
1558706372890 -701751
1558706372890 -701750
1558706372890 -701750
1558706372890 -701742
1558706372890 -701742
1558706372890 -701742
1558706372890 -701741
1558706372890 -701741
1558706372890 -701741
1558706372890 -701672
1558706372890 -701670
1558706372890 -701670
1558706372890 -701665
1558706372890 -701665
1558706372890 -701662
1558706372890 -701585
1558706372890 -701584
1558706372890 -701584
1558706372890 -701578
1558706372890 -701563
1558706372890 -701497
1558706372890 -701496
1558706372890 -701496
1558706372890 -701496
1558706372890 -701495
1558706372890 -701495
1558706372890 -701494
1558706372890 -701493
1558706372890 -701492
1558706372890 -701492
1558706372890 -701490
1558706372890 -701490
1558706372977 -701572
1558706372977 -701572
1558706372977 -701570
1558706372977 -701569
1558706372977 -701567
1558706372977 -602718
1558706372977 -602716
1558706372977 -602715
1558706372977 -602712
1558706372977 -602712
1558706372977 -602703
1558706372977 -602701
1558706372977 -602700
1558706372977 -602695
1558706372977 -602687
1558706372977 -602685
1558706372977 -602684
