1558705668990 -543330
1558705668990 -543330
1558705668990 -543330
1558705668990 -543329
1558705668990 -543329
1558705668990 -543329
1558705668990 -543329
1558705668990 -543082
1558705668990 -543081
1558705668990 -543081
1558705668990 -543081
1558705668990 -543081
1558705668990 -543081
1558705668990 -543081
1558705668990 -543081
1558705668990 -542162
1558705668990 -542162
1558705668990 -542159
1558705668990 -542158
1558705668990 -542157
1558705668990 -542157
1558705668990 -542157
1558705668990 -542157
1558705668990 -542157
1558705668990 -542157
1558705668990 -542002
1558705668990 -542001
1558705668990 -542001
1558705668990 -542001
1558705668990 -542001
1558705668990 -542001
1558705668990 -542001
1558705668990 -542001
1558705668990 -540962
1558705668993 -540965
1558705668993 -540965
1558705668993 -540965
1558705668993 -540965
1558705668993 -540964
