1558705357286 -234785
1558705357286 -234780
1558705357286 -234780
1558705357286 -234780
1558705357286 -234780
1558705357286 -234780
1558705357286 -234779
1558705357286 -234779
1558705357286 -234779
1558705357286 -234779
1558705357286 -234778
1558705357286 -234778
1558705357286 -233437
1558705357286 -233437
1558705357286 -233437
1558705357286 -233436
1558705357286 -233436
1558705357286 -233436
1558705357286 -233433
1558705357286 -233433
1558705357286 -232349
1558705357286 -232349
1558705357286 -232349
1558705357286 -232348
1558705357286 -232348
1558705357286 -231367
1558705357286 -231367
1558705357286 -231367
1558705357286 -231367
1558705357286 -231365
1558705357286 -231365
1558705357286 -231364
1558705357286 -231364
1558705357286 -231364
1558705357286 -230608
1558705357286 -230608
1558705357286 -230607
1558705357286 -230607
1558705357286 -230606
1558705357286 -230581
1558706115033 -988320
1558706115033 -988319
1558706115033 -988318
1558706115033 -988318
1558706115033 -988189
1558706115033 -988188
1558706115033 -988188
1558706115033 -988188
1558706115033 -943135
1558706115033 -943134
1558706115033 -943134
1558706115033 -943134
1558706115033 -943133
1558706115033 -943133
1558706115033 -943118
1558706115033 -943116
1558706115033 -943114
1558706115033 -943109
1558706115033 -943090
1558706115033 -943090
1558706115033 -943090
1558706115033 -943089
1558706115033 -943089
1558706115033 -943088
1558706115033 -943087
1558706115033 -943083
1558706115033 -943081
1558706115033 -943081
1558706115033 -943079
1558706115033 -943075
1558706115033 -943074
1558706115033 -943072
1558706115033 -943072
1558706115033 -943070
1558706115033 -943068
1558706115033 -943064
1558706115033 -943063
1558706115033 -943060
1558706115033 -943059
1558706115033 -943059
1558706115033 -943053
1558706115033 -943049
1558706343211 -1171227
1558706343211 -1171224
1558706343211 -1171222
1558706343211 -1171219
1558706343211 -1171218
1558706343211 -1171217
1558706343211 -1171214
1558706343211 -1171213
1558706343211 -1171210
1558706343211 -1171206
1558706343211 -1171205
1558706343211 -1171204
1558706343211 -1171204
1558706343211 -1171204
1558706343211 -1171203
1558706343211 -1171202
1558706343211 -1171201
1558706343211 -1171196
1558706343211 -1171196
1558706343211 -1171146
1558706343211 -1171146
1558706343211 -1171142
1558706343211 -1171142
1558706343211 -1171142
1558706343211 -1171121
1558706343211 -1171106
1558706343211 -1171104
1558706343211 -1171102
1558706343211 -1171094
1558706343211 -1171086
1558706343211 -1171085
1558706343211 -1171067
1558706343211 -1171065
1558706343211 -1171064
1558706343211 -1171052
1558706343211 -1171050
1558706343211 -1171049
1558706343211 -1171047
1558706343211 -1171045
1558706343211 -1171045
1558706343211 -1171042
1558706343211 -1171041
1558706343211 -1171039
1558706343211 -1171035
1558706343211 -1170963
1558706343211 -1170963
1558706343211 -1170957
1558706343211 -1170957
1558706343211 -1170956
1558706343211 -1170955
1558706343211 -1170952
1558706370650 -1198385
1558706370650 -1198385
1558706370650 -1198384
1558706370650 -1198382
1558706370650 -1198382
1558706370650 -1198380
1558706370650 -1198380
1558706370650 -1198380
1558706370650 -1198378
1558706370650 -1198377
1558706370650 -1198375
1558706370650 -1198374
1558706370650 -1198368
1558706370650 -1198367
1558706370650 -1198367
1558706370650 -1198365
1558706370650 -1198364
1558706370650 -1198362
1558706370650 -1198361
1558706370650 -1198358
1558706370650 -1198356
1558706370650 -1198347
1558706370650 -1198347
1558706370650 -1198345
1558706370650 -1198345
1558706370650 -1198342
1558706370650 -1198341
1558706370650 -1198340
1558706370650 -1198339
1558706370650 -1198338
1558706370650 -1198336
1558706370650 -1198336
1558706370650 -1198334
1558706371916 -1199599
1558706371916 -1199598
1558706371916 -1199597
1558706371916 -1199597
1558706371916 -1199597
1558706371916 -1199596
1558706371916 -1199594
1558706371916 -1199589
1558706371916 -1199589
1558706371916 -1199588
1558706371916 -1199587
1558706371916 -1199587
1558706371916 -1199586
1558706371916 -1199581
1558706371916 -1199580
1558706371916 -1199527
1558706371916 -1199527
1558706371916 -1199526
1558706371916 -1199526
1558706371916 -1199525
1558706371916 -1199524
1558706371916 -1199524
1558706371916 -1199518
1558706371916 -1199513
1558706371916 -1199510
1558706371916 -1199492
1558706371916 -1199491
1558706371916 -1199484
1558706371916 -1199466
1558706371916 -1199462
1558706371916 -1199457
1558706371916 -1199455
1558706371916 -903736
1558706371916 -903736
1558706371916 -903735
1558706371916 -903734
1558706371916 -903734
1558706371916 -903732
1558706371916 -903731
1558706371916 -903725
1558706371916 -903721
1558706371916 -903720
1558706371916 -903718
1558706371916 -903717
1558706371916 -903712
1558706371916 -903712
1558706371916 -903708
1558706371916 -903706
1558706371916 -903706
1558706371916 -903706
1558706371916 -903703
1558706371916 -903702
1558706371916 -903700
1558706371916 -903699
1558706371916 -903699
1558706371916 -903698
1558706371916 -903696
1558706371916 -903693
1558706371916 -903692
1558706371916 -903689
1558706371916 -903689
1558706371916 -903686
1558706371916 -903686
1558706371916 -903685
