1558705357490 -233863
1558705357490 -233863
1558705357490 -233863
1558705357490 -233863
1558705357490 -233862
1558705357490 -233862
1558705357491 -233448
1558705357491 -233448
1558705357491 -233447
1558705357491 -232734
1558705357491 -232733
1558705357491 -232733
1558705357491 -232733
1558705357491 -232387
1558705357491 -232387
1558705357491 -232387
1558705357491 -232387
1558705357491 -232385
1558705357491 -232385
1558705357491 -232384
1558705357491 -232384
1558705357491 -232384
1558705357491 -231732
1558706343516 -1217757
1558706343516 -1217757
1558706343516 -1217756
1558706343516 -1217756
1558706343516 -1217756
1558706343516 -1217756
1558706343516 -1217499
1558706343516 -1217499
1558706343516 -1217498
1558706343516 -1217498
1558706343516 -1217135
1558706343516 -1217135
1558706343516 -1217134
1558706343516 -1217134
1558706343516 -1217134
1558706343516 -1168258
1558706343516 -1168257
1558706343516 -1168257
1558706343516 -1168248
1558706343516 -1168245
1558706343516 -1168241
1558706371749 -1196471
1558706371749 -1196470
1558706371749 -1196469
1558706371749 -1196467
1558706372126 -1196843
1558706372126 -1196838
1558706372126 -1196834
1558706372126 -1196832
1558706372126 -1196829
1558706372126 -1196828
1558706372126 -1196824
1558706372126 -1196824
1558706372126 -1196823
1558706372126 -1196820
1558706372126 -1196819
1558706372126 -1196817
1558706372126 -1196809
1558706372126 -1196809
1558706372126 -1196804
1558706372126 -1196803
1558706372126 -1196802
1558706372126 -1196801
1558706372126 -1196801
1558706372126 -1196801
1558706372126 -1196800
1558706372126 -854008
1558706372126 -853993
1558706372126 -853988
1558706372126 -853987
1558706372126 -853983
1558706372126 -853983
1558706372126 -853977
1558706372126 -853964
1558706372126 -853960
1558706372126 -853957
1558706372126 -853956
1558706372126 -853955
1558706372126 -853953
1558706372126 -853950
1558706372126 -853940
1558706372126 -853935
1558706372126 -853933
1558706372126 -853933
1558706372126 -853933
1558706372126 -853921
1558706372126 -853920
1558706372126 -853910
1558706372126 -853903
1558706372126 -853902
1558706372126 -853901
