1558705796691 -668727
1558705796691 -668727
1558705796691 -668727
1558705796692 -668728
1558705796692 -668728
1558705796692 -668494
1558705796692 -668494
1558705796692 -668492
1558706014781 -886580
1558706014781 -886580
1558706014781 -886580
1558706014781 -886580
1558706014781 -886580
1558706014781 -885995
1558706014781 -885995
1558706014781 -885995
1558706014781 -885995
1558706014781 -885995
1558706014781 -885995
1558706014781 -885994
1558706014781 -885768
1558706014781 -885768
1558706014781 -885768
1558706014781 -885767
1558706014781 -885767
1558706014781 -885250
1558706014781 -885250
1558706014781 -885250
1558706014781 -885250
1558706014781 -885249
1558706014781 -885249
1558706014781 -885249
1558706014781 -885249
1558706014781 -885249
