1558705668643 -543812
1558705668643 -543811
1558705668643 -543811
1558705668643 -543811
1558705668643 -542226
1558705668643 -542226
1558705668643 -542226
1558705668643 -542225
1558705668643 -541312
1558705668643 -541312
1558705668643 -541312
1558705668643 -541312
1558705668643 -541311
1558705668643 -541311
1558705668643 -541311
1558705668643 -541310
1558705668643 -541309
1558705668643 -541267
1558705668643 -541267
1558705668643 -541267
1558705668643 -541267
1558705668643 -541267
1558705668643 -541267
1558705668643 -541266
1558705668643 -541266
1558705668643 -541266
1558705668643 -540242
1558705668643 -540194
1558705668643 -540194
1558705668929 -543261
1558705668929 -543260
1558705668929 -543260
1558705668929 -543260
1558705668929 -543260
1558705668929 -543046
1558705668929 -543045
1558705668929 -543045
1558705668929 -543045
1558705668929 -543045
1558705668929 -543045
1558705668929 -542074
1558705668929 -542074
1558705668929 -542073
1558705668929 -542073
1558705668929 -542073
1558705668929 -541969
1558705668929 -541969
1558705668929 -541969
1558705668929 -541964
1558705668929 -541964
1558705668929 -541964
1558705668929 -540917
1558705668929 -540917
1558706014281 -886951
1558706014281 -886951
1558706014281 -886951
1558706014281 -886951
1558706014281 -886951
1558706014281 -886951
1558706014281 -886951
1558706014281 -886951
1558706014281 -886948
1558706014281 -886946
1558706014281 -886945
1558706014281 -886811
1558706014281 -886811
1558706014281 -886811
1558706014281 -886810
1558706014281 -886810
1558706014281 -886810
1558706014281 -886810
1558706014281 -886810
1558706014281 -886196
1558706014281 -886196
1558706014281 -886196
1558706014281 -886195
1558706014281 -886195
1558706014281 -886195
1558706014281 -886195
1558706014281 -886195
1558706014281 -885381
