1558705357492 -235309
1558705357492 -235308
1558705357492 -235308
1558705357492 -234047
1558705357492 -234047
1558705357492 -233954
1558705357492 -233954
1558705357492 -233954
1558705357492 -233954
1558705357492 -233953
1558705357492 -233402
1558705357492 -233402
1558705357492 -232835
1558705357492 -232834
1558705357492 -232834
1558705357492 -232834
1558705357492 -232834
1558705357492 -232834
1558705357492 -232315
1558705357492 -232315
1558705357492 -232315
1558705357492 -232315
1558705357492 -231818
1558705357492 -231818
1558705357492 -231817
1558705357492 -231817
1558705357492 -231817
1558705357492 -231817
1558705357492 -233919
1558705357492 -233919
1558705357492 -233919
1558705357492 -233919
1558705357492 -233919
1558705357492 -233919
1558705357492 -233423
1558705357492 -233423
1558705357492 -233423
1558705357492 -233423
1558705357492 -233423
1558705357492 -233423
1558705357492 -233423
1558705357492 -233422
1558705357493 -233423
1558705357493 -232776
1558705357493 -232776
1558705357493 -232776
1558705357493 -232776
1558705357493 -232776
1558705357493 -232776
1558705357493 -232776
1558705357493 -232775
1558705357493 -232775
1558705357493 -232775
1558705357493 -232365
1558705357493 -232364
1558705357493 -232364
1558705357493 -232364
1558705357493 -232364
1558705357493 -232364
1558705357493 -232364
1558705357493 -232364
1558705357493 -232364
1558705357493 -232364
1558705357493 -232359
1558705357493 -232359
1558705357493 -232359
1558705357493 -232359
1558705357493 -232359
1558705357493 -232358
1558705357493 -232358
1558705357493 -232358
1558705357493 -232358
1558705357493 -232358
1558705357493 -232358
1558705357493 -232358
1558705357493 -232358
1558705357493 -231817
1558705357493 -231817
1558705357493 -231817
1558705357493 -231817
1558705357493 -231817
1558705357493 -231817
1558705357493 -231817
1558705357493 -231817
1558705357493 -231816
1558705357493 -231816
1558705357493 -231816
1558705357493 -231411
1558705357493 -231411
1558705357493 -231411
1558705357493 -231411
1558705357493 -231410
1558705357493 -231410
1558705357493 -231410
1558706014489 -888404
1558706014489 -888404
1558706014489 -888404
1558706014489 -888404
1558706014489 -888404
1558706014489 -888404
1558706014489 -888404
1558706014489 -888404
1558706014489 -888403
1558706014490 -888404
1558706014490 -888130
1558706014490 -888129
1558706014490 -888129
1558706014490 -888129
1558706014490 -854200
1558706014490 -854200
1558706014490 -854199
1558706014490 -854199
1558706014490 -854198
1558706014490 -854198
1558706014490 -854193
1558706014490 -854192
1558706014490 -854191
1558706014490 -854191
1558706014490 -854189
1558706014490 -854188
1558706014490 -854166
1558706014490 -854154
1558706014490 -854154
1558706014490 -854152
1558706014490 -854150
1558706014490 -854150
1558706014490 -854148
1558706014490 -854148
1558706014490 -854146
1558706014490 -854145
1558706014490 -854143
1558706014490 -854143
1558706014490 -854141
1558706014490 -854141
1558706014490 -854141
1558706014490 -854136
1558706014490 -854135
1558706014490 -854134
1558706014490 -854134
1558706014490 -854134
1558706014490 -854134
1558706014490 -854134
1558706014490 -854134
1558706014490 -854133
1558706014490 -854105
1558706014490 -854105
1558706014490 -854105
1558706014490 -854105
1558706014490 -854105
1558706014490 -854101
1558706014490 -854101
1558706014490 -854101
1558706014490 -854101
1558706014490 -854100
1558706014490 -854100
1558706014490 -854100
1558706014490 -854100
1558706014490 -854099
1558706014490 -854099
1558706014490 -854033
1558706014490 -854033
1558706014490 -854032
1558706014490 -854031
1558706014491 -854032
1558706014491 -854032
1558706014491 -854031
1558706014491 -854031
1558706014491 -854030
1558706014491 -854029
1558706014491 -854028
1558706014491 -854028
1558706014491 -854027
1558706014491 -854027
1558706014491 -854027
1558706014491 -854026
1558706014491 -853954
1558706014491 -853953
1558706014491 -853953
1558706014491 -853952
1558706014491 -853952
1558706014491 -853951
1558706014491 -853951
1558706014491 -853950
1558706014491 -853950
1558706014491 -853948
1558706014491 -853947
1558706014491 -853947
1558706014491 -853942
1558706014491 -853942
1558706014491 -853863
1558706014491 -853862
1558706014491 -853862
1558706014491 -853862
1558706014491 -853862
1558706014491 -853862
1558706014491 -853862
1558706014491 -853862
1558706014491 -853861
1558706014491 -853861
1558706014491 -853861
1558706014491 -853861
1558706014491 -853861
1558706014491 -853861
1558706014491 -853855
1558706014491 -853850
1558706014492 -853851
1558706014492 -853848
1558706014492 -853848
1558706014492 -853847
1558706014492 -853843
1558706014492 -853840
1558706014492 -853726
1558706014492 -853725
1558706014492 -853725
1558706014492 -853725
1558706014492 -853725
1558706014492 -853725
1558706014492 -853725
1558706014492 -853724
1558706014492 -853721
1558706014492 -853720
1558706014492 -853720
1558706014492 -853720
1558706014492 -853720
1558706014492 -853719
1558706014492 -853719
1558706014492 -853719
1558706014492 -853719
1558706014492 -853603
1558706014492 -853602
1558706014492 -853601
1558706014492 -853601
1558706014492 -853600
1558706014492 -853599
1558706014492 -853599
1558706014492 -853594
1558706014492 -853567
1558706014492 -853567
1558706014492 -853567
1558706014492 -853565
1558706014492 -853565
1558706014492 -853565
1558706014492 -853564
1558706014492 -853564
1558706014492 -853564
1558706014492 -853564
1558706014492 -853536
1558706014492 -853536
1558706014492 -853532
1558706014492 -853532
1558706014492 -853532
1558706014492 -853532
1558706014492 -853531
1558706014492 -853531
1558706014492 -853531
1558706014496 -853520
1558706014496 -853474
1558706014496 -853471
1558706014496 -853458
1558706014496 -853458
1558706014496 -853457
1558706014496 -853457
1558706014496 -853457
1558706014496 -853437
1558706014497 -853437
1558706014497 -853434
1558706014497 -853381
1558706014497 -853381
1558706014497 -853380
1558706014497 -853380
1558706014497 -853376
1558706014497 -853376
1558706014497 -853376
1558706014497 -853376
1558706014497 -853364
1558706014497 -853364
1558706014497 -853364
1558706014497 -853364
1558706014497 -853364
1558706014497 -853364
1558706014497 -853363
1558706014497 -853356
1558706014497 -853356
1558706014497 -853356
1558706014497 -853356
1558706014497 -853352
1558706014497 -853299
1558706014497 -853296
1558706014497 -853296
1558706014497 -853277
1558706014497 -853277
1558706014497 -853277
1558706014497 -853263
1558706014497 -853262
1558706014497 -853261
1558706014497 -853260
1558706014497 -853259
1558706014497 -853259
1558706014497 -853258
1558706014497 -853258
1558706014497 -853256
1558706014497 -853250
1558706014497 -853247
1558706014497 -853246
1558706014497 -853244
1558706014497 -853238
1558706014497 -853237
1558706014497 -853237
1558706014497 -853236
1558706014497 -853195
1558706014497 -853191
1558706014497 -853190
1558706014497 -853189
1558706014497 -853187
1558706014497 -853183
1558706014497 -853176
1558706014497 -853163
1558706014497 -853157
1558706014497 -853157
1558706014497 -853157
1558706014497 -853150
1558706014497 -853147
1558706014497 -853137
1558706014497 -853137
1558706343220 -1217137
1558706343220 -1217137
1558706343220 -1216866
1558706343220 -1216865
1558706343220 -1216865
1558706343220 -1216484
1558706343220 -1216484
1558706343220 -1216484
1558706343220 -1177717
1558706370659 -1205154
1558706370659 -1205153
1558706370659 -1205150
1558706370659 -1205149
1558706370659 -1205149
1558706370659 -1205148
1558706370659 -1205147
1558706370659 -1205140
1558706370659 -1205139
1558706370659 -1205135
1558706370659 -1205134
1558706370659 -1205134
1558706370659 -1205132
1558706370659 -1205123
1558706370659 -1205120
1558706370659 -1205116
1558706370659 -1205114
1558706370659 -1205108
1558706370659 -1205101
1558706370659 -1205098
1558706370659 -1205094
1558706370659 -1205093
1558706370659 -1205088
1558706370659 -1205083
1558706370659 -1205079
1558706370659 -1205076
1558706370659 -1205074
1558706370659 -1205073
1558706370659 -1205072
1558706370659 -1205071
1558706370659 -1205070
1558706370659 -1205005
1558706370659 -1205004
1558706370659 -1205004
1558706370659 -1205003
1558706370659 -1205002
1558706370659 -1205001
1558706370659 -1204921
1558706370659 -1204920
1558706370659 -1204918
1558706370659 -1204917
1558706370659 -1204914
1558706370659 -1204910
1558706370659 -1204909
1558706370659 -1204909
1558706370659 -1204907
1558706370659 -1204901
1558706370659 -1204895
1558706370659 -1204892
1558706370659 -1204889
1558706370659 -1204888
1558706370920 -1205147
1558706370920 -1205098
1558706370920 -1205096
1558706370920 -1205096
1558706370920 -1205095
1558706370920 -1205094
1558706370920 -1205090
1558706370920 -1205085
1558706370920 -1205082
1558706370920 -1205079
1558706370920 -1205079
1558706370920 -1205078
1558706370920 -1205073
1558706370920 -1205073
1558706370920 -1205068
1558706370920 -1205066
1558706370920 -1205065
1558706370920 -1205057
1558706370920 -1205056
1558706370920 -1205056
1558706370920 -1205054
1558706370920 -1205053
1558706370920 -1204942
1558706370920 -1204942
1558706370920 -1204941
1558706370920 -1204941
1558706370920 -1204941
1558706370920 -1204941
1558706370920 -1204941
1558706370920 -1204939
1558706370920 -1204938
1558706370920 -1204938
1558706370920 -1204936
1558706370920 -1204935
1558706370920 -1204935
1558706370920 -1204934
1558706370920 -1204934
1558706370920 -1204933
1558706370920 -1204933
1558706370920 -1204932
1558706370920 -1204931
1558706370920 -1204931
1558706370920 -1204930
1558706370920 -1204876
1558706370920 -1204875
1558706370920 -1204875
1558706370920 -1204875
1558706370920 -1204875
1558706370920 -1204874
1558706370920 -1204874
1558706370920 -1204874
1558706370920 -1204874
1558706370920 -1204874
1558706370920 -1204874
1558706370920 -1204871
1558706370920 -1204869
1558706370920 -1204867
1558706370920 -1204866
1558706370920 -1204866
1558706370920 -1204789
1558706370920 -1204787
1558706370920 -1204787
1558706370920 -1204787
1558706370920 -1204787
1558706370920 -1204786
1558706370920 -1204786
1558706370920 -1204784
1558706370920 -1204778
1558706370920 -1204777
1558706370920 -1204774
1558706370920 -1204772
1558706370920 -1204772
1558706370920 -1204769
1558706370920 -1204769
1558706370920 -1204768
1558706370920 -1204768
1558706370920 -1204766
1558706370920 -1204766
1558706370920 -1204763
1558706370920 -1204703
1558706370920 -1204702
1558706370920 -1204701
1558706370920 -1204701
1558706370920 -1204701
1558706370920 -1204700
1558706370920 -1204700
1558706370920 -1204700
1558706370920 -1204699
1558706370920 -1204699
1558706370920 -1204699
1558706370920 -1204695
1558706370920 -1204695
1558706370920 -1204694
1558706370920 -1204693
1558706370920 -1204693
1558706370920 -1204678
1558706370920 -1204678
1558706370920 -1204677
1558706370920 -1204676
1558706370920 -1204676
1558706370920 -1204675
1558706370920 -1204675
1558706370920 -1204668
1558706370920 -1204613
1558706370920 -1204613
1558706370920 -1204611
1558706370920 -1204611
1558706370920 -1204608
1558706370920 -1204608
1558706370920 -1204607
1558706370920 -1204604
1558706370920 -1204602
1558706370920 -1204601
1558706370920 -1204600
1558706370920 -1204598
1558706370920 -1204598
1558706370920 -1204593
1558706370920 -1204592
1558706370920 -1204591
1558706370920 -1204591
1558706370920 -1204591
1558706370920 -1204590
1558706370920 -1204573
1558706370920 -1204570
1558706370920 -1204570
1558706373265 -1206912
1558706373265 -1206907
1558706373265 -1206906
1558706373265 -1206905
1558706373265 -1206904
1558706373265 -1206902
1558706373265 -1206898
1558706373265 -1206895
1558706373265 -1206892
1558706373265 -1206891
1558706373265 -1206891
1558706373265 -1206889
1558706373265 -1206887
1558706373265 -1206878
1558706373265 -1206869
1558706373265 -947075
1558706373265 -947074
1558706373265 -947074
1558706373265 -947074
1558706373265 -947072
1558706373265 -947072
1558706373265 -947069
1558706373265 -947068
1558706373265 -947064
1558706373265 -947062
1558706373265 -947059
1558706373265 -947056
1558706373265 -947055
1558706373265 -947054
1558706373265 -947054
1558706373265 -947052
1558706373265 -947052
1558706373265 -947051
1558706373265 -947051
1558706373265 -947050
1558706373265 -947049
1558706373265 -947044
1558706373265 -947044
1558706373265 -947042
1558706373265 -947037
1558706373265 -947034
