1558705152413 -25042
1558705152524 -25152
1558705152524 -25152
1558705152524 -25152
1558705152524 -25152
1558705152524 -25152
1558705152524 -25152
1558705152525 -25148
1558705152525 -25148
1558705152525 -25148
1558705152525 -25148
1558705152525 -25148
1558705152525 -25147
1558705152525 -25146
1558705152525 -25146
1558705152525 -25146
1558705152525 -25146
1558705152525 -25146
1558705152525 -25146
1558705152525 -25074
1558705152525 -25074
1558705152525 -25074
1558705152525 -25074
1558705152525 -25011
1558705152525 -24985
1558705152525 -24985
1558705152525 -24985
1558705152525 -24985
1558705152525 -24985
1558705152525 -24743
1558705152525 -24743
1558705152525 -24743
1558705152525 -24743
1558705152525 -24743
1558705152525 -24742
1558705152525 -24149
1558705152525 -24149
1558705152525 -24148
1558705152525 -24148
1558705152525 -24146
1558705152525 -24146
1558705152525 -24146
1558705152525 -24145
1558705152525 -24145
1558705152525 -23897
1558705152525 -23897
1558705152525 -23897
1558705152525 -23896
1558705152525 -23896
1558705152525 -23896
1558705152525 -23896
1558705152525 -23896
1558705152525 -23896
1558705152525 -23357
1558705152525 -23357
1558705152525 -23357
1558705152525 -23356
1558705152525 -23161
1558705152525 -23160
1558705152525 -23160
1558705152525 -23160
1558705152525 -23159
1558705152525 -23158
1558705152525 -23158
1558705152525 -22747
1558705152525 -22747
1558705152525 -22747
1558705152525 -22746
1558705152525 -22746
1558705152525 -22746
1558705152525 -22746
1558705152525 -22746
1558705152525 -22746
1558705152525 -22746
1558705152525 -22746
1558705152525 -22746
1558705152525 -22746
1558705152525 -22746
1558705152525 -22655
1558705152525 -22655
1558705152525 -22655
1558705152525 -22655
1558705152525 -22655
1558705152525 -22655
1558705152525 -22655
1558705152525 -22467
1558705152525 -22467
1558705152525 -22467
1558705152525 -22467
1558705152526 -22468
1558705796872 -666814
1558705796872 -666779
1558705796872 -666779
1558705796872 -666778
1558705796872 -666778
1558705796872 -666778
1558705796872 -666778
1558705796872 -666778
1558705796872 -666778
1558705796872 -666777
1558705796872 -666777
1558705796872 -666718
1558705796872 -666717
1558705796872 -666717
1558705796872 -648549
1558705796872 -648549
1558705796872 -648539
1558705796872 -648532
1558705796872 -648532
1558705796872 -648531
1558705796872 -648529
1558705796872 -648524
1558705796872 -648522
1558705796872 -648521
1558705796872 -648520
1558705796872 -648519
1558705796872 -648518
1558705796872 -648515
1558705796872 -648515
1558705796872 -648514
1558705796872 -648511
1558705796872 -648508
1558705796872 -648505
1558705796872 -648503
1558705796872 -648497
1558705796872 -648496
1558705796872 -648494
1558705796872 -648494
1558705796872 -648492
1558705796872 -648491
1558705796872 -648490
1558705796872 -648484
1558705796872 -648484
1558705796873 -648485
1558705796873 -648484
1558705796873 -648483
1558705796873 -648481
1558705796873 -648477
1558705796873 -648472
1558705796873 -648471
1558705796873 -648470
1558705796873 -648468
1558705796873 -648465
1558705796873 -648461
1558705796873 -648457
1558705796873 -648455
1558705796873 -648455
1558705796873 -648454
1558705796873 -648451
1558705796873 -648447
1558705796873 -648445
1558705796873 -648443
1558705796873 -648439
1558705796873 -648439
1558705796873 -648436
1558705796873 -648435
1558705796873 -648434
1558705796873 -648434
1558705796873 -648430
1558705796873 -648423
1558705796873 -648415
1558705796873 -648412
1558705796873 -648408
1558705796873 -648407
1558705796873 -648407
1558705796873 -648406
1558705796873 -648402
1558705796873 -648401
1558705796873 -648400
1558705796873 -648398
1558705796873 -648396
1558705796873 -648394
1558705796873 -648391
1558705796873 -648390
1558705796873 -648387
1558705796873 -648386
1558705796873 -648386
1558705796873 -648386
1558705796873 -648380
1558705796873 -648380
1558705796873 -648379
1558705796873 -648377
1558705796873 -648377
1558705796873 -648376
1558705796873 -648374
1558705796873 -648372
1558705796873 -648366
1558705796873 -648364
1558705796873 -648362
1558705796873 -648361
1558705796873 -648360
1558705796873 -648360
1558705796873 -648359
1558705796873 -648352
1558705796873 -648351
1558705796873 -648351
1558705796873 -648346
1558705796873 -648346
1558705796873 -648338
1558705796873 -648337
1558705796874 -648338
1558705796874 -648337
1558705796874 -648337
1558705796874 -648335
1558705796874 -648332
1558705796874 -648329
1558705796874 -648322
1558705796874 -648321
1558705796874 -648320
1558705796874 -648319
1558705796874 -648317
1558705796874 -648316
1558705796874 -648315
1558705796874 -648314
1558705796874 -648312
1558705796874 -648250
1558705796874 -648250
1558705796874 -648241
1558705796874 -648240
1558705796874 -648239
1558705796874 -648239
1558705796874 -648238
1558705796874 -648237
1558705796874 -648236
1558705796874 -648235
1558705796874 -648232
1558705796874 -648231
1558705796874 -648229
1558705796874 -648226
1558705796874 -648225
1558705796874 -648224
1558705796874 -648223
1558705796874 -648219
1558705796874 -648215
1558705796875 -648215
1558705796875 -648215
1558705796875 -648214
1558705796875 -648211
1558705796875 -648211
1558705796875 -648211
1558705796875 -648210
1558705796875 -648209
1558705796875 -648208
1558706015042 -866369
1558706015042 -866369
1558706015042 -866368
1558706015042 -866359
1558706015042 -866357
