1558705153140 -52612914
1558705153140 -52612913
1558705153140 -52612913
1558705153140 -52610446
1558705153140 -52610446
1558705153140 -52610446
1558705153140 -52610445
1558705153140 -52610445
1558705153140 -52610445
1558705153140 -52610445
1558705153140 -52610445
1558705153141 -52610256
1558705153141 -52610256
1558705153141 -52610256
1558705153141 -52610255
1558705153141 -52608453
1558705153141 -52608453
1558705153141 -52608453
1558705153141 -52608453
1558705357629 -52812579
1558706115525 -3310072
1558706115525 -3310072
1558706115525 -3310072
1558706115525 -3310070
1558706115525 -3310069
1558706115525 -3310069
1558706115525 -3310069
1558706115525 -3310069
1558706115525 -3310069
1558706115525 -3310069
1558706115525 -3308768
1558706115525 -3308768
1558706115525 -3308768
1558706115525 -3308768
1558706115525 -3308767
1558706115525 -3308767
1558706115525 -3308767
1558706115525 -3308767
1558706115525 -3308674
1558706115525 -3307184
1558706115525 -3307184
1558706115525 -3307184
1558706115525 -3307184
1558706115525 -3307181
1558706115525 -3307181
1558706115525 -3307181
1558706115525 -3307181
1558706115525 -3307181
1558706115525 -3307180
1558706115525 -3307180
1558706115525 -3307100
1558706115525 -3307100
1558706115525 -3307100
1558706115525 -3307100
1558706115525 -3307100
1558706115525 -3307099
1558706115525 -3305628
1558706115525 -3305627
1558706115525 -3305627
1558706115525 -3305537
1558706115525 -3305537
1558706115525 -3305537
1558706115525 -3305537
1558706115525 -3305537
1558706115525 -3305537
1558706115525 -3305537
1558706115525 -3304523
1558706115525 -3304523
1558706370983 -3559868
1558706370983 -3559868
1558706370983 -3559868
1558706370983 -3559868
1558706370983 -3559868
1558706370983 -3559868
1558706370983 -3559867
1558706370983 -3559406
1558706370983 -3559406
1558706370983 -3559406
1558706370983 -3558459
1558706370983 -3558458
1558706370983 -3558457
1558706370983 -3558457
1558706370983 -3558455
1558706370983 -3558455
1558706370983 -3558450
1558706370983 -3558446
1558706370983 -3558431
1558706370983 -3558427
1558706370983 -3558415
1558706370983 -3558415
1558706370983 -3558414
1558706370983 -3558414
1558706370984 -3558409
1558706370984 -3558397
1558706370984 -3558377
1558706370984 -3558377
1558706370984 -3558377
1558706370984 -3558368
1558706370984 -3558368
1558706370984 -3558341
1558706370984 -3558307
1558706370984 -3558307
1558706370984 -3558302
1558706370984 -3558298
1558706370984 -3558295
1558706370984 -3558294
1558706370984 -3558290
1558706370984 -3558289
1558706370984 -3558278
1558706370984 -3558277
1558706370984 -3558247
1558706370984 -3558237
1558706370984 -3558237
1558706370984 -3558224
1558706370984 -3558208
1558706370984 -3558197
1558706370984 -3558177
1558706370984 -3558176
1558706370984 -3558176
1558706370984 -3558176
1558706370984 -3558165
1558706370984 -3558165
1558706370984 -3558164
1558706370984 -3558140
1558706371078 -3558234
1558706371321 -3558467
1558706371321 -3558467
1558706371321 -3558429
1558706371321 -3558425
1558706371321 -3558422
1558706371321 -3558407
1558706371321 -3558390
1558706371321 -3558390
1558706371321 -3558389
1558706371321 -3558388
1558706371321 -3558387
1558706371321 -3558378
1558706371321 -3558361
1558706371321 -3558360
1558706371321 -3558349
1558706371321 -3558348
1558706371321 -3558320
1558706371321 -3558304
1558706371321 -3558304
1558706371321 -3558292
1558706371321 -3558291
1558706371321 -3558272
1558706371321 -3558272
1558706371321 -3558272
1558706371321 -3558259
1558706371321 -3558243
1558706371321 -3558198
1558706371321 -3558198
1558706371321 -3558179
1558706371321 -3558169
1558706371321 -3558156
1558706371321 -3558143
1558706371321 -3558132
1558706371321 -3558121
1558706371321 -3558110
1558706371321 -3558110
1558706371321 -3558110
1558706371321 -3558086
1558706371321 -3558086
1558706371321 -3558072
1558706371321 -3558069
1558706371321 -3558069
1558706371321 -3558064
1558706371321 -3558064
1558706371321 -3558060
1558706371321 -3558050
1558706371321 -3558032
1558706372445 -3559108
1558706372445 -3559087
1558706372445 -3559082
1558706372445 -3559036
1558706372445 -3559015
1558706372445 -3558998
1558706372445 -3558997
1558706372445 -3558987
1558706372445 -3558984
1558706372445 -3558970
1558706372445 -3558964
1558706372445 -3558941
1558706372445 -3558941
1558706372445 -3558926
1558706372445 -3558900
1558706372445 -3558900
1558706372445 -3558900
1558706372445 -3558899
1558706372445 -3558888
1558706372445 -3558888
1558706372445 -3558872
1558706372445 -3558872
1558706372445 -3558871
1558706372445 -3558864
1558706372445 -3558845
1558706372445 -3558845
1558706372445 -3558844
1558706372445 -3558844
1558706372445 -3558844
1558706372445 -3558836
1558706372445 -3558835
1558706372445 -3558799
1558706372445 -3558779
1558706372445 -3558779
1558706372445 -3558779
1558706372445 -3558779
1558706372445 -3558766
1558706372445 -3558765
1558706372445 -3558757
1558706372445 -3558752
1558706372445 -3558733
1558706372445 -3558733
1558706374524 -3562136
1558706374525 -3562137
1558706374525 -3562137
1558706374525 -3562136
1558706374525 -3562136
1558706374525 -3562136
1558706374525 -3562136
1558706374525 -3560179
1558706374525 -3560179
1558706374525 -3560175
1558706374525 -3560175
1558706374525 -3560175
1558706374525 -3559441
1558706374525 -3559440
1558706374525 -3559439
1558706374525 -3559438
1558706374525 -3559438
1558706374525 -3559437
1558706374525 -3558383
1558706374525 -3558383
1558706374525 -3558381
1558706374525 -3557733
1558706374525 -3557733
1558706374525 -3557733
1558706374525 -3557733
1558706374525 -3557733
1558706374525 -3557733
1558706375838 -3543225
1558706375838 -3543225
1558706375838 -3543225
1558706375838 -3543225
1558706375838 -3543225
1558706375838 -3543224
1558706375838 -3543201
1558706375838 -3520198
1558706375838 -3520197
1558706375838 -3520195
1558706375838 -3520194
1558706375838 -3520193
1558706375838 -3520193
1558706375838 -3520189
1558706375838 -3520188
1558706375838 -3520185
1558706375838 -3520184
1558706375838 -3520181
1558706375838 -3520181
1558706375838 -3520178
1558706375838 -3520165
1558706375838 -3520163
1558706375838 -3520163
1558706375838 -3520162
1558706375838 -3520155
1558706375838 -3520153
1558706375838 -3520153
1558706375838 -3520152
1558706375838 -3520144
1558706375838 -3520143
1558706375838 -3520143
1558706375838 -3520142
1558706375838 -3520135
1558706375838 -3520134
1558706375838 -3520133
1558706375838 -3520130
1558706375838 -3520130
1558706375838 -3520129
1558706375838 -3520127
1558706375838 -3520126
1558706375838 -3520125
1558706375838 -3520122
1558706375838 -3520120
1558706375838 -3520119
1558706375838 -3520118
1558706375838 -3520118
1558706375838 -3520114
1558706375838 -3520112
1558706375838 -3520110
1558706375838 -3520107
1558706375838 -3520107
1558706375838 -3520104
1558706375838 -3520102
1558706375838 -3520101
1558706375838 -3520101
1558706375838 -3520100
