1558706373690 -1250389
1558706373690 -1250389
1558706373690 -1250389
1558706373690 -1250388
1558706373690 -1250388
1558706373690 -1250388
1558706373690 -1250388
1558706373690 -1250388
1558706373690 -1250382
1558706373690 -1249319
1558706373690 -1249319
1558706373690 -1249319
1558706373690 -1249318
1558706373690 -1249318
1558706373690 -1249318
1558706373690 -1248277
1558706373690 -1248224
1558706373690 -1248223
1558706373690 -1248223
1558706373690 -1248223
1558706373690 -1248221
1558706373690 -1248221
1558706373690 -1248221
1558706373732 -1248263
1558706373732 -1248263
1558706373732 -1248263
1558706373732 -1248262
1558706373732 -1248262
1558706373733 -1248263
1558706373733 -1247520
1558706373733 -1247518
1558706373733 -1247518
1558706373733 -1247518
1558706373733 -1247518
1558706373733 -1247517
1558706373733 -1247517
1558706373733 -1247516
1558706373736 -1247519
1558706373736 -1247470
1558706373736 -1247469
1558706373750 -1250334
1558706373750 -1250334
1558706373750 -1250334
1558706373750 -1249540
1558706373750 -1249540
1558706373750 -1249540
1558706373750 -1249540
1558706373750 -1249539
1558706373750 -1249539
1558706373750 -1249539
1558706373750 -1249173
1558706373750 -1249173
1558706373750 -1249173
1558706373750 -1249173
1558706373750 -1249172
1558706373750 -1249172
1558706373750 -1248460
1558706373750 -1248460
1558706373750 -1248460
1558706373750 -1248460
1558706373750 -1248460
1558706373750 -1248460
1558706373750 -1248460
1558706373750 -1248459
1558706373750 -1248149
1558706373807 -1248206
1558706373807 -1248206
1558706373807 -1248206
1558706373807 -1248205
1558706373808 -1251953
1558706373808 -1251952
1558706373808 -1251951
1558706373808 -1251283
1558706373808 -1251283
1558706373808 -1251283
1558706373808 -1251283
1558706373808 -1251282
1558706373808 -1251282
1558706373808 -1251282
1558706373808 -1250124
1558706373808 -1250124
1558706373808 -1250124
1558706373808 -1250124
1558706373808 -1250123
1558706373808 -1250123
1558706373808 -1250120
1558706373808 -1250120
1558706373808 -1250120
1558706373808 -1250118
1558706373808 -1249094
1558706373808 -1249094
1558706373808 -1249094
1558706373808 -1249094
1558706373808 -1248215
1558706373808 -1248215
1558706373808 -1248215
1558706373808 -1248215
1558706373808 -1248214
1558706373905 -1247637
1558706373905 -1247637
1558706373905 -1247637
1558706373905 -1247637
1558706373905 -1247637
1558706373905 -1247636
1558706373905 -1247636
1558706373905 -1247636
1558706373905 -1247636
1558706373905 -1247636
1558706373905 -1219637
1558706373905 -1219637
1558706373905 -1219634
1558706373905 -1219631
1558706373905 -1219619
1558706373905 -1219617
1558706373905 -1219617
1558706373905 -1219610
1558706373905 -1219600
1558706373905 -1219596
1558706373905 -1219589
1558706373905 -1219588
1558706373905 -1219579
1558706373905 -1219578
1558706373905 -1219572
1558706373905 -1219570
1558706373906 -1219570
1558706373906 -1219568
1558706373906 -1219568
1558706373906 -1219566
1558706373906 -1219566
1558706373906 -1219507
1558706373906 -1219507
1558706373906 -1219506
1558706373906 -1219504
1558706373906 -1219502
1558706373906 -1219489
1558706374051 -1248449
1558706374051 -1247928
1558706374051 -1247927
1558706374051 -1247927
1558706374051 -1247927
1558706374051 -1247926
1558706374051 -1247926
1558706374051 -1247926
1558706374051 -1247926
1558706374051 -1247716
1558706374051 -1247716
1558706374051 -1247715
1558706374051 -1247715
1558706374051 -1247715
1558706374051 -1247715
1558706374051 -1247307
1558706374051 -1247307
1558706374051 -1200406
1558706374051 -1200406
1558706374051 -1200406
1558706374051 -1200405
1558706374051 -1200405
1558706374051 -1200403
1558706374051 -1200399
1558706374051 -1200398
1558706374051 -1200398
1558706374051 -1200394
1558706374051 -1200391
1558706374051 -1200389
1558706374138 -1248544
1558706374138 -1248544
1558706374138 -1248544
1558706374138 -1248540
1558706374138 -1248539
1558706374138 -1248065
1558706374138 -1248065
1558706374138 -1248064
1558706374138 -1248064
1558706374138 -1248064
1558706374138 -1248064
1558706374138 -1248064
1558706374138 -1248064
1558706374138 -1248064
1558706374138 -1248064
1558706374138 -1248051
1558706374138 -1247962
1558706374138 -1247962
1558706374138 -1134859
1558706374138 -1134858
1558706374138 -1134857
1558706374138 -1134857
1558706374138 -1134856
1558706374138 -1134855
1558706374138 -1134851
1558706374138 -1134848
1558706374138 -1134846
1558706374138 -1134842
1558706374138 -1134840
1558706374138 -1134838
1558706374138 -1134838
1558706374138 -1134837
1558706374138 -1134836
1558706374138 -1134835
1558706374138 -1134835
1558706374138 -1134827
1558706374138 -1134825
1558706374138 -1134823
1558706374138 -1134822
1558706374138 -1134817
1558706374138 -1134816
1558706374138 -1134815
1558706374138 -1134814
1558706374138 -1134812
1558706374138 -1134811
1558706374138 -1134809
1558706374138 -1134807
1558706374138 -1134807
1558706374138 -1134804
1558706374138 -1134801
1558706374138 -1134801
1558706374138 -1134800
1558706374138 -1134799
1558706374138 -1134798
1558706374138 -1134797
1558706374138 -1134797
1558706374138 -1134795
1558706374138 -1134793
1558706374138 -1134790
1558706374138 -1134789
1558706374138 -1134786
1558706374138 -1134784
1558706374138 -1134783
1558706374138 -1134779
1558706374138 -1134776
1558706374138 -1134772
1558706374138 -1134770
1558706374138 -1134768
1558706374138 -1134766
1558706374138 -1134763
1558706374257 -1219831
1558706374257 -1219826
1558706374257 -1219824
1558706374257 -1219819
1558706374257 -1219815
1558706374257 -1219814
1558706374257 -1219814
1558706374257 -1219813
1558706374257 -1219806
1558706374257 -1219735
1558706374257 -1219733
1558706374257 -1219733
1558706374257 -1219732
1558706374257 -1219732
1558706374257 -1219729
1558706374257 -1219683
1558706374257 -1219683
1558706374257 -1219683
1558706374257 -1219682
1558706374257 -1219682
1558706374257 -1219682
1558706374257 -1219682
1558706374257 -1219682
1558706374257 -1219682
1558706374257 -1219682
1558706374257 -1219682
1558706374257 -1219681
1558706374257 -1219681
1558706374257 -1219681
1558706374257 -1219681
1558706374257 -1219681
1558706374257 -1014360
1558706374257 -1014359
1558706374257 -1014359
1558706374257 -1014355
1558706374257 -1014353
1558706374257 -1014352
1558706374257 -1014349
1558706374257 -1014347
1558706374257 -1014347
1558706374257 -1014345
1558706374257 -1014338
1558706374257 -1014337
1558706374257 -1014335
1558706374257 -1014334
1558706374257 -1014334
1558706374257 -1014333
1558706374257 -1014332
1558706374257 -1014330
1558706374257 -1014322
1558706374257 -1014321
1558706374257 -1014317
1558706374257 -1014317
1558706374257 -1014314
1558706374257 -1014313
1558706374257 -1014312
1558706374257 -1014308
1558706374257 -1014302
1558706374257 -1014301
1558706374257 -1014301
1558706374257 -1014299
1558706374257 -1014297
1558706374257 -1014293
1558706374258 -1200593
1558706374258 -1200593
1558706374258 -1200591
1558706374258 -1200588
1558706374258 -1200581
1558706374258 -1200575
1558706374258 -1200575
1558706374258 -1200574
1558706374258 -1200571
1558706374258 -1200570
1558706374258 -1200569
1558706374258 -1200568
1558706374258 -1200566
1558706374258 -1200565
1558706374258 -1200563
1558706374258 -1200562
1558706374258 -1200558
1558706374258 -1200551
1558706374258 -1200551
1558706374258 -1200549
1558706374258 -860236
1558706374258 -860225
1558706374258 -860213
1558706374258 -860213
1558706374258 -860212
1558706374258 -860212
1558706374258 -860210
1558706374258 -860194
1558706374258 -860194
1558706374258 -860194
1558706374258 -860193
1558706374258 -860178
1558706374258 -860177
1558706374258 -860177
1558706374258 -860161
1558706374258 -860132
1558706374258 -860132
1558706374258 -860130
1558706374258 -860124
1558706374258 -860120
1558706374258 -860105
1558706374258 -860104
1558706374258 -860104
1558706374258 -860066
1558706374258 -860061
1558706374258 -860061
1558706374258 -860061
1558706374258 -860060
1558706374258 -860060
1558706374258 -860054
1558706374258 -860054
1558706374258 -860054
1558706374258 -860029
1558706374258 -860028
1558706374258 -860028
1558706374258 -860028
1558706374258 -860028
1558706374373 -1014407
1558706374373 -1014400
1558706374373 -1014395
1558706374373 -1014395
1558706374373 -1014394
1558706374373 -1014393
1558706374373 -1014393
1558706374373 -1014392
1558706374373 -1014390
1558706374373 -1014389
1558706374373 -1014386
1558706374373 -1014385
1558706374373 -1014379
1558706374373 -1014373
1558706374373 -1014372
1558706374373 -1014371
1558706374373 -1014367
1558706374374 -1014366
1558706374374 -1014365
1558706374374 -1014363
1558706374374 -1014362
1558706374374 -1014361
1558706374374 -1014360
1558706374374 -1014360
1558706374374 -1014359
1558706374374 -1014357
1558706374374 -1014356
1558706374374 -1014351
1558706374374 -1014347
1558706374374 -673994
1558706374374 -673990
1558706374374 -673989
1558706374374 -673987
1558706374374 -673987
1558706374374 -673986
1558706374374 -673981
1558706374374 -673979
1558706374374 -673979
1558706374374 -673978
1558706374374 -860118
1558706374374 -860112
1558706374374 -860110
1558706374374 -860100
1558706374374 -860088
1558706374374 -860082
1558706374374 -860082
1558706374374 -860081
1558706374374 -860081
1558706374374 -860062
1558706374374 -860061
1558706374374 -860060
1558706374374 -860034
1558706374374 -860034
1558706374374 -860033
1558706374374 -860018
1558706374374 -860017
1558706374374 -860017
1558706374374 -859999
1558706374374 -859998
1558706374374 -859946
1558706374374 -859946
1558706374374 -859945
1558706374374 -859945
1558706374374 -641208
1558706374374 -641207
1558706374374 -641154
1558706374374 -641154
1558706374374 -641153
1558706374374 -641153
1558706374374 -641153
1558706374374 -641153
1558706374374 -641153
1558706374374 -641153
1558706374374 -641152
1558706374374 -641152
1558706374374 -641152
1558706374374 -641144
1558706374374 -641144
1558706374374 -641144
1558706374374 -641144
1558706374374 -641139
1558706374374 -641139
1558706374374 -641045
1558706374374 -641045
1558706374374 -641045
1558706374374 -641045
1558706374374 -641045
1558706374374 -641045
1558706374374 -641045
1558706374374 -641044
1558706374374 -641044
1558706374374 -641044
1558706374374 -641044
1558706374374 -641044
1558706374374 -641044
1558706374374 -641044
1558706374374 -641024
1558706374515 -1135122
1558706374515 -1135120
1558706374515 -1135112
1558706374515 -1135102
1558706374515 -1135101
1558706374515 -1135100
1558706374515 -1135100
1558706374515 -1135096
1558706374515 -1135096
1558706374515 -1135091
1558706374515 -1135089
1558706374515 -1135088
1558706374515 -1135083
1558706374515 -1135081
1558706374515 -1135080
1558706374515 -1135079
1558706374515 -1135079
1558706374515 -1135077
1558706374515 -1135076
1558706374515 -1135073
1558706374515 -1135067
1558706374515 -680333
1558706374515 -680303
1558706374515 -680303
1558706374515 -680303
1558706374515 -680303
1558706374515 -680302
1558706374515 -680302
1558706374515 -680302
1558706374515 -680302
1558706374515 -680302
1558706374515 -680302
1558706374515 -680302
1558706374515 -680297
1558706374515 -680297
1558706374515 -680297
1558706374515 -680279
1558706374615 -674217
1558706374615 -674215
1558706374615 -674214
1558706374615 -674212
1558706374615 -674211
1558706374615 -674210
1558706374615 -674209
1558706374615 -674207
1558706374615 -674206
1558706374615 -674206
1558706374615 -674195
1558706374615 -674191
1558706374615 -674188
1558706374615 -674182
1558706374615 -674182
1558706374615 -674181
1558706374615 -674175
1558706374615 -674173
1558706374615 -674171
1558706374615 -674170
1558706374615 -674169
1558706374615 -674167
1558706374615 -674166
1558706374615 -674165
1558706374615 -674164
1558706374615 -674163
1558706374615 -674163
1558706374615 -674163
1558706374615 -674161
1558706374615 -674160
1558706374615 -674155
1558706374615 -674154
1558706374615 -674151
1558706374615 -674150
1558706374615 -674150
1558706374615 -674150
1558706374615 -674148
1558706374615 -674147
1558706374615 -563636
1558706374615 -563634
1558706374615 -563631
1558706374615 -563631
1558706374615 -563620
1558706374615 -563620
1558706374615 -563620
1558706374615 -563617
1558706374615 -563614
1558706374615 -563591
1558706374615 -563591
1558706374615 -563591
1558706374615 -563591
1558706374615 -563590
1558706374615 -641265
1558706374615 -641264
1558706374615 -641264
1558706374615 -641264
1558706374615 -641264
1558706374615 -641128
1558706374615 -641127
1558706374615 -641088
1558706374615 -641088
1558706374615 -641087
1558706374615 -641064
1558706374615 -641063
1558706374615 -641061
1558706374615 -641058
1558706374615 -641058
1558706374615 -641056
1558706374615 -641055
1558706374615 -641052
1558706374615 -559531
1558706374615 -559506
1558706374615 -559505
1558706374615 -559505
1558706374615 -559501
1558706374615 -559501
1558706374615 -559501
1558706374615 -559500
1558706374615 -559500
1558706374615 -559500
1558706374615 -559489
1558706374615 -559485
1558706374742 -563717
1558706374742 -563717
1558706374742 -563717
1558706374742 -563717
1558706374742 -563717
1558706374742 -563695
1558706374742 -563695
1558706374742 -563694
1558706374742 -563693
1558706374742 -563690
1558706374742 -563684
1558706374742 -563682
1558706374742 -563681
1558706374742 -563681
1558706374742 -563675
1558706374742 -563673
1558706374742 -563667
1558706374742 -563663
1558706374742 -563663
1558706374742 -563657
1558706374742 -563656
1558706374742 -563655
1558706374742 -563651
1558706374742 -563647
1558706374742 -563641
1558706374742 -563635
1558706374742 -344623
1558706374742 -344618
1558706374742 -344615
1558706374742 -344612
1558706374742 -344605
1558706374742 -344602
1558706374742 -344600
1558706374742 -344597
1558706374742 -344595
1558706374742 -344594
1558706374742 -344593
1558706374742 -559608
1558706374742 -559608
1558706374742 -559602
1558706374742 -559600
1558706374742 -559598
1558706374742 -559593
1558706374742 -559592
1558706374742 -559589
1558706374742 -559582
1558706374742 -559580
1558706374742 -559578
1558706374742 -559576
1558706374742 -559575
1558706374742 -559574
1558706374742 -559570
1558706374742 -559554
1558706374742 -559550
1558706374742 -559547
1558706374742 -559543
1558706374742 -559542
1558706374742 -559538
1558706374742 -559527
1558706374742 -559525
1558706374742 -559524
1558706374742 -559513
1558706374742 -559502
1558706374742 -559502
1558706374742 -559501
1558706374742 -559499
1558706374742 -320050
1558706374742 -320037
1558706374742 -320037
1558706374742 -320032
1558706374742 -320027
1558706374742 -320024
1558706374742 -320023
1558706374742 -320003
1558706374742 -320001
1558706374742 -319999
1558706374875 -680622
1558706374875 -680618
1558706374875 -680608
1558706374875 -680607
1558706374875 -680604
1558706374875 -680602
1558706374875 -680598
1558706374875 -680596
1558706374875 -680576
1558706374875 -680565
1558706374875 -680565
1558706374875 -680562
1558706374875 -680534
1558706374875 -680534
1558706374875 -680534
1558706374875 -680533
1558706374875 -346868
1558706374875 -346866
1558706374875 -346855
1558706374875 -346854
1558706374875 -346851
1558706374875 -346844
1558706374875 -346844
1558706374875 -346844
1558706374875 -346844
1558706374875 -346843
1558706374875 -346843
1558706374875 -346838
1558706374875 -346835
1558706374875 -346834
1558706374875 -346831
1558706374875 -346825
1558706374875 -346822
1558706374875 -346822
1558706374875 -346819
1558706374875 -346817
1558706374875 -346816
1558706374875 -346809
1558706374875 -346808
1558706374875 -346806
1558706374875 -346802
1558706374875 -346801
1558706374875 -346800
1558706374875 -346795
1558706374875 -346792
1558706374875 -346791
1558706374875 -346781
1558706374875 -346779
1558706374875 -346775
1558706374875 -346773
1558706374875 -346772
1558706374875 -346633
1558706374875 -346633
1558706374875 -346633
1558706374875 -346633
1558706374875 -346632
1558706374875 -346632
1558706374875 -346632
1558706374875 -346629
1558706374875 -346627
1558706374875 -346627
1558706374875 -346624
1558706374875 -346457
1558706374875 -346456
1558706374875 -346455
1558706374875 -346455
1558706374875 -346454
1558706374875 -346453
1558706374875 -346453
1558706374875 -346452
1558706374875 -346451
1558706374875 -346448
1558706374875 -346446
1558706374875 -346325
1558706374875 -346322
1558706374875 -346322
1558706374875 -346322
1558706374875 -346321
1558706374875 -346320
1558706374875 -346320
1558706374875 -346319
1558706374875 -346316
1558706374875 -346316
1558706374875 -346316
1558706374875 -346315
1558706374875 -346315
1558706374875 -346193
1558706374875 -346192
1558706374875 -346191
1558706374875 -346191
1558706374875 -346189
1558706374875 -346189
1558706374875 -346188
1558706374875 -346185
1558706374875 -346182
1558706374875 -346171
1558706374875 -346170
1558706374875 -346105
1558706374875 -346105
1558706374875 -346104
1558706374875 -346099
1558706374875 -346017
1558706374875 -346017
1558706374875 -346016
1558706374875 -346016
1558706374875 -346015
1558706374875 -346015
1558706374875 -346014
1558706374875 -346013
1558706374875 -346010
1558706374875 -346010
1558706374875 -346009
1558706374875 -346007
1558706374875 -345929
1558706374875 -345928
1558706374875 -345916
1558706374875 -345914
1558706374875 -345912
1558706374875 -345910
1558706374875 -345841
1558706374875 -345840
1558706374875 -345839
1558706374875 -345837
1558706374875 -345836
1558706374875 -345834
1558706374875 -345830
1558706374875 -345828
1558706374949 -320195
1558706374949 -320182
1558706374949 -320182
1558706374949 -320182
1558706374949 -320182
1558706374949 -320182
1558706374949 -320181
1558706374949 -320179
1558706374949 -320178
1558706374949 -320178
1558706374949 -320178
1558706374949 -320178
1558706374949 -320177
1558706374949 -320177
1558706374949 -320164
1558706374949 -320163
1558706374949 -320162
