1558705357534 -235411
1558705357534 -235411
1558705357534 -235410
1558705357534 -235373
1558705357534 -235373
1558705357534 -233865
1558705357534 -233865
1558705357534 -233865
1558705357534 -233864
1558705357534 -233864
1558705357534 -233864
1558705357534 -233515
1558705357534 -233515
1558705357534 -233515
1558705357534 -233515
1558705357534 -232769
1558705357534 -232769
1558705357534 -232769
1558705357534 -232769
1558705357534 -232769
1558705357534 -232769
1558705357534 -232768
1558705357534 -232768
1558705357534 -232434
1558705357534 -232434
1558705357534 -232434
1558705357534 -232434
1558705357534 -232434
1558705357534 -232434
1558705357534 -232434
1558705357534 -232431
1558705357534 -232431
1558705357534 -231771
1558706343500 -1221403
1558706343500 -1221402
1558706343500 -1221402
1558706343500 -1221401
1558706343500 -1220662
1558706343500 -1220662
1558706343500 -1220661
1558706343500 -1220661
1558706343500 -1220661
1558706343500 -1220661
1558706343500 -1220661
1558706343500 -1220115
1558706343500 -1220114
1558706343500 -1220114
1558706343500 -1220114
1558706343500 -1220114
1558706343500 -1220114
1558706343500 -1220114
1558706343500 -1220113
1558706343500 -1220113
1558706343500 -1219570
1558706343500 -1219062
1558706343500 -1219062
1558706343500 -1219062
1558706343500 -1218539
1558706343500 -1218538
1558706343500 -1218538
1558706343500 -1216006
1558706343500 -1216006
1558706343500 -1216006
1558706343500 -1216006
1558706343500 -1216006
1558706343500 -1216006
1558706343500 -1216006
1558706343500 -1216002
1558706343500 -1216002
1558706343500 -1216002
1558706343500 -1216002
1558706343500 -1216001
1558706343500 -1216001
1558706343500 -1215554
1558706343500 -1215554
1558706343500 -1215554
1558706343500 -1215554
1558706343500 -1215553
1558706343500 -1215553
1558706343500 -1215286
1558706343500 -1215286
1558706343500 -1215286
1558706343500 -1215286
1558706343500 -1215286
1558706343500 -1215286
1558706343500 -1215286
1558706343500 -1215286
1558706343500 -1215286
1558706343500 -1215285
1558706343500 -1214722
1558706343500 -1214722
1558706343538 -1220796
1558706343538 -1220796
1558706343538 -1220794
1558706343538 -1220793
1558706343538 -1220793
1558706343538 -1220755
1558706343538 -1220701
1558706343538 -1220701
1558706343538 -1220701
1558706343538 -1220701
1558706343538 -1220700
1558706343538 -1220699
1558706343538 -1220699
1558706343538 -1220698
1558706343538 -1220698
1558706343538 -1220684
1558706343538 -1220564
1558706343538 -1220563
1558706343538 -1220563
1558706343538 -1220563
1558706343538 -1220563
1558706343538 -1220472
1558706343538 -1220472
1558706343538 -1220471
1558706343538 -1220471
1558706343538 -1220471
1558706343538 -1220415
1558706343538 -1220415
1558706343538 -1220415
1558706343538 -1220414
1558706343538 -1220414
1558706343538 -1220414
1558706343538 -1220334
1558706371225 -1245209
1558706371225 -1245209
1558706371225 -1245209
1558706371225 -1245208
1558706371225 -1245208
1558706371225 -1245208
1558706371225 -1202732
1558706371225 -1202731
1558706371225 -1202729
1558706371225 -1202727
1558706371225 -1202726
1558706371225 -1202724
1558706371225 -1202717
1558706371225 -1202712
1558706371225 -1202711
1558706371225 -1202704
1558706371225 -1202703
1558706371225 -1202700
1558706371225 -1202699
1558706371225 -1202698
1558706371225 -1202697
1558706371225 -1202695
1558706371225 -1202694
1558706371225 -1202692
1558706371225 -1202683
1558706371225 -1202682
1558706371225 -1202681
1558706371225 -1202680
1558706371225 -1202678
1558706371225 -1202622
1558706371225 -1202622
1558706371225 -1202622
1558706371225 -1202621
1558706371225 -1202620
1558706371225 -1202543
1558706371225 -1202543
1558706371225 -1202543
1558706371225 -1202541
1558706371225 -1202540
1558706371225 -1202537
1558706371225 -1202536
1558706371225 -1202535
1558706371225 -1202534
1558706371225 -1202532
1558706371225 -1202531
1558706371225 -1202529
1558706371225 -1202526
1558706371225 -1202455
1558706371225 -1202453
1558706371225 -1202452
1558706371225 -1202452
1558706371225 -1202448
1558706371225 -1202447
1558706371225 -1202447
1558706371225 -1202446
1558706371225 -1202445
1558706371225 -1202445
1558706371225 -1202444
1558706371225 -1202442
1558706371225 -1202440
1558706371225 -1202438
1558706371225 -1202436
1558706371225 -1202433
1558706371225 -1202429
1558706371225 -1202428
1558706371225 -1202426
1558706371225 -1202421
1558706371225 -1202420
1558706371225 -1202323
1558706371225 -1202323
1558706371225 -1202323
1558706371225 -1202322
1558706371225 -1202322
1558706371225 -1202321
1558706371225 -1202321
1558706371225 -1202321
1558706371225 -1202320
1558706371225 -1202299
1558706371225 -1202299
1558706371225 -1202298
1558706371225 -1202298
1558706371225 -1202297
1558706371225 -1202296
1558706371225 -1202296
1558706371225 -1202296
1558706371225 -1202296
1558706371225 -1202296
1558706371225 -1202294
1558706371225 -1202294
1558706371225 -1202294
1558706371225 -1202293
1558706371225 -1202286
1558706371225 -1202285
1558706371225 -1202285
