1558705357537 -4987391
1558705357537 -4987391
1558705357537 -4987390
1558705357537 -4987342
1558705357537 -4987341
1558705357537 -4987341
1558705357537 -4987341
1558705357537 -4987341
1558705357537 -4987341
1558705357537 -4987341
1558705357537 -4987340
1558705357537 -4987340
1558705357537 -4985940
1558705357537 -4985940
1558705357537 -4985939
1558705357537 -4985939
1558705357537 -4985557
1558705357537 -4985557
1558705357537 -4985557
1558705357537 -4985555
1558705357537 -4984666
1558705357537 -4984665
1558705357537 -4984665
1558705357537 -4984665
1558705357537 -4984665
1558705357537 -4984337
1558705357537 -4984336
1558705357537 -4984336
1558705357537 -4984336
1558705357537 -4984336
1558705357537 -4984336
1558705357537 -4984336
1558705357537 -4984336
1558705357537 -4984336
1558705669549 -5296348
1558705669549 -5296347
1558705669549 -5295642
1558705669549 -5295640
1558705669549 -5295640
1558705669549 -5295640
1558705669549 -5295639
1558705669549 -5295639
1558705669549 -5295639
1558705669549 -5295639
1558705669549 -5295638
1558705669549 -5295637
1558705669549 -5295636
1558705669549 -5295392
1558705669549 -5295392
1558705669549 -5295391
1558705669549 -5295390
1558705669549 -5295388
1558705669549 -5295388
1558705669549 -5295388
1558705669549 -5295388
1558705669549 -5295101
1558705669549 -5295101
1558705669549 -5295100
1558705669549 -5295100
1558705669549 -5295100
1558705669549 -5295100
1558705669549 -5295100
1558705669549 -5295019
1558705669549 -5295018
1558705669549 -5295018
1558705669549 -5295018
1558705669549 -5295018
1558705669549 -5295016
1558705669549 -5295016
1558705669549 -5295016
1558705669549 -5294919
1558705669549 -5294918
1558705669549 -5294916
1558705669549 -5294916
1558705669549 -5294916
1558705669549 -5294915
1558705669549 -5294915
1558705669549 -5294914
1558705669549 -5294914
1558705669549 -5294914
1558705669549 -5294886
1558705669549 -5294885
1558705669549 -5294885
1558705669549 -5294884
1558705669549 -5294884
1558705669549 -5294884
1558705669549 -5294884
1558705669549 -5294883
1558706343773 -5969028
1558706343773 -5969028
1558706343773 -5969028
1558706343773 -5969018
1558706343773 -5969018
1558706343773 -5969017
1558706343773 -5969017
1558706343773 -5969017
1558706343773 -5934297
1558706343773 -5934296
1558706343773 -5934296
1558706343773 -5934296
1558706343773 -5934295
1558706343773 -5934294
1558706343773 -5934294
1558706343773 -5934286
1558706343773 -5934278
1558706343773 -5934277
1558706343773 -5934277
1558706343773 -5934276
1558706343773 -5934276
1558706343773 -5934269
1558706343773 -5934267
1558706343773 -5934265
1558706343773 -5934264
1558706343773 -5934255
1558706343773 -5934254
1558706343773 -5934250
1558706343773 -5934241
1558706343773 -5934236
1558706343773 -5934234
1558706343773 -5934234
1558706343773 -5934233
1558706343773 -5934233
1558706343773 -5934229
1558706343773 -5934228
1558706343773 -5934227
1558706343773 -5934221
1558706343773 -5934219
1558706343773 -5934218
1558706343773 -5934217
1558706343773 -5934216
1558706343773 -5934213
1558706343773 -5934209
1558706343773 -5934205
1558706343773 -5934203
1558706343773 -5934203
1558706343773 -5934200
1558706343773 -5934198
1558706343773 -5934198
1558706343773 -5934182
1558706343773 -5934182
1558706343773 -5934181
1558706343773 -5934177
1558706343773 -5934177
1558706343773 -5934169
1558706343773 -5934169
1558706343773 -5934168
1558706343773 -5934168
1558706343773 -5934165
1558706343773 -5934164
1558706343773 -5934095
1558706343773 -5934094
1558706343773 -5934093
1558706343773 -5934093
1558706343773 -5934093
1558706343773 -5934092
1558706343773 -5934092
1558706343773 -5934091
1558706343773 -5934091
1558706343773 -5934090
1558706343773 -5934090
1558706343773 -5934086
1558706343773 -5934082
1558706343773 -5934081
1558706343773 -5934081
1558706343773 -5934079
1558706343773 -5934079
1558706343773 -5934078
1558706343773 -5934074
1558706343773 -5934074
1558706343773 -5934073
1558706343773 -5934072
1558706343773 -5934070
1558706343773 -5934067
1558706343773 -5934065
1558706343773 -5934064
1558706343773 -5934061
1558706343773 -5934057
1558706343773 -5934057
1558706343773 -5934046
1558706343773 -5934046
1558706343773 -5934038
1558706343773 -5934038
1558706343773 -5934034
1558706343773 -5934033
1558706343773 -5934031
1558706343773 -5934026
1558706343773 -5933966
1558706343773 -5933964
1558706343773 -5933963
1558706343773 -5933962
1558706343773 -5933958
1558706343773 -5933958
1558706343773 -5933958
1558706343773 -5933958
1558706343773 -5933958
1558706343773 -5933950
1558706343773 -5933949
1558706343773 -5933948
1558706343773 -5933947
1558706343773 -5933947
1558706343773 -5933935
1558706343773 -5933935
1558706343773 -5933879
1558706343773 -5933879
1558706343773 -5933879
1558706343773 -5933878
1558706343773 -5933877
1558706343773 -5933868
1558706343773 -5933866
1558706343773 -5933865
1558706343773 -5933865
1558706343773 -5933860
1558706343773 -5933858
1558706343773 -5933855
1558706343773 -5933855
1558706343773 -5933851
1558706343773 -5933849
1558706343773 -5933845
1558706343773 -5933844
1558706343773 -5933843
1558706343773 -5933790
1558706343774 -5933790
1558706343774 -5933790
1558706343774 -5933789
1558706343774 -5933788
1558706343774 -5933786
1558706343774 -5933785
1558706343774 -5933785
1558706343774 -5933784
1558706343774 -5933783
1558706343774 -5933779
1558706343774 -5933777
1558706343774 -5933771
1558706343774 -5933770
1558706343774 -5933768
1558706343774 -5933765
1558706343774 -5933748
1558706343774 -5933745
1558706343774 -5933742
1558706343774 -5933741
1558706343774 -5933741
1558706343774 -5933738
1558706343774 -5933737
1558706343774 -5933728
1558706343774 -5933727
1558706343774 -5933727
1558706343774 -5933723
1558706343774 -5933708
1558706343774 -5933707
1558706343774 -5933703
1558706343774 -5933701
1558706343774 -5933698
1558706343774 -5933697
1558706343774 -5933689
1558706374692 -1249161
1558706374692 -1249160
1558706374692 -1249160
1558706374692 -1249160
1558706374692 -1249159
1558706374692 -1249159
1558706374692 -1249159
1558706374692 -1248672
1558706374692 -1248672
1558706374692 -1248671
1558706374692 -1248671
1558706374692 -1248671
1558706374692 -1248671
1558706374692 -1248671
1558706374692 -1248671
1558706374692 -1248671
1558706374692 -1248671
1558706374692 -1248671
1558706374692 -1248670
1558706374692 -1247956
1558706374692 -1247956
1558706374692 -1247956
1558706374692 -1247952
1558706374692 -1247952
1558706374692 -1247952
1558706374692 -1247952
1558706374692 -1247952
1558706374692 -1247608
1558706374692 -1247608
1558706374692 -1247605
1558706374692 -1247605
1558706374874 -1246945
1558706374874 -1246945
1558706374874 -1246945
1558706374874 -1246945
1558706374874 -1246945
1558706374874 -1246683
1558706374874 -1246683
1558706374874 -1246682
1558706374874 -1246682
1558706374874 -1246682
1558706374874 -1246682
1558706374874 -1246682
1558706374874 -1246682
1558706374874 -1246682
1558706374874 -1246381
1558706374874 -1246381
1558706374874 -1246381
1558706374874 -1246381
1558706374874 -1246381
1558706374874 -1187401
1558706374874 -1187401
1558706374874 -1187400
1558706374874 -1187399
1558706374874 -1187399
1558706374874 -1187399
1558706374874 -1187398
1558706374874 -1187398
1558706374874 -1187393
1558706374874 -1187391
1558706374874 -1187390
1558706374958 -1187473
1558706374958 -1187469
1558706374958 -1187462
1558706374958 -1187456
1558706374958 -1187454
1558706374958 -1187453
1558706374958 -1187452
1558706374958 -1187434
1558706374958 -1187434
1558706374958 -1187434
1558706374958 -1187434
1558706374958 -1187434
1558706374958 -1187434
1558706374958 -873715
1558706374958 -873708
1558706374958 -873707
1558706374958 -873705
1558706374958 -873704
1558706374958 -873703
1558706374958 -873703
1558706374958 -873703
1558706374958 -873703
1558706374958 -873701
1558706374958 -873696
1558706374958 -873695
1558706374958 -873693
1558706374958 -873689
1558706374958 -873689
1558706374958 -873684
1558706374958 -873669
1558706374958 -873669
1558706374958 -873664
1558706374958 -873660
1558706374958 -873658
1558706374958 -873657
1558706374958 -873648
1558706374958 -873647
1558706374958 -873639
1558706374958 -873638
1558706374958 -873637
1558706374958 -873637
1558706374958 -873634
1558706374958 -873634
1558706374958 -873633
1558706374958 -873630
1558706374958 -873629
1558706374958 -873628
1558706375250 -873918
1558706375250 -873911
1558706375250 -873911
1558706375250 -873908
1558706375250 -873905
1558706375250 -873894
1558706375250 -873891
1558706375250 -873889
1558706375250 -873884
1558706375250 -873882
1558706375250 -873878
1558706375250 -873877
1558706375250 -873875
1558706375250 -873875
1558706375250 -873873
1558706375250 -538890
1558706375250 -538868
1558706375250 -538842
1558706375250 -538842
1558706375250 -538841
1558706375250 -538839
1558706375250 -538839
1558706375250 -538839
1558706375250 -538839
1558706375250 -538839
1558706375250 -538839
1558706375250 -538836
1558706375250 -538818
1558706375250 -538818
1558706375250 -538818
1558706375250 -538818
1558706375250 -538817
1558706375250 -538817
1558706375250 -538817
1558706375250 -538817
1558706375250 -538817
1558706375250 -538817
1558706375250 -538816
1558706375250 -538815
1558706375250 -538815
1558706375250 -538805
1558706375250 -538805
1558706375250 -538798
1558706375437 -538975
1558706375437 -538975
1558706375437 -538975
1558706375437 -538975
1558706375437 -538975
1558706375437 -538975
1558706375437 -538975
1558706375437 -538969
1558706375437 -538954
1558706375437 -538954
1558706375437 -538954
1558706375437 -538954
1558706375437 -538954
1558706375437 -538951
1558706375437 -538944
1558706375437 -538943
1558706375437 -538939
1558706375437 -538903
1558706375437 -538903
1558706375437 -538900
1558706375437 -538898
1558706375437 -538889
1558706375437 -538889
1558706375437 -538889
1558706375437 -538889
1558706375437 -538889
1558706375437 -538889
1558706375437 -197064
1558706375437 -197063
1558706375438 -197063
1558706375438 -197061
1558706375438 -197061
1558706375438 -197060
1558706375438 -197053
1558706375438 -197050
1558706375438 -197043
1558706375438 -197040
1558706375438 -197038
1558706375438 -197037
1558706375438 -197034
1558706375438 -197034
1558706375438 -197032
1558706375438 -197028
1558706375438 -197027
1558706375438 -197026
1558706375438 -197026
1558706375438 -197026
1558706375438 -197014
1558706375438 -197012
1558706375438 -197007
1558706375438 -197006
1558706375438 -197004
1558706375438 -196999
1558706375438 -196993
1558706375438 -196993
1558706375438 -196992
1558706375438 -196991
1558706375438 -196990
1558706375438 -196990
1558706375438 -196989
1558706375438 -196988
1558706375438 -196987
1558706375438 -196987
1558706375438 -196984
1558706375438 -196984
1558706375438 -196977
1558706375438 -196976
1558706375438 -196976
1558706375438 -196970
1558706375438 -196965
1558706375438 -196961
1558706375438 -196960
1558706375438 -196959
1558706375438 -196958
1558706375438 -196958
1558706375438 -196955
1558706375438 -196952
1558706375438 -196951
1558706375438 -196951
1558706375438 -196950
1558706375438 -196949
1558706375438 -196936
1558706375438 -196933
1558706375438 -196928
1558706375438 -196924
1558706375438 -196924
1558706375438 -196809
1558706375438 -196805
1558706375438 -196804
1558706375438 -196803
1558706375438 -196800
1558706375438 -196798
1558706375438 -196795
1558706375438 -196795
1558706375438 -196794
1558706375438 -196794
1558706375438 -196687
1558706375438 -196684
1558706375438 -196684
1558706375438 -196684
1558706375438 -196681
1558706375438 -196681
1558706375438 -196679
1558706375438 -196677
1558706375438 -196676
1558706375438 -196676
1558706375438 -196673
1558706375438 -196672
