1558705357857 -52816336
1558705357857 -52816336
1558705357857 -52816336
1558705357857 -52816336
1558705357857 -52816335
1558705357857 -52816335
1558705357857 -52816334
1558705357857 -52815640
1558705357857 -52815639
1558705357857 -52815639
1558705357857 -52815639
1558705357857 -52813896
1558705357857 -52813896
1558705357857 -52813896
1558705357857 -52813896
1558705357857 -52813896
1558705357857 -52813896
1558705357857 -52813896
1558705357857 -52813896
1558705357857 -52813896
1558705357857 -52813896
1558705357857 -52813896
1558705357857 -52813503
1558705357857 -52813497
1558705357857 -52813495
1558705357857 -52813495
1558705357857 -52813495
1558705357857 -52813495
1558705357857 -52813495
1558705357857 -52813495
1558705357857 -52813495
1558705357857 -52813495
