1558706115016 -990807
1558706343188 -1218979
1558706343188 -1218979
1558706343188 -1218979
1558706343188 -1218978
1558706343188 -1217673
1558706343188 -1217672
1558706343188 -1217164
1558706343188 -1217163
1558706343188 -1217163
1558706343188 -1217163
1558706343188 -1217163
1558706343188 -1217163
1558706343188 -1217163
1558706343188 -1217162
1558706343188 -1216457
1558706343188 -1216457
1558706343188 -1216457
1558706343188 -1216456
1558706343188 -1216456
1558706343188 -1216122
1558706343188 -1216121
1558706343188 -1216121
1558706343188 -1216121
1558706343188 -1216121
1558706343188 -1216121
1558706343188 -1216121
1558706371626 -1243682
1558706371626 -1243682
1558706371626 -1243677
1558706371626 -1243677
1558706371626 -1243445
1558706371626 -1243445
1558706371626 -1243444
1558706371626 -1243444
1558706371626 -1243444
1558706371626 -1243123
1558706371626 -1243122
1558706371626 -1243122
1558706371626 -1166037
1558706371626 -1166037
1558706371626 -1166035
1558706371626 -1166031
1558706371626 -1166030
1558706371626 -1166030
1558706371626 -1166028
1558706371626 -1166027
1558706371626 -1166025
1558706371626 -1166024
1558706371626 -1166019
1558706371626 -1166019
1558706371626 -1166018
1558706371626 -1166005
1558706371626 -1166004
1558706371626 -1166003
1558706371626 -1166003
1558706371626 -1166003
1558706371626 -1166003
1558706371626 -1166001
1558706371626 -1165999
1558706371626 -1165998
1558706371626 -1165998
1558706371626 -1165987
1558706371626 -1165985
1558706371626 -1165982
1558706371626 -1165980
1558706371626 -1165980
1558706371626 -1165977
1558706371626 -1165977
1558706371626 -1165975
1558706371626 -1165973
1558706371626 -1165970
1558706372182 -1166521
1558706372182 -1166515
1558706372182 -1166514
1558706372182 -1166510
1558706372182 -1166507
1558706372182 -1166505
1558706372182 -1166500
1558706372182 -1166499
1558706372182 -1166497
1558706372182 -1166496
1558706372182 -1166496
1558706372182 -1166495
1558706372182 -1166495
1558706372182 -1166490
1558706372182 -1166488
1558706372182 -1166487
1558706372182 -1166483
1558706372182 -1166483
1558706372182 -1166481
1558706372182 -1166480
1558706372182 -1166477
1558706372182 -1166477
1558706372182 -1166476
1558706372182 -705812
1558706372182 -705812
1558706372182 -705810
1558706372182 -705810
1558706372182 -705808
1558706372182 -705808
1558706372182 -705805
1558706372182 -705800
1558706372182 -705784
1558706372182 -705782
1558706372182 -705781
1558706372182 -705781
1558706372182 -705776
1558706372182 -705775
1558706372182 -705774
1558706372182 -705773
1558706372182 -705770
1558706372182 -705769
1558706372182 -705769
1558706372182 -705768
1558706372182 -705764
1558706372182 -705763
1558706372182 -705760
1558706372182 -705754
1558706372182 -705752
1558706372182 -705750
1558706372182 -705748
1558706372182 -705746
1558706372182 -705745
1558706372182 -705738
1558706372182 -705730
1558706372182 -705723
1558706372182 -705720
1558706372182 -705712
1558706372182 -705710
1558706372182 -705704
1558706372182 -705703
1558706372182 -705701
1558706372182 -705700
1558706372182 -705696
1558706372182 -705695
1558706372182 -705694
1558706372182 -705693
1558706372182 -705691
1558706372182 -705688
1558706372182 -705687
1558706372182 -705685
1558706372182 -705684
1558706372182 -705683
1558706372182 -705682
1558706372182 -705673
1558706372182 -705672
1558706372182 -705667
1558706372182 -705667
1558706372182 -705666
1558706372182 -705665
1558706372182 -705661
1558706372182 -699152
1558706372182 -699152
1558706372182 -699151
1558706372182 -699148
1558706372182 -699138
1558706372182 -699137
1558706372182 -699137
1558706372182 -699135
1558706372182 -699135
1558706372182 -699134
1558706372182 -699130
1558706372182 -699130
1558706372182 -698981
1558706372182 -698979
1558706372182 -698979
1558706372182 -698979
1558706372182 -698979
1558706372182 -698978
1558706372182 -698976
1558706372183 -698975
1558706372183 -698975
1558706372183 -698973
1558706372183 -698972
1558706372183 -698971
1558706372183 -698970
1558706372183 -698970
1558706372183 -698804
1558706372183 -698803
1558706372183 -698799
1558706372183 -698799
1558706372183 -698797
1558706372183 -698796
1558706372183 -698792
1558706372183 -698792
1558706372183 -698791
1558706372183 -698672
1558706372183 -698671
1558706372183 -698668
1558706372183 -698668
1558706372183 -698667
1558706372183 -698664
1558706372183 -698664
1558706372183 -698664
1558706372183 -698662
1558706372183 -698661
1558706372183 -698658
1558706372183 -698541
1558706372183 -698540
1558706372183 -698539
1558706372183 -698539
1558706372183 -698538
1558706372183 -698538
1558706372183 -698538
1558706372183 -698536
1558706372183 -698535
1558706372183 -698535
1558706372183 -698533
1558706372183 -698531
1558706372183 -698529
1558706372183 -698526
1558706372183 -698524
1558706372183 -698524
