1558705669148 -544460
1558705669148 -544460
1558705669148 -544459
1558705669148 -544459
1558705669148 -544457
1558705669148 -544457
1558705669148 -544457
1558705669148 -544087
1558705669148 -544086
1558705669148 -544086
1558705669148 -544086
1558705669148 -544085
1558705669148 -544085
1558705669148 -544084
1558705669148 -542840
1558705669148 -542839
1558705669148 -542839
1558705669148 -542839
1558705669148 -542839
1558705669148 -542839
1558705669148 -542647
1558705669148 -542647
1558705669150 -541657
1558705669150 -541657
1558705669150 -541657
1558705669150 -541656
1558705669150 -541656
1558705669150 -541656
1558705669150 -541656
1558705669150 -541656
1558705669150 -541656
1558705669150 -541652
1558705669150 -541652
1558705669150 -541652
1558705669150 -541652
1558705669151 -541653
1558705669151 -541653
1558705669151 -541652
1558705669151 -541652
1558705669151 -541652
1558705669151 -541205
1558705669151 -541205
1558705669151 -541205
1558705669151 -541205
1558705669151 -541205
1558705669151 -541205
1558705669151 -541204
1558705669151 -540937
1558705669151 -540937
1558705669151 -540936
1558705669151 -540374
1558705669151 -540373
1558705669151 -540373
1558706372010 -1244729
1558706372010 -1244729
1558706372010 -1244729
1558706372010 -1244728
1558706372010 -1244728
1558706372010 -1244728
1558706372010 -1244591
1558706372010 -1244590
1558706372010 -1244572
1558706372010 -1244572
1558706372010 -1244571
1558706372010 -1244571
1558706372010 -1244571
1558706372010 -1244571
1558706372010 -1244571
1558706372010 -1244571
1558706372010 -1244571
1558706372010 -1168084
1558706372010 -1168084
1558706372010 -1168079
1558706372010 -1168079
1558706372010 -1168078
1558706372010 -1168074
1558706372010 -1168072
1558706372010 -1168068
1558706372010 -1168066
1558706372010 -1168064
1558706372010 -1168057
1558706372010 -1168057
1558706372010 -1168056
1558706372010 -1168050
1558706372089 -1243311
1558706372089 -1243311
1558706372089 -1243310
1558706372089 -1243070
1558706372089 -1243070
1558706372089 -1243069
1558706372089 -1243069
1558706372089 -1243069
1558706372089 -1243069
1558706372089 -1243069
1558706372089 -1243069
1558706372089 -1242560
1558706372089 -1242560
1558706372089 -1242559
1558706372089 -1127012
1558706372089 -1127011
1558706372089 -1127008
1558706372089 -1127002
1558706372089 -1127000
1558706372089 -1127000
1558706372089 -1126996
1558706372089 -1126995
1558706372089 -1126995
1558706372089 -1126993
1558706372089 -1126989
1558706372089 -1126987
1558706372089 -1126986
1558706372089 -1126982
1558706372089 -1126979
1558706372089 -1126978
1558706372089 -1126978
1558706372089 -1126975
1558706372089 -1126973
1558706372089 -1126971
1558706372089 -1126969
1558706372089 -1126964
1558706372089 -1126961
1558706372089 -1126957
1558706372089 -1126954
1558706372089 -1126953
1558706372089 -1126945
1558706372089 -1126945
1558706372089 -1126944
1558706372089 -1126943
1558706372089 -1126936
1558706372089 -1126931
1558706372089 -1126929
1558706372089 -1126922
1558706372089 -1126921
1558706372089 -1126918
1558706372089 -1126913
