1558705357355 -234096
1558705357355 -233921
1558705357355 -233920
1558705357355 -233920
1558705357355 -233919
1558705357355 -233210
1558705357355 -233210
1558705357355 -233210
1558705357355 -233210
1558705357355 -233209
1558705357355 -233209
1558705357355 -233209
1558705357355 -233209
1558705357355 -233209
1558705357355 -233203
1558705357355 -232718
1558705357355 -232718
1558705357355 -232718
1558705357355 -232718
1558705357355 -232718
1558705357355 -232718
1558705357355 -232718
1558705357355 -232717
1558705357355 -232717
1558705357355 -232717
1558705357355 -232130
1558705357355 -232130
1558705357355 -232130
1558705357355 -232130
1558705357355 -232130
1558705357355 -232130
1558705357355 -232130
1558705357355 -232129
1558705357355 -231700
1558705357355 -234918
1558705357355 -234917
1558705357355 -234917
1558705357355 -234917
1558705357355 -234810
1558705357355 -234810
1558705357355 -233518
1558705357355 -233517
1558705357355 -233517
1558705357355 -233517
1558705357355 -233517
1558705357355 -233517
1558705357355 -233495
1558705357355 -233494
1558705357355 -233494
1558705357355 -233494
1558705357355 -233494
1558705357355 -233494
1558705357355 -232426
1558705357355 -232426
1558705357355 -232426
1558705357355 -232425
1558705357355 -232425
1558705357355 -232425
1558705357355 -232425
1558705357355 -232425
1558705357355 -232405
1558705357355 -232405
1558705357355 -232405
1558705357355 -232404
