1558705153332 -52612775
1558705153332 -52612775
1558705153332 -52612774
1558705153332 -52612773
1558705153332 -52612113
1558705153332 -52612108
1558705153332 -52612108
1558705153335 -52610985
1558705153335 -52610984
1558705153335 -52610984
1558705153335 -52610984
1558705153335 -52610112
1558705153335 -52610112
1558705153335 -52610112
1558705153335 -52610112
1558705153335 -52610111
1558705153335 -52610111
1558705153335 -52608785
1558705153335 -52608785
1558705153335 -52608785
1558705153335 -52608785
1558705153335 -52608784
1558705153335 -52608784
1558705153335 -52608784
1558705153335 -52608272
1558705153335 -52608272
1558705153335 -52610736
1558705153335 -52610735
1558705153335 -52610735
1558705153335 -52610735
1558705153335 -52610735
1558705153335 -52610735
1558705153335 -52610322
1558705153335 -52610322
1558705153335 -52610322
1558705153335 -52610321
1558705153335 -52608796
1558705153335 -52608796
1558705153335 -52608796
1558705153335 -52608795
1558705153335 -52608795
1558705153335 -52608795
1558705153335 -52608245
1558705153335 -52608245
1558705153335 -52608244
1558705357735 -4988589
1558705357735 -4988589
1558705357735 -4988588
1558705357735 -4988587
1558705357735 -4988587
1558705357735 -4988587
1558705357735 -4986689
1558705357735 -4986682
1558705357735 -4986682
1558705357735 -4986682
1558705357735 -4986612
1558705357735 -4986612
1558705357735 -4986611
1558705357735 -4986611
1558705357735 -4985362
1558705357735 -4985361
1558705357735 -4985267
1558705357735 -4985267
1558705357735 -4985267
1558705357735 -4985266
1558705357735 -4985266
1558705357735 -4985265
1558705357735 -4985264
1558705357735 -4985264
1558705357735 -4984240
1558705357735 -4984240
1558705357735 -4984239
1558705357735 -4984239
1558705357735 -4984239
1558705669796 -5296300
1558705669796 -5296299
1558705669796 -5296299
1558705669796 -5296299
1558705669796 -5296099
1558705669796 -5296099
1558705669796 -5296099
1558705669796 -5296099
1558705669796 -5296099
1558705669796 -5296098
1558705669796 -5296098
1558705669796 -5296098
1558705669796 -5296098
1558705669796 -5296097
1558705669796 -5295497
1558705669796 -5295497
1558705669796 -5295496
1558705669796 -5295496
1558705669796 -5244842
1558705669796 -5244840
1558705669797 -5244836
1558705669797 -5244831
1558705669797 -5244828
1558705669797 -5244826
1558705669797 -5244826
1558705669797 -5244823
1558705669797 -5244822
1558705669797 -5244820
1558705669797 -5244820
1558705669797 -5244817
1558705669797 -5244816
1558705669797 -5244813
1558705669797 -5244808
1558705669797 -5244808
1558705669797 -5244803
1558705669797 -5244802
1558705669797 -5244800
1558705669797 -5244799
1558705669797 -5244799
1558705669797 -5244798
1558705669797 -5244796
1558705669797 -5244794
1558705669797 -5244794
1558705669797 -5244792
1558705669797 -5244790
1558705669797 -5244785
1558705669797 -5244784
1558705669797 -5244783
1558705669797 -5244776
1558705669797 -5244715
1558705669797 -5244713
1558705669797 -5244713
1558705669797 -5244711
1558705669797 -5244709
1558705669797 -5244709
1558705669797 -5244708
1558705669797 -5244704
1558705669797 -5244702
1558705669797 -5244701
1558705669797 -5244696
1558705669797 -5244695
1558705669797 -5244692
1558705669797 -5244692
1558705669797 -5244691
1558705669797 -5244691
1558705669797 -5244689
1558705669890 -5244781
1558706371007 -5945895
1558706371007 -5945894
1558706371007 -5945894
1558706371007 -5945890
1558706371007 -5934433
1558706371007 -5934429
1558706371007 -5934413
1558706371007 -5934392
1558706371007 -5934392
1558706371010 -5934394
1558706371010 -5934394
1558706371010 -5934364
1558706371010 -5819255
1558706371010 -5819253
1558706371010 -5819252
1558706371010 -5819251
1558706371010 -5819250
1558706371010 -5819248
1558706371010 -5819247
1558706371010 -5819245
1558706371010 -5819243
1558706371010 -5819243
1558706371010 -5819240
1558706371010 -5819238
1558706371010 -5819237
1558706371010 -5819236
1558706371010 -5819236
1558706371010 -5819231
1558706371010 -5819230
1558706371010 -5819229
1558706371010 -5819228
1558706371010 -5819223
1558706371010 -5819223
1558706371010 -5819223
1558706371010 -5819222
1558706371010 -5819221
1558706371010 -5819220
1558706371010 -5819219
1558706371010 -5819217
1558706371010 -5819213
1558706371010 -5819211
1558706371010 -5819202
1558706371010 -5819201
1558706371010 -5819200
1558706371010 -5819200
1558706371010 -5819195
1558706371010 -5819193
1558706371010 -5819193
1558706371010 -5819191
1558706371010 -5819186
1558706371010 -5819184
1558706371010 -5819183
1558706371010 -5819183
1558706371010 -5819182
1558706371010 -5819178
1558706371010 -5819175
1558706371010 -5819174
1558706371010 -5819174
1558706371010 -5819174
1558706371010 -5819170
1558706371010 -5819169
1558706371010 -5819168
1558706371010 -5819168
1558706371010 -5819164
1558706371010 -5819161
1558706371010 -5819161
1558706371010 -5819159
1558706371010 -5819157
1558706371010 -5819154
1558706371010 -5819150
1558706371010 -5819150
1558706371010 -5819146
1558706371010 -5819145
1558706371010 -5819142
1558706371010 -5819142
1558706371010 -5819092
1558706371010 -5819091
1558706371010 -5819089
1558706371010 -5819088
1558706371010 -5819084
1558706371010 -5819083
1558706371010 -5819083
1558706371010 -5819080
1558706371010 -5819080
1558706371010 -5819079
1558706371010 -5819072
1558706371010 -5819069
1558706371010 -5819067
1558706371010 -5819064
1558706371010 -5819052
1558706371010 -5819050
1558706371010 -5819044
1558706371010 -5819044
1558706371010 -5819039
1558706371010 -5819027
1558706371010 -5819026
1558706371010 -5819016
1558706371010 -5819015
1558706371010 -5819012
1558706371010 -5819008
1558706371010 -5819007
1558706371010 -5819004
1558706371010 -5818997
1558706371010 -5818996
1558706371010 -5818995
1558706371010 -5818986
1558706371010 -5818917
1558706371010 -5818915
1558706371010 -5818913
1558706371010 -5818908
1558706371010 -5818906
1558706371010 -5818904
1558706371010 -5818903
1558706371010 -5818902
1558706371010 -5818897
1558706371010 -5818897
1558706371010 -5818896
1558706371010 -5818894
1558706371010 -5818893
1558706371010 -5818892
1558706371010 -5818892
1558706371010 -5818887
1558706371010 -5818884
1558706371010 -5818877
1558706371010 -5818874
1558706371010 -5818873
1558706371010 -5818872
1558706371010 -5818872
1558706371010 -5818871
1558706371010 -5818852
1558706371010 -5818852
1558706371010 -5818852
1558706371010 -5818851
1558706371010 -5818850
1558706371010 -5818847
1558706371010 -5818845
1558706371010 -5818837
1558706371010 -5818833
1558706371010 -5818832
1558706371010 -5818831
1558706371010 -5818830
1558706371010 -5818830
1558706371010 -5818823
1558706371010 -5818823
1558706371010 -5818823
1558706371325 -5819137
1558706371325 -5819135
1558706371325 -5819135
1558706371325 -5819127
1558706371325 -5819127
1558706371325 -5819124
1558706371325 -5819119
1558706371325 -5819118
1558706374553 -3562286
1558706374553 -3562285
1558706374553 -3562285
1558706374553 -3560051
1558706374553 -3560051
1558706374553 -3560051
1558706374553 -3560051
1558706374553 -3560051
1558706374553 -3560051
1558706374553 -3560051
1558706374553 -3560051
1558706374553 -3560051
1558706374553 -3560050
1558706374553 -3560050
1558706374553 -3559567
1558706374553 -3559566
1558706374553 -3559566
1558706374553 -3559566
1558706374553 -3559566
1558706374553 -3559566
1558706374553 -3559566
1558706374553 -3559566
1558706374553 -3559566
1558706374553 -3559566
1558706374553 -3558297
1558706374553 -3558297
1558706374553 -3558297
1558706374553 -3558296
1558706374553 -3558290
1558706374553 -3557866
1558706374553 -3557866
1558706374553 -3557866
1558706374553 -3557866
1558706374553 -3557866
1558706374553 -3557865
1558706374553 -3557865
1558706374553 -3557865
1558706374553 -3557241
