1558705669026 -546076
1558705669026 -546076
1558705669026 -546076
1558705669026 -546076
1558705669026 -546076
1558705669026 -546076
1558705669026 -546076
1558705669026 -546076
1558705669026 -546076
1558705669026 -546076
1558705669026 -545770
1558705669026 -545770
1558705669026 -545770
1558705669026 -545770
1558705669026 -544981
1558705669026 -544981
1558705669026 -544981
1558705669026 -544980
1558705669026 -544980
1558705669026 -544980
1558705669026 -544980
1558705669026 -544980
1558705669026 -544730
1558705669026 -544730
1558705669026 -544730
1558705669027 -544731
1558705669027 -544731
1558705669027 -544729
1558705669027 -543978
1558705669027 -543977
1558705669027 -543977
1558705669027 -543977
1558705669027 -543977
1558705669027 -543977
1558706371976 -1246920
1558706371976 -1246673
1558706371976 -1246670
1558706371976 -1246670
1558706371976 -1246071
1558706371976 -1246070
1558706371976 -1245929
1558706371976 -1245929
1558706371976 -1245928
1558706371976 -1219533
1558706371976 -1219468
1558706371976 -1219394
1558706371976 -1219393
1558706371976 -1219393
1558706371976 -1219328
1558706371976 -1219317
1558706371976 -1219312
1558706371976 -1219308
1558706371976 -1219299
1558706371976 -1219299
1558706371976 -1156806
1558706371976 -1156804
1558706371976 -1156804
1558706371976 -1156802
1558706371976 -1156801
1558706371976 -1156801
1558706371976 -1156801
1558706371976 -1156801
1558706371976 -1156801
1558706371976 -1156798
1558706371976 -1156798
1558706371976 -1156797
1558706371976 -1156795
1558706371976 -1156794
1558706371976 -1156794
1558706371976 -1156787
1558706371976 -1156784
1558706371976 -1156781
1558706371976 -1156774
1558706371976 -1156773
1558706371976 -1156773
1558706371976 -1156766
1558706371976 -1156763
1558706371976 -1156762
1558706371976 -1156760
1558706371976 -1156760
1558706371976 -1156758
1558706371976 -1156742
1558706371976 -1156742
1558706371976 -1156741
1558706371976 -1156741
1558706371976 -1156741
1558706371976 -1156741
1558706372768 -1157533
1558706372768 -1157533
1558706372768 -1157530
1558706372768 -1157530
1558706372768 -1157530
1558706372768 -1157530
1558706372768 -1157530
1558706372768 -1157528
1558706372768 -1157528
1558706372768 -1157524
1558706372768 -1157520
1558706372768 -1157514
1558706372768 -1157512
1558706372768 -1157506
1558706372768 -1157506
1558706372768 -1157505
1558706372768 -1157504
1558706372768 -1157503
1558706372768 -1157503
1558706372768 -1157501
1558706372768 -1157498
1558706372768 -1157495
1558706372768 -1157492
1558706372768 -1157490
1558706372768 -1157489
1558706372768 -1157487
1558706372768 -1157484
1558706372768 -1157482
1558706372768 -1157482
1558706372768 -1157481
1558706372768 -1157479
1558706372768 -1157479
1558706372768 -703157
1558706372768 -703147
1558706372768 -703146
1558706372768 -703134
1558706372768 -703134
1558706372768 -703120
1558706372768 -703111
1558706372768 -703100
1558706372768 -703094
1558706372768 -703087
1558706372768 -703087
1558706372768 -703087
1558706372768 -703078
1558706372768 -703078
1558706372768 -703078
1558706372768 -703077
1558706372768 -703028
1558706372768 -703027
1558706372768 -703018
1558706372768 -703016
1558706372768 -703016
1558706372768 -703015
1558706372768 -703004
1558706372768 -703002
1558706372768 -702978
1558706372768 -702966
1558706372768 -702958
1558706372768 -702939
1558706372768 -702936
1558706372768 -702924
1558706372768 -702923
1558706372768 -702923
1558706372768 -702918
1558706372768 -702912
1558706372768 -702907
1558706372768 -702904
1558706372768 -702901
1558706372768 -702900
1558706372768 -702899
1558706372768 -702894
1558706372768 -702891
1558706372768 -702638
1558706372768 -702638
1558706372768 -702636
1558706372768 -702635
1558706372768 -702635
1558706372768 -702504
1558706372768 -702504
1558706372768 -702502
1558706372768 -702502
1558706372768 -702502
1558706372768 -702502
1558706372768 -702374
1558706372768 -702374
1558706372768 -702374
1558706372768 -702373
1558706372768 -702373
1558706372768 -702372
1558706372768 -702372
1558706372768 -702371
1558706372768 -702370
1558706372768 -702370
1558706372768 -702284
1558706372768 -702284
1558706372768 -702284
1558706372768 -702284
1558706372768 -702284
1558706372768 -702284
1558706372768 -702186
1558706372768 -702182
1558706372768 -702181
1558706372768 -702180
1558706372768 -702180
1558706372768 -702170
1558706372768 -702168
1558706372768 -702160
1558706372768 -702144
1558706372768 -702141
1558706372768 -702141
1558706372768 -702139
1558706372768 -702138
1558706372768 -702065
1558706372768 -702064
1558706372768 -702064
1558706372768 -702064
1558706372768 -702063
1558706372768 -702063
1558706372768 -701977
1558706372768 -701976
1558706372768 -701976
1558706372768 -701976
1558706372768 -701976
1558706372768 -701975
1558706372768 -701974
1558706372768 -701974
1558706372768 -701974
1558706372768 -701974
1558706372768 -701889
1558706372768 -701889
1558706372768 -701889
1558706372768 -701888
1558706372768 -701887
1558706372768 -701886
1558706372768 -701872
1558706372768 -701791
1558706372768 -701791
1558706372768 -701790
1558706372768 -701790
1558706372768 -701790
1558706372768 -701790
1558706372768 -701789
1558706372768 -701681
1558706372768 -701681
1558706372768 -701680
1558706372768 -701680
1558706372768 -701680
1558706372768 -701680
1558706372768 -701680
1558706372768 -701680
1558706372768 -701680
1558706372768 -701680
1558706372768 -701680
1558706372768 -701680
1558706372768 -701679
1558706372768 -701674
1558706372768 -701674
1558706372768 -701584
1558706372768 -701584
1558706372768 -701584
1558706372768 -701584
1558706372768 -701584
1558706372768 -701584
1558706372768 -701584
1558706372768 -701583
1558706372768 -701583
1558706372768 -701583
1558706372768 -701583
1558706372768 -701575
1558706372768 -701575
1558706372768 -701571
1558706372768 -701571
