1558705152439 -24573
1558705152439 -24573
1558705152439 -24573
1558705152439 -24572
1558705152439 -24572
1558705152439 -24572
1558705152439 -24148
1558705152439 -24147
1558705152439 -23735
1558705152439 -23735
1558705152439 -23735
1558705152439 -23734
1558705152439 -23734
1558705152439 -23734
1558705152439 -23734
1558705152439 -23734
1558705152439 -23345
1558705152439 -23345
1558705152440 -23346
1558705152440 -23346
1558705152440 -23346
1558705152440 -23346
1558705152440 -23346
1558705152440 -23346
1558705152440 -22997
1558705152440 -22997
1558705152440 -22997
1558705152440 -22996
1558705152440 -22996
1558705152440 -22996
1558705152440 -22996
1558705152440 -22996
1558705152440 -22996
1558705152440 -22996
1558705152440 -22732
1558705152440 -22731
1558705668667 -543004
1558705668667 -543004
1558705668667 -543004
1558705668667 -543004
1558705668667 -543003
1558705668667 -542767
1558705668667 -542767
1558705668667 -542766
1558705668667 -542766
1558705668667 -542766
1558705668667 -542766
1558705668667 -542766
1558705668667 -542766
1558705668667 -542766
1558705668667 -541828
1558705668667 -541828
1558705668667 -541828
1558705668667 -541827
1558705668667 -541827
1558705668667 -541827
1558705668667 -541827
1558705668667 -541825
1558705668667 -541687
1558705668667 -541687
1558705668667 -541686
1558705668667 -541686
1558705668667 -541686
1558705668667 -541686
1558705668667 -540631
1558705668667 -540630
1558705668667 -540630
1558705668667 -546751
1558705668667 -546750
1558705668667 -546750
1558705668667 -546246
1558705668667 -546246
1558705668667 -546246
1558705668667 -546245
1558705668667 -546245
1558705668667 -546245
1558705668667 -546245
1558705668820 -546398
1558705668820 -546398
1558705668820 -546280
1558705668820 -546279
1558705668820 -546279
1558705668820 -546279
1558705668820 -546279
1558705668820 -546279
1558705668820 -546279
1558705668820 -546279
1558705668820 -546279
1558705668820 -546279
1558705668820 -546278
1558705668820 -545151
1558705668820 -545151
1558705668820 -545123
1558705668820 -545123
1558705668820 -545123
1558705668820 -545123
1558705668820 -545123
1558705668820 -545122
1558705668820 -545122
1558705668820 -545122
1558705668820 -545122
1558705668820 -545122
1558705668820 -544123
1558705668820 -544122
1558705668820 -544122
1558705668820 -544122
1558705668820 -544122
1558705668820 -544122
1558705668820 -544122
1558705668820 -544122
1558705668820 -544121
1558705668820 -544121
1558705668821 -539112
1558705668821 -539112
1558705668821 -538895
1558705668821 -538895
1558705668821 -538895
1558705668821 -538895
1558705668821 -538895
1558705668821 -538895
1558705668821 -538895
1558705668821 -538894
1558705668821 -535092
1558705668821 -535092
1558705668821 -535092
1558705668821 -535087
1558705668821 -535087
1558705668821 -535086
1558705668821 -535086
1558705668821 -535086
1558705668821 -535085
1558705668821 -535085
1558705668821 -535075
1558705668821 -535073
1558705668821 -535071
1558705668821 -535070
1558705668821 -535069
1558705668821 -535069
1558705668821 -535068
1558705668821 -535067
1558705668821 -535062
1558705668821 -535061
1558705668821 -535050
