1558705357104 -233532
1558705357104 -233532
1558705357104 -233532
1558705357104 -233531
1558705357104 -233531
1558705357104 -233531
1558705357104 -233035
1558705357104 -233035
1558705357104 -233035
1558705357104 -233035
1558705357104 -233035
1558705357104 -233034
1558705357104 -233034
1558705357104 -233034
1558705357104 -233034
1558705357104 -232387
1558705357104 -232387
1558705357105 -232388
1558705357105 -232388
1558705357105 -232388
1558705357105 -232388
1558705357105 -232388
1558705357105 -232387
1558705357105 -232387
1558705357105 -231977
1558705357105 -231976
1558705357105 -231976
1558705357105 -231976
1558705357105 -231976
1558705357105 -231976
1558705357105 -231976
1558705357105 -231971
1558705357105 -231970
1558705357105 -231970
1558705357105 -231970
1558705357105 -231970
1558705357105 -231970
1558705357105 -231429
1558705357105 -231429
1558705357105 -231428
1558705357105 -231022
1558705357105 -231022
1558705357105 -231022
1558705357105 -231022
1558705357105 -231022
1558705668890 -546142
1558705668890 -546120
1558705668890 -546062
1558705668890 -546062
1558705668890 -546062
1558705668890 -546062
1558705668890 -546062
1558705668890 -546062
1558705668890 -546061
1558705668890 -545950
1558705668890 -545950
1558705668890 -545949
1558705668890 -545866
1558705668890 -545865
1558705668890 -545864
1558705668890 -545828
1558705668890 -545828
1558705668890 -545828
1558705668890 -545828
1558705668890 -545828
1558705668890 -545828
1558705668890 -545828
1558705668890 -545827
1558705668890 -545827
1558705668890 -545827
1558705668890 -545769
1558705668890 -545769
1558705668890 -545769
1558705668890 -545769
1558705668890 -545768
1558705668890 -545768
1558705668890 -545768
1558705668890 -545682
1558705668890 -545682
