1558705152506 -24640
1558705152519 -24653
1558705152519 -24653
1558705152519 -24652
1558705152519 -24228
1558705152519 -24228
1558705152519 -24228
1558705152519 -24228
1558705152519 -24228
1558705152519 -24227
1558705152519 -24227
1558705152519 -24227
1558705152519 -24227
1558705152519 -23815
1558705152519 -23815
1558705152519 -23815
1558705152519 -23814
1558705152519 -23814
1558705152519 -23814
1558705152519 -23814
1558705152519 -23814
1558705152519 -23425
1558705152519 -23425
1558705152519 -23425
1558705152519 -23425
1558705152519 -23425
1558705152519 -23425
1558705152519 -23425
1558705152519 -23076
1558705152519 -23076
1558705152519 -23076
1558705152519 -23076
1558705152519 -23076
1558705152519 -23076
1558705152519 -23075
1558705152519 -23075
1558705152519 -23075
1558705152519 -23075
1558705152519 -23075
1558705152519 -22811
1558705152519 -22811
1558705152519 -22811
1558705152519 -22810
1558705152519 -22810
1558706370808 -1241099
1558706370808 -1241099
1558706370808 -1241099
1558706370808 -1241099
1558706370808 -1241099
1558706370808 -1241098
1558706370808 -1240882
1558706370808 -1240882
1558706370808 -1240882
1558706370808 -1240882
1558706370808 -1237079
1558706370808 -1237074
1558706370808 -1237074
1558706370808 -1237073
1558706370808 -1237073
1558706370808 -1237073
1558706370808 -1237072
1558706370808 -1237072
1558706370808 -1237060
1558706370808 -1237056
1558706370808 -1237055
1558706370808 -1237055
1558706370808 -1237053
1558706370808 -1237052
1558706370808 -1237051
1558706370808 -1237049
1558706370808 -1237038
1558706370808 -1237035
1558706370808 -1237033
1558706370808 -1237031
1558706370808 -1237031
1558706370808 -1237028
1558706370808 -1237027
1558706370808 -1237019
1558706370808 -1237015
1558706370808 -1237015
1558706370808 -1237014
1558706370808 -1237013
1558706370808 -1237012
1558706370808 -1236999
1558706370808 -1236999
1558706370808 -1236946
1558706370808 -1236943
1558706370808 -1236942
1558706370808 -1236941
1558706370808 -1236941
1558706370808 -1236934
1558706370808 -1236932
1558706370808 -1236932
1558706370808 -1236925
1558706370808 -1236924
1558706370808 -1236869
1558706370808 -1236864
1558706370808 -1236858
1558706370808 -1236858
1558706370808 -1236857
1558706370808 -1236854
1558706370808 -1236851
1558706370808 -1236842
1558706370808 -1236842
1558706370808 -1236766
1558706370808 -1236754
1558706370808 -1236753
1558706370808 -1236753
1558706370808 -1236752
1558706370808 -1236693
1558706370808 -1236693
1558706370808 -1236691
1558706370934 -1236816
1558706370934 -1236816
1558706370934 -1236804
1558706370934 -1236802
1558706370934 -1236800
1558706370934 -1236799
1558706370934 -1236798
1558706370934 -1236788
1558706370934 -1236787
1558706370934 -1236786
1558706370934 -1236784
1558706370934 -1236783
1558706370934 -1236783
1558706370934 -1236777
1558706370934 -1236689
1558706370934 -1236684
1558706370934 -1236679
1558706370934 -1236679
1558706370934 -1236677
1558706370934 -1236677
1558706370934 -1236676
1558706370934 -1236673
1558706370934 -1236672
1558706370934 -1236668
1558706370934 -1236666
1558706370934 -1236663
1558706370934 -1236658
1558706370934 -1236656
1558706370934 -1236587
1558706370934 -1236586
1558706370934 -1236584
1558706370934 -1236583
1558706370934 -1236583
1558706370934 -1236582
1558706370934 -1236579
1558706370934 -1236577
1558706370934 -1236576
1558706370934 -1236576
1558706370934 -1236576
1558706370934 -1236575
1558706370934 -1236574
1558706370934 -1236573
1558706370934 -1236573
1558706370934 -1236565
1558706370934 -1236564
1558706370934 -1236513
1558706370934 -1236512
1558706370934 -1236511
1558706370934 -1236509
1558706370934 -1236509
1558706370934 -1236509
1558706370934 -1236508
1558706370934 -1236507
1558706370934 -1236507
1558706370934 -1236505
1558706370934 -1236504
