1558705357410 -235200
1558705357410 -235200
1558705357410 -235198
1558705357410 -235198
1558705357410 -234063
1558705357410 -233113
1558705357410 -233113
1558705357410 -233112
1558705357410 -232907
1558705357410 -232907
1558705357410 -232907
1558705357410 -232907
1558705357410 -232907
1558705357410 -232907
1558705357410 -232906
1558705357410 -232906
1558705357410 -232906
1558705357410 -232906
1558705357410 -232074
1558705357410 -232074
1558705357410 -232074
1558705357410 -232071
1558705357410 -232071
1558705357410 -231877
1558705357410 -231877
1558705357410 -231877
1558705357410 -231877
1558705357410 -231877
1558705357410 -231876
1558705357410 -231876
1558705357410 -231876
1558705357410 -231237
1558705357410 -231237
1558705357410 -231237
1558705357410 -231237
1558705357410 -231237
1558705668907 -546559
1558705668907 -546559
1558705668907 -546559
1558705668907 -546559
1558705668907 -546559
1558705668907 -546559
1558705668907 -546248
1558705668907 -546247
1558705668907 -546245
1558705668907 -546245
1558705668907 -546243
1558705668907 -546243
1558705668907 -545346
1558705668907 -545345
1558705668907 -545345
1558705668907 -545345
1558705668907 -545345
1558705668907 -545345
1558705668907 -545345
1558705668907 -545345
1558705668907 -545134
1558705668907 -545134
1558705668907 -545134
1558705668907 -545134
1558705668907 -545133
1558705668907 -545133
1558705668908 -545132
1558705668908 -545132
1558705668908 -545132
1558705668908 -544312
1558705668908 -544311
1558705668908 -544311
1558705668908 -544311
1558705668908 -544311
1558705668908 -544311
1558705668908 -544311
1558705668908 -544303
1558705668908 -540438
1558705668908 -540438
1558705668908 -540438
1558705668908 -540438
1558705668908 -540438
1558705668908 -540438
1558705668908 -540438
1558705668908 -540437
1558705668908 -540437
1558705668908 -540360
1558705668908 -540360
1558705668908 -540360
1558705668908 -540358
1558705668908 -539665
1558705668908 -539664
1558705668908 -539664
1558705668908 -539664
1558705668908 -539664
1558705668908 -539664
1558705668908 -539582
1558705668908 -539582
1558705668908 -539582
1558705668908 -539582
1558705668908 -539582
1558705668908 -539582
1558705668908 -539582
1558705668908 -539582
1558705668908 -539582
1558705668908 -539582
1558705668908 -539096
1558705668908 -539095
1558705668908 -539095
1558705668908 -539095
1558705668908 -539060
1558706371030 -1244730
1558706371030 -1244730
1558706371030 -1244730
1558706371030 -1244730
1558706371030 -1244730
1558706371030 -1244730
1558706371030 -1244730
1558706371030 -1244729
1558706371030 -1244283
1558706371030 -1244283
1558706371030 -1244283
1558706371030 -1200563
1558706371030 -1200561
1558706371030 -1200561
1558706371030 -1200561
1558706371030 -1200561
1558706371030 -1200560
1558706371030 -1200558
1558706371608 -1201132
1558706371608 -1201128
1558706371608 -1201118
1558706371608 -1201116
1558706371608 -1201116
1558706371608 -1201113
1558706371608 -1201110
1558706371608 -1201110
1558706371608 -1201108
1558706371608 -1201107
1558706371608 -1201107
1558706371608 -1201102
1558706371608 -1201084
1558706371608 -1201084
1558706371608 -1201084
1558706371608 -1201084
1558706371608 -1201084
1558706371608 -1201084
1558706371608 -1201084
1558706371608 -1201084
1558706371608 -1201083
1558706371608 -1201083
1558706371608 -1201082
1558706371608 -1201082
1558706371608 -1201082
1558706371608 -1201082
1558706371608 -1201081
1558706371608 -1201068
1558706371608 -1201067
1558706371608 -1201066
1558706371608 -1201062
1558706371608 -1201055
1558706371608 -1201049
1558706371608 -1201049
1558706371608 -1201049
1558706371608 -1201047
1558706371608 -1201046
1558706371608 -1201043
1558706371608 -1201043
1558706371608 -1201041
1558706371608 -1200959
1558706371608 -1200959
1558706371608 -1200959
1558706371608 -1200957
1558706371608 -1200956
1558706371608 -1200956
1558706371608 -1200956
1558706371608 -1200956
1558706371608 -1200954
1558706371608 -1200954
1558706371840 -1201110
1558706371840 -1201108
1558706371840 -1201108
1558706371840 -1201106
1558706371840 -1201104
1558706371840 -1201091
1558706371840 -1201089
1558706371840 -1201089
1558706371840 -1201080
1558706371840 -1201079
1558706371840 -1201078
1558706371840 -1201022
1558706371840 -1201021
1558706371840 -1201021
1558706371840 -1201020
1558706371840 -1201019
1558706371840 -1201018
1558706371840 -1201015
1558706371840 -1201014
1558706371840 -1201013
1558706371840 -1201010
1558706371840 -1201009
1558706371840 -1201008
1558706371840 -1201005
1558706371840 -1201004
1558706371840 -1201003
1558706371840 -1200984
1558706371840 -1200889
1558706371840 -1200889
1558706371840 -1200888
1558706371840 -1200888
1558706371840 -1200871
1558706371840 -1200870
1558706371840 -1200869
1558706371840 -1200869
1558706371840 -1200867
1558706371840 -1200859
1558706371840 -1200856
1558706371840 -1200854
1558706371840 -1200853
1558706371840 -1200853
1558706371840 -1200848
1558706371840 -1200758
1558706371840 -1200758
1558706371840 -1200757
1558706371840 -1200756
1558706371840 -1200755
1558706371840 -1200754
1558706371840 -1200753
1558706371840 -1200752
1558706371840 -1200745
1558706371840 -1200745
1558706371840 -1200743
1558706371840 -1200741
1558706371840 -1200739
1558706371840 -1200736
1558706371840 -1200736
1558706371840 -1200734
1558706371840 -1200731
1558706371840 -1200730
1558706371840 -1200729
1558706371840 -1200670
1558706371840 -1200670
1558706371840 -1200669
1558706371840 -1200669
1558706371840 -1200668
1558706371840 -1200667
1558706371840 -1200667
1558706371840 -1200666
1558706371840 -1200665
1558706371840 -1200665
1558706371840 -1200665
1558706371840 -1200664
1558706371840 -1200662
1558706371840 -1200660
1558706371840 -1200659
1558706371840 -1200657
1558706371840 -1200655
1558706371840 -1200654
1558706371840 -1200653
1558706371840 -1200581
1558706371840 -1200578
1558706371840 -1200578
1558706371840 -1200578
1558706371840 -1200578
1558706371840 -1200575
1558706371840 -1200574
1558706371840 -1200571
1558706371840 -1200565
1558706371840 -1200561
1558706371840 -1200560
1558706371840 -1200560
1558706371840 -1200558
1558706371840 -1200557
1558706371840 -1200554
1558706371840 -1200553
1558706371840 -1200551
1558706371840 -1200547
1558706371840 -1200547
1558706371840 -1200546
1558706371840 -1200544
1558706371840 -1200543
1558706371840 -1200540
1558706371840 -1200488
1558706371840 -1200486
1558706371840 -1200483
1558706371840 -1200480
1558706371840 -1200480
1558706371840 -1200479
1558706371840 -1200477
1558706371840 -1200477
1558706371840 -1200476
1558706371840 -1200476
1558706371840 -1200475
1558706371840 -1200450
1558706371840 -1200447
1558706371840 -1200447
1558706371840 -1200446
1558706371840 -1200446
1558706371840 -1200445
1558706371840 -1200437
1558706371840 -1200431
1558706371840 -1200429
1558706371840 -1200426
1558706371840 -1200425
1558706371840 -1200418
1558706371840 -1200409
1558706371840 -1200409
1558706371840 -1200406
1558706371840 -1200403
1558706371840 -1200402
1558706371840 -1200400
1558706371840 -1200389
1558706371840 -1200386
1558706371840 -1200383
1558706371840 -1200380
1558706371840 -1200378
1558706371840 -1200375
1558706371840 -1200374
1558706371840 -1200373
1558706371840 -1200370
1558706371840 -1200366
1558706371840 -1200362
1558706371840 -1200359
1558706371840 -1200353
1558706371840 -1200351
1558706371840 -1200351
1558706371840 -1200345
1558706371840 -1200341
1558706371840 -1200340
1558706371840 -1200335
1558706373876 -1249039
1558706373876 -1249038
1558706373876 -1249038
1558706373876 -1249038
1558706373876 -1249038
1558706373876 -1249038
1558706373876 -1249038
1558706373876 -1248378
1558706373876 -1248378
1558706373876 -1248378
1558706373876 -1248378
1558706373876 -1248377
1558706373876 -1248377
1558706373876 -1248377
1558706373876 -1248377
1558706373876 -1248377
1558706373876 -1248240
1558706373876 -1248240
1558706373876 -1144870
1558706373876 -1144869
1558706373876 -1144867
1558706373876 -1144867
1558706373876 -1144858
1558706373876 -1144858
1558706373876 -1144856
1558706373876 -1144846
1558706373876 -1144844
1558706373876 -1144844
1558706373876 -1144842
1558706373876 -1144839
1558706373876 -1144839
1558706373876 -1144833
1558706373876 -1144831
1558706373876 -1144830
1558706373876 -1144826
1558706373876 -1144825
1558706373876 -1144824
1558706373876 -1144820
1558706373876 -1144819
1558706373876 -1144816
1558706373876 -1144815
1558706373876 -1144814
1558706373876 -1144813
1558706373876 -1144809
1558706373876 -1144808
1558706373876 -1144806
1558706373876 -1144806
1558706373876 -1144804
1558706373876 -1144804
1558706373876 -1144803
1558706373876 -1144801
1558706373876 -1144801
1558706373876 -1244027
1558706373876 -1244027
1558706373876 -1244027
1558706373876 -1243803
1558706373876 -1243802
1558706373876 -1243802
1558706373876 -1243802
1558706373876 -1243801
1558706373876 -1243709
1558706373876 -1243709
1558706373876 -1243709
1558706373876 -1243707
1558706373876 -1243707
1558706373876 -1243707
1558706373876 -1243707
1558706373876 -1243706
1558706373876 -1243705
1558706373876 -1243704
1558706373876 -1243687
1558706373876 -1243687
1558706373876 -1243687
1558706373876 -1243687
1558706373876 -1243686
1558706373876 -1128538
1558706373876 -1128536
1558706373876 -1128535
1558706373876 -1128533
1558706373876 -1128532
1558706373876 -1128529
1558706373876 -1128528
1558706373876 -1128526
1558706373876 -1128526
1558706373876 -1128524
1558706373876 -1128522
1558706373876 -1128520
1558706373876 -1128519
1558706373876 -1128518
1558706373876 -1128518
1558706373876 -1128517
1558706373876 -1128515
1558706373876 -1128513
1558706373876 -1128509
1558706373876 -1128508
1558706373877 -1128507
1558706373877 -1128505
1558706373877 -1128504
1558706373877 -1128501
1558706373877 -1128498
1558706373877 -1128491
1558706374208 -1145122
1558706374208 -1145120
1558706374208 -1145119
1558706374208 -1145118
1558706374208 -1145117
1558706374208 -1145115
1558706374208 -1145113
1558706374208 -1145110
1558706374208 -1145108
1558706374208 -1145106
1558706374208 -1145106
1558706374208 -1145105
1558706374208 -1145102
1558706374208 -1145101
1558706374208 -1145099
1558706374208 -1145096
1558706374208 -1145092
1558706374208 -1145091
1558706374208 -1145090
1558706374208 -1145082
1558706374208 -1145079
1558706374208 -684124
1558706374208 -684122
1558706374208 -684117
1558706374208 -684092
1558706374208 -684091
1558706374208 -684091
1558706374208 -684091
1558706374208 -684091
1558706374208 -684091
1558706374208 -684090
1558706374208 -684090
1558706374208 -684090
1558706374208 -684090
1558706374208 -684090
1558706374208 -684090
1558706374208 -684090
1558706374208 -684077
1558706374208 -684060
1558706374208 -684052
1558706374208 -684030
1558706374208 -684027
1558706374208 -684025
1558706374208 -684025
1558706374208 -684021
1558706374208 -684020
1558706374208 -684019
1558706374208 -684016
1558706374208 -683994
1558706374208 -683993
1558706374208 -683993
1558706374208 -683993
1558706374208 -683988
1558706374208 -683988
1558706374208 -683988
1558706374208 -683977
1558706374208 -1128813
1558706374208 -1128809
1558706374208 -1128806
1558706374208 -1128805
1558706374208 -1128798
1558706374208 -1128793
1558706374208 -1128791
1558706374208 -1128791
1558706374208 -1128790
1558706374208 -1128790
1558706374208 -1128789
1558706374208 -1128787
1558706374208 -1128786
1558706374208 -1128785
1558706374208 -1128784
1558706374208 -1128784
1558706374208 -1128777
1558706374208 -1128776
1558706374208 -1128773
1558706374208 -1128769
1558706374208 -1128768
1558706374208 -1128767
1558706374208 -1128766
1558706374208 -1128764
1558706374208 -1128763
1558706374208 -1128761
1558706374208 -1128761
1558706374208 -1128760
1558706374208 -1128757
1558706374208 -1128752
1558706374208 -1128751
1558706374208 -1128750
1558706374208 -1128749
1558706374208 -1128748
1558706374208 -1128747
1558706374208 -1128742
1558706374208 -1128742
1558706374208 -1128740
1558706374208 -1128739
1558706374208 -1128738
1558706374208 -1128737
1558706374208 -1128736
1558706374208 -672559
1558706374208 -672559
1558706374208 -672559
1558706374208 -672559
1558706374208 -672559
1558706374208 -672558
1558706374208 -672558
1558706374208 -672558
1558706374208 -672558
1558706374208 -672493
1558706374208 -672493
1558706374208 -672493
1558706374208 -672493
1558706374208 -672492
1558706374208 -672492
1558706374208 -672492
1558706374748 -684507
1558706374748 -684506
1558706374748 -684497
1558706374748 -684487
1558706374748 -684479
1558706374748 -684475
1558706374748 -684467
1558706374748 -684445
1558706374748 -684443
1558706374748 -684437
1558706374748 -684435
1558706374748 -684431
1558706374748 -684407
1558706374748 -684402
1558706374748 -684401
1558706374748 -684400
1558706374748 -684397
1558706374748 -684394
1558706374748 -684393
1558706374748 -684378
1558706374748 -684378
1558706374748 -342650
1558706374748 -342648
1558706374748 -342646
1558706374748 -342645
1558706374748 -342644
1558706374748 -342635
1558706374748 -342632
1558706374748 -342625
1558706374748 -342623
1558706374748 -342617
1558706374748 -342610
1558706374748 -342609
1558706374748 -342604
1558706374748 -342599
1558706374748 -342599
1558706374748 -342598
1558706374748 -342590
1558706374748 -342584
1558706374748 -342579
1558706374748 -342570
1558706374748 -342567
1558706374748 -342565
1558706374748 -342562
1558706374748 -342557
1558706374748 -342554
1558706374748 -342549
1558706374748 -342544
1558706374748 -342544
1558706374748 -342539
1558706374748 -342537
1558706374748 -342532
1558706374748 -342521
1558706374748 -342520
1558706374748 -342519
1558706374748 -342487
1558706374748 -342483
1558706374748 -342481
1558706374748 -342478
1558706374748 -342472
1558706374748 -342472
1558706374748 -342470
1558706374748 -342467
1558706374748 -342467
1558706374748 -342464
1558706374748 -342459
1558706374748 -342457
1558706374748 -342456
1558706374748 -342455
1558706374748 -342454
1558706374748 -342454
1558706374748 -342289
1558706374748 -342289
1558706374748 -342287
1558706374748 -342283
1558706374748 -342282
1558706374748 -342279
1558706374748 -342279
1558706374748 -342067
1558706374748 -342067
1558706374748 -342065
1558706374748 -342063
1558706374748 -342063
1558706374748 -342049
1558706374748 -342049
1558706374748 -342049
1558706374748 -342048
1558706374748 -342047
1558706374748 -341894
1558706374748 -341894
1558706374748 -341894
1558706374748 -341893
1558706374748 -341892
1558706374748 -341892
1558706374748 -341891
1558706374748 -341887
1558706374748 -341886
1558706374748 -341762
1558706374748 -341761
1558706374748 -341761
1558706374748 -341761
1558706374748 -341759
1558706374748 -341758
1558706374748 -341750
1558706374748 -341746
1558706374748 -341630
1558706374748 -341629
1558706374748 -341629
1558706374748 -341628
1558706374748 -341628
1558706374748 -341627
1558706374748 -673032
1558706374748 -673032
1558706374748 -673032
1558706374748 -673032
1558706374748 -673032
1558706374748 -673031
1558706374748 -673010
1558706374748 -673010
1558706374748 -673010
1558706374748 -673010
1558706374748 -672984
1558706374748 -672983
1558706374748 -672976
1558706374748 -672976
1558706374748 -672975
1558706374748 -672975
1558706374748 -672968
1558706374748 -672968
1558706374748 -672968
1558706374748 -672967
1558706374748 -672946
1558706374748 -672943
1558706374748 -672941
1558706374748 -672927
1558706374748 -672926
1558706374748 -672926
1558706374748 -672921
1558706374748 -672903
1558706374748 -672902
1558706374748 -672902
1558706374748 -672888
1558706374748 -672887
1558706374748 -333171
1558706374748 -333171
1558706374748 -333130
1558706374748 -333130
1558706374748 -333130
1558706374748 -333130
1558706374748 -333130
1558706374748 -333129
1558706374748 -333129
1558706374748 -333129
1558706374748 -333129
1558706374748 -333127
1558706374748 -333127
1558706374748 -333126
1558706374748 -333126
1558706374748 -333126
1558706374748 -333125
1558706374748 -333124
1558706374748 -333124
1558706374748 -333104
1558706374748 -333104
1558706374748 -333104
1558706374748 -333103
1558706374748 -333103
1558706374748 -333103
1558706374748 -333103
1558706374748 -333103
1558706374748 -333097
1558706374748 -333097
1558706374748 -333097
1558706374748 -333097
1558706374748 -333096
1558706374748 -333080
1558706374748 -333079
1558706374748 -333079
1558706374748 -333079
1558706374748 -333079
1558706374748 -333072
1558706374748 -333072
1558706374748 -333072
1558706374748 -333071
1558706374748 -333071
1558706374748 -333071
1558706374748 -333070
1558706374748 -333070
1558706374748 -333068
1558706374748 -333063
1558706374748 -333062
1558706374748 -333057
1558706374748 -333055
1558706374748 -333047
1558706374748 -333047
1558706374748 -333041
1558706374748 -333035
1558706374748 -333031
1558706374748 -333026
1558706374748 -333022
1558706374748 -333022
1558706374748 -333020
1558706374748 -218450
1558706374748 -218450
1558706374748 -218447
1558706374748 -218446
1558706374748 -218446
1558706374748 -218446
1558706374748 -218437
1558706374748 -218435
