1558705668935 -540921
1558705668935 -540921
1558705668935 -540921
1558705668935 -540921
1558705668935 -540920
1558705668935 -540753
1558705668935 -540753
1558705668935 -540753
1558705668935 -540753
1558705668935 -540753
1558705668935 -540753
1558705668935 -540753
1558705668935 -540101
1558705668935 -540101
1558705668935 -540101
1558705668935 -540101
1558705668935 -540101
1558705668935 -540101
1558705668935 -540100
1558705668935 -539949
1558705668935 -539949
1558705668935 -539949
1558705668935 -539949
1558705668935 -539948
1558705668935 -539948
1558705668935 -539361
1558705668935 -539361
1558705668935 -539361
1558705668935 -539361
1558705668935 -539361
