1558705153623 -52611011
1558705153623 -52611011
1558705153623 -52611011
1558705153623 -52611011
1558705153623 -52610695
1558705153623 -52610695
1558705153623 -52610695
1558705153623 -52610695
1558705153623 -52610695
1558705153623 -52610695
1558705153623 -52610695
1558705153623 -52609076
1558705153623 -52609076
1558705153623 -52608543
1558705153623 -52608542
1558705153623 -52608541
1558705153623 -52608541
1558705153623 -52608540
1558705153623 -52608540
1558705153623 -52608540
1558705153623 -4784046
1558705153623 -4784046
1558705153623 -4784046
1558705153623 -4784045
1558705153623 -4784045
1558705153623 -4784044
1558705153623 -4784044
1558705153623 -4782810
1558705153623 -4782810
1558705153623 -4782810
1558705153623 -4782810
1558705153623 -4782809
1558705153623 -4782809
1558705153623 -4782235
1558705153624 -4782236
1558705153624 -4782235
1558705153624 -4782235
1558705153624 -4782231
1558705153624 -4782231
1558705153624 -4782231
1558705153624 -4782231
1558705153624 -4782231
1558705153624 -4782231
1558705153624 -4781445
1558705153624 -4781444
1558705153624 -4781444
1558705153624 -4781444
1558705153624 -4781444
1558705153624 -4780925
1558705153624 -4780925
1558705153624 -4780925
1558705153624 -4780925
1558705153624 -4780923
1558705153624 -4780923
1558705153624 -4780923
1558705153624 -4780923
1558705153624 -4780923
1558705153624 -4780923
1558705153624 -4780923
1558705153659 -4780958
1558705153659 -4780957
1558705153659 -4780957
1558705153659 -4780957
1558705153659 -4780957
1558705153659 -4780957
1558705153659 -4780957
1558705153659 -4780957
1558705153659 -4780957
1558705153660 -4780958
1558705153660 -4780958
1558705153660 -4780333
1558705153660 -4780333
1558705153660 -4780333
1558705153660 -4780333
1558705153665 -4780337
1558705153665 -4780337
1558705153666 -4780338
1558705153666 -4772735
1558705153666 -4772735
1558705153666 -4772734
1558705357853 -4976920
1558705357853 -4976858
1558705357853 -4976785
1558705357853 -4976785
1558705357853 -4976785
1558705357853 -4976784
1558705357853 -4976783
1558705357853 -4976783
1558705357853 -4976757
1558705357853 -4976756
1558705357853 -4976752
1558705357853 -4976742
1558705357853 -4976738
1558705357853 -4976693
1558705357853 -4976689
1558705357853 -4976649
1558705357853 -4976565
1558705357853 -4976498
1558705357853 -4976405
1558705357853 -4976400
1558705357853 -4976329
1558705357853 -4976275
1558705357853 -4976179
1558705357853 -4976179
1558705357853 -4976173
1558705357853 -4976169
1558705357853 -4976169
1558705357854 -4976167
1558705357854 -4976160
1558705357854 -4976148
1558705357854 -4976128
1558705357854 -4976122
1558705357854 -4976114
1558705357854 -4976113
1558706371057 -5989315
1558706371057 -5989303
1558706371057 -5989302
1558706371057 -5989297
1558706371057 -5989277
1558706371057 -5989277
1558706371057 -5989277
1558706371057 -5989276
1558706371057 -5989276
1558706371057 -5989266
1558706371057 -5989253
1558706371057 -5989250
1558706371057 -5989244
1558706371057 -5989241
1558706371057 -5933498
1558706371057 -5933498
1558706371057 -5933494
1558706371057 -5933494
1558706371057 -5933347
1558706371057 -5933276
1558706371057 -5933275
1558706371057 -5933274
1558706371057 -5933271
1558706371060 -5933273
1558706371060 -5933273
1558706371060 -5933256
1558706371060 -5933256
1558706371060 -5933253
1558706371060 -5933248
1558706371060 -5933245
1558706371060 -5933243
1558706371060 -5933241
1558706371060 -5933233
1558706371060 -5933225
1558706371060 -5933222
1558706371060 -5933214
1558706371060 -5933213
1558706371060 -5933211
1558706371060 -5933211
1558706371060 -5933211
1558706371060 -5933211
1558706371060 -5933209
1558706371060 -5933201
1558706371060 -5933196
1558706371060 -5933195
1558706371060 -5933194
1558706371060 -5933191
1558706371060 -5933182
1558706371060 -5933174
1558706371060 -5933174
1558706371060 -5933170
1558706371061 -5933167
1558706371061 -5933164
1558706371061 -5933161
1558706371061 -5933157
1558706371061 -5933157
1558706371061 -5933154
1558706371061 -5933152
1558706371061 -5933147
1558706371061 -5933142
1558706371061 -5933142
1558706371061 -5933138
1558706371061 -5933128
1558706371061 -5933126
1558706371061 -5933125
1558706371061 -5933123
1558706371061 -5933119
1558706371061 -5933119
1558706371061 -5933115
1558706371309 -5933358
1558706371309 -5933357
1558706371309 -5933356
1558706371309 -5933347
1558706371309 -5933347
1558706371309 -5933341
1558706371309 -5933340
1558706371309 -5933340
1558706371309 -5933339
1558706371309 -5933339
1558706371309 -5933338
1558706371309 -5933335
1558706371309 -5933331
1558706371309 -5933318
1558706371309 -5933317
1558706371309 -5933312
1558706371309 -5933309
1558706371309 -5933305
1558706371309 -5933303
1558706371309 -5933302
1558706371309 -5933302
1558706371309 -5933301
1558706371309 -5933299
1558706371309 -5933291
1558706371309 -5933290
1558706371309 -5933284
1558706371309 -5933284
1558706371309 -5933278
1558706371309 -5933276
1558706371309 -5933267
1558706371309 -5933266
1558706371309 -5933265
1558706371309 -5933264
1558706371309 -5933264
1558706371309 -5933264
1558706371309 -5933263
1558706371309 -5933260
1558706371309 -5933254
1558706371309 -5933252
1558706371309 -5933252
1558706371309 -5933252
1558706371309 -5933252
1558706371309 -5933251
1558706371309 -5933190
1558706371309 -5933185
1558706371309 -5933178
1558706371309 -5933175
1558706371309 -5933174
1558706371309 -5933166
1558706371309 -5933161
1558706371309 -5933160
1558706371309 -5933160
1558706371309 -5933156
1558706371309 -5933156
1558706371309 -5933156
1558706371309 -5933132
1558706371309 -5933132
1558706371309 -5933122
1558706371309 -5933120
1558706371309 -5933119
1558706371309 -5933118
1558706371309 -5933113
1558706371309 -5933079
1558706371309 -5933079
1558706371309 -5933079
1558706371309 -5933078
1558706371309 -5933077
1558706371309 -5933076
1558706371309 -5933072
1558706371309 -5933070
1558706371309 -5933069
1558706371309 -5933066
1558706371309 -5933062
1558706371309 -5933054
1558706371309 -5933051
1558706371309 -5933048
1558706371309 -5933047
1558706371309 -5933045
1558706371309 -5933021
1558706371309 -5933021
1558706371309 -5933020
1558706371309 -5933018
1558706371309 -5933008
1558706371309 -5932996
1558706371309 -5932994
1558706371309 -5932993
1558706371309 -5932985
1558706371309 -5932984
1558706371309 -5932980
1558706371309 -5932978
1558706371309 -5932972
1558706371309 -5932968
1558706371309 -5932966
1558706371309 -5932966
1558706371309 -5932966
1558706371309 -5932965
1558706371309 -5932952
1558706371309 -5932950
1558706371309 -5932948
1558706371309 -5932948
