1558705357544 -234135
1558705357544 -234135
1558705357544 -234134
1558705357544 -234134
1558705357544 -234134
1558705357544 -233317
1558705357544 -233315
1558705357544 -232959
1558705357544 -232959
1558705357544 -232959
1558705357544 -232959
1558705357544 -232959
1558705357544 -232959
1558705357544 -232958
1558705357544 -232958
1558705357544 -232296
1558705357544 -232296
1558705357544 -232295
1558705357545 -232296
1558705357545 -232296
1558705357545 -232296
1558705357545 -232296
1558705357545 -231936
1558705357545 -231936
1558705357545 -231936
1558705357545 -231936
1558705357545 -231936
1558705357545 -231936
1558705357545 -231935
1558705357545 -231935
1558705357545 -231935
1558706371849 -1245734
1558706371849 -1245734
1558706371849 -1245734
1558706371849 -1245734
1558706371849 -1245733
1558706371849 -1245733
1558706371849 -1245510
1558706371849 -1245510
1558706371849 -1202764
1558706371849 -1202764
1558706371849 -1202763
1558706371849 -1202762
1558706371849 -1202760
1558706371849 -1202759
1558706371849 -1202755
1558706371949 -1202854
1558706371949 -1202853
1558706371949 -1202853
1558706371949 -1202850
1558706371949 -1202848
1558706371949 -1202846
1558706371949 -1202845
1558706371949 -1202844
1558706371949 -1202843
1558706371949 -1202775
1558706371949 -1202775
1558706371949 -1202773
1558706371949 -1202773
1558706371949 -1202769
1558706371949 -1202767
1558706371949 -1202766
1558706371949 -1202763
1558706371949 -1202695
1558706371949 -1202695
1558706371949 -1202694
1558706371949 -1202693
1558706371949 -1202692
1558706371949 -1202691
1558706371949 -1202691
1558706371949 -1202688
