1558705668810 -543229
1558705668810 -543229
1558705668810 -543229
1558705668810 -543229
1558705668810 -543229
1558705668810 -543228
1558705668810 -543228
1558705668810 -543228
1558705668810 -542814
1558705668810 -542814
1558705668810 -542814
1558705668810 -542814
1558705668810 -542813
1558705668810 -542813
1558705668810 -542813
1558705668810 -542813
1558705668810 -542813
1558705668810 -542812
1558705668810 -542042
1558705668810 -542041
1558705668810 -542041
1558705668810 -542041
1558705668810 -542041
1558705668810 -542041
1558705668810 -542041
1558705668810 -542041
1558705668810 -541767
1558705668810 -541767
1558705668810 -541766
1558705668920 -544554
1558705668920 -544554
1558705668920 -544554
1558705668920 -544553
1558705668920 -544553
1558705668920 -543624
1558705668920 -543623
1558705668920 -543623
1558705668920 -543622
1558705668920 -543622
1558705668920 -543622
1558705668920 -543622
1558705668920 -543622
1558705668920 -543621
1558705668920 -542799
1558705668920 -542798
1558705668920 -542798
1558705668920 -542798
1558705668920 -542798
1558705668920 -542798
1558705668920 -542798
1558705668920 -542798
1558705668920 -542798
1558705668920 -542278
1558705668920 -542278
1558705668920 -542278
1558705668920 -542277
1558705668920 -545951
1558705668920 -545950
1558705668920 -545950
1558705668920 -545950
1558705668920 -545950
1558705668920 -545950
1558705668920 -545683
1558705668920 -545683
1558705668920 -545682
1558705668920 -545682
1558705668920 -545681
1558705668920 -544867
1558705668920 -544866
1558705668920 -544866
1558705668920 -544866
1558705668920 -544866
1558705668920 -544866
1558705668920 -544628
1558705668920 -544628
1558705668920 -544627
1558705668920 -544627
1558705668920 -544627
1558705668920 -544627
1558705668920 -543859
