1558705357502 -235377
1558705357502 -235377
1558705357502 -235349
1558705357502 -235348
1558705357502 -235348
1558705357502 -235347
1558705357502 -235347
1558705357502 -234690
1558705357502 -234690
1558705357502 -234690
1558705357502 -234690
1558705357502 -234690
1558705357502 -234688
1558705357502 -234688
1558705357502 -234688
1558705357502 -234688
1558705357502 -234688
1558705357502 -234089
1558705357502 -234089
1558705357502 -234088
1558705357502 -234088
1558705357502 -234088
1558705357502 -234088
1558705357502 -234088
1558705357502 -234088
1558705357502 -233605
1558705357502 -233605
1558705357502 -233604
1558705357502 -233604
1558705357502 -233604
1558705357502 -233604
1558705357502 -233604
1558705357502 -233604
1558705357502 -233604
1558705357502 -233033
1558705796578 -672108
1558705796578 -672108
1558705796578 -672108
1558705796578 -672108
1558705796578 -672108
1558705796578 -671647
1558705796578 -671647
1558705796578 -671646
1558705796578 -671646
1558705796578 -671646
1558705796578 -671646
1558705796578 -671646
1558705796578 -671175
1558705796578 -671174
1558705796578 -574698
1558705796578 -574697
1558705796578 -574693
1558705796578 -574693
1558705796578 -574693
1558705796578 -574691
1558705796578 -574689
1558705796578 -574686
1558705796578 -574680
1558705796578 -574679
1558705796578 -574677
1558705796578 -574677
1558705796578 -574676
1558705796578 -574673
1558705796578 -574669
1558705796578 -574669
1558705796578 -574667
1558705796578 -574665
1558705796578 -574664
1558705796578 -574663
1558705796578 -574662
1558705796578 -574662
1558705796578 -574660
1558705796578 -574658
1558705796578 -574652
1558705796578 -574651
1558705796578 -574651
1558705796578 -574645
1558705796578 -574643
1558705796578 -574641
1558705796578 -574638
1558705796578 -574635
1558706371905 -1149954
1558706371905 -1149953
1558706371905 -1149948
1558706371905 -1149947
1558706371905 -1149936
1558706371905 -1149934
1558706371905 -1149931
1558706371905 -1149931
1558706371905 -1149929
1558706371905 -1149929
1558706371905 -1149929
1558706371905 -1149928
1558706371905 -1149928
1558706371905 -1149922
1558706371905 -1149922
1558706371905 -1149921
1558706371905 -1149918
1558706371905 -1149917
1558706371905 -694062
1558706371905 -694028
1558706371905 -694028
1558706371905 -694028
1558706371905 -694028
1558706371905 -694005
1558706371905 -694005
1558706371905 -694005
1558706371905 -694005
1558706371905 -694005
1558706371905 -694005
1558706371905 -694005
1558706371905 -694005
1558706371905 -694005
1558706371905 -694005
1558706371905 -694005
1558706371905 -694005
1558706371905 -693979
1558706371905 -693979
1558706371905 -693979
1558706371905 -693953
1558706371905 -693953
1558706371905 -693952
1558706371905 -693952
1558706371905 -693893
1558706371905 -693893
1558706371905 -693893
1558706371905 -693891
1558706371905 -693891
1558706371905 -693891
1558706371905 -693891
1558706371905 -693891
1558706371905 -693845
1558706371905 -693842
1558706371905 -693832
1558706371905 -693831
1558706371905 -693830
1558706371905 -693830
1558706371905 -693817
1558706371905 -693775
1558706371905 -693775
1558706371905 -693774
1558706371905 -693774
1558706371905 -693766
1558706371905 -693766
1558706371905 -693766
1558706371905 -693766
1558706371905 -693766
1558706371905 -693766
1558706371905 -693766
1558706371905 -693766
1558706371905 -693734
1558706371905 -693734
1558706371905 -693734
1558706371905 -693734
1558706371905 -693734
1558706371905 -693734
1558706371905 -693733
1558706371905 -693729
1558706371905 -693727
1558706371905 -693724
1558706371905 -693632
1558706371905 -693619
1558706371905 -693618
1558706371905 -693608
1558706371905 -693606
1558706371905 -693600
1558706371905 -693599
1558706371905 -693597
1558706371905 -693596
1558706371905 -693595
1558706371905 -693594
1558706371905 -693592
1558706371905 -693589
1558706371905 -693588
1558706371905 -693587
1558706371905 -693586
1558706371905 -693585
1558706371905 -693580
1558706371905 -693579
1558706371905 -693578
1558706371905 -693577
1558706371905 -693577
1558706371905 -693576
1558706371905 -693575
1558706371905 -693575
1558706371905 -693573
1558706371905 -693573
1558706371905 -693565
1558706371905 -693564
1558706371905 -693547
1558706371905 -693547
1558706371905 -693545
1558706371905 -693511
1558706371905 -693511
1558706371905 -693427
1558706371905 -693426
1558706371905 -693426
1558706371905 -693426
1558706371905 -693421
1558706371905 -693421
1558706371905 -693421
1558706371905 -693421
1558706371905 -693418
1558706371905 -693390
1558706371905 -693390
1558706371905 -693389
1558706371905 -693389
1558706371905 -693389
1558706371905 -693383
1558706371905 -693370
1558706371905 -693322
1558706371905 -693322
1558706371905 -693321
1558706371905 -693320
1558706371905 -693320
1558706371905 -693316
1558706371905 -693304
1558706371905 -693298
1558706371905 -693295
1558706371905 -693295
1558706371905 -693292
1558706371905 -693251
1558706371905 -693251
1558706371905 -693248
1558706371905 -693248
1558706371905 -693248
1558706371905 -693246
