1558705357537 -234115
1558705357537 -234115
1558705357537 -234113
1558705357537 -234113
1558705357537 -234113
1558705357537 -233372
1558705357537 -233372
1558705357537 -233372
1558705357537 -233371
1558705357537 -233371
1558705357537 -233371
1558705357537 -233371
1558705357537 -233371
1558705357537 -232920
1558705357537 -232920
1558705357537 -232920
1558705357537 -232920
1558705357537 -232920
1558705357537 -232920
1558705357537 -232920
1558705357537 -232920
1558705357537 -232316
1558705357537 -232316
1558705357537 -232316
1558705357537 -232316
1558705357537 -232315
1558705357537 -232315
1558705357537 -232315
1558705357537 -232315
1558705357537 -232315
1558705357537 -232315
1558705357537 -231878
1558705357537 -231877
1558705357537 -231877
1558705357537 -231877
1558705357537 -231877
1558705357537 -231877
1558705357537 -231877
1558705357537 -231448
1558705357537 -234190
1558705357537 -233232
1558705357537 -233232
1558705357537 -233232
1558705357537 -233232
1558705357537 -233048
1558705357537 -233048
1558705357537 -233048
1558705357537 -233048
1558705357537 -232166
1558705357537 -232166
1558705357537 -232165
1558705357537 -232165
1558705357537 -232165
1558705357537 -232165
1558705357537 -232165
1558705357537 -232016
1558705357537 -232016
1558705796898 -673487
1558705796898 -673487
1558705796898 -673487
1558705796898 -673487
1558705796898 -673487
1558705796898 -673486
1558705796898 -673486
1558705796898 -673486
1558705796898 -673486
1558705796898 -673486
1558705796898 -672673
1558705796898 -672673
1558705796898 -672672
1558705796898 -672672
1558705796898 -672309
1558705796898 -672309
1558705796898 -672309
1558705796898 -672309
1558705796898 -672309
1558705796898 -672307
1558705796898 -672290
1558705796898 -672290
1558705796898 -672289
1558705796898 -672289
1558705796898 -671652
1558705796898 -671651
1558705796898 -671651
1558705796898 -671651
1558705796898 -671651
1558706015078 -889831
1558706015078 -889831
1558706015078 -889465
1558706015078 -889465
1558706015078 -889465
1558706015078 -889465
1558706015078 -889465
1558706015078 -889465
1558706015078 -891113
1558706015078 -891113
1558706015078 -891113
1558706015078 -891113
1558706015078 -891112
1558706015078 -891111
1558706015078 -891111
1558706015078 -889269
1558706015078 -889269
1558706015078 -889269
1558706015078 -889269
1558706015078 -889269
1558706015078 -889269
1558706015078 -889269
1558706015078 -889269
1558706015078 -889269
1558706015078 -889269
1558706015078 -889268
1558706015078 -889268
1558706015078 -889266
1558706015078 -889266
1558706015078 -889265
1558706015078 -889265
1558706015078 -889264
1558706015078 -888198
1558706015078 -888198
1558706015078 -888198
1558706015078 -888198
1558706015078 -888197
1558706015078 -888197
1558706015078 -888197
1558706015078 -888197
1558706015078 -888197
1558706015078 -888197
1558706015078 -888197
1558706015078 -888197
1558706015078 -888197
1558706015078 -888197
1558706015078 -888197
1558706015078 -888166
1558706015078 -888153
1558706015078 -888153
1558706015078 -888153
1558706115246 -988321
1558706115246 -988321
1558706115246 -988321
1558706115246 -988321
1558706115246 -988321
1558706115246 -988321
1558706115246 -988321
1558706115246 -988321
1558706115246 -988321
1558706115246 -988321
1558706115246 -987152
1558706115246 -987152
1558706115246 -987152
1558706115292 -989203
1558706115302 -989213
1558706115302 -989213
1558706115302 -989213
1558706115302 -989212
1558706115302 -989212
1558706115302 -989212
1558706115302 -989212
1558706115302 -988944
1558706115302 -988944
1558706115302 -960333
1558706115302 -960331
1558706115302 -960328
1558706115302 -960321
1558706115302 -960317
1558706115302 -960316
1558706115302 -960316
1558706115302 -960316
1558706115302 -960316
1558706115302 -960314
1558706115302 -960276
1558706115302 -960268
1558706115302 -960265
1558706115302 -960262
1558706115302 -960253
1558706115302 -960250
1558706115302 -960245
1558706115302 -960240
1558706115302 -960230
1558706115302 -960228
1558706115302 -960224
1558706343497 -1188409
1558706343497 -1188408
1558706343497 -1188407
1558706343497 -1188403
1558706343497 -1188403
1558706343497 -1188403
1558706343497 -1188403
1558706343497 -1188402
1558706343497 -1188402
1558706343497 -1188401
1558706343497 -1188401
1558706343497 -1188401
1558706343497 -1188401
1558706343497 -1188401
1558706343497 -1188362
1558706343497 -1188362
1558706343497 -1188330
1558706343497 -1188324
1558706343497 -1188322
1558706343497 -1188312
1558706343497 -1188306
1558706343497 -1188303
1558706343497 -1188295
1558706343497 -1188295
1558706343497 -1188294
1558706343497 -1188248
1558706343497 -1188248
1558706343497 -1188248
1558706343497 -1188247
1558706343497 -1188247
1558706343497 -1188247
1558706343497 -1188195
1558706343497 -1188194
1558706343497 -1188194
1558706343497 -1188193
1558706343497 -1188192
1558706343497 -1188191
1558706343497 -1188188
1558706343497 -1188183
1558706343497 -1188178
1558706343497 -1188170
1558706343497 -1188107
1558706343497 -1188106
1558706343497 -1188091
1558706343497 -1188091
1558706343497 -1188090
1558706343497 -1188090
1558706343497 -1188020
1558706343497 -1188019
1558706343497 -1188019
1558706343497 -1188018
1558706343497 -1188017
1558706343497 -1188016
1558706343497 -1188014
1558706343497 -1188003
1558706343497 -1187981
1558706343497 -1187980
1558706343497 -1187980
1558706343497 -1187976
1558706343497 -1187975
1558706343497 -1187962
1558706343497 -1187959
1558706343497 -1187951
1558706343497 -1187950
1558706343497 -1187930
1558706343497 -1187929
1558706343497 -1187922
1558706343497 -1187915
1558706343497 -1187913
1558706343497 -1187912
1558706343497 -1187909
1558706343497 -1187907
1558706343497 -1187907
1558706343497 -1187886
1558706343497 -1187847
1558706343497 -1187847
1558706343497 -1187834
1558706343497 -1187821
1558706343497 -1187814
1558706343497 -1187800
1558706343497 -1187799
1558706343497 -1187799
1558706343497 -1187798
1558706343497 -1187798
1558706343497 -1187798
1558706343497 -1187798
1558706343497 -1187797
1558706343497 -1187788
1558706343497 -1187787
1558706343497 -1187778
1558706343497 -1187777
1558706343497 -1187755
1558706343497 -1187755
1558706343497 -1187754
1558706343497 -1187754
1558706343497 -1187753
1558706343497 -1187749
1558706343497 -1187666
1558706343497 -1187666
1558706343497 -1187666
1558706343497 -1187663
1558706343497 -1187660
1558706343525 -1187660
1558706343525 -1187644
1558706343525 -1187638
1558706343525 -1187630
1558706343525 -1187603
1558706343525 -1187603
1558706343525 -1187602
1558706343525 -1187602
1558706343525 -1187602
1558706343525 -1187598
1558706343525 -1187598
1558706343525 -1187597
1558706343525 -1187597
1558706343525 -1187597
1558706343525 -1187597
1558706343525 -1187597
1558706343525 -1187597
1558706343525 -1187570
1558706343525 -1187560
1558706343525 -1187560
1558706343525 -1187560
1558706343525 -1187542
1558706343525 -1187541
1558706343525 -1187541
1558706343525 -1187541
1558706343525 -1187518
1558706343525 -1187517
1558706343525 -1187517
1558706343525 -1187510
1558706343525 -1187509
1558706343525 -1187509
1558706343525 -1187493
1558706343525 -1187471
1558706343525 -1187465
1558706343525 -1187456
1558706343525 -1187456
1558706343525 -1187455
1558706343525 -1187455
1558706343525 -1187439
1558706343525 -1187439
1558706343525 -1187430
1558706343525 -1187420
1558706343525 -1187416
1558706343525 -1187416
1558706343525 -1187404
1558706343525 -981071
1558706343525 -981070
1558706343577 -1218055
1558706343577 -1218055
1558706343577 -1218055
1558706343577 -1218055
1558706343577 -1217393
1558706343577 -1217392
1558706343577 -1217392
1558706343577 -1217392
1558706343577 -1217392
1558706343577 -1217392
1558706343577 -1217392
1558706343577 -1217392
1558706343577 -1217287
1558706343577 -1217284
1558706343577 -1217284
1558706343577 -1217284
1558706343577 -1217284
1558706343577 -1216826
1558706343577 -1216826
1558706343577 -1216826
1558706343577 -1175237
1558706343577 -1175237
1558706343577 -1175237
1558706343577 -1175237
1558706343577 -1175236
1558706343577 -1175234
1558706343577 -1175233
1558706343577 -1175232
1558706343577 -1175224
1558706343577 -1175224
1558706343577 -1175224
1558706343577 -1175224
1558706343577 -1175224
1558706343577 -1175224
1558706343577 -1175223
1558706343577 -1175223
1558706343577 -1175221
1558706343577 -1175221
1558706343577 -1175221
1558706343577 -1175220
1558706343577 -1175213
1558706343577 -1175213
1558706343577 -1175213
1558706343577 -1175213
1558706371000 -1245386
1558706371000 -1245386
1558706371000 -1245386
1558706371000 -1244887
1558706371000 -1244886
1558706371000 -1244886
1558706371000 -1244886
1558706371000 -1244886
1558706371000 -1244660
1558706371000 -1244660
1558706371000 -1244660
1558706371000 -1244660
1558706371000 -1244660
1558706371000 -1244659
1558706371000 -1197114
1558706371000 -1197113
1558706371000 -1197113
1558706371000 -1197112
1558706371000 -1197112
1558706371000 -1197111
1558706371000 -1197109
1558706371000 -1197098
1558706371035 -1197133
1558706371035 -1242941
1558706371035 -1242941
1558706371035 -1242941
1558706371035 -1242941
1558706371035 -1242941
1558706371035 -1242941
1558706371035 -1242941
1558706371035 -1242940
1558706371035 -1242940
1558706371035 -1242940
1558706371035 -1242940
1558706371035 -1242927
1558706371035 -1242927
1558706371035 -1242927
1558706371035 -1242927
1558706371035 -1242926
1558706371035 -1242926
1558706371035 -1242926
1558706371035 -1242926
1558706371035 -1242926
1558706371035 -1242926
1558706371035 -1242926
1558706371035 -1242926
1558706371035 -1242926
1558706371035 -1242926
1558706371035 -1242926
1558706371035 -1242428
1558706371035 -1242428
1558706371035 -1242427
1558706371035 -1242427
1558706371035 -1242427
1558706371035 -1242427
1558706371035 -1184254
1558706371035 -1184254
1558706371035 -1184253
1558706371035 -1184253
1558706371035 -1184253
1558706371035 -1184253
1558706371035 -1184252
1558706371035 -1184252
1558706371035 -1184252
1558706371035 -1184252
1558706371035 -1184252
1558706371035 -1184252
1558706371035 -1184252
1558706371035 -1184251
1558706371035 -1184251
1558706371035 -1184250
1558706371169 -1008713
1558706371169 -1008713
1558706371169 -1008712
1558706371169 -1008712
1558706371169 -1008711
1558706371169 -1008710
1558706371169 -1008708
1558706371169 -1008707
1558706371169 -1008705
1558706371169 -1008694
1558706371169 -1008678
1558706371169 -1008671
1558706371169 -1008670
1558706371169 -1008669
1558706371169 -1008669
1558706371169 -1008666
1558706371169 -1008660
1558706371169 -1008660
1558706371169 -1008657
1558706371169 -1008656
1558706371169 -1008656
1558706371169 -1008650
1558706371169 -1008645
1558706371169 -1008641
1558706371169 -1008639
1558706371171 -1202740
1558706371171 -1202729
1558706371171 -1202670
1558706371171 -1202670
1558706371171 -1202669
1558706371171 -1202668
1558706371171 -1202667
1558706371171 -1202666
1558706371171 -1202665
1558706371171 -1202665
1558706371171 -1202665
1558706371171 -1202663
1558706371171 -1202581
1558706371171 -1202581
1558706371171 -1202581
1558706371171 -1202580
1558706371171 -1202580
1558706371171 -1202579
1558706371171 -1202579
1558706371171 -1202578
1558706371171 -1202578
1558706371171 -1202577
1558706371171 -1202577
1558706371171 -1202576
1558706371171 -1202576
1558706371171 -1202570
1558706371171 -1202563
1558706371177 -1202569
1558706371177 -921577
1558706371177 -921575
1558706371177 -921568
1558706371177 -921567
1558706371177 -921566
1558706371177 -921565
1558706371177 -921563
1558706371177 -921563
1558706371177 -921562
1558706371177 -921561
1558706371177 -921558
1558706371177 -921556
1558706371177 -921547
1558706371177 -921545
1558706371177 -921544
1558706371177 -921542
1558706371177 -921542
1558706371177 -921541
1558706371177 -921540
1558706371177 -921539
1558706371177 -921538
1558706371177 -921535
1558706371265 -921620
1558706371265 -921613
1558706371265 -921610
1558706371265 -921609
1558706371265 -1197359
1558706371265 -1197357
1558706371265 -1197355
1558706371265 -1197353
1558706371265 -1197352
1558706371265 -1197351
1558706371265 -1197346
1558706371265 -1197331
1558706371265 -1197323
1558706371265 -1197320
1558706371265 -1197320
1558706371265 -1197318
1558706371265 -1197317
1558706371265 -1197314
1558706371265 -1197313
1558706371265 -1197310
1558706371265 -1197309
1558706371265 -1197306
1558706371265 -1197305
1558706371265 -1197302
1558706371265 -851065
1558706371265 -851063
1558706371265 -851061
1558706371265 -851059
1558706371265 -851053
1558706371265 -851052
1558706371265 -851051
1558706371265 -851047
1558706371265 -851038
1558706371265 -851035
1558706371265 -851031
1558706371265 -851030
1558706371265 -851027
1558706371265 -851024
1558706371265 -851023
1558706371265 -851019
1558706371728 -851481
1558706371728 -851477
1558706371728 -851464
1558706371728 -851462
1558706371798 -851527
1558706371798 -851522
1558706371798 -851521
1558706371798 -851517
1558706371798 -851515
1558706371798 -851514
1558706371798 -851508
1558706371798 -851506
1558706371798 -851503
1558706371798 -851499
1558706371798 -851497
1558706371798 -1185010
1558706371798 -1185009
1558706371798 -1185008
1558706371798 -1185008
1558706371798 -1185007
1558706371798 -1185005
1558706371798 -1185005
1558706371798 -1185004
1558706371798 -1185004
1558706371798 -1185004
1558706371798 -1185004
1558706371798 -1184989
1558706371798 -1184988
1558706371798 -1184988
1558706371798 -1184987
1558706371798 -1184986
1558706371798 -1184986
1558706371798 -1184985
1558706371798 -1184984
1558706371798 -1184984
1558706371798 -1184981
1558706371798 -1184980
1558706371798 -1184980
1558706371798 -1184980
1558706371798 -1184979
1558706371798 -1184978
1558706371798 -1184976
1558706371798 -1184976
1558706371798 -1184974
1558706371798 -1184974
1558706371798 -1184974
1558706371798 -1184973
1558706371798 -1184972
1558706371798 -1184972
1558706371798 -1184970
1558706371798 -1184970
1558706371798 -1184970
1558706371798 -1184969
1558706371798 -1184968
1558706371798 -1184968
1558706371798 -1184967
1558706371798 -1184967
1558706371798 -1184966
1558706371798 -1184966
1558706371798 -1184965
1558706371798 -1184963
1558706371798 -1184961
1558706371798 -1184961
1558706371798 -871987
1558706371798 -871986
1558706371798 -871986
1558706371798 -871986
1558706371798 -871986
1558706371798 -871985
1558706371798 -871985
1558706371798 -871984
1558706371798 -871984
1558706371798 -871983
1558706371798 -871982
1558706371798 -871978
1558706371798 -871977
1558706371798 -871977
1558706371798 -871976
1558706371798 -871975
1558706371798 -871975
1558706371798 -871974
1558706371798 -871971
1558706371798 -871971
1558706371798 -871971
1558706371798 -871970
1558706371798 -871969
1558706371798 -871969
1558706371798 -871968
1558706371798 -871964
1558706371798 -871964
1558706371798 -871962
1558706371798 -871961
1558706371798 -871960
1558706371798 -871960
1558706371798 -871960
1558706371798 -871959
1558706371798 -871958
1558706371798 -871957
1558706371798 -871956
1558706371798 -871956
1558706371798 -871955
1558706371798 -871951
1558706371798 -871950
1558706371798 -871950
1558706371798 -871949
1558706371798 -871948
1558706371798 -871943
1558706371798 -871943
1558706371798 -871943
1558706371798 -871943
1558706371798 -871942
1558706371798 -871942
1558706371798 -871941
1558706371798 -871940
1558706371798 -871939
1558706371798 -871938
1558706371798 -871937
1558706371798 -871936
1558706371798 -871934
1558706371798 -871933
1558706371798 -871932
1558706371798 -871931
1558706371798 -871929
1558706371798 -871928
1558706371798 -871928
1558706371798 -871928
1558706371798 -871927
1558706371798 -871924
1558706371798 -871923
1558706371798 -871921
1558706371798 -871920
1558706371798 -871919
1558706371798 -871916
1558706371798 -871916
1558706371798 -871915
1558706371798 -871915
1558706371798 -871913
1558706371798 -871913
1558706371921 -922261
1558706371921 -922261
1558706371921 -922255
1558706371921 -922250
1558706371921 -922249
1558706371921 -922249
1558706371921 -922241
1558706371921 -922236
1558706371921 -922235
1558706371921 -922233
1558706371921 -922231
1558706371921 -922226
1558706371921 -922222
1558706371921 -922220
1558706371921 -922219
1558706371921 -922218
1558706371921 -922211
1558706371921 -922208
1558706371921 -922206
1558706371921 -922204
1558706371921 -922202
1558706371921 -922195
1558706371921 -922195
1558706371921 -922193
1558706371921 -583476
1558706371921 -583472
1558706371921 -583469
1558706371921 -583468
1558706371921 -583466
1558706371921 -583465
1558706371921 -583465
1558706371921 -583464
1558706371921 -583463
1558706371921 -851617
1558706371921 -851615
1558706371921 -851611
1558706371921 -851610
1558706371921 -851602
1558706371921 -851596
1558706371921 -851593
1558706371921 -851589
1558706371921 -851571
1558706371921 -851570
1558706371921 -851569
1558706371921 -851566
1558706371921 -851566
1558706371921 -851538
1558706371921 -851531
1558706371921 -851531
1558706371921 -851529
1558706371921 -851517
1558706371921 -851517
1558706371921 -851517
1558706371921 -851517
1558706371921 -851514
1558706371921 -851513
1558706371921 -632629
1558706371921 -632629
1558706371921 -632625
1558706371921 -632616
1558706372173 -583714
1558706372173 -583711
1558706372173 -583706
1558706372173 -583705
1558706372173 -583704
1558706372173 -583699
1558706372173 -583696
1558706372173 -583693
1558706372173 -583692
1558706372173 -583688
1558706372173 -583688
1558706372173 -583687
1558706372173 -583686
1558706372173 -583685
1558706372173 -583683
1558706372173 -583682
1558706372173 -583681
1558706372173 -583675
1558706372173 -583674
1558706372173 -583672
1558706372173 -583671
1558706372173 -583669
1558706372173 -583661
1558706372173 -583659
1558706372173 -583658
1558706372173 -583655
1558706372173 -583654
1558706372173 -568941
1558706372173 -568932
1558706372173 -568918
1558706372173 -568916
1558706372173 -568913
1558706372173 -568912
1558706372173 -568908
1558706372173 -568906
1558706372173 -568904
1558706372173 -568898
1558706372173 -568895
1558706372173 -568894
1558706372173 -568890
1558706372173 -568887
1558706372173 -568885
1558706372173 -568882
1558706372173 -568858
1558706372173 -568852
1558706372173 -568851
1558706372173 -568848
1558706372173 -568837
1558706372173 -568830
1558706372173 -568828
1558706372173 -568822
1558706372173 -568818
1558706372173 -568809
1558706372173 -568809
1558706372173 -568804
1558706372173 -568803
1558706372173 -568803
1558706372173 -568803
1558706372173 -568801
1558706372173 -354351
1558706372173 -354346
1558706372173 -354346
1558706372173 -354344
1558706372173 -354342
1558706372173 -354335
1558706372193 -354354
1558706372193 -354354
1558706372193 -354351
1558706373173 -355329
1558706373173 -355328
1558706373173 -355327
1558706373173 -355323
1558706373173 -355317
1558706373173 -355314
1558706373173 -355311
1558706373173 -355309
1558706373173 -355306
1558706373173 -355305
1558706373173 -355304
1558706373173 -355301
1558706373173 -355293
1558706373173 -355291
1558706373173 -355285
1558706373173 -355282
1558706373173 -355282
1558706373173 -355280
1558706373173 -355280
1558706373173 -355279
1558706373173 -355278
1558706373173 -355277
1558706373173 -355273
1558706373173 -355272
1558706373173 -633863
1558706373173 -633863
1558706373173 -633859
1558706373173 -633858
1558706373173 -633857
1558706373173 -633854
1558706373173 -633854
1558706373173 -633853
1558706373173 -633853
1558706373173 -633850
1558706373173 -633840
1558706373173 -633837
1558706373173 -633834
1558706373173 -633832
1558706373173 -633829
1558706373173 -633829
1558706373173 -633828
1558706373173 -633825
1558706373173 -566281
1558706373173 -566280
1558706373173 -566274
1558706373173 -566266
1558706373173 -566266
1558706373173 -566264
1558706373173 -566259
1558706373173 -566259
1558706373173 -566258
1558706373173 -566256
1558706373173 -566252
1558706373173 -566244
1558706373173 -566237
1558706373173 -566236
1558706373173 -566234
1558706373173 -566233
1558706373173 -566229
1558706373173 -566228
1558706373173 -566221
1558706373173 -566220
1558706373173 -566212
1558706373173 -566211
1558706373173 -566206
1558706373173 -566202
1558706373173 -566197
1558706373173 -566197
1558706373173 -566195
1558706373173 -566193
1558706373173 -566187
1558706373173 -566187
1558706373173 -566175
1558706373173 -566172
1558706373173 -566168
1558706373173 -566168
1558706373173 -566164
1558706373173 -566160
1558706373173 -566159
1558706373173 -566158
1558706373173 -566157
1558706373173 -566156
1558706373173 -566156
1558706373173 -566154
1558706373173 -566149
1558706373173 -566147
1558706373173 -353306
1558706373173 -353306
1558706373173 -353305
1558706373173 -353300
1558706373173 -353298
1558706373173 -353297
1558706373173 -353296
1558706373173 -353291
1558706373173 -353286
1558706373173 -353282
1558706373173 -353282
1558706373173 -353282
1558706373173 -353280
1558706373173 -353276
1558706373173 -353275
1558706373173 -353265
1558706373173 -353257
1558706373173 -353255
1558706373173 -353254
1558706373173 -353253
1558706373173 -353244
1558706373173 -353242
1558706373173 -353241
1558706373173 -353238
1558706373173 -353235
1558706373173 -353233
1558706373173 -353232
1558706373173 -353231
1558706373173 -353231
1558706373173 -353224
1558706373173 -353218
1558706373173 -353218
1558706373173 -353218
1558706373173 -353217
1558706373173 -353213
1558706373173 -353212
1558706373173 -353208
1558706373173 -353207
1558706373173 -353205
1558706373173 -353204
1558706373174 -353204
1558706373174 -353201
1558706373174 -353200
1558706373174 -353194
1558706373174 -353192
1558706373174 -353191
1558706373174 -353083
1558706373174 -353080
1558706373174 -353080
1558706373174 -353078
1558706373174 -353076
1558706373174 -353074
1558706373174 -353068
1558706373174 -353068
1558706373174 -353066
1558706373174 -352957
1558706373174 -352957
1558706373174 -352956
1558706373174 -352956
1558706373174 -352953
1558706373174 -352952
1558706373174 -352950
1558706373174 -352949
1558706373174 -352948
1558706373174 -352947
1558706373174 -352944
1558706373174 -352944
1558706373174 -352943
1558706373174 -873289
1558706373174 -873289
1558706373174 -873288
1558706373174 -873288
1558706373174 -873286
1558706373174 -873285
1558706373174 -873284
1558706373174 -873284
1558706373174 -873284
1558706373174 -873283
1558706373174 -873283
1558706373174 -873281
1558706373174 -873279
1558706373174 -873279
1558706373174 -873279
1558706373174 -873277
1558706373174 -873274
1558706373174 -873273
1558706373174 -873273
1558706373174 -873271
1558706373174 -873270
1558706373174 -873269
1558706373174 -873269
1558706373174 -873268
1558706373174 -873267
1558706373174 -873265
1558706373174 -873264
1558706373174 -873264
1558706373174 -873264
1558706373174 -873262
1558706373174 -873261
1558706373174 -873260
1558706373174 -873256
1558706373174 -873256
1558706373174 -873256
1558706373174 -873255
1558706373174 -873255
1558706373174 -873255
1558706373174 -873254
1558706373174 -873252
1558706373174 -873252
1558706373174 -873251
1558706373174 -873250
1558706373174 -873247
1558706373174 -873247
1558706373174 -873247
1558706373174 -873246
1558706373174 -873246
1558706373174 -873244
1558706373174 -873243
1558706373174 -873243
1558706373174 -873243
1558706373174 -532725
1558706373174 -532725
1558706373174 -532723
1558706373174 -532722
1558706373174 -532722
1558706373174 -532722
1558706373174 -532721
1558706373174 -532720
1558706373174 -532720
1558706373174 -532717
1558706373174 -532714
1558706373174 -532712
1558706373174 -532711
1558706373174 -532710
1558706373174 -532706
1558706373174 -532706
1558706373174 -532705
1558706373174 -532704
1558706373174 -532703
1558706373174 -532703
1558706373174 -532702
1558706373174 -532701
1558706373174 -532700
1558706373174 -532699
1558706373174 -532697
1558706373174 -532697
1558706373174 -532694
1558706373174 -532692
1558706373174 -532689
1558706373174 -532688
1558706373174 -532688
1558706373174 -532688
1558706373174 -532687
1558706373174 -532686
1558706373174 -532685
1558706373174 -532684
1558706373174 -532684
1558706373174 -532681
1558706373174 -532681
1558706373174 -532679
1558706373174 -532678
1558706373174 -532678
1558706373174 -532677
1558706373174 -532677
1558706373174 -532677
1558706373174 -532676
1558706373174 -532674
1558706373174 -532672
1558706373174 -532666
1558706373174 -532666
1558706373174 -532664
1558706373174 -532664
1558706373174 -532664
1558706373174 -532664
1558706373174 -532664
1558706373261 -532750
1558706373261 -532750
1558706373261 -532749
1558706373261 -532748
1558706373261 -532748
1558706373261 -532745
1558706373261 -532741
1558706373261 -532740
1558706373261 -532740
1558706373261 -532739
1558706373261 -532739
1558706373261 -532738
1558706373261 -532734
1558706373261 -532734
1558706373261 -532733
1558706373261 -532733
1558706373261 -532733
1558706373261 -532732
1558706373261 -532731
1558706373261 -532730
1558706373261 -532729
1558706373261 -532729
1558706373261 -532728
1558706373261 -532727
1558706373261 -532726
1558706373261 -532726
1558706373261 -532725
1558706373261 -532724
1558706373261 -532722
1558706373261 -532720
1558706373261 -532719
1558706373261 -532716
1558706373261 -532715
1558706373261 -532715
1558706373261 -532714
1558706373261 -532713
1558706373261 -532711
1558706373261 -532709
1558706373261 -532708
1558706373261 -532708
1558706373261 -532707
1558706373261 -532704
1558706373261 -198984
1558706373261 -198973
1558706373261 -198972
1558706373261 -198972
1558706373261 -198957
1558706373261 -198951
1558706373261 -198950
1558706373261 -198948
1558706373261 -198948
1558706373261 -198941
1558706373261 -198937
1558706373261 -198936
1558706373261 -198931
1558706373261 -198927
1558706373261 -198917
1558706373261 -198917
1558706373261 -198915
1558706373261 -198915
1558706373261 -198913
1558706373261 -198911
1558706373261 -198906
1558706373261 -198902
1558706373261 -198894
1558706373261 -198891
1558706373261 -198890
1558706373261 -198888
1558706373261 -198886
1558706373261 -198884
1558706373261 -198883
1558706373261 -198881
1558706373261 -198873
1558706373261 -198870
1558706373261 -198869
1558706373261 -198864
1558706373261 -198858
1558706373261 -198857
1558706373261 -198857
1558706373261 -198853
1558706373261 -198853
1558706373261 -198851
1558706373261 -198849
1558706373261 -198847
1558706373261 -198839
1558706373261 -198835
1558706373261 -198829
1558706373261 -198828
1558706373261 -198826
1558706373261 -198825
1558706373261 -198799
1558706373261 -198795
1558706373261 -198794
1558706373261 -198793
1558706373261 -198791
1558706373261 -198791
1558706373261 -198788
1558706373261 -198788
1558706373261 -198785
1558706373261 -198784
1558706373261 -198781
1558706373261 -198781
1558706373261 -198780
1558706373261 -198780
1558706373261 -198780
1558706373261 -198777
1558706373261 -198774
1558706373261 -198773
1558706373261 -198769
1558706373261 -198769
1558706373261 -198766
1558706373261 -198766
1558706373261 -198765
1558706373261 -198765
1558706373261 -198765
1558706373261 -198764
1558706373261 -198764
1558706373261 -198763
1558706373261 -198763
1558706373261 -198761
1558706373261 -198761
1558706373261 -198760
1558706373261 -198758
1558706373261 -198755
1558706373261 -198752
1558706373261 -198750
1558706373261 -198749
1558706373261 -198749
1558706373261 -198749
1558706373261 -198748
1558706373261 -198748
1558706373261 -198747
1558706373261 -198747
1558706373261 -198747
1558706373261 -198744
1558706373261 -198742
1558706373261 -198740
1558706373261 -198738
1558706373261 -198736
1558706373261 -198736
1558706373261 -198735
1558706373261 -198735
1558706373261 -198734
1558706373261 -198734
1558706373261 -198733
1558706373261 -198726
1558706373261 -198725
1558706373261 -198721
1558706373261 -198721
1558706373261 -198718
1558706373261 -198579
1558706373261 -198578
1558706373261 -198578
1558706373261 -198578
1558706373261 -198577
1558706373261 -198577
1558706373261 -198577
1558706373261 -198575
1558706373261 -198575
1558706373261 -198574
1558706373261 -198573
1558706373261 -198573
1558706373261 -198573
1558706373261 -198572
1558706373261 -198570
1558706373261 -198570
1558706373261 -198451
1558706373261 -198451
1558706373261 -198451
1558706373261 -198450
1558706373261 -198450
1558706373261 -198450
1558706373261 -198450
1558706373261 -198449
1558706373261 -198449
1558706373261 -198449
1558706373261 -198449
1558706373261 -198448
1558706373261 -198448
1558706373261 -198448
1558706373261 -198448
1558706373261 -198448
1558706373261 -198447
1558706373261 -198447
1558706373261 -198447
1558706373261 -198447
1558706373261 -198447
1558706373261 -198445
1558706373261 -198444
1558706373261 -198319
1558706373261 -198318
1558706373261 -198318
1558706373261 -198317
1558706373261 -198317
1558706373261 -198317
