1558705357417 -235073
1558705357417 -235073
1558705357417 -235072
1558705357417 -235072
1558705357417 -235072
1558705357417 -235071
1558705357417 -235070
1558705357417 -235070
1558705357417 -234788
1558705357417 -234788
1558705357417 -234787
1558705357417 -234787
1558705357417 -234787
1558705357417 -234787
1558705357417 -233662
1558705357417 -233662
1558705357417 -233662
1558705357417 -233662
1558705357417 -233662
1558705357417 -233662
1558705357417 -233661
1558705357417 -233661
1558705357417 -233661
1558705357417 -233661
1558705357417 -233661
1558705357417 -233484
1558705357417 -233484
1558705357417 -233483
1558705357417 -233483
1558705357417 -233483
1558705357417 -233483
1558705357417 -232621
1558705357417 -232621
1558705357417 -232620
1558705357417 -232620
1558705357417 -232620
1558705357417 -232413
1558705357417 -232413
1558705357417 -232412
1558705357417 -231579
1558705357417 -231579
1558705357417 -231579
1558705357417 -231579
1558705357417 -231579
1558705357417 -233112
1558705357417 -233112
1558705357417 -233112
1558705357417 -233112
1558705357417 -233112
1558705357417 -233111
1558705357418 -232929
1558705357418 -232929
1558705357418 -232929
1558705357418 -232928
1558705357418 -232928
1558705357418 -232928
1558705357418 -232928
1558705357418 -232928
1558705357418 -232046
1558705357418 -232046
1558705357418 -231897
1558705357418 -231897
1558705357418 -231897
1558705357418 -231897
1558705357418 -231897
1558705357418 -231897
1558705357418 -231897
1558705357418 -231897
1558705357418 -231897
1558705357418 -231897
