1558705357299 -232998
1558705357299 -232998
1558705357299 -232998
1558705357299 -232997
1558705357299 -232997
1558705357300 -232998
1558705357300 -232998
1558705357300 -232807
1558705357300 -232807
1558705357300 -232807
1558705357300 -232807
1558705357300 -232807
1558705357300 -232806
1558705357300 -232806
1558705357300 -231936
1558705357300 -231936
1558705357300 -231933
1558705357300 -231933
1558705357300 -231933
1558705357300 -231933
1558705357300 -231932
1558705357300 -231932
1558705357300 -231835
1558705357300 -231835
1558705357300 -231835
1558705357300 -231834
1558705357300 -231834
1558705357300 -231082
1558705357300 -231082
1558705357300 -231082
1558705357300 -231082
1558705357300 -231081
1558705357300 -231081
1558705357300 -231081
1558705357300 -231035
1558705357300 -231034
1558705357435 -235251
1558705357435 -235251
1558705357435 -233989
1558705357435 -233989
1558705357435 -233897
1558705357435 -233897
1558705357435 -233897
1558705357435 -233897
1558705357435 -233897
1558705357435 -233896
1558705357435 -233896
1558705357435 -233345
1558705357435 -233345
1558705357435 -233345
1558705357435 -232778
1558705357435 -232778
1558705357435 -232778
1558705357435 -232778
1558705357435 -232778
1558705357435 -232778
1558705357435 -232777
1558705357435 -232777
1558705357435 -232777
1558705357435 -232258
1558705357435 -232258
1558705357435 -232258
1558705357435 -232258
1558705357435 -232258
1558705357435 -232257
1558705357435 -231761
1558705357435 -231760
1558705357435 -231760
1558705357435 -231760
1558705357435 -231760
1558705357435 -231760
1558705669189 -544620
1558705669189 -544620
1558705669189 -544620
1558705669189 -544620
1558705669189 -544619
1558705669189 -544619
1558705669189 -544619
1558705669189 -544619
1558705669189 -544619
1558705669189 -544085
1558705669189 -544085
1558705669189 -544085
1558705669189 -544084
1558705669189 -544084
1558705669189 -544083
1558705669189 -544083
1558705669189 -544083
1558705669189 -544083
1558705669189 -544005
1558705669189 -544005
1558705669189 -544005
1558705669189 -544005
1558705669189 -542948
1558705669189 -542948
1558705669189 -542948
1558705669189 -542948
1558705669189 -542948
1558705669189 -542948
1558705669189 -542947
1558705669189 -542605
1558705669214 -542626
1558705669265 -544892
1558705669265 -544891
1558705669265 -544891
1558705669265 -544891
1558705669265 -544890
1558705669265 -544890
1558705669265 -544890
1558705669265 -543977
1558705669265 -543976
1558705669265 -543975
1558705669265 -543975
1558705669265 -543975
1558705669265 -543142
1558705669265 -543142
1558705669265 -543142
1558705669265 -543141
1558705669265 -543141
1558705669265 -543141
1558705669265 -542626
1558705669265 -544632
1558705669265 -544632
1558705669265 -544632
1558705669265 -544632
1558705669265 -544632
1558705669265 -544631
1558705669265 -544631
1558705669265 -544631
1558705669265 -544183
1558705669265 -544183
1558705669265 -542976
1558705669265 -542976
1558705669265 -542976
1558705669265 -542714
1558705669265 -542714
1558705669265 -542714
1558705669265 -542714
1558705669265 -542714
1558705669265 -542713
1558705796876 -669192
1558705796876 -669192
1558705796876 -669189
1558705796876 -669189
1558705796876 -669189
1558705796876 -669188
1558705796876 -669188
1558705796876 -669188
1558705796876 -669188
1558705796876 -668415
1558705796876 -668415
1558705796876 -668415
1558705796876 -668415
1558705796876 -668415
1558705796876 -668324
1558705796876 -668323
1558705796876 -668323
1558705796876 -668323
1558705796876 -668321
1558705796876 -668321
1558705796876 -667646
1558705796876 -667646
1558706015050 -862476
1558706015050 -862466
1558706015050 -862453
1558706015050 -862440
1558706015050 -862439
1558706015050 -862439
1558706015050 -862424
1558706015050 -862357
1558706015050 -859949
1558706015050 -859948
1558706015050 -859948
1558706015050 -859948
1558706015050 -859946
1558706015050 -859946
1558706015050 -859935
1558706015050 -859931
1558706015050 -859926
1558706015050 -859923
1558706015050 -859897
1558706015050 -859896
1558706015050 -859896
1558706015050 -859887
1558706015050 -859884
1558706015050 -859879
1558706015050 -859865
1558706015050 -859863
1558706015050 -859858
1558706015050 -859856
1558706015050 -859850
1558706015050 -859844
1558706015050 -859813
1558706015050 -859808
1558706015050 -859805
1558706015050 -859804
1558706015050 -859803
1558706015050 -859801
1558706015050 -859799
1558706015050 -859791
1558706015050 -859789
1558706015050 -859788
1558706015050 -859766
1558706015050 -859758
1558706015050 -859756
1558706015050 -859755
1558706015050 -859753
1558706015050 -859743
1558706015050 -859733
1558706015050 -859722
1558706015050 -859722
1558706015050 -859702
1558706015050 -859695
1558706015050 -859685
1558706015050 -859684
1558706015050 -859680
1558706015050 -859679
1558706015050 -859677
1558706015050 -859677
1558706015050 -859677
1558706015050 -859654
1558706015050 -859635
1558706015050 -859635
1558706015050 -859632
1558706015050 -859588
1558706015050 -859587
1558706015050 -859587
1558706015050 -859587
1558706015050 -859587
1558706015050 -859548
1558706015050 -859544
1558706015050 -859535
1558706015050 -859534
1558706015050 -859534
1558706015050 -859533
1558706015050 -859529
1558706015050 -859520
1558706015050 -859508
1558706015050 -859503
1558706015050 -859496
1558706015050 -859481
1558706015050 -859478
1558706015050 -859476
1558706015050 -859473
1558706015050 -859473
1558706015050 -859472
1558706015050 -859470
1558706015050 -859468
1558706015050 -859459
1558706015050 -859452
1558706015050 -859451
1558706015050 -859442
1558706015050 -859440
1558706015050 -859428
1558706015050 -859419
1558706015050 -859392
1558706015050 -859389
1558706015050 -859383
1558706015050 -859381
1558706015050 -859371
1558706015050 -859369
1558706015050 -859365
1558706015050 -859365
1558706015050 -859361
1558706015050 -859357
1558706015050 -859356
1558706015050 -859339
1558706015050 -859329
1558706015050 -859328
1558706015050 -859326
1558706015050 -859321
1558706015050 -859315
1558706015050 -859304
1558706015050 -859296
1558706015050 -859285
1558706015050 -859280
1558706015050 -859271
1558706015050 -859258
1558706015050 -859257
1558706015050 -859234
1558706015050 -859231
1558706015050 -859226
1558706015050 -859211
1558706015050 -859211
1558706015050 -859201
1558706015050 -859198
1558706015050 -859193
1558706015050 -859188
1558706015050 -859148
1558706015050 -859148
1558706015050 -859147
1558706015050 -859138
1558706015050 -859138
1558706015050 -859137
1558706015050 -859137
1558706015050 -859137
1558706015050 -859137
1558706015050 -859137
1558706015050 -859125
1558706015050 -859124
1558706015050 -859124
1558706015050 -859124
1558706015050 -859123
1558706015050 -859123
1558706015050 -859103
1558706015050 -859064
1558706015050 -859060
1558706015050 -859060
1558706015050 -859023
1558706015050 -859021
1558706015050 -858973
1558706015050 -858971
1558706015050 -858971
1558706015050 -858970
1558706015050 -858970
1558706015050 -858969
1558706015050 -858958
1558706015050 -858955
1558706015050 -858955
1558706015050 -858950
1558706015050 -858941
1558706015050 -858924
1558706015050 -858921
1558706015050 -858912
1558706015050 -858910
1558706015050 -858909
1558706015050 -858905
1558706015050 -858903
1558706015050 -858897
1558706015050 -858894
1558706015050 -858883
1558706015050 -858877
1558706015050 -858872
1558706015050 -858871
1558706015050 -858869
1558706015050 -858867
1558706015050 -858865
1558706015050 -858863
1558706015050 -858863
1558706015050 -858854
1558706015050 -858854
1558706015050 -858851
1558706015050 -858849
1558706015050 -657910
1558706015050 -657826
1558706015050 -657821
1558706015050 -657809
1558706015050 -657805
1558706015050 -657745
1558706015050 -657744
1558706015050 -657744
1558706015050 -657744
1558706015050 -651467
1558706015050 -651464
1558706015050 -651464
1558706015050 -651462
1558706015050 -651459
1558706015050 -651459
1558706015050 -651453
1558706015050 -651453
1558706115239 -989154
1558706115239 -989154
1558706115239 -989153
1558706115239 -988879
1558706115239 -988878
1558706115239 -988878
1558706115239 -954951
1558706115239 -954950
1558706115239 -954949
1558706115239 -954949
1558706115239 -954948
1558706115239 -954947
1558706115239 -954946
1558706115240 -954947
1558706115240 -954943
1558706115240 -954942
1558706115240 -954942
1558706115240 -954941
1558706115240 -954941
1558706115240 -954940
1558706115240 -954939
1558706115240 -954939
1558706115240 -954938
1558706115240 -954906
1558706115240 -954904
1558706115240 -954904
1558706115240 -954899
1558706115240 -954895
1558706115240 -954894
1558706115240 -954893
1558706115240 -954893
1558706115240 -954893
1558706115240 -954891
1558706115240 -954886
1558706115240 -954885
1558706115240 -954885
1558706115240 -954884
1558706115240 -954883
1558706115240 -954855
1558706115240 -954855
1558706115240 -954855
1558706115240 -954855
1558706115240 -954851
1558706115240 -954851
1558706115240 -954851
1558706115240 -954851
1558706115240 -954851
1558706115240 -954851
1558706115240 -954851
1558706115240 -954851
1558706115240 -954850
1558706115240 -954850
1558706115240 -954850
1558706115240 -954850
1558706115240 -954850
1558706115240 -954850
1558706115240 -954849
1558706115240 -954849
1558706115240 -954782
1558706115240 -954781
1558706115240 -954781
1558706115240 -954780
1558706115240 -954780
1558706115240 -954778
1558706115240 -954778
1558706115240 -954778
1558706115240 -954778
1558706115240 -954776
1558706115240 -954703
1558706115240 -954702
1558706115240 -954701
1558706115240 -954701
1558706115240 -954699
1558706115240 -954694
1558706115240 -954694
1558706115240 -954692
1558706115240 -954612
1558706115240 -954611
1558706115240 -954611
1558706115240 -954611
1558706115240 -954611
1558706115240 -954611
1558706115240 -954608
1558706115240 -954600
1558706115240 -954599
1558706115240 -954593
1558706115240 -954587
1558706115240 -954474
1558706115240 -954473
1558706115240 -954473
1558706115240 -954473
1558706115240 -954473
1558706115240 -954472
1558706115240 -954468
1558706115240 -954468
1558706115240 -954468
1558706115240 -954468
1558706115240 -954467
1558706115240 -954467
1558706115240 -954350
1558706115240 -954350
1558706115240 -954347
1558706115240 -954347
1558706115240 -954346
1558706115240 -954341
1558706115240 -954340
1558706115240 -954316
1558706115240 -954313
1558706115240 -954311
1558706115240 -954311
1558706115240 -954284
1558706115240 -954284
1558706115240 -954284
1558706115240 -954283
1558706115240 -954283
1558706115240 -954280
1558706115240 -954280
1558706115240 -954280
1558706115240 -954280
1558706115240 -954280
1558706115240 -954280
1558706115240 -954280
1558706115240 -954280
1558706115240 -954280
1558706115240 -954280
1558706115240 -954279
1558706115240 -954279
1558706115240 -954264
1558706115240 -954218
1558706115240 -954218
1558706115240 -954215
1558706115240 -954203
1558706115240 -954203
1558706115240 -954202
1558706115240 -954202
1558706115240 -954202
1558706115240 -954202
1558706115240 -954201
1558706115240 -954200
1558706115240 -954179
1558706115240 -954179
1558706115240 -954177
1558706115240 -954176
1558706115240 -954124
1558706115240 -954119
1558706115240 -954119
1558706115240 -954107
1558706115240 -954107
1558706115240 -954107
1558706115240 -954106
1558706115240 -954106
1558706115240 -954098
1558706115240 -954041
1558706115241 -954042
1558706115241 -954041
1558706115241 -954041
1558706115241 -954038
1558706115241 -954036
1558706115241 -954021
1558706115241 -954006
1558706115241 -954004
1558706115241 -954004
1558706115241 -954004
1558706115241 -954003
1558706115241 -954002
1558706115241 -953986
1558706115241 -953982
1558706115241 -953977
1558706115241 -953976
1558706115241 -953970
1558706115241 -953969
1558706115241 -953960
1558706115241 -953958
1558706115241 -953945
1558706115241 -953943
1558706115241 -953941
1558706115241 -953940
1558706115241 -953936
1558706115241 -953935
1558706115241 -953934
1558706115241 -953930
1558706115241 -953923
1558706115241 -953921
1558706115241 -953917
1558706115241 -953910
1558706115241 -953904
1558706115241 -953902
1558706115241 -953899
1558706115241 -953897
1558706115241 -953895
1558706115241 -953894
1558706115241 -953887
1558706115241 -953885
1558706115241 -953884
1558706370829 -1244241
1558706370829 -1243607
1558706370829 -1243607
1558706370829 -1243607
1558706370829 -1243607
1558706370829 -1243607
1558706370829 -1243607
1558706370829 -1243606
1558706370829 -1243606
1558706370829 -1243606
1558706370829 -1243368
1558706370829 -1243368
1558706370829 -1243367
1558706370829 -1180997
1558706370829 -1180996
1558706370829 -1180994
1558706370829 -1180994
1558706370829 -1180994
1558706370829 -1180993
1558706370829 -1180987
1558706370829 -1180985
1558706370829 -1180983
1558706370829 -1180982
1558706370829 -1180974
1558706370829 -1180969
1558706370829 -1180967
1558706370829 -1180967
1558706370829 -1180963
1558706370829 -1180961
1558706370829 -1180961
1558706370829 -1180960
1558706370829 -1180951
1558706370829 -1180950
1558706370829 -1180949
1558706370829 -1180943
1558706370829 -1180931
1558706370829 -1180931
1558706370829 -1180926
1558706370829 -1180922
1558706370829 -1180918
1558706370829 -1180915
1558706370829 -1180915
1558706370829 -1180913
1558706370829 -1180913
1558706370829 -1180913
1558706370829 -1180910
1558706370829 -1180910
1558706370973 -1244333
1558706370973 -1243784
1558706370973 -1243784
1558706370973 -1243784
1558706370973 -1243784
1558706370973 -1243784
1558706370973 -1243784
1558706371052 -1243862
1558706371052 -1243862
1558706371052 -1243862
1558706371052 -1243203
1558706371052 -1243203
1558706371052 -1243203
1558706371052 -1243203
1558706371052 -1243202
1558706371052 -1243202
1558706371052 -1243202
1558706371052 -1243202
1558706371052 -1174106
1558706371052 -1174106
1558706371052 -1174105
1558706371052 -1174104
1558706371052 -1174101
1558706371052 -1174100
1558706371052 -1174093
1558706371052 -1174092
1558706371052 -1174090
1558706371052 -1174089
1558706371052 -1174089
1558706371052 -1174084
1558706371052 -1174083
1558706371052 -1174082
1558706371052 -1174082
1558706371052 -1174081
1558706371052 -1174078
1558706371052 -1174077
1558706371052 -1174074
1558706371052 -1174072
1558706371052 -1174071
1558706371052 -1243820
1558706371052 -1243820
1558706371052 -1243816
1558706371052 -1243816
1558706371052 -1243816
1558706371052 -1243600
1558706371052 -1243600
1558706371052 -1243600
1558706371052 -1243599
1558706371052 -1243599
1558706371052 -1243599
1558706371052 -1243599
1558706371052 -1243599
1558706371052 -1243599
1558706371052 -1171701
1558706371052 -1171701
1558706371052 -1171697
1558706371052 -1171692
1558706371052 -1171691
1558706371052 -1171686
1558706371169 -1241939
1558706371169 -1241939
1558706371169 -1241938
1558706371169 -1241938
1558706371169 -1241938
1558706371169 -1241938
1558706371169 -1241829
1558706371169 -1241829
1558706371169 -1241829
1558706371169 -1241829
1558706371169 -1241828
1558706371169 -1241828
1558706371169 -1241365
1558706371169 -1241365
1558706371169 -1114418
1558706371169 -1114418
1558706371169 -1114417
1558706371169 -1114414
1558706371169 -1114413
1558706371169 -1114413
1558706371169 -1114409
1558706371169 -1114408
1558706371169 -1114408
1558706371169 -1114406
1558706371169 -1114404
1558706371169 -1114404
1558706371169 -1114401
1558706371169 -1114399
1558706371169 -1114397
1558706371169 -1114393
1558706371169 -1114393
1558706371169 -1114392
1558706371169 -1114392
1558706371169 -1114392
1558706371169 -1114391
1558706371169 -1114386
1558706371859 -1181938
1558706371859 -1181937
1558706371859 -1181930
1558706371859 -1181929
1558706371859 -1181920
1558706371859 -1181911
1558706371859 -1181911
1558706371859 -1181911
1558706371859 -1181910
1558706371859 -1181900
1558706371859 -1181899
1558706371859 -1181896
1558706371859 -1181894
1558706371859 -1181893
1558706371859 -1181892
1558706371859 -1181889
1558706371859 -1181880
1558706371859 -1181878
1558706371859 -846795
1558706371859 -846792
1558706371859 -846791
1558706371859 -846791
1558706371859 -846779
1558706371859 -1174876
1558706371859 -1174876
1558706371859 -1174876
1558706371859 -1174873
1558706371859 -1174871
1558706371859 -1174861
1558706371859 -1174859
1558706371859 -1174858
1558706371859 -1174858
1558706371859 -1174855
1558706371859 -1174850
1558706371859 -1174849
1558706371859 -1174846
1558706371859 -1174846
1558706371859 -1174845
1558706371859 -1174844
1558706371859 -1174843
1558706371859 -1174842
1558706371859 -846629
1558706371859 -846629
1558706371859 -846629
1558706371859 -846628
1558706371859 -846628
1558706371859 -846625
1558706371859 -846625
1558706371859 -846623
1558706371859 -846620
1558706371859 -846615
1558706371859 -846613
1558706371859 -846608
1558706372123 -1172741
1558706372123 -1172736
1558706372123 -1172734
1558706372123 -1172733
1558706372123 -1172732
1558706372123 -1172727
1558706372123 -1172727
1558706372123 -1172724
1558706372123 -1172722
1558706372123 -1172721
1558706372123 -1172715
1558706372123 -1172715
1558706372123 -1172711
1558706372123 -1172709
1558706372123 -1172708
1558706372123 -1172705
1558706372123 -1172705
1558706372123 -1172704
1558706372123 -1172701
1558706372123 -1172700
1558706372123 -1172697
1558706372123 -1172696
1558706372123 -837095
1558706372123 -837094
1558706372123 -837093
1558706372123 -837093
1558706372123 -837093
1558706372123 -837089
1558706372123 -837087
1558706372123 -837081
1558706372123 -837079
1558706372123 -837076
1558706372123 -837072
1558706372123 -837070
1558706372123 -837066
1558706372123 -837066
1558706372123 -837059
1558706372123 -837059
1558706374497 -849243
1558706374497 -849242
1558706374497 -849239
1558706374497 -849238
1558706374497 -849219
1558706374497 -849217
1558706374497 -849217
1558706374497 -849217
1558706374497 -849216
1558706374497 -849210
1558706374497 -849207
1558706374497 -849206
1558706374497 -849205
1558706374497 -849204
1558706374497 -849204
1558706374497 -849202
1558706374497 -849200
1558706374497 -849199
1558706374497 -849198
1558706374497 -849197
1558706374497 -849194
1558706374497 -849193
1558706374497 -849193
1558706374497 -849189
1558706374497 -849188
1558706374497 -849187
1558706374497 -849187
1558706374497 -624156
1558706374497 -624154
1558706374497 -624141
1558706374497 -624141
1558706374497 -624140
1558706374497 -624112
1558706374497 -624112
1558706374497 -624112
1558706374497 -624112
1558706374497 -624112
1558706374497 -624111
1558706374497 -624111
1558706374497 -624111
1558706374497 -624111
1558706374497 -624111
1558706374497 -624111
1558706374497 -624111
1558706374497 -624083
1558706374497 -624083
1558706374497 -624076
1558706374497 -624066
1558706374497 -624061
1558706374497 -624057
1558706374497 -624052
1558706374497 -624049
1558706374497 -624048
1558706374497 -624047
1558706374497 -624042
1558706374497 -624040
1558706374498 -1117709
1558706374498 -1117708
1558706374498 -1117707
1558706374498 -1117702
1558706374498 -1117700
1558706374498 -1117699
1558706374498 -1117698
1558706374498 -1117697
1558706374498 -1117697
1558706374498 -1117691
1558706374498 -1117689
1558706374498 -1117689
1558706374498 -1117688
1558706374498 -1117682
1558706374498 -1117680
1558706374498 -1117680
1558706374498 -1117675
1558706374498 -1117672
1558706374498 -1117670
1558706374498 -1117665
1558706374498 -1117663
1558706374498 -656511
1558706374498 -656509
1558706374498 -656508
1558706374498 -656445
1558706374498 -656445
1558706374498 -656445
1558706374498 -656445
1558706374498 -656445
1558706374498 -656445
1558706374498 -656445
1558706374498 -656444
1558706374498 -656444
1558706374498 -656444
1558706374498 -656444
1558706374498 -656444
1558706374498 -656444
1558706374498 -656431
1558706374498 -656430
1558706374498 -656430
1558706374498 -656430
1558706374498 -656429
1558706374498 -656389
1558706374498 -656381
1558706374498 -656377
1558706374498 -656376
1558706374498 -656372
1558706374498 -656370
1558706374498 -656352
1558706374498 -656351
1558706374498 -656342
1558706374498 -656319
1558706374499 -656314
1558706374499 -656314
1558706374499 -656308
1558706374499 -656303
1558706374499 -656297
1558706374499 -656283
1558706374499 -656279
1558706374499 -656278
1558706374499 -656275
1558706374499 -656271
1558706374499 -656262
1558706374499 -656252
1558706374499 -656246
1558706374499 -656245
1558706374499 -656244
1558706374499 -624029
1558706374499 -624028
1558706374499 -624020
1558706374499 -624005
1558706374499 -623989
1558706374499 -623984
1558706374499 -623984
1558706374499 -623976
1558706374499 -623975
1558706374499 -623973
1558706374499 -623970
1558706374499 -623968
1558706374499 -623950
1558706374499 -623948
1558706374499 -623928
1558706374499 -623917
1558706374499 -517665
1558706374499 -517663
1558706374499 -517566
1558706374499 -517566
1558706374499 -517565
1558706374499 -517563
1558706374499 -517563
1558706374499 -517562
1558706374499 -517562
1558706374499 -517561
1558706374499 -517561
1558706374499 -517551
1558706374499 -517541
1558706374499 -517541
1558706374499 -517541
1558706374499 -517541
1558706374499 -517541
1558706374499 -517541
1558706374499 -517541
1558706374499 -517541
1558706374499 -517541
1558706374499 -517541
1558706374499 -517541
1558706374499 -517541
1558706374499 -517541
1558706374499 -517539
1558706374499 -517538
1558706374499 -517538
1558706374499 -517535
1558706374499 -517378
1558706374499 -839433
1558706374499 -839431
1558706374499 -839426
1558706374499 -839425
1558706374499 -839425
1558706374499 -839421
1558706374499 -839409
1558706374499 -839408
1558706374499 -839408
1558706374499 -839405
1558706374499 -839403
1558706374499 -839401
1558706374499 -839399
1558706374499 -839398
1558706374499 -839382
1558706374499 -839381
1558706374499 -839381
1558706374499 -839375
1558706374499 -505367
1558706374499 -505341
1558706374499 -505340
1558706374499 -505340
1558706374499 -505340
1558706374499 -505340
1558706374499 -505340
1558706374499 -505340
1558706374499 -505339
1558706374499 -505328
1558706374499 -505328
1558706374499 -505328
1558706374499 -505328
1558706374499 -505328
1558706374499 -505328
1558706374499 -505328
1558706374499 -505328
1558706374499 -505327
1558706374499 -505327
1558706374499 -505327
1558706374499 -505327
1558706374499 -505323
1558706374499 -505323
1558706374499 -505323
1558706374499 -505322
1558706374499 -505292
1558706374499 -505288
1558706374499 -505257
1558706374499 -505255
1558706374499 -505252
1558706374499 -505241
1558706374499 -505241
1558706374499 -505234
1558706374499 -505232
1558706374499 -505232
1558706374499 -505230
1558706374499 -505230
1558706374499 -505230
1558706374500 -505213
1558706374500 -505206
1558706374500 -505203
1558706374500 -505201
1558706374500 -505199
1558706374500 -505195
1558706374500 -505187
1558706374500 -505183
1558706374500 -505180
1558706374500 -505180
1558706374500 -505178
1558706374500 -505174
1558706374500 -505172
1558706374500 -505167
1558706374500 -505164
1558706374500 -505163
1558706374500 -505162
1558706374500 -505157
1558706374500 -505153
1558706374500 -286242
1558706374500 -286239
1558706374500 -286237
1558706374500 -286236
1558706374500 -286232
1558706374500 -286231
1558706374500 -286228
1558706374500 -286227
1558706374500 -286226
1558706374500 -286225
1558706374500 -286225
1558706374500 -286225
1558706374500 -286224
1558706374500 -286224
1558706374500 -286222
1558706374500 -286218
1558706374500 -286216
1558706374500 -286215
1558706374500 -286210
1558706374500 -286208
1558706374500 -286207
1558706374500 -286206
1558706374500 -286205
1558706374500 -286204
1558706374500 -286204
1558706374500 -286204
1558706374500 -286204
1558706374500 -286203
1558706374500 -656240
1558706374500 -656240
1558706374500 -656198
1558706374500 -656198
1558706374500 -656197
1558706374500 -656197
1558706374500 -656197
1558706374500 -656169
1558706374500 -656169
1558706374500 -656169
1558706374500 -656169
1558706374500 -656169
1558706374500 -656169
1558706374500 -656169
1558706374500 -656169
1558706374500 -656169
1558706374500 -656169
1558706374500 -656169
1558706374500 -656169
1558706374500 -656164
1558706374500 -656164
1558706374500 -656164
1558706374500 -656163
1558706374500 -320631
1558706374500 -320630
1558706374500 -320630
1558706374500 -320623
1558706374500 -320623
1558706374500 -320622
1558706374500 -320622
1558706374500 -320622
1558706374500 -320621
1558706374500 -320621
1558706374500 -320621
1558706374500 -320619
1558706374500 -320619
1558706374500 -320618
1558706374500 -320618
1558706374500 -320614
1558706374500 -320612
1558706374500 -320610
1558706374500 -320610
1558706374500 -320607
1558706374500 -320599
1558706374500 -320598
1558706374500 -320593
1558706374500 -320591
1558706374500 -320590
1558706374500 -320590
1558706374500 -320585
1558706374500 -320584
1558706374500 -320581
1558706374500 -320577
1558706374500 -320571
1558706374500 -320569
1558706374500 -320561
1558706374500 -320559
1558706374500 -320557
1558706374500 -320555
1558706374500 -320554
1558706374500 -320554
1558706374500 -320552
1558706374500 -320548
1558706374500 -320543
1558706374500 -320543
1558706374500 -320543
1558706374500 -320538
1558706374500 -210048
1558706374500 -210046
1558706374500 -210045
1558706374500 -210043
1558706374500 -210037
1558706374500 -210028
1558706374500 -210025
1558706374500 -210024
1558706374500 -210019
1558706374500 -210019
1558706374500 -210018
1558706374500 -210018
1558706374500 -210017
1558706374500 -210017
1558706374500 -210009
1558706374500 -210008
1558706374500 -210007
1558706374500 -210006
1558706374500 -209898
1558706374500 -209895
1558706374500 -209895
1558706374500 -209894
1558706374500 -209893
1558706374500 -209891
1558706374500 -209890
1558706374500 -209887
1558706374500 -209886
1558706374500 -209885
1558706374500 -209883
1558706374500 -209882
1558706374500 -209881
1558706374500 -209881
1558706374500 -209818
1558706374500 -209818
1558706374500 -209816
1558706374500 -209813
1558706374500 -209808
1558706374500 -209808
1558706374500 -209807
1558706374500 -209805
1558706374500 -209730
1558706374500 -209726
1558706374500 -209721
1558706374500 -209721
1558706374500 -209720
1558706374500 -209720
1558706374500 -209720
1558706374500 -209718
1558706374500 -209718
1558706374500 -209717
1558706374500 -209716
1558706374500 -209715
1558706374500 -209641
1558706374500 -209636
1558706374500 -209636
1558706374500 -209633
1558706374500 -209629
1558706374500 -209626
1558706374500 -209625
1558706374500 -209555
1558706374500 -209554
1558706374500 -209554
1558706374500 -209553
1558706374500 -209550
1558706374500 -209550
1558706374500 -209550
1558706374500 -209549
1558706374500 -209548
1558706374500 -209545
1558706374500 -209544
1558706374500 -209542
1558706374500 -209539
1558706374500 -209539
1558706374501 -517358
1558706374501 -517358
1558706374501 -517358
1558706374501 -517337
1558706374501 -517331
1558706374501 -517330
1558706374501 -517324
1558706374501 -517300
1558706374501 -517299
1558706374501 -517297
1558706374501 -517295
1558706374501 -517271
1558706374501 -517264
1558706374501 -517261
1558706374501 -177701
1558706374501 -177701
1558706374501 -177700
1558706374501 -177698
1558706374501 -177691
1558706374501 -177688
1558706374501 -177688
1558706374501 -177686
1558706374501 -177680
1558706374501 -177676
1558706374501 -177676
1558706374501 -177675
1558706374501 -177671
1558706374501 -177671
1558706374501 -177670
1558706374501 -177670
1558706374501 -177667
1558706374501 -177664
1558706374501 -177661
1558706374501 -177659
1558706374501 -177658
1558706374501 -177656
1558706374501 -177656
1558706374501 -177652
1558706374501 -177650
1558706374501 -177649
1558706374501 -177649
1558706374501 -177647
1558706374501 -177646
1558706374501 -177639
1558706374501 -177639
1558706374501 -286200
1558706374501 -286198
1558706374501 -286196
1558706374501 -286193
1558706374501 -286192
1558706374501 -286182
1558706374501 -286179
1558706374501 -286177
1558706374501 -286176
1558706374501 -286173
1558706374501 -286171
1558706374501 -286170
1558706374501 -286170
1558706374501 -286168
1558706374501 -286166
1558706374501 -286163
1558706374501 -286157
1558706374501 -286157
1558706374501 -286156
1558706374501 -286156
1558706374501 -286154
1558706374501 -230946
1558706374501 -230945
1558706374501 -230939
1558706374501 -230938
1558706374501 -230937
1558706374501 -230935
1558706374501 -230935
1558706374501 -230932
1558706374501 -230922
1558706374501 -230915
1558706374501 -230914
1558706374501 -230912
1558706374501 -230911
1558706374501 -230911
1558706374501 -230910
1558706374501 -230908
1558706374501 -230897
1558706374501 -230896
1558706374501 -230896
1558706374501 -230890
1558706374501 -230890
1558706374501 -230886
1558706374501 -230876
1558706374501 -230874
1558706374501 -230871
1558706374501 -230868
1558706374501 -230867
1558706374501 -230864
1558706374501 -230862
1558706374501 -230861
1558706374501 -230861
1558706374501 -230860
1558706374501 -230859
1558706374501 -230856
1558706374501 -230854
1558706374501 -230854
1558706374501 -230852
1558706374501 -230850
1558706374501 -230848
1558706374501 -230845
1558706374501 -230836
1558706374501 -230835
1558706374501 -230833
1558706374501 -230832
1558706374501 -230832
1558706374501 -230831
1558706374501 -230821
1558706374501 -230814
1558706374501 -230813
1558706374501 -230812
1558706374501 -230811
