1558705357120 -233439
1558705357120 -233438
1558705357120 -233438
1558705357120 -233124
1558705357120 -233124
1558705357120 -233124
1558705357120 -233124
1558705357120 -233123
1558705357120 -233123
1558705357120 -233123
1558705357120 -233123
1558705357120 -232340
1558705357120 -232340
1558705357120 -232339
1558705357120 -232339
1558705357120 -232339
1558705357120 -232339
1558705357435 -232654
1558705357435 -232654
1558705357435 -232415
1558705357435 -232415
1558705357435 -232415
1558705357435 -232414
1558705357435 -232414
1558705357435 -231652
1558705357435 -231652
1558705357435 -231652
1558705357435 -231651
1558705357435 -231650
1558705357435 -231649
1558705357435 -231649
1558705357435 -231649
1558705357435 -231649
1558705357435 -231436
1558705357435 -231436
1558705357435 -231434
1558705668759 -544191
1558705668759 -544190
1558705668759 -544190
1558705668759 -544190
1558705668759 -544190
1558705668759 -544189
1558705668759 -544189
1558705668759 -544188
1558705668759 -544188
1558705668759 -544188
1558705668759 -543656
1558705668759 -543655
1558705668759 -543655
1558705668759 -543654
1558705668759 -543654
1558705668759 -543654
1558705668759 -543654
1558705668759 -543654
1558705668759 -543653
1558705668759 -543653
1558705668759 -543575
1558705668759 -543575
1558705668759 -543575
1558705668759 -542519
1558705668759 -542519
1558705668759 -542519
1558705668759 -542518
1558705668759 -542518
1558705668759 -542518
1558705668759 -542518
1558705668759 -542518
1558705668759 -542175
1558705668759 -542171
1558705668759 -542171
1558705668759 -542171
1558705668759 -542171
1558705668759 -542171
1558705668759 -546822
1558705668759 -546342
1558705668759 -546342
1558705668759 -546342
1558705668759 -546342
1558705668759 -546342
1558705668759 -546342
1558705668759 -546341
1558705668760 -546145
1558705668760 -546145
1558705668878 -546263
1558705668878 -546262
1558705668878 -546262
1558705668878 -546262
1558705668878 -545281
1558705668878 -545281
1558705668878 -545280
1558705668878 -545280
1558705668878 -545280
1558705668878 -545280
1558705668878 -545280
1558705668878 -545149
1558705668878 -545149
1558705668878 -545148
1558705668878 -544232
1558705668878 -544232
1558705668878 -544232
1558705668878 -544099
1558705668878 -544099
1558705668878 -544098
1558705668878 -544098
1558705668878 -544098
1558705668878 -544098
1558705668878 -544098
1558706370749 -1244092
1558706370749 -1244092
1558706370749 -1244092
1558706370749 -1244092
1558706370749 -1244091
1558706370749 -1244028
1558706370749 -1244028
1558706370749 -1216089
1558706370749 -1216071
1558706370749 -1216069
1558706370749 -1216068
1558706370749 -1216034
1558706370749 -1216033
1558706370749 -1216016
1558706370749 -1216016
1558706370749 -1216013
1558706370749 -1216004
1558706370749 -1215999
1558706370749 -1215998
1558706370749 -1215995
1558706370749 -1215980
1558706370749 -1215979
1558706370749 -1215976
1558706370749 -1215975
1558706370749 -1215973
1558706370749 -1215972
1558706370749 -1215962
1558706370749 -1215960
1558706370749 -1215925
1558706370749 -1215924
1558706370749 -1215923
1558706370749 -1215919
1558706370749 -1215909
1558706370749 -1215895
1558706370749 -1215890
1558706370749 -1215890
1558706370749 -1215876
1558706370749 -1215872
1558706370749 -1215863
1558706370749 -1215856
1558706370749 -1215854
1558706370749 -1215851
1558706371656 -1216741
1558706371656 -1216738
1558706371656 -1216716
1558706371656 -1216711
1558706371656 -1216703
1558706371656 -1216694
1558706371656 -1216682
1558706371656 -1216681
1558706371656 -1216663
1558706371656 -1216610
1558706371656 -1216609
1558706371656 -1216609
1558706371656 -1216609
1558706371656 -1216609
1558706371656 -1216575
1558706371656 -1216573
1558706371656 -1216573
1558706371656 -1216571
1558706371656 -1216571
1558706371656 -1216571
1558706371656 -1216570
1558706371656 -1216556
1558706371656 -1216550
1558706371656 -1216539
1558706371656 -1216519
1558706371656 -1216505
1558706371656 -1216505
1558706371656 -1216505
1558706371656 -1216498
1558706371656 -1216490
1558706371656 -1216489
1558706371656 -1216488
1558706371656 -1216486
1558706371656 -1216467
1558706371656 -1216467
1558706371656 -1216466
1558706371656 -1216464
1558706371656 -1216462
1558706371656 -1216453
1558706371656 -1216453
1558706371656 -1216450
1558706371656 -1216423
1558706371656 -1216417
1558706371656 -1216415
1558706371656 -1216408
1558706371656 -1216403
1558706371656 -1216393
1558706371656 -1216387
1558706371656 -1216386
1558706371656 -1216383
1558706371656 -1216379
1558706371656 -1216378
1558706371656 -1216370
1558706371656 -1216360
1558706371656 -1216349
1558706371656 -1216336
1558706371656 -1216325
1558706371656 -1216312
1558706371656 -1216310
1558706371656 -1216307
1558706371656 -1216301
1558706371657 -1216291
1558706371657 -1216285
1558706371657 -1216280
1558706371657 -1216273
1558706371657 -1216273
1558706371657 -1216252
1558706371657 -1216252
1558706371657 -1216252
1558706371657 -1216238
1558706371657 -1216213
1558706371657 -1216210
1558706371657 -1216195
1558706371657 -1216192
1558706371657 -1216185
1558706371657 -1216160
1558706371657 -1216151
1558706371657 -1216150
1558706371657 -1216135
1558706371657 -1216135
1558706371657 -1216128
1558706371657 -1216126
1558706371657 -1216124
1558706371657 -1216119
1558706371657 -1216116
1558706371657 -1216105
1558706371657 -1216103
1558706371657 -1216101
1558706371657 -1216100
1558706371657 -1216091
1558706371657 -1216087
1558706371657 -1014515
1558706371657 -1014513
1558706371657 -1014496
1558706371657 -1014431
1558706371657 -1014414
1558706371657 -1014389
1558706371657 -1014350
1558706371657 -1014070
1558706371657 -1014069
1558706371776 -1245188
1558706371776 -1245188
1558706371776 -1245188
1558706371776 -1244554
1558706371776 -1244554
1558706371777 -1244555
1558706371777 -1244554
1558706371777 -1244316
1558706371777 -1244316
1558706371777 -1244316
1558706371777 -1244315
1558706371777 -1244315
1558706371777 -1181945
1558706371777 -1181945
1558706371777 -1181944
1558706371777 -1181943
1558706371777 -1181942
1558706371777 -1181942
1558706371777 -1181938
1558706371777 -1181937
1558706371777 -1181936
1558706371777 -1181934
1558706371777 -1181934
1558706371777 -1181930
1558706371777 -1181927
1558706371777 -1181926
1558706371777 -1181922
1558706371777 -1181917
1558706371777 -1181916
1558706371777 -1181915
1558706371777 -1181910
1558706371777 -1181906
1558706371777 -1181905
1558706371777 -1181900
1558706371777 -1181897
1558706371777 -1181895
1558706371777 -1181895
1558706371777 -1181893
1558706371777 -1181893
1558706371777 -1181891
1558706371777 -1181877
1558706371777 -1181876
1558706371777 -1181873
1558706371777 -1181866
1558706371777 -1181865
1558706371777 -1181864
1558706371777 -1181862
1558706371777 -1181861
1558706371898 -1247118
1558706371898 -1247118
1558706371898 -1246383
1558706371898 -1246382
1558706371898 -1246382
1558706371898 -1246267
1558706371898 -1246267
1558706371898 -1246267
1558706371898 -1246266
1558706371898 -1150778
1558706371898 -1150777
1558706371898 -1150770
1558706371898 -1150763
1558706371898 -1150756
1558706371898 -1150754
1558706371898 -1150753
1558706371898 -1150753
1558706371898 -1150747
1558706371898 -1150746
1558706371898 -1150743
1558706371898 -1150735
1558706371898 -1150735
1558706371898 -1150732
1558706371898 -1150732
1558706371898 -1150721
1558706371898 -1150721
1558706371898 -1150719
1558706371898 -1150713
