1558705357493 -4988055
1558705357493 -4988055
1558705357493 -4988055
1558705357493 -4988055
1558705357493 -4988055
1558705357493 -4988054
1558705357493 -4988054
1558705357493 -4988054
1558705357493 -4988054
1558705357493 -4988054
1558705357493 -4988054
1558705357493 -4988054
1558705357493 -4988053
1558705357493 -4988053
1558705357493 -4986632
1558705357493 -4986632
1558705357493 -4986632
1558705357493 -4986631
1558705357493 -4986631
1558705357493 -4986631
1558705669493 -5297283
1558705669493 -5297283
1558705669493 -5297282
1558705669493 -5297282
1558705669493 -5297282
1558705669493 -5296829
1558705669493 -5296829
1558705669493 -5296829
1558705669493 -5296829
1558705669493 -5296829
1558705669493 -5296829
1558705669493 -5296828
1558705669493 -5296828
1558705669493 -5296828
1558705669493 -5296828
1558705669493 -5296143
1558705669493 -5296142
1558705669493 -5296142
1558705669493 -5296142
1558705669493 -5296142
1558705669493 -5296138
1558705669493 -5295671
1558705669493 -5295671
1558705669493 -5295671
1558705669493 -5295671
1558705669493 -5295670
1558705669493 -5295670
1558705669493 -5295285
1558705669493 -5293008
1558705669493 -5292999
1558705669493 -5292997
1558705669493 -5292994
1558705669493 -5292993
1558705669493 -5292991
1558705669493 -5292979
1558705669493 -5292951
1558705669493 -5292946
1558705669493 -5292941
1558705669493 -5292939
1558705669493 -5292927
1558705669494 -5292923
1558705669494 -5292920
1558705669494 -5292905
1558705669494 -5292900
1558705669494 -5292900
1558705669494 -5292900
1558705669494 -5292899
1558705669494 -5292894
1558705669494 -5292862
1558705669494 -5292862
1558705669494 -5292862
1558705669494 -5292862
1558705669494 -5292791
1558705669494 -5292779
1558705669494 -5292772
1558705669494 -5292765
1558705669494 -5292763
1558705669494 -5292753
1558705669494 -5292748
1558705669494 -5292741
1558705669494 -5292740
1558705669494 -5292740
1558705669494 -5292738
1558705669494 -5292707
1558705669494 -5292702
1558705669494 -5292697
1558705669494 -5292689
1558705669501 -5292691
1558705669501 -5292688
1558705669501 -5292688
1558705669501 -5292678
1558705669501 -5288895
1558705669501 -5288872
1558705669501 -5288862
1558705669501 -5288862
1558705669501 -5288862
1558705669501 -5288861
1558705669501 -5288861
1558705669501 -5288825
1558705669501 -5247455
1558705669501 -5247452
1558705669501 -5247441
1558705669501 -5247438
1558705669501 -5247438
1558705669501 -5247435
1558705669501 -5247435
1558705669501 -5247434
1558705669501 -5247433
1558705669501 -5247427
1558705669501 -5247419
1558705669501 -5247418
1558705669501 -5247417
1558705669501 -5247415
1558705669501 -5247397
1558705669501 -5247395
1558705669501 -5247390
1558705669501 -5247389
1558705669501 -5247387
1558705669501 -5247385
1558705669501 -5247381
1558705669501 -5247378
1558705669501 -5247376
1558705669501 -5247375
1558705669501 -5247374
1558705669501 -5247374
1558705669501 -5247370
1558705669501 -5247369
1558705669501 -5247367
1558705797063 -5374927
1558705797063 -5374924
1558705797063 -5374923
1558705797063 -5374923
1558705797063 -5374922
1558705797063 -5374919
1558705797063 -5374914
1558705797063 -5374913
1558705797063 -5374912
1558705797063 -5374815
1558705797063 -5374812
1558705797063 -5374812
1558705797063 -5374812
1558705797063 -5374804
1558705797063 -5374802
1558705797063 -5374802
1558705797063 -5374796
1558705797063 -5374796
1558705797063 -5374795
1558705797063 -5374788
1558705797063 -5374787
1558705797063 -5374786
1558705797063 -5374785
1558705797063 -5374783
1558705797063 -5374779
1558705797063 -5374775
1558705797063 -5374772
1558706015249 -5592958
1558706015249 -5592957
1558706015249 -5592956
1558706015249 -5592949
1558706015249 -5592947
1558706015249 -5592944
1558706015249 -5592943
1558706015249 -5592943
1558706015249 -5592940
1558706015249 -5592939
1558706015249 -5592938
1558706015249 -5592870
1558706015249 -5592866
1558706015249 -5592863
1558706015249 -5592862
1558706015249 -5592861
1558706015249 -5592860
1558706015249 -5592857
1558706015249 -5592854
1558706015249 -5592853
1558706015249 -5592852
1558706015249 -5592850
1558706015249 -5592848
1558706015249 -5592848
1558706015249 -5592842
1558706015249 -5592836
1558706015249 -5592836
1558706115375 -5692962
1558706115375 -5692961
1558706115375 -5692961
1558706115375 -5692960
1558706115375 -5692907
1558706115375 -5692907
1558706115375 -5692906
1558706115375 -5692905
1558706115375 -5692904
1558706115375 -5692903
1558706115375 -5692900
1558706115375 -5692899
1558706115375 -5692899
1558706115375 -5692896
1558706115375 -5692896
1558706115375 -5692896
1558706115375 -5692895
1558706115375 -5692893
1558706115375 -5692892
1558706115375 -5692890
1558706115375 -5692888
1558706115375 -5692885
1558706115375 -5692884
1558706115375 -5692883
1558706115375 -5692883
1558706115375 -5692883
1558706115419 -5692923
1558706115419 -5692923
1558706115419 -5692922
1558706115419 -5692920
1558706115419 -5692918
1558706115419 -5692855
1558706115419 -5692854
1558706115419 -5692852
1558706115419 -5692851
1558706115419 -5692849
1558706115419 -5692847
1558706115419 -5692846
1558706115419 -5692844
1558706115419 -5692843
1558706115419 -5692839
1558706115419 -5692829
1558706115419 -5692829
1558706115419 -5692826
1558706115419 -5692826
1558706115419 -5692816
1558706115419 -5692811
1558706115419 -5692808
1558706115419 -5692804
1558706115419 -5692797
1558706115419 -5692797
1558706115419 -5692791
1558706115419 -5692791
1558706115419 -5692791
1558706115419 -5692788
1558706115419 -3309024
1558706115419 -3309024
1558706115419 -3309024
1558706115419 -3309024
1558706115419 -3309023
1558706115419 -3309022
1558706115419 -3309022
1558706115419 -3309021
1558706115419 -3309021
1558706115419 -3308283
1558706115419 -3308283
1558706115419 -3308283
1558706115419 -3308282
1558706115454 -3308317
1558706115454 -3307427
1558706115454 -3306713
1558706115454 -3306713
1558706115454 -3306713
1558706115454 -3306713
1558706115454 -3306713
1558706115454 -3306713
1558706115454 -3306712
1558706115454 -3306712
1558706115454 -3306712
1558706115454 -3306712
1558706115454 -3306712
1558706115454 -3306712
1558706115454 -3305845
1558706115454 -3305845
1558706115454 -3305844
1558706115454 -3305844
1558706115454 -3305844
1558706115454 -3305844
1558706115454 -3305844
1558706115454 -3305211
1558706115454 -3305211
1558706115454 -3305211
1558706115454 -3305210
1558706115454 -3305210
1558706115454 -3305210
1558706115454 -3305208
1558706115455 -3305209
1558706343713 -3533467
1558706343713 -3533467
1558706343713 -3532882
1558706343713 -3532882
1558706343713 -3532882
1558706343713 -3532882
1558706343713 -3532881
1558706343713 -3532881
1558706343713 -3532881
1558706343713 -3532517
1558706343713 -3532517
1558706343713 -3532517
1558706343713 -3529154
1558706343713 -3529153
1558706343713 -3529153
1558706343713 -3529153
1558706343713 -3529143
1558706343713 -3529128
1558706343713 -3529126
1558706343713 -3529119
1558706343713 -3529117
1558706343713 -3529110
1558706343713 -3529104
1558706343713 -3529103
1558706343713 -3529100
1558706343713 -3529064
1558706343713 -3529064
1558706343713 -3529064
1558706343713 -3529064
1558706343713 -3529064
1558706343713 -3529064
1558706343713 -3529063
1558706343713 -3529046
1558706343713 -3529041
1558706343713 -3529041
1558706343713 -3529034
1558706343713 -3529033
1558706343713 -3529030
1558706343713 -3529021
1558706343713 -3529002
1558706343713 -3528994
1558706343713 -3528978
1558706343713 -3528977
1558706343713 -3528971
1558706343713 -3528957
1558706343713 -3528956
1558706343713 -3528954
1558706343713 -3528937
1558706343713 -3528936
1558706343713 -3528917
1558706343713 -3528915
1558706343713 -3528915
1558706343713 -3528908
1558706343713 -3528897
1558706343713 -3528893
1558706343713 -3528887
1558706343713 -3528886
1558706343713 -3528880
1558706343713 -3528878
1558706343713 -3528840
1558706343713 -3528840
1558706343713 -3528839
1558706343713 -3528838
1558706343713 -3528838
1558706343713 -3528819
1558706343713 -3528752
1558706343713 -3528752
1558706343713 -3528750
1558706343713 -3528749
1558706343713 -3528749
1558706343713 -3528748
1558706343713 -3528748
1558706343713 -3528748
1558706343713 -3528711
1558706343713 -3528708
1558706343713 -3528706
1558706343713 -3528699
1558706343713 -3528683
1558706343713 -3528682
1558706343713 -3528676
1558706343713 -3528653
1558706343713 -3528620
1558706343713 -3528608
1558706343713 -3528608
1558706343713 -3528603
1558706343713 -3528600
1558706343713 -3528588
1558706343713 -3528531
1558706343713 -3528529
1558706343713 -3528529
1558706343713 -3528509
1558706343713 -3528509
1558706343713 -3528506
1558706343713 -3528504
1558706370917 -3555686
1558706370917 -3555682
1558706370917 -3555680
1558706370917 -3555676
1558706370917 -3555675
1558706370917 -3555659
1558706370917 -3555646
1558706370917 -3555645
1558706370917 -3555645
1558706370917 -3555643
1558706370917 -3555641
1558706370917 -3555588
1558706370917 -3555579
1558706370917 -3555566
1558706370917 -3555566
1558706370917 -3555566
1558706370917 -3555563
1558706370917 -3555562
1558706370917 -3555541
1558706370917 -3555536
1558706370917 -3555526
1558706370917 -3555521
1558706370917 -3555516
1558706370917 -3555504
1558706370917 -3555499
1558706370917 -3555467
1558706370917 -3555455
1558706370917 -3555454
1558706370917 -3555453
1558706370917 -3555449
1558706370917 -3555433
1558706370917 -3555433
1558706370917 -3555424
1558706370917 -3555415
1558706370917 -3555415
1558706370917 -3555412
1558706370917 -3555404
1558706370917 -3555393
1558706370917 -3555379
1558706370917 -3555368
1558706370917 -3555364
1558706370917 -3555363
1558706370917 -3555341
1558706370917 -3555334
1558706370917 -3555329
1558706370917 -3555314
1558706370917 -3555294
1558706370917 -3555291
1558706370917 -3555257
1558706370917 -3555256
1558706370917 -3555256
1558706370917 -3555256
1558706370917 -3555240
1558706370917 -3555240
1558706370917 -3555228
1558706370917 -3555228
1558706370917 -3555223
1558706370917 -3555223
1558706370917 -3555204
1558706370917 -3555204
1558706370917 -3555201
1558706370917 -3555200
1558706370917 -3555196
1558706370917 -3555194
1558706370917 -3555189
1558706370917 -3555188
1558706370917 -3555188
1558706370917 -3555176
1558706370917 -3555166
1558706370917 -3555163
1558706370917 -3555151
1558706370917 -3555149
1558706370917 -3555143
1558706370917 -3555138
1558706370917 -3555121
1558706370917 -3555117
1558706370917 -3555112
1558706370917 -3555105
1558706370917 -3555100
1558706370917 -3555097
1558706370917 -3555093
1558706370917 -3555073
1558706370917 -3555069
1558706370917 -3555045
1558706370917 -3555038
1558706370917 -3555033
1558706370917 -3538308
1558706372550 -3539941
1558706372550 -3539941
1558706372550 -3539940
1558706372550 -3539940
1558706372550 -3539940
1558706372550 -3539940
1558706372550 -3539940
1558706372550 -3507658
1558706372550 -3507657
1558706372550 -3507651
1558706372550 -3507651
1558706372550 -3507649
1558706372550 -3507639
1558706372550 -3507639
1558706372550 -3507638
1558706372550 -3507637
1558706372550 -3507632
