1558705152513 -24595
1558705152513 -24595
1558705152513 -24595
1558705152513 -24595
1558705152513 -24595
1558705152513 -24595
1558705152513 -24595
1558705152513 -24594
1558705152513 -24243
1558705152514 -24244
1558705152514 -24244
1558705152514 -23760
1558705152514 -23760
1558705152514 -23760
1558705152514 -23759
1558705152514 -23759
1558705152514 -23450
1558705152514 -23450
1558705152514 -23450
1558705152514 -23450
1558705152514 -23450
1558705152514 -23450
1558705152514 -23450
1558705152514 -23449
1558705152514 -23008
1558705152514 -23008
1558705152514 -23008
1558705152514 -23008
1558705152514 -23008
1558705152514 -23008
1558705152514 -23008
1558705152514 -23008
1558705152514 -22822
1558705152514 -22822
1558705357084 -233402
1558705357084 -233402
1558705357084 -233402
1558705357084 -233402
1558705357084 -233088
1558705357084 -233088
1558705357084 -233088
1558705357084 -233088
1558705357084 -233088
1558705357084 -233088
1558705357084 -233088
1558705357084 -233087
1558705357084 -233087
1558705357084 -233087
1558705357084 -233087
1558705357084 -232304
1558705357084 -232304
1558705357084 -232304
1558705357085 -232304
1558705357085 -232304
1558705357085 -232304
1558705357085 -232304
1558705357085 -232304
1558705357085 -232065
1558705357085 -232065
1558705357085 -232065
1558705357085 -232065
1558705357085 -232065
1558705357085 -232065
1558705357085 -232064
1558705357085 -231302
1558705357085 -231302
1558705357085 -231302
1558705357085 -231302
1558705357085 -231300
1558705357085 -231300
1558705357085 -231300
1558705357085 -231299
1558705357085 -231299
1558705357085 -231086
1558705357085 -231086
1558705357085 -231085
1558705357085 -231085
1558705668831 -546638
1558705668831 -546638
1558705668831 -546638
1558705668831 -546638
1558705668831 -546637
1558705668831 -546637
1558705668831 -546636
1558705668831 -546027
1558705668831 -546027
1558705668831 -546026
1558705668831 -545399
1558705668831 -545398
1558705668831 -545398
1558705668831 -545398
1558705668831 -545398
1558705668831 -545398
1558705668831 -545398
1558705668831 -545398
1558705668831 -545397
1558705668831 -544946
1558705668831 -544946
1558705668831 -544946
1558705668831 -544946
1558705668831 -544945
1558705668831 -544945
1558705668831 -544945
1558705668831 -544945
1558705668831 -544945
1558705668831 -544945
1558705668831 -544945
1558705668831 -544348
1558705668831 -544347
1558705668831 -544347
1558705668831 -544347
1558705668831 -543911
1558705668831 -543911
1558705668831 -543911
1558705668831 -543911
1558705668831 -543910
1558705668831 -541338
1558705668831 -541337
1558705668831 -541337
1558705668831 -541333
1558705668831 -541332
1558705668831 -540885
1558705668831 -540885
1558705668831 -540885
1558705668831 -540885
1558705668831 -540885
1558705668831 -540884
1558705668831 -540617
1558705668831 -540617
1558705668831 -540617
1558705668831 -540617
1558705668831 -540617
1558705668831 -540617
1558705668831 -540053
1558705668831 -540053
