1558693448804 -323426
1558693448939 -323561
1558693449105 -323727
1558693449171 -323793
1558693449720 -324342
1558693449945 -324566
1558693450739 -325360
1558693450750 -325371
1558693451067 -321515
1558693451122 -321570
1558693451689 -322137
1558693452569 -323017
1558693452868 -323315
1558693453469 -321088
1558693453640 -321259
1558693454012 -321631
1558693454094 -321713
1558693454602 -322219
1558693454847 -322464
1558693454999 -322616
1558693455002 -322619
1558693455405 -323021
1558693455529 -323145
1558693455756 -323372
1558693456013 -323629
1558693456232 -323726
1558693456624 -324118
1558693456643 -324137
1558693456758 -324252
1558693457354 -324848
1558693457455 -324948
1558693457812 -325305
1558693457822 -325315
1558693457823 -325316
1558693458070 -325563
1558693458157 -325650
1558693458803 -324059
1558693458820 -324076
1558693458892 -324148
1558693458930 -324185
1558693459000 -324255
1558693459185 -324440
1558693459302 -324557
1558693459827 -325082
1558693459907 -325162
1558693460288 -322292
1558693461278 -308825
1558693461327 -308873
1558693461381 -308927
1558693461636 -299582
1558693461638 -299584
1558693461832 -299777
1558693461906 -299851
1558693461936 -292117
1558693462018 -292198
1558693463397 -293577
1558693466331 -296510
1558693513815 -745
1558693517456 -4386
1558693524671 -11601
1558693529565 -16495
1558693535285 -22215
1558693556390 -43319
1558693559391 -46318
1558693563113 -50040
1558693582764 -69690
1558693592729 -79655
1558693593847 -80773
1558693619520 -101815
1558693631288 -113582
1558693640786 -123079
1558693642916 -125209
1558693668094 -145179
1558693675985 -153070
1558693683640 -160724
1558693690464 -167548
1558693693524 -170261
1558693697206 -173943
1558693697207 -173944
1558693700122 -176859
1558693709400 -186136
1558693709887 -186623
1558693712692 -189428
1558693716130 -192866
1558693719475 -196210
1558693729498 -206232
1558693732045 -208779
1558693742826 -213917
1558693744818 -215909
1558693748754 -219845
1558693757389 -228480
1558693762357 -233447
1558693774994 -246084
1558693784526 -255616
1558693788631 -259721
1558693792776 -263866
1558693805398 -276488
1558693807570 -276780
1558693808667 -277877
1558693828164 -281555
1558693834950 -288341
1558693837119 -290509
1558693837166 -290556
1558693842803 -296193
1558693842836 -296226
1558693846840 -300229
1558693847021 -300410
1558693858379 -300026
1558693860275 -301921
1558693860350 -301996
1558693867314 -284691
1558693871998 -289375
1558693876937 -294313
1558693882568 -299943
1558693884528 -301903
1558693885564 -302939
1558693892350 -309724
1558693915769 -307897
1558693916876 -309004
1558693918019 -310145
1558693918098 -310224
1558693922591 -314716
1558693926564 -272093
1558693929230 -274758
1558693932123 -277651
1558693947586 -293112
1558693949556 -295082
1558693951605 -297131
1558693956553 -302078
1558693960321 -305846
1558693961252 -306776
1558693974859 -295274
1558693978894 -299308
1558693983961 -304374
1558693986630 -307043
1558693992239 -312651
1558693992239 -312651
1558693992334 -312746
1558694007826 -302971
1558694026308 -291343
1558694035076 -300110
1558694040046 -305080
1558694040786 -305819
1558694045258 -310291
1558694045668 -310701
1558694046754 -311787
1558694046777 -311810
1558694051508 -316540
1558694052477 -317509
1558694053468 -318500
1558694057345 -292230
1558694059314 -294198
1558694061087 -295971
1558694065002 -299886
1558694077099 -311981
1558694077153 -312035
1558694077746 -312628
1558694095161 -296153
1558694099049 -300041
1558694119430 -291303
1558694128229 -300099
1558694144669 -290306
1558694145652 -291289
1558694150598 -296234
1558694161090 -306725
1558694162106 -307741
1558694169972 -315606
1558694170931 -316565
1558694180652 -296162
1558694201565 -317073
1558694214108 -300398
1558694231287 -317572
1558694232030 -318314
1558694253910 -317899
1558694256266 -299903
1558694265243 -308878
1558694269164 -312799
1558694274863 -318497
1558694292585 -310018
1558694298381 -315814
1558694306367 -294635
1558694309284 -297552
1558694318089 -306355
1558694339436 -293826
1558694344361 -298750
1558694351083 -305472
1558694372763 -297015
1558694376482 -300733
1558694398020 -292112
1558694406220 -300311
1558694422038 -316127
1558694427309 -296156
1558694433197 -302043
1558694436256 -305102
1558694444807 -313651
1558694446781 -315625
1558694449737 -288605
1558694471195 -310060
1558694492649 -301350
1558694495617 -304317
1558694500839 -309539
1558694502488 -311188
1558694509442 -291863
1558694511481 -293902
1558694514189 -296609
1558694537562 -295772
1558694540512 -298721
1558694543461 -301670
1558694546460 -304669
1558694547393 -305602
1558694549560 -307769
1558694550457 -308665
1558694563020 -306679
1558694571820 -315477
1558694572808 -316465
1558694575747 -298914
1558694583848 -307014
1558694587398 -310563
1558694590383 -313548
1558694599192 -292067
1558694599192 -292067
1558694603159 -296034
1558694609843 -302717
1558694620708 -313581
1558694621691 -314564
1558694629524 -292084
1558694638215 -300773
1558694640190 -302748
1558694648077 -310634
1558694649058 -311615
1558694650051 -312608
1558694654983 -317539
1558694666626 -305704
1558694672491 -311567
1558694682570 -302140
1558694682570 -302140
1558694688048 -307618
1558694688050 -307620
1558694692139 -311708
1558694697003 -316572
1558694702848 -288175
1558694736239 -287516
1558694737915 -289192
1558694745801 -297076
1558694750686 -301960
1558694754450 -305724
1558694760350 -311623
1558694760419 -311692
1558694761335 -312608
1558694781828 -306710
1558694785731 -310613
1558694796539 -296007
1558694796539 -296007
1558694796542 -296010
1558694798505 -297972
