1558693132609 -8387
1558693137496 -13274
1558693138514 -14292
1558693145257 -21035
1558693146250 -22028
1558693151813 -27591
1558693170121 -45737
1558693171110 -46726
1558693178800 -54416
1558693180780 -56396
1558693181737 -57353
1558693181737 -57353
1558693197070 -70437
1558693199927 -73294
1558693222104 -95471
1558693235518 -108838
1558693248127 -121446
1558693248130 -121449
1558693251039 -124356
1558693254767 -128084
1558693256719 -130036
1558693257709 -131026
1558693277148 -150444
1558693277929 -151225
1558693278916 -152212
1558693280906 -154202
1558693291589 -164884
1558693295469 -168764
1558693299279 -172574
1558693306926 -180221
1558693311770 -183440
1558693335879 -207547
1558693344644 -216312
1558693353221 -224827
1558693353221 -224827
1558693359995 -231600
1558693370678 -242283
1558693371658 -243263
1558693371658 -243263
1558693373424 -245029
1558693422673 -273638
1558693432368 -283332
1558693434451 -285414
1558693442111 -282545
1558693443084 -283518
1558693443857 -284291
1558693444823 -285257
1558693512126 -2407
1558693514072 -4353
1558693571045 -61309
1558693572040 -62304
1558693580629 -70893
1558693585503 -75767
1558693590351 -80614
1558693596223 -86486
1558693597166 -87429
1558693601030 -91293
1558693604723 -93367
1558693609635 -98279
1558693623210 -111854
1558693630801 -119444
1558693636625 -125268
1558693638559 -127202
1558693644395 -133038
1558693644398 -133041
1558693652001 -139711
1558693655884 -143594
1558693661710 -149418
1558693673450 -161156
1558693685840 -171902
1558693688752 -174814
1558693705100 -191160
1558693707045 -193105
1558693709038 -195098
1558693711902 -197962
1558693717730 -203789
1558693719674 -205733
1558693719676 -205735
1558693732158 -216792
1558693734084 -218718
1558693763079 -247697
1558693763079 -247697
1558693766964 -251582
1558693769706 -254324
1558693790107 -268154
1558693807494 -272171
1558693813310 -277980
1558693841098 -283603
1558693844011 -286516
1558693849849 -292353
1558693855676 -263408
1558693857612 -265344
1558693858582 -266314
1558693863485 -271216
1558693868229 -275960
1558693870151 -277881
1558693873010 -280740
1558693895174 -286558
1558693905196 -296579
1558693906303 -297686
1558693919336 -272995
1558693923217 -276875
1558693929030 -282685
1558693930003 -283658
1558693932932 -286586
1558693938590 -292242
1558693942467 -296117
1558693943443 -297093
1558693973366 -303876
1558693995534 -292373
1558694003308 -300146
1558694004279 -301117
1558694009003 -305840
1558694010949 -307786
1558694048630 -285564
1558694055282 -292215
1558694067896 -304828
1558694077439 -314369
1558694082319 -292218
1558694084292 -294190
1558694089110 -299008
1558694102573 -312469
1558694109512 -293338
1558694115268 -299093
1558694121009 -304834
1558694129575 -313398
1558694131534 -285566
1558694142206 -296237
1558694146087 -300117
1558694154976 -309005
1558694161479 -285567
1558694165356 -289443
1558694165356 -289443
1558694167299 -291385
1558694175885 -299970
1558694195172 -297082
1558694199119 -301029
1558694215681 -283750
1558694215681 -283750
1558694229990 -298057
1558694232869 -300936
1558694235861 -303927
1558694243495 -311560
1558694243495 -311560
1558694244573 -312637
1558694250542 -292551
1558694250542 -292551
1558694256163 -298171
1558694258112 -300120
1558694279498 -305127
1558694282411 -308040
1558694291009 -291538
1558694296876 -297405
1558694299809 -300338
1558694308614 -309143
1558694310568 -311097
1558694312523 -313052
1558694319203 -287072
1558694320178 -288046
1558694324090 -291958
1558694341518 -309383
1558694341518 -309383
1558694345430 -313295
1558694350310 -288239
1558694355198 -293127
1558694356175 -294103
1558694361101 -299029
1558694361883 -299811
1558694365786 -303713
1558694376549 -284535
1558694380452 -288437
1558694389081 -297065
1558694394940 -302923
1558694399825 -307807
1558694402758 -310740
1558694405731 -289590
1558694409463 -293322
1558694411395 -295253
1558694414395 -298253
1558694420242 -304099
1558694424085 -307941
1558694426042 -309898
1558694437610 -297349
1558694439564 -299303
1558694449339 -309076
1558694453243 -312980
1558694454219 -313956
1558694458949 -288734
1558694460905 -290689
1558694468719 -298500
1558694468719 -298500
1558694480292 -310069
1558694487137 -288085
1558694491054 -292001
1558694495936 -296883
1558694505542 -306487
1558694506523 -307468
1558694509497 -310442
1558694518273 -289287
1558694528025 -299038
1558694554089 -303733
1558694567809 -317451
1558694569746 -300972
1558694569746 -300972
1558694574613 -305838
1558694581291 -312516
1558694585227 -316451
1558694598881 -304932
1558694598881 -304932
1558694599717 -305768
1558694599730 -305781
1558694600663 -306714
1558694607503 -313553
1558694620210 -297098
1558694621188 -298076
1558694627860 -304747
1558694634701 -311587
1558694635679 -312565
1558694638634 -315519
1558694641572 -318457
1558694643500 -290256
1558694655054 -301809
1558694657986 -304740
1558694660924 -307678
1558694661899 -308653
1558694666792 -313545
1558694673466 -290086
1558694680319 -296936
1558694681287 -297904
1558694682344 -298960
1558694692060 -308674
1558694702626 -289276
1558694723284 -309930
1558694724130 -310776
1558694726327 -312973
1558694730933 -287464
1558694730978 -287509
1558694734708 -291239
1558694743353 -299883
1558694753124 -309653
1558694759962 -287330
1558694763878 -291245
1558694766641 -294008
1558694777396 -304762
1558694778379 -305744
1558694779357 -306722
