1558693130546 -6587
1558693131331 -3671
1558693133250 -5590
1558693135594 -814
1558693136510 -1730
1558693138227 -10567
1558693139453 -4673
1558693145815 -18155
1558693146019 -22059
1558693147710 -23750
1558693149645 -25685
1558693156268 -28601
1558693159339 -35379
1558693163455 -28672
1558693165109 -41149
1558693165866 -38191
1558693166378 -31595
1558693171687 -44012
1558693173759 -46084
1558693176538 -51844
1558693176538 -51844
1558693181289 -53613
1558693182363 -57669
1558693182774 -46761
1558693185744 -49731
1558693186212 -58536
1558693189293 -61617
1558693191996 -64320
1558693195462 -59449
1558693196806 -69098
1558693197390 -61377
1558693198717 -71009
1558693207822 -71809
1558693210157 -82448
1558693213044 -85335
1558693215608 -79595
1558693217546 -81532
1558693217837 -90128
1558693219743 -93437
1558693223467 -95757
1558693224429 -96719
1558693224606 -98300
1558693228214 -89640
1558693228214 -89640
1558693228285 -100573
1558693232161 -104449
1558693237228 -110922
1558693238208 -111902
1558693238843 -100269
1558693242726 -104151
1558693245668 -117945
1558693255281 -116705
1558693259198 -120621
1558693264088 -125511
1558693264298 -137248
1558693266083 -139033
1558693270936 -132359
1558693271582 -143839
1558693275803 -148752
1558693279300 -151557
1558693280759 -153708
1558693282536 -143770
1558693288374 -149608
1558693290390 -151623
1558693291796 -164025
1558693293729 -165958
1558693294145 -167094
1558693295303 -156536
1558693297205 -158437
1558693297982 -170931
1558693301937 -163169
1558693304791 -176803
1558693304862 -166080
1558693306171 -178130
1558693306728 -178740
1558693306812 -168030
1558693317261 -189273
1558693317581 -178799
1558693325224 -186442
1558693328132 -189350
1558693331173 -203129
1558693333104 -204948
1558693333780 -205115
1558693334987 -196204
1558693335563 -206898
1558693336931 -208775
1558693338860 -210704
1558693341605 -213448
1558693341808 -203025
1558693342778 -203995
1558693345475 -217318
1558693348183 -219518
1558693350513 -210780
1558693351372 -223215
1558693354990 -226325
1558693356088 -227931
1558693356310 -216576
1558693360664 -231999
1558693363806 -235649
1558693364780 -236622
1558693369432 -240766
1558693370415 -242221
1558693371390 -243138
1558693374265 -246012
1558693381084 -252418
1558693382051 -253385
1558693383526 -243792
1558693384501 -244767
1558693385476 -245742
1558693388770 -260517
1558693400955 -260986
1558693402187 -273934
1558693404147 -275894
1558693405153 -276900
1558693405275 -249803
1558693406149 -277896
1558693408946 -253474
1558693408996 -280624
1558693409781 -269811
1558693409930 -254458
1558693411893 -256420
1558693412891 -284519
1558693412901 -284529
1558693416598 -276628
1558693419630 -264156
1558693420396 -277898
1558693423562 -257111
1558693424314 -281815
1558693424314 -281815
1558693426429 -259977
1558693429147 -286648
1558693435062 -279001
1558693435183 -279122
1558693437039 -280978
1558693437080 -308043
1558693438045 -281984
1558693438952 -282891
1558693440738 -311695
1558693441748 -312704
1558693447558 -291496
1558693449156 -321333
1558693449159 -321336
1558693449427 -321604
1558693449667 -321844
1558693449734 -321911
1558693449812 -321989
1558693450868 -323041
1558693450882 -323055
1558693451089 -323261
1558693451598 -323765
1558693452090 -324256
1558693452124 -324290
1558693452692 -324857
1558693452745 -324910
1558693453097 -325261
1558693453214 -325378
1558693453470 -325634
1558693453606 -325770
1558693453622 -325786
1558693453640 -325598
1558693453648 -325606
1558693453897 -325855
1558693454266 -326224
1558693454372 -326330
1558693454465 -326423
1558693454603 -326561
1558693454696 -326654
1558693455238 -327077
1558693455373 -286016
1558693455415 -327254
1558693457360 -329196
1558693457467 -329178
1558693457697 -329408
1558693457723 -329434
1558693457732 -329443
1558693458023 -329734
1558693458230 -329941
1558693458264 -329975
1558693458445 -330155
1558693458533 -330243
1558693459004 -330714
1558693459187 -330897
1558693459293 -330932
1558693459923 -331561
1558693460050 -331688
1558693460269 -290911
1558693460296 -331934
1558693460547 -332185
1558693461268 -332856
1558693461448 -333035
1558693462005 -304417
1558693463760 -306171
1558693463803 -306214
1558693464847 -335793
1558693467763 -305660
1558693471651 -309548
1558693475538 -313434
1558693480283 -322692
1558693482333 -320228
1558693484276 -322171
1558693484977 -327385
1558693486219 -324114
1558693493728 -336135
1558693495774 -333668
1558693496745 -334638
1558693497717 -335610
1558693501599 -339492
1558693505484 -343376
1558693508400 -346291
1558693511676 -2447
1558693512151 -2386
1558693514065 -294309
1558693517011 -7246
1558693519420 -10445
1558693520997 -4357
1558693524909 -8269
1558693525890 -9250
1558693528460 -19230
1558693528756 -18991
1558693528756 -18991
1558693529189 -20213
1558693529806 -13165
1558693534018 -25042
1558693536674 -20033
1558693538870 -29893
1558693544070 -34300
1558693545275 -28633
1558693549182 -32539
1558693549401 -40424
1558693550158 -33515
1558693551343 -42366
1558693551343 -42366
1558693552119 -35476
1558693554076 -37433
1558693557993 -41350
1558693562031 -49637
1558693562889 -50973
1558693563953 -52037
1558693564833 -52408
1558693565733 -53308
1558693566752 -54835
1558693567595 -42469
1558693574508 -62591
1558693574999 -63718
1558693575418 -50291
1558693575419 -50292
1558693576453 -64536
1558693577376 -52249
1558693577914 -66633
1558693586169 -73742
1558693586244 -74325
1558693587563 -76281
1558693587624 -76342
1558693589954 -64826
1558693591831 -79403
1558693597720 -85800
1558693597744 -72615
1558693599583 -87154
1558693600638 -88718
1558693605827 -94509
1558693606570 -81440
1558693613611 -101250
1558693615937 -103156
1558693616508 -104147
1558693617896 -104884
1558693619098 -90432
1558693619419 -107058
1558693620823 -107810
1558693622341 -109979
1558693623314 -110952
1558693625696 -112683
1558693628425 -115411
1558693628953 -116591
1558693633771 -105105
1558693636179 -123397
1558693639461 -110795
1558693641417 -112751
1558693643540 -131177
1558693643956 -131173
1558693644932 -132149
1558693648259 -119593
1558693650347 -137983
1558693650832 -137817
1558693652755 -139740
1558693656009 -143645
1558693659030 -130357
1558693659340 -137471
1558693661784 -131726
1558693663249 -141947
1558693664230 -142928
1558693666675 -136617
1558693667112 -145242
1558693667154 -145851
1558693667674 -153765
1558693668230 -146927
1558693668634 -138576
1558693670289 -148986
1558693675290 -161380
1558693675290 -161380
1558693676265 -162355
1558693676455 -146396
1558693679173 -165263
1558693679869 -157997
1558693680593 -159289
1558693681148 -159844
1558693683190 -161886
1558693683480 -161608
1558693687923 -174012
1558693688988 -158928
1558693692904 -162844
1558693693522 -172217
1558693697651 -183738
1558693699030 -176693
1558693699760 -169699
1558693700401 -186488
1558693700875 -179570
1558693701372 -187459
1558693702863 -181558
1558693704824 -181801
1558693705683 -183345
1558693708173 -194260
1558693710116 -194663
1558693713448 -191110
1558693715392 -193054
1558693715843 -192820
1558693716518 -193494
1558693718417 -195393
1558693720303 -197279
1558693721782 -206329
1558693725982 -202957
1558693727090 -204065
1558693728423 -212968
1558693730878 -207853
1558693732806 -209781
1558693733784 -210759
1558693734254 -218799
1558693735270 -219815
1558693736569 -205748
1558693736831 -213805
1558693738528 -207707
1558693740468 -218128
1558693740468 -218128
1558693741443 -219103
1558693742027 -226572
1558693742427 -211606
1558693743003 -227548
1558693743459 -220433
1558693743973 -228518
1558693745977 -230522
1558693746286 -223260
1558693748254 -225913
1558693752572 -237117
1558693752578 -237123
1558693754876 -232535
1558693755949 -225126
1558693763674 -236025
1558693765273 -246586
1558693765760 -238111
1558693766218 -247531
1558693766551 -238291
1558693768535 -240885
1558693769372 -241722
1558693775565 -244742
1558693779010 -250749
1558693779250 -248427
1558693780984 -252723
1558693783168 -255517
1558693783861 -255600
1558693785479 -266791
1558693787750 -259489
1558693790307 -271619
1558693790986 -260162
1558693792858 -265207
1558693792942 -262118
1558693793628 -265366
1558693793628 -265366
1558693793935 -263111
1558693795611 -267349
1558693796872 -266048
1558693799899 -267615
1558693800039 -261806
1558693802870 -264637
1558693803860 -265627
1558693803860 -265627
1558693804784 -266551
1558693805111 -276849
1558693805468 -277817
1558693807727 -269493
1558693812683 -283907
1558693814543 -276308
1558693815112 -286336
1558693815453 -277218
1558693816267 -283983
1558693816275 -283991
1558693817501 -288725
1558693819167 -280929
1558693823062 -284824
1558693823085 -284846
1558693825968 -287729
1558693827811 -282431
1558693831355 -302579
1558693831356 -302580
1558693833802 -284774
1558693837181 -308404
1558693837745 -292364
1558693837983 -309218
1558693841061 -312284
1558693841334 -292304
1558693842486 -297104
1558693844767 -316002
1558693847422 -285507
1558693856262 -300040
1558693861134 -304912
1558693862861 -284512
1558693866453 -304770
1558693869478 -287788
1558693870411 -288721
1558693881253 -278620
1558693883310 -327085
1558693886139 -283505
1558693886861 -305168
1558693886865 -305172
1558693887377 -337973
1558693890058 -340653
1558693891035 -341630
1558693894495 -280921
1558693895446 -281872
1558693895768 -339540
1558693895768 -339540
1558693895768 -339540
1558693898673 -342444
1558693898673 -342444
1558693898948 -349542
1558693901702 -298976
1558693903890 -301163
1558693905864 -303137
1558693906862 -327521
1558693909758 -330417
1558693910644 -331302
1558693912065 -298489
1558693912405 -333063
1558693913448 -334106
1558693916546 -313029
1558693919030 -315511
1558693921855 -342512
1558693928763 -325243
1558693930290 -282874
1558693933480 -354136
1558693934454 -355110
1558693941783 -294365
1558693946651 -299232
1558693947055 -343533
1558693947055 -343533
1558693950548 -303129
1558693950548 -303129
1558693951928 -348404
1558693952979 -349454
1558693953876 -350351
1558693957998 -283507
1558693960565 -306896
1558693961085 -285798
1558693961918 -287427
1558693965222 -311552
1558693967167 -313497
1558693968140 -314470
1558693970083 -316413
1558693971202 -299203
1558693973009 -319338
1558693976406 -301912
1558693976407 -301913
1558693983263 -307972
1558693983749 -330077
1558693990648 -318646
1558693991655 -319653
1558693992016 -316724
1558693992275 -338600
1558693993256 -339581
1558693994818 -300938
1558693995799 -301919
1558693996443 -324440
1558693996874 -295485
1558693998733 -287426
1558693999264 -327260
1558694000041 -346364
1558694000325 -328321
1558694001018 -347341
1558694001983 -348305
1558694002954 -349276
1558694004076 -332071
1558694005078 -333072
1558694005602 -304212
1558694007810 -354131
1558694009482 -298170
1558694011278 -309887
1558694012246 -310855
1558694013407 -302094
1558694015416 -295191
1558694015416 -295191
1558694018084 -286747
1558694018505 -346494
1558694025000 -283551
1558694025174 -304947
1558694025941 -284492
1558694032508 -301168
1558694032794 -291344
1558694036768 -304033
1558694037607 -317379
1558694037695 -296244
1558694040277 -308935
1558694041422 -299908
1558694048289 -328059
1558694051198 -279603
1558694051198 -279603
1558694051204 -330974
1558694051939 -294476
1558694053115 -320377
1558694056104 -284509
1558694056641 -299178
1558694057038 -336807
1558694058573 -301110
1558694059548 -302084
1558694065627 -345394
1558694065627 -345394
1558694068683 -335943
1558694069613 -298016
1558694075326 -355089
1558694077435 -305836
1558694078409 -306810
1558694080778 -293386
1558694081352 -284496
1558694084666 -297274
1558694085026 -352282
1558694085254 -288397
1558694085835 -307801
1558694090695 -312661
1558694090893 -358146
1558694094757 -306913
1558694095347 -307953
1558694096308 -308914
1558694096308 -308914
1558694096747 -308902
1558694100421 -312576
1558694100737 -303877
1558694102353 -324267
1558694103725 -306712
1558694105309 -327223
1558694108171 -330084
1558694109233 -331146
1558694110842 -313828
1558694110999 -293803
1558694112072 -294876
1558694113030 -334943
1558694116253 -328407
1558694118173 -298968
1558694119902 -332055
1558694120932 -333084
1558694123067 -303862
1558694124615 -336767
1558694124615 -336767
1558694129420 -341571
1558694132846 -283521
1558694132922 -285753
1558694137220 -349370
1558694138938 -312512
1558694139197 -351346
1558694140359 -352508
1558694142654 -295484
1558694143620 -296450
1558694147497 -300326
1558694152695 -301225
1558694152788 -301318
1558694153206 -279777
1558694155492 -329063
1558694156502 -330073
1558694159052 -311880
1558694160881 -287451
1558694168689 -295258
1558694168725 -297254
1558694169102 -317629
1558694172008 -320535
1558694172070 -320597
1558694172610 -299178
1558694172818 -346387
1558694173437 -301965
1558694173581 -300149
1558694173585 -299896
1558694175684 -349253
1558694178435 -352003
1558694181208 -309735
1558694181362 -354930
1558694181401 -307711
1558694182385 -308695
1558694184165 -284502
1558694185141 -285478
1558694185244 -300932
1558694185244 -300932
1558694185246 -300934
1558694188075 -288411
1558694188528 -337052
1558694188991 -287685
1558694191956 -290650
1558694193398 -341921
1558694193944 -294279
1558694194208 -342731
1558694194208 -342731
1558694194919 -295254
1558694196962 -297297
1558694199569 -298262
1558694199901 -315588
1558694202681 -318367
1558694205609 -321295
1558694206538 -305229
1558694206622 -306947
1558694208361 -307052
1558694209291 -307982
1558694209475 -309799
1558694213113 -311803
1558694213818 -362332
1558694213827 -362341
1558694214068 -302751
1558694214082 -312772
1558694215366 -331051
1558694215366 -293355
1558694217344 -286076
1558694217344 -333028
1558694219512 -335196
1558694222401 -338085
1558694222935 -291667
1558694224110 -339794
1558694226741 -342424
1558694227718 -343401
1558694231271 -319953
1558694232522 -348203
1558694233694 -311681
1558694238571 -327251
1558694246679 -294553
1558694249104 -289019
1558694249546 -297420
1558694250113 -306060
1558694252399 -300273
1558694253730 -309677
1558694254829 -343507
1558694255665 -344343
1558694255682 -311628
1558694257631 -313577
1558694259943 -288427
1558694260534 -316480
1558694263575 -303233
1558694263940 -352614
1558694269376 -309034
1558694273073 -329017
1558694273249 -312907
1558694275065 -304879
1558694275116 -304930
1558694275462 -305276
1558694276687 -277958
1558694278079 -288017
1558694280838 -336781
1558694283401 -284671
1558694283744 -339686
1558694284738 -340679
1558694285360 -286630
1558694285701 -341642
1558694287336 -288606
1558694287656 -343596
1558694289822 -299758
1558694290588 -346528
1558694293225 -294494
1558694293528 -349466
1558694294217 -295486
1558694295523 -305459
1558694296196 -297464
1558694297162 -298430
1558694298247 -354184
1558694299658 -329469
1558694301177 -302069
1558694302378 -312313
1558694304872 -306139
1558694306731 -336541
1558694308237 -288214
1558694308493 -338303
1558694313879 -314769
1558694314161 -343969
1558694316281 -346088
1558694317144 -346951
1558694319060 -348867
1558694319824 -299800
1558694320602 -293684
1558694321983 -351789
1558694322527 -323416
1558694323558 -296640
1558694327649 -307624
1558694332238 -305313
1558694333222 -306297
1558694335195 -308269
1558694335458 -293219
1558694337510 -311238
1558694338148 -311222
1558694338169 -339055
1558694339418 -313145
1558694340185 -297945
1558694341106 -290885
1558694341168 -298928
1558694344073 -293851
1558694345815 -346697
1558694349724 -350605
1558694350951 -308710
1558694352911 -310670
1558694353720 -303497
1558694353887 -311646
1558694354086 -327812
1558694361631 -291039
1558694361832 -335556
1558694362428 -315007
1558694362565 -291973
1558694364385 -316964
1558694365459 -289395
1558694376210 -305616
1558694378182 -302116
1558694378875 -331452
1558694378875 -331452
1558694381290 -355009
1558694386025 -292136
1558694388651 -341227
1558694388651 -341227
1558694389951 -296062
1558694393400 -345975
1558694395876 -301986
1558694397562 -295543
1558694398538 -296519
1558694398729 -312738
1558694400228 -352800
1558694401595 -279512
1558694402446 -300427
1558694403432 -301413
1558694404587 -282504
1558694406112 -299865
1558694406376 -304356
1558694407069 -300822
1558694409596 -323603
1558694410385 -324392
1558694410458 -288374
1558694412065 -310044
1558694415175 -313154
1558694415305 -329312
1558694418752 -312504
1558694422094 -299991
1558694422823 -294721
1558694425467 -319183
1558694426446 -320162
1558694428972 -306868
1558694429389 -323105
1558694430360 -324075
1558694430648 -302544
1558694431623 -303519
1558694432599 -304495
1558694432913 -288506
1558694433893 -289485
1558694433896 -289488
1558694434401 -306297
1558694435883 -291475
1558694437846 -293438
1558694438216 -331930
1558694439805 -295397
1558694441429 -355428
1558694443205 -315099
1558694447316 -299614
1558694448086 -290022
1558694450046 -291981
1558694451220 -303517
1558694452982 -294917
1558694453401 -284718
1558694453664 -347375
1558694455608 -349318
1558694456582 -350292
1558694457708 -299642
1558694461468 -355177
1558694461902 -314198
1558694462254 -293569
1558694462627 -304561
1558694464278 -357986
1558694466512 -308445
1558694468227 -320522
1558694475977 -314812
1558694478433 -330727
1558694478915 -317750
1558694479517 -331811
1558694482815 -321649
1558694483951 -298868
1558694484936 -299853
1558694485755 -324589
1558694487858 -302774
1558694488860 -303776
1558694489660 -300549
1558694489822 -304738
1558694490059 -342351
1558694492429 -331262
1558694495701 -310616
1558694497316 -336149
1558694497678 -312593
1558694499280 -338113
1558694499298 -293540
1558694500286 -339118
1558694500301 -294542
1558694504510 -356797
1558694506178 -300418
1558694508067 -346898
1558694508149 -302389
1558694510186 -304426
1558694510241 -296122
1558694512127 -306367
1558694512303 -308467
1558694515085 -283349
1558694515728 -354556
1558694517675 -356503
1558694519806 -288070
1558694521168 -317331
1558694523538 -302358
1558694528921 -297184
1558694530640 -309459
1558694532672 -311491
1558694532925 -288887
1558694532925 -301187
1558694533706 -301968
1558694535853 -332013
1558694535992 -332152
1558694536614 -332773
1558694537497 -284240
1558694542446 -338603
1558694543427 -339584
1558694544269 -300229
1558694544399 -340555
1558694545381 -341537
1558694547351 -343507
1558694548785 -327602
1558694553053 -349209
1558694557121 -353277
1558694558401 -337217
1558694558403 -337219
1558694559381 -338197
1558694560765 -283666
1558694561549 -357704
1558694565639 -288539
1558694567616 -290515
1558694568019 -301457
1558694570064 -303501
1558694570670 -291210
1558694571644 -305080
1558694575413 -308849
1558694577180 -300078
1558694577374 -310810
1558694577519 -310955
1558694580377 -313812
1558694582560 -315995
1558694585440 -305975
1558694586151 -319586
1558694589890 -312786
1558694590871 -313767
1558694592093 -286235
1558694592457 -317384
1558694592825 -315721
1558694592984 -326418
1558694593085 -287227
1558694594785 -291399
1558694595395 -320322
1558694596136 -329569
1558694598692 -295306
1558694598697 -295311
1558694599959 -333392
1558694603428 -300041
1558694606502 -339933
1558694607510 -340941
1558694608480 -341910
1558694609285 -305897
1558694609288 -305900
1558694611237 -307849
1558694611237 -307849
1558694614413 -347841
1558694616726 -341651
1558694618491 -285269
1558694622161 -355587
1558694622598 -347522
1558694624561 -357986
1558694624648 -358073
1558694624785 -291282
1558694625378 -292155
1558694625521 -350444
1558694627343 -294119
1558694629279 -354201
1558694633185 -305737
1558694637995 -304770
1558694638474 -304966
1558694641936 -292146
1558694648826 -321376
1558694651031 -287533
1558694652749 -302958
1558694656888 -293390
1558694657058 -330204
1558694659636 -309844
1558694664005 -337150
1558694664335 -336883
1558694665888 -339033
1558694667657 -304159
1558694672512 -345655
1558694674075 -346620
1558694674075 -346620
1558694675313 -311814
1558694675451 -348593
1558694678207 -308710
1558694679445 -352586
1558694680190 -290444
1558694681315 -354455
1558694682834 -355974
1558694687611 -314241
1558694688005 -298258
1558694688986 -299239
1558694689808 -297896
1558694689959 -300212
1558694691508 -318137
1558694692801 -315154
1558694692801 -300888
1558694698221 -320573
1558694698292 -320644
1558694700702 -323053
1558694704064 -330691
1558694704572 -292167
1558694705039 -331666
1558694705444 -285531
1558694707558 -329909
1558694709505 -331856
1558694712426 -334776
1558694713559 -335909
1558694716226 -296311
1558694717340 -339690
1558694717746 -344372
1558694719716 -346341
1558694720349 -342698
1558694723880 -350505
1558694725719 -352344
1558694726362 -291490
1558694728003 -308087
1558694729925 -310009
1558694730847 -310930
1558694732024 -297151
1558694733249 -322145
1558694733722 -356071
1558694735245 -357593
1558694736238 -358585
1558694739513 -297193
1558694740662 -303162
1558694742600 -307725
1558694744369 -306868
1558694748152 -305831
1558694748303 -310802
1558694749336 -311835
1558694750274 -312773
1558694753043 -310721
1558694753258 -315756
1558694761837 -289462
1558694773921 -294132
1558694777336 -304959
1558694778296 -305919
1558694778843 -299054
1558694779825 -300036
1558694780646 -300857
1558694783186 -310809
1558694784581 -304791
1558694784582 -292008
1558694786120 -313742
1558694788531 -295957
1558694788531 -295957
1558694790847 -304923
1558694794420 -301845
1558694798354 -305779
1558694798671 -312746
1558694800320 -307744
1558694804252 -311676
1558694806057 -287251
1558694811958 -293151
1558694814155 -299062
1558694816111 -301017
