1558693133306 -9487
1558693138193 -14374
1558693164231 -39568
1558693165211 -40548
1558693165211 -40548
1558693172879 -48216
1558693174792 -50129
1558693175732 -51069
1558693180610 -55946
1558693189515 -64851
1558693193425 -67589
1558693193494 -67658
1558693197014 -71178
1558693197998 -72162
1558693198962 -73126
1558693203758 -77922
1558693206681 -80845
1558693209566 -83729
1558693211523 -85685
1558693225972 -100134
1558693236614 -110698
1558693239541 -113625
1558693252021 -126103
1558693261715 -135797
1558693265438 -139520
1558693266426 -140508
1558693270325 -144407
1558693277126 -151208
1558693298371 -169771
1558693301302 -172702
1558693305217 -176617
1558693329489 -200886
1558693332420 -203816
1558693347907 -219303
1558693347908 -219304
1558693351861 -223257
1558693368273 -239669
1558693377071 -246959
1558693381958 -251846
1558693384731 -254619
1558693388658 -258546
1558693394505 -264393
1558693397436 -267324
1558693404282 -274169
1558693412934 -282821
1558693418788 -288675
1558693431347 -301234
1558693433503 -303390
1558693451870 -311671
1558693453821 -313622
1558693454805 -314606
1558693455612 -315413
1558693462460 -322260
1558693465395 -325195
1558693521910 -9462
1558693524786 -12338
1558693536328 -23880
1558693539269 -26821
1558693540281 -27833
1558693548069 -35620
1558693550017 -37568
1558693557838 -44895
1558693565514 -52571
1558693570379 -57436
1558693571359 -58416
1558693583915 -70972
1558693597636 -84692
1558693598566 -85622
1558693608183 -92592
1558693619916 -104325
1558693631488 -115897
1558693641264 -125673
1558693646153 -130562
1558693652997 -137399
1558693661636 -145177
1558693669484 -153023
1558693671414 -154953
1558693676304 -159842
1558693684944 -168482
1558693712154 -190494
1558693713137 -191477
1558693716087 -194427
1558693721932 -200271
1558693731543 -209882
1558693734474 -212812
1558693739367 -217705
1558693742297 -220635
1558693749143 -227480
1558693757784 -236121
1558693768531 -246314
1558693782052 -259835
1558693784030 -261813
1558693784984 -262767
1558693786939 -264722
1558693794799 -272581
1558693798582 -276364
1558693810330 -288112
1558693811304 -289086
1558693813213 -290995
1558693814201 -291983
1558693815169 -291577
1558693815182 -291590
1558693820908 -297316
1558693823809 -292120
1558693824798 -293109
1558693824819 -293130
1558693832663 -300973
1558693835493 -303803
1558693839403 -307712
1558693840383 -308692
1558693852949 -321257
1558693853915 -322222
1558693855870 -324177
1558693856842 -325149
1558693868526 -312444
1558693878198 -322115
1558693886986 -330902
1558693888942 -332858
1558693896605 -340520
1558693912398 -330250
1558693918943 -336794
1558693918943 -336794
1558693921900 -339750
1558693926755 -344605
1558693931689 -349538
1558693934581 -352430
1558693943207 -361055
1558693947117 -364964
1558693958865 -314622
1558693985099 -340853
1558693992768 -348521
1558693999614 -336532
1558693999614 -336532
1558694005473 -342390
1558694006465 -343382
1558694017999 -354915
1558694021931 -358846
1558694023889 -360804
1558694029750 -366664
1558694034626 -371540
1558694037390 -374302
1558694050119 -331103
1558694051076 -332060
1558694051076 -332060
1558694057926 -338909
1558694064601 -345583
1558694067551 -348532
1558694079264 -360243
1558694084966 -315416
1558694098649 -329097
1558694103595 -334042
1558694120990 -351435
1558694121983 -352427
1558694132546 -341656
1558694143302 -352411
1558694148202 -357310
1558694174430 -327977
1558694182109 -335655
1558694184044 -337590
1558694189948 -343493
1558694196847 -350390
1558694197813 -351356
1558694203601 -357143
1558694206488 -360030
1558694210303 -363844
1558694218441 -350002
1558694220514 -352075
1558694234582 -366141
1558694235595 -367154
1558694235595 -367154
1558694241493 -373051
1558694246427 -377984
1558694257864 -318405
1558694258834 -319375
1558694287162 -347695
1558694288143 -348676
1558694296837 -357369
1558694301753 -337067
1558694312569 -347880
1558694320439 -355747
1558694338956 -374257
1558694339938 -375238
1558694347649 -318851
1558694351576 -322777
1558694352560 -323761
1558694354525 -325726
1558694361438 -332638
1558694364373 -335573
1558694365348 -336547
1558694367316 -338515
1558694379937 -351135
1558694379937 -351135
1558694383871 -355068
1558694383872 -355069
1558694385839 -357036
1558694392572 -334133
1558694397480 -339040
1558694405427 -346986
1558694435699 -322315
1558694437654 -324269
1558694443385 -330000
1558694453219 -339832
1558694467847 -354458
1558694476657 -336004
1558694497159 -356503
1558694500139 -359483
1558694511936 -371278
1558694514691 -374033
1558694518628 -338354
1558694525535 -345260
1558694532703 -352427
1558694533671 -353395
1558694536196 -355919
1558694545035 -364757
1558694549962 -369683
1558694551927 -371648
1558694556865 -376585
1558694563628 -332920
1558694565571 -334863
1558694571433 -340724
1558694596839 -366126
1558694611476 -329872
1558694611492 -329888
1558694615398 -333793
1558694618328 -336723
1558694631934 -350327
1558694636878 -355270
1558694639805 -358197
1558694657353 -351328
1558694659335 -353309
1558694662259 -356233
1558694664275 -358249
1558694671121 -365094
1558694678038 -372010
1558694700474 -341638
1558694713127 -354290
1558694714057 -355219
1558694717017 -358179
1558694721069 -362231
1558694722147 -363308
1558694728916 -370077
1558694732631 -373791
1558694750288 -350498
1558694761921 -362129
1558694767820 -368027
1558694773722 -373928
1558694773722 -373927
1558694779463 -324155
1558694783397 -328089
