1558693143592 -18684
1558693146573 -21665
1558693161873 -36964
1558693162746 -37837
1558693165665 -40743
1558693189047 -57984
1558693199519 -68455
1558693204332 -73268
1558693209003 -77939
1558693212931 -81867
1558693216777 -80410
1558693222657 -86290
1558693223633 -87266
1558693239099 -102731
1558693241063 -104695
1558693247913 -111545
1558693250842 -114474
1558693255571 -119203
1558693271217 -134835
1558693277100 -140718
1558693277909 -141527
1558693281853 -145471
1558693285903 -149521
1558693296529 -160147
1558693302213 -165831
1558693310961 -173148
1558693310961 -173148
1558693321714 -183899
1558693333313 -195497
1558693348935 -211104
1558693354623 -216792
1558693356578 -218747
1558693361466 -223635
1558693371248 -233417
1558693373039 -235208
1558693380858 -243026
1558693400244 -262212
1558693409044 -271012
1558693413933 -275901
1558693421602 -279760
1558693422613 -280771
1558693432350 -290507
1558693441140 -290708
1558693442161 -291728
1558693445860 -295427
1558693446844 -296411
1558693449083 -316742
1558693449119 -316778
1558693449458 -317117
1558693449541 -317200
1558693450042 -317701
1558693450147 -317806
1558693450535 -318194
1558693450767 -318425
1558693450768 -318426
1558693450803 -318461
1558693451379 -313726
1558693451608 -313954
1558693451709 -314054
1558693452101 -314446
1558693452656 -315000
1558693452728 -315072
1558693453103 -315047
1558693453321 -315265
1558693453467 -315410
1558693453712 -315654
1558693454601 -316542
1558693454678 -315497
1558693454760 -315579
1558693454928 -315747
1558693455067 -315886
1558693455092 -315911
1558693455410 -316229
1558693455501 -316320
1558693455508 -316327
1558693455710 -316528
1558693455897 -316715
1558693456135 -316953
1558693456494 -317074
1558693457722 -318300
1558693457898 -318475
1558693458768 -318570
1558693458796 -318598
1558693458815 -318617
1558693459199 -319000
1558693459301 -319102
1558693459587 -319225
1558693459713 -319351
1558693460125 -319763
1558693460299 -319937
1558693460691 -320329
1558693460876 -320513
1558693461505 -301445
1558693461544 -321126
1558693461933 -321515
1558693462015 -313346
1558693466385 -295872
1558693470129 -299615
1558693471109 -300595
1558693473727 -310391
1558693473728 -310392
1558693478932 -308417
1558693479598 -316261
1558693480886 -310371
1558693486439 -323102
1558693487413 -324075
1558693487414 -324076
1558693488228 -324890
1558693522707 -10313
1558693522707 -10313
1558693522893 -970
1558693523628 -1705
1558693525604 -13210
1558693531452 -19058
1558693532464 -10541
1558693540141 -27747
1558693543227 -21303
1558693548899 -36505
1558693552793 -40399
1558693559506 -37580
1558693559632 -39270
1558693564503 -44141
1558693564503 -44141
1558693570220 -49857
1558693577922 -54624
1558693579931 -56633
1558693584733 -64369
1558693591624 -68326
1558693592579 -72215
1558693596511 -74538
1558693596957 -73658
1558693599317 -76018
1558693602306 -80332
1558693603282 -81308
1558693603282 -81308
1558693607194 -83895
1558693612981 -89682
1558693614697 -91398
1558693616787 -87647
1558693619737 -97762
1558693626830 -97690
1558693627613 -98473
1558693628531 -106555
1558693630437 -101297
1558693631307 -109331
1558693632290 -110314
1558693640062 -110922
1558693641079 -119102
1558693643981 -114841
1558693646903 -117762
1558693647924 -118597
1558693652810 -123483
1558693658594 -129453
1558693659492 -130165
1558693666337 -137010
1558693668280 -138945
1558693668298 -138971
1558693672205 -142878
1558693677000 -147665
1558693678925 -149598
1558693682377 -153042
1558693687003 -157667
1558693695494 -166157
1558693696431 -167094
1558693697410 -168073
1558693699413 -170076
1558693699418 -170088
1558693704222 -174885
1558693710088 -180750
1558693712939 -183609
1558693718803 -189473
1558693719725 -190386
1558693724665 -195335
1558693724665 -195335
1558693725577 -196238
1558693726457 -196896
1558693739222 -207801
1558693741048 -209627
1558693744957 -213535
1558693746059 -216498
1558693752695 -223134
1558693755648 -226087
1558693755774 -224352
1558693757585 -227319
1558693759538 -229272
1558693763424 -232001
1558693766644 -235220
1558693769249 -237825
1558693770377 -238953
1558693772278 -242011
1558693776002 -245735
1558693779089 -247665
1558693783096 -251232
1558693783844 -251980
1558693785768 -255500
1558693787661 -255797
1558693790656 -258817
1558693797626 -265761
1558693806182 -274342
1558693809224 -277384
1558693815966 -284126
1558693817212 -285347
1558693824418 -292553
1558693825595 -293754
1558693843067 -307849
1558693844044 -308826
1558693844090 -312249
1558693845040 -309821
1558693847884 -316043
1558693850926 -315707
1558693856633 -324490
1558693860528 -295144
1558693865505 -300120
1558693870240 -338096
1558693871164 -339020
1558693876018 -320222
1558693878036 -312649
1558693882859 -327062
1558693885805 -330008
1558693885826 -320438
1558693891662 -335864
1558693892659 -336861
1558693900360 -344561
1558693905429 -349630
1558693907605 -351805
1558693908474 -352674
1558693909541 -353741
1558693918098 -328348
1558693922756 -313668
1558693923914 -314826
1558693926535 -326136
1558693939231 -338830
1558693941024 -340623
1558693947865 -347461
1558693952789 -352383
1558693952864 -327332
1558693953721 -328189
1558693956701 -331168
1558693957665 -332132
1558693960597 -360189
1558693960764 -335229
1558693961560 -361152
1558693962895 -337360
1558693963702 -319725
1558693966277 -319256
1558693968245 -321223
1558693969536 -325558
1558693970373 -326395
1558693971338 -327360
1558693977028 -330005
1558693979043 -332020
1558693979964 -332941
1558693991878 -324613
1558693992834 -325569
1558693994476 -347451
1558693994637 -327372
1558693996709 -329443
1558694002295 -355269
1558694003263 -356237
1558694007173 -360146
1558694014006 -332999
1558694015185 -334177
1558694015961 -334953
1558694019713 -321104
1558694021664 -340655
1558694024650 -326040
1558694028530 -324983
1558694028587 -325039
1558694032510 -328962
1558694033596 -330048
1558694035487 -331938
1558694039473 -335924
1558694041066 -342454
1558694044347 -340797
1558694044985 -346372
1558694045311 -341761
1558694048876 -350262
1558694049965 -319451
1558694051807 -353193
1558694054852 -324337
1558694057669 -327154
1558694066495 -335978
1558694069246 -310639
1558694073327 -342809
1558694074130 -315522
1558694074130 -315522
1558694079998 -321390
1558694080967 -322359
1558694082088 -324069
1558694084720 -326111
1558694087838 -329817
1558694090582 -331972
1558694090836 -332814
1558694095487 -337464
1558694096490 -338467
1558694101356 -342744
1558694103324 -344711
1558694103591 -345566
1558694104336 -345723
1558694111340 -352725
1558694115773 -333762
1558694115878 -310704
1558694116382 -334371
1558694116640 -334628
1558694119750 -314576
1558694124678 -342665
1558694131325 -326149
1558694135239 -330063
1558694137192 -332016
1558694143076 -337899
1558694145013 -339835
1558694145025 -335945
1558694149904 -344726
1558694157707 -352527
1558694162668 -325467
1558694168311 -304823
1558694173217 -309729
1558694175170 -337967
1558694178092 -314603
1558694182130 -321603
1558694183025 -322498
1558694184774 -321284
1558694187027 -326499
1558694188704 -328176
1558694189689 -326198
1558694190697 -327206
1558694193589 -333060
1558694202384 -338892
1558694207211 -343718
1558694210357 -349827
1558694211002 -347507
1558694213666 -353135
1558694216070 -352574
1558694220410 -356912
1558694220410 -356912
1558694229451 -309717
1558694230142 -346322
1558694230419 -310685
1558694231029 -347209
1558694231081 -347261
1558694244796 -339471
1558694248201 -328465
1558694249203 -343878
1558694250918 -331181
1558694252782 -333045
1558694253545 -348220
1558694253748 -348423
1558694254232 -348906
1558694254749 -349423
1558694255585 -320274
1558694256254 -320943
1558694257089 -321777
1558694260613 -325301
1558694270475 -350734
1558694276119 -356376
1558694279167 -343852
1558694280088 -302079
1558694282928 -321384
1558694287800 -326255
1558694288900 -310889
1558694289883 -311872
1558694293714 -332169
1558694297677 -336131
1558694299568 -321481
1558694299642 -338096
1558694302580 -341033
1558694308409 -330321
1558694310377 -332288
1558694314178 -328258
1558694318249 -340159
1558694328894 -350800
1558694328963 -343041
1558694331850 -353755
1558694331886 -345963
1558694344537 -342241
1558694345466 -312024
1558694345585 -343289
1558694359147 -326704
1558694361222 -327778
1558694364099 -331656
1558694365137 -331692
1558694373827 -340381
1558694377752 -344306
1558694379604 -322870
1558694381568 -324834
1558694384504 -327769
1558694386651 -329916
1558694389442 -332706
1558694391526 -358075
1558694393608 -336870
1558694396313 -303780
1558694400211 -307678
1558694401194 -308660
1558694401197 -308663
1558694407090 -314556
1558694409061 -316526
1558694412998 -319904
1558694417928 -324833
1558694421540 -334630
1558694421846 -334936
1558694422293 -335383
1558694430402 -343491
1558694431524 -338427
1558694433389 -346477
1558694433484 -340387
1558694436385 -349473
1558694440361 -347262
1558694442273 -330060
1558694443208 -330995
1558694444182 -331969
1558694445118 -352018
1558694449051 -355949
1558694449051 -355949
1558694450036 -356934
1558694451917 -339703
1558694451997 -358894
1558694454992 -342778
1558694455894 -343679
1558694457808 -319464
1558694457808 -345593
1558694461782 -323438
1558694469580 -316701
1558694475369 -337023
1558694477432 -324552
1558694478292 -339945
1558694483318 -330437
1558694486286 -333404
1558694487256 -334374
1558694488147 -349701
1558694495032 -331195
1558694508660 -344821
1558694510755 -357867
1558694515579 -321988
1558694517405 -304444
1558694527368 -314406
1558694533612 -340017
1558694535852 -342257
1558694536904 -343307
1558694540843 -327539
1558694543789 -330485
1558694545758 -332453
1558694552645 -339339
1558694553625 -345225
1558694554697 -346297
1558694556605 -343298
1558694558475 -350074
1558694558475 -350074
1558694566207 -331650
1558694566978 -332421
1558694572064 -337506
1558694572145 -358833
1558694573065 -338507
1558694575037 -340478
1558694576001 -341442
1558694577066 -317399
1558694578063 -318396
1558694579057 -319390
1558694584767 -325099
1558694593633 -333964
1558694601559 -338998
1558694619036 -359362
1558694620018 -360344
1558694622962 -307655
1558694624469 -340477
1558694624952 -340960
1558694626014 -342022
1558694628867 -313559
1558694631784 -347791
1558694634716 -326379
1558694636560 -321251
1558694637676 -329339
1558694637683 -329346
1558694640500 -325191
1558694649351 -334040
1558694652315 -343975
1558694655215 -346871
1558694656236 -340925
1558694657058 -341746
1558694659021 -343709
1558694660985 -345673
1558694660986 -345674
1558694663079 -332219
1558694663948 -348635
1558694666895 -351581
1558694673766 -342905
1558694676722 -361405
1558694677713 -362396
1558694678733 -307824
1558694680490 -309580
1558694685409 -314499
1558694686393 -315483
1558694690322 -334965
1558694697230 -326318
1558694699165 -321287
1558694699180 -328268
1558694705074 -327195
1558694713769 -342855
1558694719681 -348766
1558694720739 -349824
1558694721260 -343378
1558694723934 -353018
1558694728631 -357713
1558694735708 -337389
1558694735982 -337662
1558694742135 -343814
1558694743121 -308655
1558694749031 -322448
1558694750021 -323437
1558694750021 -323438
1558694762603 -336017
1558694771465 -336796
1558694774412 -339742
1558694775397 -340727
1558694785069 -350358
1558694789984 -347710
1558694791950 -321332
1558694794902 -324284
