1558693127520 -2779
1558693133531 -731
1558693139305 -14563
1558693141353 -8553
1558693143189 -18447
1558693149095 -16295
1558693149826 -25083
1558693150133 -17333
1558693155670 -30927
1558693159719 -26918
1558693161702 -28901
1558693162555 -29754
1558693168375 -35574
1558693168392 -43648
1558693174132 -49388
1558693176035 -48543
1558693177997 -50505
1558693179052 -41552
1558693180959 -53467
1558693182831 -45331
1558693182852 -45352
1558693187984 -60492
1558693189164 -61672
1558693190055 -52555
1558693195604 -68112
1558693203236 -75744
1558693207086 -69585
1558693208125 -80632
1558693211971 -74470
1558693212036 -84543
1558693216865 -79364
1558693216865 -79364
1558693218882 -91389
1558693221778 -84268
1558693222646 -93448
1558693223616 -94418
1558693223728 -85568
1558693226671 -88510
1558693227548 -98350
1558693233399 -104200
1558693235295 -97132
1558693236327 -107128
1558693237301 -108102
1558693242198 -112999
1558693249016 -110852
1558693249976 -111812
1558693254745 -125545
1558693256658 -118493
1558693256706 -127506
1558693258610 -120445
1558693258664 -129462
1558693266436 -128271
1558693270226 -137659
1558693280116 -147549
1558693282955 -143853
1558693283932 -151364
1558693284922 -145820
1558693288798 -156230
1558693296641 -157537
1558693300370 -167802
1558693305263 -172695
1558693307178 -168074
1558693314876 -181269
1558693315011 -175906
1558693319761 -186154
1558693325629 -192022
1558693333437 -209658
1558693341258 -201799
1558693347962 -214320
1558693359667 -220207
1558693364415 -229775
1558693365392 -230752
1558693365553 -226093
1558693366539 -227079
1558693368498 -229038
1558693369312 -234672
1558693373199 -233738
1558693374177 -234716
1558693379068 -239607
1558693382990 -243529
1558693388702 -253837
1558693391628 -256763
1558693392771 -252642
1558693392771 -252642
1558693393582 -258717
1558693393585 -258720
1558693396536 -256407
1558693400442 -255783
1558693401427 -261298
1558693405417 -260757
1558693406390 -261730
1558693409219 -264558
1558693409230 -269101
1558693410049 -265388
1558693413960 -269299
1558693413965 -269304
1558693414116 -273987
1558693419824 -264050
1558693422802 -282656
1558693428636 -288489
1558693430566 -274791
1558693433666 -282608
1558693438277 -282501
1558693439436 -288377
1558693442209 -291150
1558693448020 -296960
1558693448857 -325077
1558693448858 -325078
1558693449073 -325293
1558693449172 -325392
1558693449196 -325416
1558693449598 -324898
1558693449722 -325022
1558693449793 -325092
1558693450125 -325424
1558693450694 -325993
1558693451075 -326374
1558693451129 -326428
1558693452020 -326458
1558693452827 -327265
1558693453026 -327464
1558693453041 -327479
1558693453102 -327540
1558693453301 -327739
1558693453583 -328021
1558693454083 -325414
1558693454409 -325740
1558693454751 -326082
1558693454753 -326084
1558693454883 -326214
1558693455013 -326344
1558693455015 -326346
1558693455338 -326669
1558693455516 -325496
1558693455947 -325926
1558693456232 -326211
1558693457356 -327335
1558693457595 -327541
1558693458115 -328060
1558693458238 -326656
1558693458327 -326745
1558693458334 -326751
1558693459293 -327708
1558693459366 -327781
1558693459467 -327882
1558693459793 -328199
1558693459794 -328200
1558693459982 -328388
1558693461384 -329542
1558693462012 -313529
1558693462019 -313535
1558693462064 -313580
1558693462466 -313982
1558693464642 -298199
1558693465403 -316919
1558693469344 -320859
1558693471267 -322782
1558693472244 -323759
1558693478110 -329624
1558693480882 -332396
1558693485768 -337281
1558693486749 -338262
1558693487725 -339238
1558693499480 -329690
1558693507116 -337325
1558693510502 -63
1558693511959 -1520
1558693514889 -4450
1558693524804 -3436
1558693527628 -17188
1558693527734 -357938
1558693528510 -358714
1558693529655 -359858
1558693531514 -21074
1558693532646 -11278
1558693532657 -11289
1558693540196 -29755
1558693541280 -31086
1558693545660 -35466
1558693547843 -37649
1558693547986 -37792
1558693548944 -37722
1558693551528 -41334
1558693552993 -31624
1558693553969 -32600
1558693554945 -33576
1558693554945 -33576
1558693555791 -44569
1558693557578 -46356
1558693558562 -47340
1558693565441 -54219
1558693566003 -55807
1558693567665 -43293
1558693567937 -57741
1558693569456 -45084
1558693569456 -45084
1558693569946 -59750
1558693570905 -60709
1558693571409 -47037
1558693577828 -67632
1558693578257 -53885
1558693580223 -55851
1558693580862 -70666
1558693580929 -70733
1558693581906 -70684
1558693583715 -73519
1558693586061 -75865
1558693589779 -78556
1558693592784 -68411
1558693596797 -82862
1558693598223 -84288
1558693598265 -84330
1558693598632 -74259
1558693601421 -87471
1558693603127 -89192
1558693608107 -94169
1558693610304 -96366
1558693614298 -85308
1558693616241 -87251
1558693617054 -88064
1558693619990 -91000
1558693622925 -93935
1558693623903 -94913
1558693624730 -110779
1558693628476 -114525
1558693634350 -120399
1558693636302 -122351
1558693636917 -122977
1558693638575 -109585
1558693642321 -113331
1558693644122 -130014
1558693648029 -133921
1558693648030 -133922
1558693654752 -140763
1558693657002 -128009
1558693657553 -143564
1558693658473 -144483
1558693660580 -146471
1558693664490 -150380
1558693666445 -152335
1558693666610 -137617
1558693673524 -159534
1558693678018 -163907
1558693682034 -167923
1558693682034 -167923
1558693683257 -154263
1558693683578 -169587
1558693683890 -169779
1558693684842 -170851
1558693687968 -158974
1558693690732 -176621
1558693690901 -161907
1558693695792 -166086
1558693704004 -184281
1558693706121 -186398
1558693706165 -186442
1558693706216 -192105
1558693709326 -189603
1558693709504 -189781
1558693709516 -179809
1558693710495 -180788
1558693714039 -192813
1558693715195 -185487
1558693716015 -194789
1558693716028 -196305
1558693720086 -190378
1558693720881 -199655
1558693721062 -191354
1558693725959 -196251
1558693731071 -211348
1558693731828 -202119
1558693739299 -218071
1558693741255 -220027
1558693745360 -214051
1558693746827 -226980
1558693748792 -228945
1558693749269 -217960
1558693752198 -220889
1558693752832 -231603
1558693753177 -221867
1558693755653 -235806
1558693756374 -236526
1558693758346 -238498
1558693759672 -237992
1558693762333 -242485
1558693766613 -246765
1558693769451 -247770
1558693769453 -247772
1558693773577 -242267
1558693775563 -244253
1558693776029 -256180
1558693776059 -256210
1558693780442 -249132
1558693793765 -272083
1558693797504 -275821
1558693797893 -266582
1558693798901 -267590
1558693798932 -267621
1558693799568 -277885
1558693799968 -276670
1558693800604 -278921
1558693801896 -270585
1558693807369 -284036
1558693809277 -285944
1558693814343 -282244
1558693818294 -286195
1558693819246 -287147
1558693826653 -303303
1558693826657 -303307
1558693827379 -304080
1558693828182 -304883
1558693833815 -301715
1558693834526 -311176
1558693835427 -312128
1558693838375 -315023
1558693839584 -307484
1558693843097 -319745
1558693843992 -320693
1558693844499 -291465
1558693845054 -321702
1558693848410 -295376
1558693851352 -298317
1558693852327 -299292
1558693853584 -330284
1558693859331 -321892
1558693859957 -306921
1558693865605 -342163
1558693867316 -329876
1558693867381 -343939
1558693868440 -344998
1558693871715 -302978
1558693871715 -302978
1558693875640 -292488
1558693879002 -341560
1558693885956 -335002
1558693887907 -336953
1558693891090 -307936
1558693891090 -307936
1558693891486 -354042
1558693891657 -340702
1558693892065 -308910
1558693897933 -296323
1558693905744 -304133
1558693906007 -304396
1558693908883 -357926
1558693908883 -307272
1558693911475 -360518
1558693913568 -311956
1558693921743 -358533
1558693926702 -348555
1558693930187 -366974
1558693931509 -368296
1558693933552 -355404
1558693934101 -370888
1558693936476 -358328
1558693940237 -362088
1558693940244 -362095
1558693940648 -304635
1558693945803 -355509
1558693946541 -310527
1558693949023 -370873
1558693954185 -318170
1558693961581 -315459
1558693963974 -306935
1558693964408 -374111
1558693973312 -327187
1558693975833 -385534
1558693976245 -330119
1558693976799 -386500
1558693981136 -335010
1558693982765 -314794
1558693983996 -316025
1558693987269 -311849
1558693988796 -342667
1558693990751 -344621
1558693995642 -349510
1558693997416 -329443
1558694005428 -338671
1558694005693 -312512
1558694007006 -339031
1558694012565 -319383
1558694012995 -345020
1558694015797 -347821
1558694016019 -349261
1558694016576 -348600
1558694019512 -351535
1558694022861 -356102
1558694022861 -356102
1558694023852 -357093
1558694024133 -311869
1558694031696 -364936
1558694032004 -334860
1558694032642 -365882
1558694032921 -303012
1558694033383 -336238
1558694039769 -309860
1558694040942 -343794
1558694045487 -315578
1558694051058 -332959
1558694053300 -299145
1558694055577 -358423
1558694055950 -337850
1558694060127 -305971
1558694062087 -307931
1558694062089 -307933
1558694062451 -365294
1558694063607 -345506
1558694065131 -367973
1558694067095 -369937
1558694067533 -349432
1558694069472 -351371
1558694069781 -315623
1558694070472 -350891
1558694071451 -353349
1558694073396 -355294
1558694074895 -355313
1558694075342 -357240
1558694075875 -356293
1558694079872 -360289
1558694082815 -363232
1558694084008 -365905
1558694085672 -366089
1558694087362 -307680
1558694089312 -309629
1558694090287 -310604
1558694093061 -313378
1558694096688 -322457
1558694096973 -317289
1558694097235 -377650
1558694100600 -326368
1558694102128 -382542
1558694104403 -330171
1558694108482 -334249
1558694115625 -312813
1558694116371 -313559
1558694117613 -345623
1558694118587 -346597
1558694122494 -350502
1558694126438 -354445
1558694135462 -335476
1558694136988 -364990
1558694137891 -312763
1558694138941 -366942
1558694139855 -314727
1558694140352 -340365
1558694143285 -343298
1558694143285 -343298
1558694145240 -345253
1558694147202 -347215
1558694147792 -375790
1558694152844 -380839
1558694153384 -300106
1558694154436 -382430
1558694156622 -303343
1558694158336 -305057
1558694159735 -361507
1558694161000 -362772
1558694164634 -364644
1558694165933 -312653
1558694167150 -368921
1558694168129 -369900
1558694171067 -372837
1558694172483 -372492
1558694174736 -297169
1558694178168 -335762
1558694178168 -335762
1558694178655 -301087
1558694178915 -380684
1558694178915 -380684
1558694181597 -304029
1558694182577 -305009
1558694183057 -340651
1558694185492 -307923
1558694187480 -309911
1558694187947 -345540
1558694189297 -311728
1558694189720 -391488
1558694190279 -312710
1558694190279 -312710
1558694195127 -316970
1558694195349 -397116
1558694196205 -318048
1558694197788 -355380
1558694199574 -357165
1558694208856 -305140
1558694209837 -306121
1558694211298 -360546
1558694213513 -362760
1558694215881 -365127
1558694216625 -312908
1558694216865 -366111
1558694217687 -313970
1558694220481 -331110
1558694225836 -336464
1558694227263 -301245
1558694230751 -379996
1558694231131 -305112
1558694231874 -381118
1558694232111 -306092
1558694233089 -307070
1558694233633 -344260
1558694239610 -350237
1558694240607 -351234
1558694241626 -352252
1558694242700 -391942
1558694244836 -299283
1558694245542 -394784
1558694249786 -304233
1558694255461 -348378
1558694258061 -368685
1558694259188 -313633
1558694260028 -370652
1558694262056 -343172
1558694266116 -292533
1558694267962 -349077
1558694269943 -351058
1558694270433 -363348
1558694274912 -367826
1558694275388 -368301
1558694276976 -369888
1558694277576 -358690
1558694278568 -359682
1558694281767 -374677
1558694283658 -376568
1558694284459 -365572
1558694284608 -311022
1558694285441 -366554
1558694286431 -367543
1558694291496 -317868
1558694292491 -318863
1558694295494 -362299
1558694301021 -382131
1558694301349 -305160
1558694304114 -370918
1558694304299 -308109
1558694310017 -376820
1558694310853 -343956
1558694313803 -346906
1558694314804 -347907
1558694316111 -382913
1558694320527 -353629
1558694324464 -357565
1558694325451 -358552
1558694325451 -358552
1558694328739 -314094
1558694328743 -314098
1558694330309 -341764
1558694332503 -317858
1558694334306 -367406
1558694334470 -319824
1558694338244 -371343
1558694338388 -349842
1558694344289 -355742
1558694345953 -379050
1558694348912 -329957
1558694352842 -333886
1558694354962 -366414
1558694358886 -370337
1558694359753 -340797
1558694361709 -342752
1558694365787 -377237
1558694373685 -310615
1558694375638 -312568
1558694377409 -341249
1558694378403 -342243
1558694380403 -298869
1558694381366 -345206
1558694384322 -348161
1558694385322 -303787
1558694390203 -354042
1558694393171 -357009
1558694393196 -311660
1558694394173 -312637
1558694394174 -312638
1558694397088 -360926
1558694398733 -334154
1558694399095 -317559
1558694401689 -337109
1558694402677 -338097
1558694405205 -369042
1558694406209 -370045
1558694407806 -305929
1558694408776 -372612
1558694409984 -373820
1558694412700 -376535
1558694412704 -376539
1558694412708 -376543
1558694415406 -350825
1558694415803 -313924
1558694418736 -316857
1558694420284 -355702
1558694421207 -356625
1558694421301 -357150
1558694423200 -358617
1558694428276 -364123
1558694428296 -300189
1558694435188 -307080
1558694437155 -309047
1558694438821 -318799
1558694441086 -312978
1558694444040 -315931
1558694452744 -388588
1558694453508 -333484
1558694453721 -302259
1558694453721 -302259
1558694454714 -303252
1558694458441 -338417
1558694461603 -310140
1558694462604 -311141
1558694466726 -347159
1558694468187 -348620
1558694469614 -350047
1558694472038 -352012
1558694475170 -355602
1558694478162 -308280
1558694480898 -338339
1558694481125 -311242
1558694488967 -369397
1558694494880 -300710
1558694496851 -302681
1558694497794 -378223
1558694499435 -356874
1558694499590 -380018
1558694505486 -355766
1558694506524 -312353
1558694507513 -357793
1558694508431 -358711
1558694509252 -366690
1558694513421 -319249
1558694516366 -301808
1558694518113 -368391
1558694520081 -370359
1558694520924 -378360
1558694521297 -306738
1558694523050 -373328
1558694531262 -336474
1558694533090 -318529
1558694534069 -319508
1558694535523 -340734
1558694538751 -389027
1558694539438 -344649
1558694539732 -390007
1558694539734 -390009
1558694545330 -350540
1558694545729 -305928
1558694547488 -349093
1558694550497 -310696
1558694553383 -354987
1558694553432 -313630
1558694553433 -313631
1558694558951 -364157
1558694563261 -364864
1558694568226 -369829
1558694571725 -348366
1558694574687 -351328
1558694574828 -376430
1558694574917 -311750
1558694576885 -313718
1558694576886 -313719
1558694579753 -381354
1558694581567 -358207
1558694585679 -387279
1558694585744 -322576
1558694588287 -364926
1558694590257 -366896
1558694593206 -369807
1558694594200 -370801
1558694595323 -344425
1558694596415 -310780
1558694598266 -347368
1558694599110 -375711
1558694600104 -376705
1558694600349 -314714
1558694602323 -316687
1558694615126 -300175
1558694615855 -364955
1558694618885 -303934
1558694619604 -342935
1558694619864 -304913
1558694621572 -344903
1558694624106 -373205
1558694625704 -374802
1558694629697 -314745
1558694634508 -356462
1558694635184 -358513
1558694637569 -322615
1558694638305 -360259
1558694643340 -305874
1558694647247 -309780
1558694649936 -373262
1558694650116 -372068
1558694650143 -372094
1558694651910 -375236
1558694654695 -338908
1558694658628 -342840
1558694658934 -380884
1558694661577 -345789
1558694663820 -385770
1558694665711 -387661
1558694665962 -297208
1558694667479 -351690
1558694668736 -299981
1558694668736 -299981
1558694674370 -358580
1558694675627 -306871
1558694683110 -351453
1558694683154 -351496
1558694688149 -356491
1558694688422 -319664
1558694689142 -357483
1558694695191 -310576
1558694697827 -326459
1558694698956 -367296
1558694701899 -370239
1558694705865 -374204
1558694706952 -322335
1558694707503 -336133
1558694707820 -376159
1558694708922 -324305
1558694709450 -338080
1558694710431 -339061
1558694710613 -378952
1558694711593 -379932
1558694719294 -347923
1558694719465 -338116
1558694720306 -348935
1558694721426 -350055
1558694725618 -318762
1558694728159 -356787
1558694734876 -363502
1558694735856 -364482
1558694740767 -342918
1558694742943 -361591
1558694755363 -357512
1558694756812 -305022
1558694757795 -306004
1558694759763 -307972
1558694761261 -363409
1558694764520 -312729
1558694774362 -298176
1558694780272 -304086
1558694786009 -309822
1558694786989 -310802
1558694789945 -313757
1558694795849 -292278
1558694797492 -338918
1558694799784 -296212
1558694801751 -298179
1558694802737 -299165
