1558693134597 -10541
1558693136529 -12473
1558693138411 -14355
1558693141309 -17244
1558693146881 -22816
1558693148949 -24892
1558693153686 -29620
1558693155740 -31683
1558693156712 -32655
1558693157550 -33493
1558693158556 -34490
1558693160547 -36481
1558693161483 -37426
1558693161483 -37426
1558693161483 -37417
1558693167123 -42533
1558693169092 -44512
1558693170897 -46317
1558693172048 -47458
1558693172990 -48400
1558693174771 -50191
1558693176788 -52198
1558693179592 -55011
1558693182495 -57913
1558693184404 -59822
1558693186450 -61868
1558693188502 -63920
1558693188613 -64031
1558693190489 -65897
1558693190612 -66020
1558693198776 -74192
1558693198795 -74211
1558693198869 -74276
1558693205500 -80916
1558693209356 -82914
1558693211310 -84867
1558693212287 -85844
1558693217051 -90641
1558693218912 -92469
1558693218994 -92583
1558693221902 -95491
1558693227676 -101233
1558693233512 -107069
1558693233512 -107069
1558693237480 -111067
1558693239221 -112808
1558693242081 -115638
1558693242084 -115641
1558693244057 -117109
1558693244124 -117687
1558693247921 -120972
1558693248898 -121949
1558693256680 -129731
1558693256721 -130284
1558693264331 -137894
1558693266256 -139307
1558693266275 -139838
1558693267232 -140795
1558693272052 -145103
1558693273030 -146081
1558693273066 -146629
1558693274041 -147091
1558693277903 -150954
1558693279874 -151779
1558693279957 -153007
1558693288467 -161517
1558693292413 -165463
1558693293399 -166448
1558693304005 -175909
1558693305922 -178971
1558693306932 -179981
1558693312568 -184472
1558693313530 -185434
1558693315529 -188578
1558693315529 -187433
1558693321293 -194342
1558693323258 -196307
1558693330090 -203138
1558693338600 -210512
1558693340620 -212532
1558693341521 -213433
1558693356143 -227564
1558693358099 -228030
1558693359837 -231748
1558693365691 -235622
1558693367635 -237566
1558693370491 -242402
1558693372430 -244341
1558693372494 -242425
1558693375406 -245337
1558693381017 -252928
1558693401455 -270509
1558693402417 -271471
1558693406172 -275224
1558693407091 -276142
1558693410001 -279051
1558693410973 -280022
1558693410980 -280029
1558693416788 -285835
1558693417752 -286798
1558693422658 -291701
1558693423637 -292680
1558693425519 -294555
1558693427575 -267098
1558693429248 -298281
1558693430212 -299245
1558693430214 -299247
1558693432289 -265056
1558693437227 -269993
1558693440040 -272806
1558693443941 -276706
1558693445748 -314761
1558693455311 -292567
1558693462089 -299344
1558693465974 -303228
1558693468890 -306144
1558693470832 -308085
1558693473745 -310998
1558693475526 -312779
1558693481356 -318608
1558693482327 -319579
1558693487185 -324436
1558693509240 -111
1558693509240 -111
1558693510496 -594
1558693510496 -594
1558693515067 -5938
1558693519201 -9297
1558693520172 -10268
1558693521896 -12767
1558693528921 -19016
1558693534594 -24689
1558693535563 -25658
1558693539453 -29547
1558693540463 -30557
1558693541396 -31490
1558693542166 -33037
1558693543097 -33968
1558693554554 -45394
1558693558726 -48818
1558693559419 -50259
1558693565283 -56123
1558693569123 -59963
1558693573976 -64816
1558693577196 -66704
1558693582577 -73416
1558693582869 -72377
1558693594259 -85098
1558693595527 -85035
1558693596181 -87020
1558693598414 -87922
1558693599388 -88896
1558693601334 -90842
1558693607026 -96533
1558693611887 -99055
1558693613491 -104330
1558693623981 -112398
1558693624494 -111656
1558693626476 -113638
1558693626476 -113638
1558693626890 -115307
1558693628249 -115411
1558693633087 -120249
1558693633707 -122124
1558693636602 -125017
1558693636975 -124136
1558693655300 -142460
1558693659751 -148165
1558693667525 -155851
1558693671248 -159574
1558693674179 -162504
1558693674187 -162512
1558693679505 -165919
1558693683318 -169732
1558693690127 -176540
1558693690669 -178993
1558693697898 -184311
1558693708419 -192744
1558693713814 -199381
1558693714822 -200389
1558693717169 -201494
1558693720446 -206013
1558693722396 -207963
1558693723370 -208937
1558693734496 -218820
1558693739712 -225279
1558693742630 -228197
1558693749422 -234986
1558693750401 -235965
1558693751836 -236160
1558693760112 -245191
1558693760576 -242374
1558693765799 -250878
1558693766450 -248247
1558693770153 -251950
1558693775982 -257779
1558693786979 -272056
1558693787950 -273027
1558693794306 -273800
1558693795774 -280851
1558693799752 -284829
1558693801172 -269265
1558693801669 -286746
1558693803160 -271252
1558693804059 -272151
1558693805000 -273092
1558693814778 -282869
1558693826185 -282588
1558693833589 -313805
1558693834108 -290510
1558693842005 -322221
1558693842005 -322221
1558693847863 -328079
1558693849368 -295228
1558693850750 -330966
1558693852277 -285677
1558693853263 -286663
1558693854674 -334890
1558693855622 -335838
1558693859327 -339145
1558693860312 -319097
1558693867115 -325899
1558693868705 -302103
1558693870080 -328863
1558693870606 -304004
1558693882486 -341268
1558693887894 -306741
1558693890813 -309659
1558693893166 -351946
1558693895670 -280884
1558693897035 -355814
1558693898593 -283806
1558693908104 -286065
1558693908669 -293881
1558693909882 -287842
1558693910599 -295810
1558693911733 -289693
1558693917303 -295262
1558693920796 -306005
1558693929729 -307686
1558693930704 -308661
1558693939100 -278960
1558693944923 -284782
1558693948810 -288669
1558693949788 -289647
1558693963562 -341509
1558693967433 -345378
1558693969411 -347355
1558693973253 -351196
1558693973929 -313784
1558693975215 -287449
1558693976978 -289212
1558693978859 -288745
1558693980883 -293116
1558693983810 -296042
1558693984455 -294340
1558693986395 -296280
1558693986710 -298942
1558693992239 -302123
1558693995146 -305030
1558693995434 -307665
1558694000010 -309893
1558694004978 -317206
1558694006919 -319147
1558694006921 -319149
1558694009832 -322058
1558694014421 -299154
1558694023298 -335519
1558694024150 -308882
1558694026192 -338412
1558694028031 -312762
1558694029828 -314559
1558694030815 -315546
1558694032049 -344267
1558694032989 -345206
1558694040510 -292566
1558694040755 -352969
1558694045357 -297413
1558694047301 -299356
1558694049349 -333554
1558694052156 -304211
1558694057827 -309881
1558694063665 -315718
1558694070487 -296445
1558694071457 -297414
1558694071457 -297414
1558694071469 -297426
1558694071518 -355718
1558694083950 -309903
1558694089752 -315702
1558694094639 -328806
1558694099475 -295454
1558694100281 -296260
1558694100472 -334639
1558694105171 -301149
1558694109477 -343642
1558694120697 -354861
1558694122653 -356817
1558694125567 -359730
1558694128308 -290454
1558694135268 -313468
1558694138995 -301140
1558694145783 -323982
1558694148724 -326922
1558694158489 -336686
1558694162166 -294505
1558694165089 -297428
1558694166048 -298387
1558694167990 -300329
1558694173677 -306015
1558694174638 -306976
1558694179495 -311832
1558694179496 -311833
1558694185443 -321107
1558694187280 -286727
1558694187408 -323072
1558694195918 -295364
1558694202909 -338571
1558694203724 -303169
1558694203829 -339490
1558694213342 -312786
1558694214242 -349902
1558694218396 -354054
1558694222317 -357973
1558694223363 -328505
1558694225104 -330246
1558694225952 -331094
1558694232689 -337830
1558694234709 -339850
1558694235673 -301278
1558694237450 -342590
1558694238566 -304171
1558694239408 -344548
1558694253907 -359045
1558694254891 -360029
1558694255842 -360980
1558694261832 -293742
1558694261832 -293742
1558694263448 -368585
1558694263448 -368584
1558694266371 -316024
1558694266579 -298489
1558694279034 -328686
1558694280231 -312139
1558694281199 -313107
1558694283767 -333418
1558694285711 -335362
1558694289831 -291773
1558694298639 -300580
1558694302554 -304495
1558694305486 -307426
1558694307428 -309368
1558694308017 -357664
1558694321701 -337554
1558694322677 -338530
1558694337171 -353022
1558694342076 -357925
1558694346223 -288393
1558694349177 -291347
1558694349177 -291347
1558694351817 -323422
1558694355576 -327181
1558694358947 -301115
1558694362690 -304857
1558694372488 -314654
1558694373174 -344776
1558694374172 -345774
1558694377352 -294370
1558694384700 -356300
1558694387954 -304970
1558694388932 -305948
1558694388932 -305948
1558694392867 -309883
1558694392878 -309894
1558694396749 -313764
1558694398367 -325628
1558694398704 -315719
1558694398704 -315719
1558694402113 -329373
1558694404063 -331323
1558694404063 -331323
1558694418216 -306178
1558694419190 -307152
1558694420720 -347977
1558694424588 -351845
1558694424590 -351847
1558694428333 -355588
1558694432609 -291672
1558694436151 -363404
1558694446898 -325684
1558694449655 -328440
1558694450225 -309285
1558694451183 -310243
1558694452165 -311225
1558694458449 -337233
1558694462370 -341153
1558694469198 -347980
1558694472534 -301625
1558694478411 -307501
1558694480210 -309300
1558694484682 -322079
1558694487617 -325014
1558694490961 -289259
1558694492909 -291207
1558694504486 -302782
1558694510969 -348363
1558694512891 -350285
1558694530451 -316164
1558694530451 -316164
1558694537128 -322841
1558694539109 -324821
1558694539519 -308787
1558694542998 -328710
1558694543976 -329688
1558694548321 -283586
1558694552600 -338310
1558694560939 -296203
1558694563369 -349078
1558694566281 -351989
1558694566818 -302081
1558694570025 -355732
1558694571965 -314959
1558694574899 -317892
1558694581262 -291388
1558694581262 -291388
1558694581262 -291388
1558694582759 -325750
1558694583238 -293363
1558694583696 -326687
1558694586148 -296273
1558694592005 -302129
1558694596898 -307021
1558694597210 -340197
1558694597874 -307997
1558694598186 -341172
1558694606000 -348984
1558694606977 -349961
1558694607957 -350941
1558694609453 -290450
1558694621185 -302181
1558694624939 -305934
1558694628847 -309842
1558694632228 -326943
1558694633731 -288445
1558694634710 -289424
1558694640580 -295293
1558694644495 -299208
1558694646725 -341438
1558694649655 -344367
1558694654528 -349239
1558694656487 -351197
1558694657454 -352164
1558694661359 -356067
1558694665106 -359813
1558694677426 -302022
1558694677826 -342486
1558694678461 -303057
1558694679394 -303990
1558694686224 -310819
1558694687203 -311798
1558694689165 -313760
1558694696226 -360881
1558694696841 -291278
1558694699135 -363789
1558694701098 -365752
1558694702690 -297126
1558694704031 -368685
1558694705620 -300056
1558694710860 -322985
1558694711669 -323794
1558694717535 -329659
1558694719152 -313585
1558694719152 -313585
1558694723239 -300182
1558694723628 -335751
1558694730100 -307042
1558694730417 -342539
1558694731375 -343497
1558694733203 -345325
1558694735970 -348091
1558694737894 -350015
1558694740837 -352957
1558694740837 -352957
1558694742779 -354899
1558694743432 -301870
1558694753529 -306638
1558694759079 -287520
1558694761033 -289474
1558694762013 -290453
1558694767721 -296161
1558694770648 -299087
1558694773581 -302020
1558694776516 -304954
1558694780428 -308866
1558694782383 -310821
1558694783365 -311803
1558694789229 -287516
1558694803734 -302019
1558694807645 -305928
