1558693125654 -2637
1558693129020 -6003
1558693132118 -7367
1558693132123 -7372
1558693142508 -19490
1558693143428 -20410
1558693149143 -26125
1558693152416 -24970
1558693162836 -35390
1558693167645 -40199
1558693168177 -45073
1558693170090 -46986
1558693171058 -47954
1558693182202 -53118
1558693183124 -54040
1558693185295 -62190
1558693186118 -57034
1558693195690 -66606
1558693198839 -75713
1558693201292 -72203
1558693202259 -73169
1558693203523 -79518
1558693204495 -80490
1558693205199 -76109
1558693207362 -83357
1558693208334 -84329
1558693210977 -81887
1558693212770 -83680
1558693217593 -88503
1558693217773 -93768
1558693217779 -93774
1558693233129 -109123
1558693234966 -105862
1558693237938 -113274
1558693243637 -114532
1558693243637 -114532
1558693248300 -119195
1558693252185 -127519
1558693253139 -128473
1558693254113 -129447
1558693254124 -125019
1558693255074 -130408
1558693256041 -126936
1558693260811 -136145
1558693264649 -139983
1558693267531 -142865
1558693271521 -138231
1558693272334 -147668
1558693274104 -149438
1558693277217 -143926
1558693281860 -157193
1558693282804 -158137
1558693286854 -162187
1558693287695 -163028
1558693289523 -164856
1558693289824 -156533
1558693290528 -165861
1558693296545 -163253
1558693309613 -183292
1558693310072 -176779
1558693311048 -177755
1558693312518 -186197
1558693313494 -187173
1558693318327 -192006
1558693321574 -187285
1558693322975 -196654
1558693324492 -190203
1558693324903 -198582
1558693325462 -191173
1558693326432 -192143
1558693333624 -207303
1558693333624 -207303
1558693335184 -200894
1558693335546 -209225
1558693341332 -214289
1558693344754 -210464
1558693346734 -212444
1558693349658 -215367
1558693349896 -222851
1558693354486 -220195
1558693360486 -233441
1558693361250 -226959
1558693361454 -234409
1558693366919 -229947
1558693371782 -234810
1558693391242 -260265
1558693393997 -263019
1558693396891 -265913
1558693400784 -263812
1558693403710 -266738
1558693408471 -277486
1558693410421 -279434
1558693410421 -279434
1558693413420 -269703
1558693429569 -277488
1558693429778 -286059
1558693430530 -278449
1558693432474 -280393
1558693435529 -283448
1558693445180 -288101
1558693446167 -289088
1558693446815 -294732
1558693446815 -294732
1558693451979 -285273
1558693454524 -302440
1558693461527 -294819
1558693466382 -299673
1558693510163 -80
1558693510626 -543
1558693514433 -1557
1558693518355 -8272
1558693522189 -9313
1558693523164 -10288
1558693526090 -13213
1558693527078 -16994
1558693529013 -18929
1558693533860 -20983
1558693545250 -35164
1558693545346 -32468
1558693546218 -36132
1558693558621 -48288
1558693563452 -53119
1558693563643 -44809
1558693570447 -51613
1558693571176 -60843
1558693572404 -53569
1558693576284 -57449
1558693579718 -69385
1558693581146 -62311
1558693584894 -66058
1558693585580 -75246
1558693587507 -77173
1558693587863 -69026
1558693597153 -86819
1558693597521 -78684
1558693598098 -87764
1558693600064 -89730
1558693602926 -89931
1558693606619 -93624
1558693627503 -104848
1558693636064 -113408
1558693643834 -121178
1558693646752 -124096
1558693650642 -127985
1558693652671 -139267
1558693657293 -134636
1558693662154 -133056
1558693671990 -158584
1558693671990 -158584
1558693673832 -160426
1558693676656 -163249
1558693680557 -151458
1558693699673 -183270
1558693704495 -188092
1558693719164 -188485
1558693719165 -188486
1558693719969 -203564
1558693721727 -205322
1558693724832 -194153
1558693724832 -194153
1558693726564 -210159
1558693730679 -200000
1558693734287 -217881
1558693735297 -218891
1558693739407 -208727
1558693739407 -208727
1558693740379 -209699
1558693742988 -226247
1558693746233 -215553
1558693746698 -229957
1558693747674 -230933
1558693748628 -231887
1558693756355 -239613
1558693756739 -226059
1558693758291 -241549
1558693759656 -228976
1558693760626 -229946
1558693763545 -231783
1558693764132 -246882
1558693765555 -233793
1558693767431 -235669
1558693776491 -259240
1558693784205 -266954
1558693788657 -256894
1558693788659 -256896
1558693796623 -275953
1558693797574 -276904
1558693799660 -278990
1558693800345 -268582
1558693806334 -285663
1558693815777 -280099
1558693822424 -286745
1558693824378 -288699
1558693827388 -306717
1558693831117 -283774
1558693835977 -288633
1558693837930 -290586
1558693838905 -291557
1558693841797 -294448
1558693843648 -291549
1558693844608 -292509
1558693845585 -293485
1558693854287 -302186
1558693854287 -302186
1558693854335 -294561
1558693855277 -303176
1558693862106 -302331
1558693862803 -310701
1558693866761 -291407
1558693872448 -283010
1558693872584 -297229
1558693872595 -297240
1558693873564 -298209
1558693875506 -300151
1558693885009 -295569
1558693885820 -296380
1558693894536 -305095
1558693895734 -303071
1558693901370 -311928
1558693901404 -311962
1558693901667 -287734
1558693905596 -316154
1558693911992 -322547
1558693914789 -325343
1558693918899 -304963
1558693922794 -270199
1558693923361 -333911
1558693923361 -333911
1558693923774 -271179
1558693924738 -272143
1558693930560 -277964
1558693932867 -295504
1558693933478 -280881
1558693935424 -282827
1558693935751 -298388
1558693937677 -300314
1558693944009 -291411
1558693945400 -307928
1558693946371 -308899
1558693952779 -300179
1558693953726 -301126
1558693956819 -319345
1558693964591 -327116
1558693966495 -329020
1558693969133 -299165
1558693975209 -337732
1558693975930 -305960
1558693977884 -307914
1558693979874 -342395
1558693982753 -300303
1558693985497 -303046
1558693986471 -304020
1558693993299 -310847
1558693994353 -301279
1558693998146 -285777
1558694002878 -309803
1558694003955 -291585
1558694004809 -311734
1558694005898 -293528
1558694007725 -314650
1558694011576 -299205
1558694014475 -321399
1558694014475 -321399
1558694015467 -303095
1558694017369 -324292
1558694022270 -309898
1558694022273 -309901
1558694035707 -297260
1558694039457 -346370
1558694045440 -306992
1558694048122 -355031
1558694052794 -302196
1558694053774 -303176
1558694053774 -303176
1558694053774 -303176
1558694055138 -290604
1558694055684 -305085
1558694058865 -294331
1558694059839 -295305
1558694067303 -316703
1558694070211 -319610
1558694073877 -323276
1558694075393 -310857
1558694082595 -331990
1558694084007 -285766
1558694085914 -287673
1558694087409 -336803
1558694088830 -290588
1558694090790 -292548
1558694093198 -342590
1558694093687 -295444
1558694094162 -343554
1558694098555 -300312
1558694105656 -295501
1558694108645 -298490
1558694110794 -300638
1558694110896 -300740
1558694111790 -301634
1558694113618 -303462
1558694126688 -316530
1558694127659 -317501
1558694128624 -318466
1558694132492 -322333
1558694133467 -323308
1558694134437 -324278
1558694139051 -314730
1558694139262 -329102
1558694139270 -329110
1558694146816 -300288
1558694147779 -337617
1558694162215 -287692
1558694166139 -298520
1558694168872 -301253
1558694176621 -302095
1558694178540 -310920
1558694180517 -305991
1558694183382 -315670
1558694183428 -308902
1558694184404 -309877
1558694191277 -294527
1558694191277 -294527
1558694191309 -294559
1558694191966 -324253
1558694191987 -324274
1558694194113 -297363
1558694200663 -332949
1558694200691 -332977
1558694201644 -333930
1558694206562 -338847
1558694208607 -311855
1558694212451 -281889
1558694214383 -283821
1558694218250 -350532
1558694223014 -355294
1558694225086 -294522
1558694231756 -301191
1558694232731 -302166
1558694235728 -305162
1558694235728 -305162
1558694237707 -307141
1558694239969 -314701
1558694243864 -318596
1558694245824 -320555
1558694250360 -289815
1558694251692 -326422
1558694255101 -294555
1558694256055 -295509
1558694256306 -331036
1558694260164 -334893
1558694260950 -300403
1558694265879 -340607
1558694267863 -307314
1558694269621 -309072
1558694272585 -312036
1558694277399 -288015
1558694277487 -352211
1558694281316 -291931
1558694281316 -291931
1558694288019 -304293
1558694288019 -304293
1558694288988 -305262
1558694291086 -301700
1558694294832 -305445
1558694297737 -313963
1558694300655 -316881
1558694301679 -312291
1558694306521 -322747
1558694308462 -324688
1558694309302 -325528
1558694310225 -326451
1558694313415 -296982
1558694315092 -331318
1558694317164 -300730
1558694333789 -299050
1558694335741 -301002
1558694338247 -354464
1558694338672 -303932
1558694339652 -304912
1558694341163 -357379
1558694341446 -306706
1558694343293 -299993
1558694346336 -311595
1558694349914 -306613
1558694353184 -294318
1558694356561 -313258
1558694360030 -301163
1558694370646 -311777
1558694372114 -328721
1558694374575 -285745
1558694376961 -333567
1558694380390 -291559
1558694382348 -293516
1558694385550 -342154
1558694386259 -297427
1558694390417 -347019
1558694390983 -302150
1558694391967 -303134
1558694395279 -351878
1558694403704 -288766
1558694403867 -304033
1558694404739 -289800
1558694406667 -291728
1558694406780 -306946
1558694409700 -309865
1558694410552 -295612
1558694411634 -311799
1558694415687 -315852
1558694419566 -319730
1558694420440 -320604
1558694421134 -306193
1558694422127 -307186
1558694425058 -310116
1558694426025 -311083
1558694433851 -288977
1558694434813 -334975
1558694445415 -300540
1558694446397 -301521
1558694448350 -303474
1558694449394 -349553
1558694450363 -350521
1558694454212 -309335
1558694455057 -355214
1558694455195 -310318
1558694459914 -315037
1558694459921 -302386
1558694462905 -291955
1558694467787 -296836
1558694482408 -311455
1558694487138 -316185
1558694490088 -289306
1558694493005 -292222
1558694494959 -294176
1558694505294 -347752
1558694505730 -304945
1558694510196 -352653
1558694512400 -311615
1558694521659 -304738
1558694524569 -307648
1558694526558 -309637
1558694527664 -310742
1558694528680 -311758
1558694533916 -300203
1558694533916 -300203
1558694547457 -313743
1558694558422 -341302
1558694563001 -303048
1558694568961 -351837
1558694572716 -312761
1558694576625 -286518
1558694579665 -304113
1558694580387 -290280
1558694582613 -307061
1558694584539 -308986
1558694594083 -318509
1558694596051 -320477
1558694597955 -322380
1558694601848 -326273
1558694606712 -331136
1558694610534 -294178
1558694612562 -336985
1558694617380 -301023
1558694623245 -306887
1558694625023 -349442
1558694627968 -311609
1558694633847 -288488
1558694635704 -306984
1558694655174 -309812
1558694656930 -328207
1558694663574 -334850
1558694665518 -336794
1558694669413 -340688
1558694671349 -342624
1558694671349 -342624
1558694671798 -300193
1558694680438 -308831
1558694681417 -309810
1558694683372 -311765
1558694684004 -355275
1558694689237 -291409
1558694691638 -303127
1558694695583 -307072
1558694701789 -303959
1558694701791 -303961
1558694706677 -308847
1558694712547 -314715
1558694714511 -289466
1558694717443 -292397
1558694719393 -294347
1558694720413 -295367
1558694720687 -332172
1558694722838 -334323
1558694731089 -306042
1558694743783 -295366
1558694745462 -295161
1558694746440 -296139
1558694754265 -303963
1558694754472 -306054
1558694756221 -305919
1558694758181 -307879
1558694758189 -309770
1558694760134 -311715
1558694761105 -312686
1558694762075 -313656
1558694769747 -293207
1558694770725 -294185
1558694771797 -323373
1558694773659 -297118
1558694775614 -299073
1558694778550 -302009
1558694781482 -304941
