1558693132020 -8459
1558693135107 -11546
1558693137937 -14376
1558693139169 -13686
1558693148386 -24824
1558693154522 -29039
1558693157474 -27964
1558693162968 -38060
1558693167104 -37594
1558693170025 -40515
1558693173816 -44306
1558693173816 -44306
1558693175713 -46203
1558693177385 -52476
1558693180563 -51053
1558693194832 -68829
1558693194866 -68863
1558693197778 -71775
1558693202744 -73222
1558693203726 -74204
1558693208421 -82417
1558693213448 -83926
1558693219016 -93012
1558693224952 -95430
1558693225973 -96451
1558693229838 -100316
1558693242434 -112911
1558693246153 -116630
1558693246227 -120169
1558693252978 -120417
1558693254070 -128011
1558693255998 -129939
1558693259917 -133857
1558693260784 -128222
1558693264694 -132132
1558693266591 -140530
1558693267476 -134914
1558693267569 -141508
1558693271479 -145418
1558693275290 -142728
1558693286406 -159197
1558693287212 -160003
1558693289894 -162685
1558693293837 -166628
1558693300647 -173438
1558693305451 -170710
1558693305530 -178320
1558693309347 -174605
1558693309441 -182231
1558693310327 -175585
1558693314242 -179499
1558693315066 -180323
1558693317992 -183249
1558693320040 -192830
1558693324828 -190085
1558693324923 -197713
1558693324923 -197713
1558693331762 -204108
1558693336562 -201818
1558693338444 -210790
1558693345209 -210465
1558693346187 -211443
1558693353998 -217228
1558693369589 -240503
1558693379293 -242522
1558693381337 -252251
1558693385133 -248362
1558693388993 -259907
1558693392792 -256021
1558693397768 -268680
1558693400605 -259334
1558693400702 -271614
1558693402663 -273575
1558693403535 -262264
1558693405674 -275970
1558693413246 -283542
1558693417163 -287459
1558693419130 -289426
1558693424994 -295289
1558693432668 -302963
1558693433775 -304070
1558693437504 -281784
1558693437597 -307892
1558693438569 -308864
1558693445358 -315653
1558693445362 -315657
1558693447212 -281038
1558693449167 -282993
1558693457808 -291633
1558693465711 -296771
1558693467666 -298725
1558693474513 -305569
1558693475492 -306548
1558693486083 -317134
1558693487062 -318112
1558693505469 -336511
1558693505469 -336511
1558693512787 -330284
1558693512792 -17
1558693525470 -16248
1558693528985 -16208
1558693530936 -18159
1558693533877 -21100
1558693535067 -25845
1558693539970 -30747
1558693541913 -32690
1558693543498 -30720
1558693545441 -32663
1558693545778 -36555
1558693549345 -36567
1558693556542 -44974
1558693560934 -41174
1558693562248 -50680
1558693563856 -44095
1558693564250 -52682
1558693567761 -48000
1558693572039 -60471
1558693575578 -55816
1558693582422 -62659
1558693584586 -73018
1558693585610 -74042
1558693603778 -81369
1558693604142 -92421
1558693604749 -82340
1558693606716 -84307
1558693607542 -85133
1558693607542 -85133
1558693624497 -112776
1558693626132 -103721
1558693626478 -114757
1558693627467 -115746
1558693630828 -108417
1558693631805 -109394
1558693635144 -123422
1558693637669 -115257
1558693638645 -116233
1558693640946 -126574
1558693643528 -121116
1558693646819 -132447
1558693647790 -133418
1558693648443 -126031
1558693655479 -141106
1558693655496 -141123
1558693656094 -126940
1558693656445 -142072
1558693658406 -144033
1558693663919 -134764
1558693666844 -137689
1558693669189 -154799
1558693670139 -155749
1558693670760 -141605
1558693672738 -143583
1558693672755 -143600
1558693675000 -160610
1558693678802 -164412
1558693679431 -150275
1558693681757 -167367
1558693683647 -169256
1558693687598 -173207
1558693702700 -172092
1558693708929 -193994
1558693715418 -184809
1558693716724 -201788
1558693721605 -206668
1558693730310 -210550
1558693734803 -204193
1558693737175 -217414
1558693739051 -219290
1558693747510 -216887
1558693751616 -231855
1558693753538 -233777
1558693756139 -224322
1558693757127 -225310
1558693766290 -246529
1558693766306 -246545
1558693766306 -246545
1558693770801 -238984
1558693773604 -241787
1558693773604 -241787
1558693778481 -246663
1558693780440 -248622
1558693783390 -251572
1558693785636 -265453
1558693790526 -270343
1558693791505 -271322
1558693797262 -277078
1558693799949 -267804
1558693800883 -268738
1558693810007 -289823
1558693812582 -280436
1558693817510 -285364
1558693820589 -274276
1558693827371 -281057
1558693830955 -298809
1558693831275 -284960
1558693833415 -287100
1558693834011 -301865
1558693843833 -297517
1558693847451 -301433
1558693850668 -304351
1558693868160 -298840
1558693872015 -302694
1558693880848 -311526
1558693888625 -319299
1558693896279 -326953
1558693904338 -335011
1558693906405 -300431
1558693907370 -301396
1558693909969 -298459
1558693910302 -304327
1558693910934 -299424
1558693911177 -305202
1558693916669 -310694
1558693918295 -306784
1558693921560 -315584
1558693923195 -311683
1558693923556 -317580
1558693926457 -320480
1558693930339 -324362
1558693931033 -303659
1558693931062 -303688
1558693932969 -305595
1558693933265 -327287
1558693934914 -307540
1558693936865 -309490
1558693944531 -288453
1558693945507 -289428
1558693946799 -340818
1558693965212 -324250
1558693970111 -329147
1558693970765 -314683
1558693971085 -330121
1558693972730 -283566
1558693980881 -339916
1558693981846 -340881
1558693982817 -341852
1558693984450 -295284
1558693985585 -344619
1558693987546 -346580
1558693991467 -350500
1558693995368 -354399
1558693997014 -307846
1558693997014 -307846
1558694002871 -313703
1558694003173 -319490
1558694005798 -286500
1558694009705 -290406
1558694010724 -291425
1558694018346 -299046
1558694022255 -302954
1558694024239 -304938
1558694032357 -348669
1558694033174 -349486
1558694038734 -293188
1558694047511 -301964
1558694049790 -309780
1558694050482 -304935
1558694050761 -310751
1558694054391 -308843
1558694054697 -314686
1558694055333 -309785
1558694057449 -317438
1558694059082 -313534
1558694060380 -320368
1558694063006 -291225
1558694063977 -292196
1558694064949 -293168
1558694069175 -329161
1558694075050 -335036
1558694080757 -340741
1558694082711 -342694
1558694083715 -343697
1558694090514 -350494
1558694091492 -351472
1558694093135 -291342
1558694093135 -291342
1558694094116 -292323
1558694098027 -296233
1558694100309 -313698
1558694102928 -301132
1558694103944 -302148
1558694104095 -317484
1558694112097 -325485
1558694114683 -312884
1558694114683 -312884
1558694114884 -328272
1558694120349 -292349
1558694121324 -293323
1558694122626 -336013
1558694124260 -296259
1558694131917 -303915
1558694139089 -352472
1558694140722 -312719
1558694143980 -357362
1558694153446 -295293
1558694153596 -318408
1558694154562 -296409
1558694154786 -319598
1558694164338 -329148
1558694165005 -306851
1558694173832 -315677
1558694176744 -284542
1558694177736 -285533
1558694179819 -344627
1558694183434 -291229
1558694187367 -295160
1558694192282 -300073
1558694193228 -301019
1558694204914 -312701
1558694206156 -335020
1558694207132 -335996
1558694208076 -336940
1558694210013 -338876
1558694212910 -341773
1558694216025 -344887
1558694217070 -345932
1558694218057 -346919
1558694219915 -293799
1558694225392 -299275
1558694227151 -301034
1558694227152 -301035
1558694228397 -357257
1558694230363 -359222
1558694231004 -304887
1558694231320 -360179
1558694233264 -362122
1558694233937 -307819
1558694234239 -363097
1558694235992 -309874
1558694241166 -321521
1558694243850 -288572
1558694246188 -326542
1558694249654 -294376
1558694255348 -300069
1558694255636 -335989
1558694258255 -302976
1558694258579 -338931
1558694260223 -304943
1558694260225 -304945
1558694273249 -353599
1558694279746 -294324
1558694290888 -321721
1558694292859 -323692
1558694294500 -309076
1558694296631 -327463
1558694298275 -312850
1558694301549 -332381
1558694302536 -333367
1558694303193 -317763
1558694304177 -288770
1558694306484 -337315
1558694307131 -291724
1558694323017 -353845
1558694329663 -314253
1558694330631 -315221
1558694339730 -326858
1558694340406 -300708
1558694341707 -328835
1558694346161 -306462
1558694353342 -340468
1558694356298 -343424
1558694359253 -346378
1558694361243 -348368
1558694361265 -348390
1558694364855 -295006
1558694367790 -297941
1558694370599 -300749
1558694370899 -358021
1558694375496 -305645
1558694377766 -334382
1558694380422 -310571
1558694381701 -338316
1558694385629 -342244
1558694389571 -346185
1558694391231 -287321
1558694395009 -291099
1558694402193 -358805
1558694406127 -362738
1558694409070 -365679
1558694416830 -312916
1558694419787 -316318
1558694424357 -290483
1558694427312 -293437
1558694430261 -296375
1558694431244 -297358
1558694432519 -329048
1558694435492 -332020
1558694437454 -333982
1558694440224 -336752
1558694440224 -336752
1558694442194 -338721
1558694443869 -309978
1558694444162 -340689
1558694446118 -342644
1558694452730 -318835
1558694456936 -353460
1558694462566 -299514
1558694463545 -300493
1558694465638 -333346
1558694469292 -306239
1558694471533 -339240
1558694473500 -341207
1558694474200 -311146
1558694481373 -349079
1558694494980 -362684
1558694495964 -363668
1558694498645 -305440
1558694498918 -366621
1558694498919 -366622
1558694499904 -367607
1558694499904 -367607
1558694499904 -367607
1558694500900 -368603
1558694515223 -291791
1558694515233 -291801
1558694518428 -341243
1558694519410 -342224
1558694520397 -343211
1558694529213 -305779
1558694534120 -310685
1558694540888 -363444
1558694541871 -364427
1558694545531 -292190
1558694549488 -296147
1558694550726 -373282
1558694551710 -374266
1558694564083 -310739
1558694565072 -311728
1558694574879 -291207
1558694577831 -294158
1558694582881 -350191
1558694591453 -307778
1558694591711 -359019
1558694591712 -359019
1558694592427 -308752
1558694600311 -316635
1558694601565 -334555
1558694603250 -289237
1558694605222 -291209
1558694606203 -292189
1558694606296 -339285
1558694606296 -339285
1558694611985 -297971
1558694616146 -349133
1558694618836 -304821
1558694619815 -305800
1558694621055 -354042
1558694623023 -356010
1558694627945 -360931
1558694629747 -362733
1558694631617 -317600
1558694631717 -364703
1558694636375 -292027
1558694637361 -293013
1558694639587 -372570
1558694644511 -313577
1558694645230 -300881
1558694647453 -316518
1558694649422 -318487
1558694653096 -308746
1558694659096 -328160
1558694659824 -315473
1558694670900 -339962
1558694673852 -342914
1558694675830 -344892
1558694681557 -350617
1558694682590 -351650
1558694686214 -315632
1558694689165 -318583
1558694706971 -323254
1558694723682 -293423
1558694731524 -347807
1558694742952 -312690
1558694747877 -317614
1558694749930 -337700
1558694758526 -297930
1558694766388 -305742
1558694777046 -316398
1558694779998 -285299
1558694783934 -289234
1558694787870 -293170
1558694788853 -294153
1558694792788 -298087
1558694792789 -298088
1558694794756 -300055
1558694796726 -302025
1558694800495 -305793
