1558693135120 -10579
1558693153328 -28207
1558693155211 -30089
1558693158165 -33043
1558693166832 -41710
1558693168776 -43654
1558693170774 -45652
1558693184172 -59049
1558693185184 -60061
1558693190441 -65318
1558693203444 -73652
1558693222741 -92949
1558693229543 -99750
1558693232448 -102655
1558693238289 -108496
1558693239245 -107454
1558693246919 -115127
1558693280069 -144810
1558693303311 -168051
1558693305259 -169999
1558693328555 -193199
1558693334426 -199070
1558693362501 -225926
1558693368327 -231752
1558693371264 -234689
1558693373217 -236642
1558693375184 -238609
1558693391641 -255066
1558693391645 -255070
1558693402425 -264820
1558693407281 -269676
1558693418854 -273091
1558693421792 -276028
1558693422812 -277048
1558693424727 -278961
1558693425699 -279933
1558693438347 -285975
1558693448831 -325252
1558693449118 -325534
1558693449541 -325956
1558693449721 -326136
1558693449794 -326209
1558693449836 -326251
1558693450395 -326809
1558693450669 -327083
1558693450695 -327109
1558693450985 -280227
1558693451643 -327962
1558693451644 -327963
1558693451653 -327972
1558693451696 -328015
1558693451697 -328016
1558693451713 -328032
1558693452343 -328662
1558693452462 -328780
1558693452724 -329042
1558693453039 -329357
1558693453096 -329414
1558693453097 -329415
1558693453300 -329618
1558693453327 -329644
1558693453638 -328718
1558693453845 -328924
1558693453846 -328925
1558693454094 -329173
1558693454668 -329747
1558693454903 -329982
1558693455620 -330307
1558693455860 -330547
1558693455860 -285101
1558693456015 -330702
1558693456748 -331435
1558693456874 -331561
1558693457216 -328103
1558693457255 -328142
1558693457929 -328814
1558693458432 -329317
1558693458730 -329614
1558693459003 -329397
1558693459169 -329563
1558693459289 -329683
1558693459782 -330176
1558693460008 -330401
1558693461093 -329972
1558693461110 -329989
1558693461198 -330077
1558693461445 -330324
1558693461567 -330446
1558693461759 -330638
1558693463516 -292755
1558693466447 -295686
1558693472522 -314356
1558693479360 -321193
1558693480337 -322170
1558693484082 -325914
1558693487992 -329824
1558693491904 -333735
1558693495813 -337644
1558693514743 -3825
1558693515320 -2537
1558693516711 -5793
1558693523151 -10368
1558693524738 -13819
1558693526088 -13304
1558693530001 -17217
1558693530001 -17217
1558693530982 -18198
1558693532962 -20178
1558693540222 -29303
1558693541587 -28752
1558693545479 -32644
1558693549390 -36554
1558693552325 -39489
1558693553303 -40467
1558693556497 -45578
1558693557198 -44362
1558693563922 -44222
1558693568780 -49080
1558693573669 -53969
1558693579532 -59831
1558693581707 -67853
1558693593089 -73387
1558693593089 -73387
1558693597695 -83840
1558693603128 -89272
1558693603824 -84121
1558693605125 -91269
1558693608569 -88866
1558693609575 -89872
1558693610554 -90851
1558693612772 -98915
1558693620301 -97844
1558693621277 -98820
1558693624215 -101758
1558693633142 -119070
1558693637732 -115274
1558693640849 -126777
1558693642615 -120157
1558693642615 -120157
1558693646521 -124063
1558693647683 -133611
1558693648491 -126033
1558693661222 -147145
1558693664957 -135807
1558693674276 -160199
1558693677650 -148498
1558693677650 -148498
1558693678475 -149323
1558693679517 -150365
1558693688265 -159112
1558693690513 -176436
1558693694165 -165012
1558693695334 -181257
1558693697070 -166447
1558693704915 -185284
1558693706810 -187179
1558693708670 -178047
1558693710650 -180025
1558693712720 -193088
1558693717558 -197926
1558693721354 -190729
1558693729985 -199359
1558693730712 -211079
1558693734111 -214478
1558693738435 -218802
1558693746608 -214793
1558693747587 -215772
1558693748561 -216746
1558693749500 -229281
1558693755237 -223422
1558693757195 -225380
1558693758179 -226364
1558693781098 -260878
1558693783506 -251690
1558693783819 -263599
1558693785403 -253587
1558693787452 -267232
1558693787452 -267232
1558693790387 -270166
1558693797582 -277361
1558693797619 -277398
1558693799038 -267222
1558693806797 -274981
1558693808129 -285203
1558693811090 -288164
1558693812703 -280556
1558693813388 -290462
1558693816001 -293075
1558693825853 -302926
1558693826313 -303386
1558693826619 -303692
1558693836168 -298176
1558693843763 -296330
1558693843763 -296330
1558693846563 -299128
1558693851442 -304005
1558693863199 -303979
1558693863219 -303999
1558693873728 -257354
1558693877043 -339045
1558693877108 -339109
1558693880613 -264238
1558693880869 -314132
1558693889359 -272983
1558693894665 -327877
1558693898060 -331272
1558693898992 -282615
1558693904174 -287796
1558693908149 -291771
1558693908378 -292000
1558693910479 -343691
1558693911953 -295574
1558693917999 -351211
1558693918009 -351221
1558693921498 -326086
1558693928161 -270064
1558693935990 -277892
1558693936063 -340649
1558693936967 -278869
1558693938933 -280834
1558693942685 -284586
1558693944628 -286529
1558693948587 -353171
1558693953564 -358148
1558693955907 -360490
1558693961524 -366107
1558693965011 -294104
1558693966955 -296048
1558693968913 -298005
1558693969899 -298991
1558693972930 -316612
1558693977721 -306812
1558693977902 -321583
1558693977987 -321668
1558693992231 -305908
1558693995163 -338842
1558693997119 -292389
1558694001996 -297265
1558694002935 -346612
1558694002971 -298240
1558694004913 -348590
1558694008801 -352476
1558694009678 -353353
1558694014654 -358327
1558694016504 -311771
1558694017486 -328020
1558694030209 -299214
1558694030209 -299214
1558694030452 -340984
1558694040052 -350583
1558694040787 -351318
1558694042702 -353233
1558694043747 -312751
1558694044768 -313771
1558694046678 -315681
1558694049583 -298158
1558694052519 -301093
1558694061157 -309730
1558694068987 -317559
1558694077812 -333004
1558694083518 -305911
1558694083891 -339082
1558694088319 -343509
1558694089300 -344490
1558694095156 -350346
1558694098071 -353260
1558694108933 -301185
1558694112819 -305071
1558694116510 -344981
1558694119430 -347900
1558694120474 -312725
1558694130965 -359434
1558694133022 -295148
1558694136935 -299060
1558694141758 -370225
1558694141761 -370228
1558694145641 -319391
1558694145651 -319401
1558694146619 -320369
1558694147614 -321364
1558694149656 -311779
1558694152594 -314717
1558694156527 -318649
1558694157760 -331509
1558694160780 -334528
1558694161037 -334785
1558694163236 -336984
1558694169884 -343631
1558694170903 -344650
1558694172109 -345855
1558694173008 -308856
1558694176630 -350376
1558694179542 -353287
1558694179656 -315503
1558694182588 -318435
1558694188464 -295349
1558694191051 -342515
1558694193341 -300225
1558694195285 -302169
1558694207053 -313935
1558694207914 -314796
1558694208552 -360014
1558694210785 -317667
1558694211772 -318654
1558694212673 -364134
1558694212730 -319612
1558694213849 -365309
1558694222792 -299521
1558694226296 -303024
1558694230256 -306984
1558694231193 -382651
1558694231688 -383145
1558694233176 -309903
1558694235326 -327176
1558694242105 -318831
1558694242204 -334054
1558694249132 -295708
1558694254756 -346604
1558694255644 -302219
1558694266292 -358138
1558694266452 -358298
1558694268305 -360151
1558694275158 -367003
1558694275619 -337461
1558694276144 -288651
1558694277128 -289634
1558694282044 -294550
1558694282044 -294550
1558694283029 -295534
1558694286439 -348280
1558694287405 -349245
1558694294837 -307341
1558694294840 -307344
1558694306093 -367931
1558694306516 -286095
1558694308461 -288040
1558694309837 -371675
1558694310425 -290004
1558694311404 -290983
1558694311814 -373651
1558694312387 -291966
1558694313614 -293192
1558694318697 -330363
1558694320258 -299836
1558694322066 -301643
1558694334852 -314427
1558694335237 -346901
1558694342724 -292153
1558694344694 -294122
1558694345923 -357586
1558694350437 -299865
1558694353798 -365460
1558694362618 -326709
1558694363608 -327699
1558694366173 -315599
1558694367529 -331620
1558694377213 -341303
1558694379182 -343271
1558694380147 -344236
1558694385101 -349189
1558694391603 -310878
1558694397673 -361760
1558694402588 -366673
1558694404224 -289572
1558694409704 -327176
1558694410543 -328015
1558694412461 -329933
1558694412571 -330043
1558694418016 -303362
1558694421390 -338861
1558694425126 -342596
1558694433572 -292682
1558694437510 -296620
1558694453090 -312198
1558694455412 -332067
1558694461952 -300689
1558694467314 -343922
1558694467719 -306456
1558694470258 -346866
1558694476843 -353451
1558694477526 -316261
1558694477823 -354431
1558694478510 -317245
1558694490161 -304610
1558694491539 -341883
1558694496057 -310506
1558694496341 -346684
1558694497041 -311489
1558694497330 -347673
1558694498030 -312478
1558694500513 -350856
1558694503938 -318386
1558694507289 -357631
1558694507468 -357810
1558694510873 -299075
1558694512402 -362743
1558694517544 -305745
1558694518528 -306729
1558694522463 -310663
1558694522777 -373116
1558694531698 -319897
1558694535779 -386118
1558694536026 -386364
1558694536553 -386891
1558694539040 -296989
1558694541211 -335355
1558694542208 -336352
1558694542970 -300919
1558694554080 -348222
1558694558785 -352927
1558694560062 -354203
1558694560756 -318702
1558694572649 -366789
1558694573299 -300902
1558694574293 -301896
1558694574563 -368702
1558694577668 -371806
1558694578597 -324276
1558694580436 -326114
1558694584185 -311787
1558694585934 -313536
1558694591836 -319437
1558694592989 -338665
1558694596233 -341909
1558694606609 -352283
1558694609378 -310722
1558694610372 -311716
1558694614303 -315647
1558694617445 -363117
1558694621377 -340818
1558694622338 -341779
1558694630043 -298142
1558694633836 -301935
1558694636777 -304876
1558694637001 -356440
1558694639723 -307821
1558694641929 -361367
1558694645820 -365258
1558694647592 -315689
1558694648832 -368269
1558694651525 -319622
1558694653509 -292204
1558694655494 -374930
1558694659234 -297928
1558694676947 -315639
1558694681737 -290142
1558694683158 -341802
1558694683705 -292110
1558694683926 -342570
1558694688600 -297004
1558694692622 -301026
1558694693127 -351770
1558694693578 -301982
1558694697910 -356552
1558694698056 -356698
1558694701503 -360145
1558694702373 -310776
1558694704356 -312759
1558694706167 -314569
1558694718055 -330335
1558694725281 -303509
1558694726167 -304394
1558694730717 -308944
1558694731094 -343373
1558694734085 -346364
1558694734531 -312758
1558694735161 -347439
1558694735168 -347446
1558694735748 -348026
1558694736241 -348518
1558694736510 -314736
1558694748366 -360641
1558694751240 -303068
1558694753049 -304877
1558694759931 -311758
1558694762881 -314708
1558694772719 -295149
1558694781409 -303838
