1558693131436 -8403
1558693132409 -9376
1558693134258 -6558
1558693134335 -11302
1558693135354 -12321
1558693135764 -5752
1558693142035 -19001
1558693146801 -19100
1558693150160 -20148
1558693150587 -22886
1558693156564 -33530
1558693157174 -29473
1558693159911 -29898
1558693160473 -37439
1558693162033 -34332
1558693166594 -36414
1558693171611 -43908
1558693172473 -42293
1558693177028 -46848
1558693182103 -54400
1558693183786 -53605
1558693184830 -54649
1558693191493 -68176
1558693193582 -65875
1558693193582 -63108
1558693194073 -70756
1558693194514 -66806
1558693198188 -67714
1558693199123 -68649
1558693199738 -76364
1558693200155 -72447
1558693200792 -77418
1558693208410 -85036
1558693209714 -79238
1558693210341 -86966
1558693214403 -86655
1558693214552 -84076
1558693215498 -85022
1558693217288 -89540
1558693217909 -94534
1558693220802 -97427
1558693224004 -88648
1558693225988 -90632
1558693226951 -91595
1558693228533 -105158
1558693228845 -93489
1558693229783 -102035
1558693229826 -94470
1558693230744 -102996
1558693233659 -98303
1558693235597 -100241
1558693236545 -101189
1558693240096 -114840
1558693240419 -105063
1558693241062 -115806
1558693244916 -119660
1558693246850 -121594
1558693247955 -120207
1558693248961 -113605
1558693253611 -128354
1558693255694 -120337
1558693256656 -128889
1558693258295 -133038
1558693259251 -133994
1558693259535 -131768
1558693261171 -135914
1558693262427 -134660
1558693263434 -124752
1558693265037 -139780
1558693265384 -126702
1558693266019 -140762
1558693267128 -139360
1558693270975 -143207
1558693274843 -147075
1558693275917 -137234
1558693277589 -152300
1558693279523 -154234
1558693281672 -153904
1558693282620 -154852
1558693282733 -144050
1558693283207 -157918
1558693283559 -155791
1558693284779 -146095
1558693286251 -160962
1558693289177 -161409
1558693291518 -152833
1558693294043 -166275
1558693294043 -166275
1558693299053 -160368
1558693299610 -174321
1558693300035 -161350
1558693300574 -175285
1558693300748 -172966
1558693301541 -176252
1558693303913 -165228
1558693306546 -178764
1558693307360 -182070
1558693307520 -179738
1558693309292 -184002
1558693311036 -185746
1558693311036 -185746
1558693312967 -187677
1558693313933 -188643
1558693319291 -179439
1558693322626 -195224
1558693322626 -195224
1558693327641 -199690
1558693330943 -191090
1558693331513 -203562
1558693333433 -205482
1558693334274 -206871
1558693334274 -206871
1558693335246 -207843
1558693335382 -207431
1558693336760 -196907
1558693337200 -209797
1558693339951 -212548
1558693340507 -200654
1558693341028 -213076
1558693344807 -217404
1558693345831 -217724
1558693345831 -217724
1558693347763 -219656
1558693348768 -220661
1558693350217 -210362
1558693354535 -227132
1558693359894 -220039
1558693362101 -233994
1558693364996 -236888
1558693364999 -236891
1558693369458 -229602
1558693371401 -231545
1558693372739 -244631
1558693373342 -233486
1558693378534 -250426
1558693384449 -256991
1558693385951 -246095
1558693392046 -264588
1558693392590 -252174
1558693396791 -268683
1558693398416 -258000
1558693398848 -271390
1558693401637 -273520
1558693403715 -276257
1558693405688 -276277
1558693413153 -285036
1558693416715 -276298
1558693418989 -290871
1558693419078 -289667
1558693420064 -290653
1558693428362 -283936
1558693429343 -284917
1558693432524 -303113
1558693433649 -304238
1558693435464 -307221
1558693436492 -279969
1558693436552 -280029
1558693439365 -282842
1558693441851 -283037
1558693449021 -292497
1558693449579 -290764
1558693449925 -321618
1558693450534 -291718
1558693451937 -295412
1558693452832 -324525
1558693452928 -296403
1558693453449 -294633
1558693454422 -295606
1558693459139 -300322
1558693466278 -337971
1558693466338 -309581
1558693467308 -310551
1558693468825 -303133
1558693469797 -304105
1558693471197 -314439
1558693476053 -319295
1558693477779 -320463
1558693477994 -321235
1558693481668 -324352
1558693487501 -330184
1558693490456 -333691
1558693494339 -337572
1558693501109 -343790
1558693507750 -350430
1558693510668 -353347
1558693512139 -2510
1558693515056 -5427
1558693517739 -2636
1558693518937 -9861
1558693522874 -13244
1558693523577 -8474
1558693524575 -9472
1558693525546 -10443
1558693525740 -16110
1558693527508 -12405
1558693527697 -18067
1558693531572 -21942
1558693536205 -21102
1558693544783 -29516
1558693545035 -35957
1558693547722 -32455
1558693550858 -41779
1558693551799 -40376
1558693552566 -37298
1558693553742 -42319
1558693555473 -40205
1558693555686 -44263
1558693557403 -42135
1558693564066 -48797
1558693565987 -50718
1558693566254 -54010
1558693576880 -65456
1558693578886 -66642
1558693579635 -68211
1558693580555 -65286
1558693585507 -74073
1558693585578 -73334
1558693588200 -72931
1558693588479 -77044
1558693593999 -78730
1558693594969 -79700
1558693595212 -83777
1558693598853 -71651
1558693600788 -73586
1558693601019 -89002
1558693601997 -89980
1558693604013 -91143
1558693604018 -91148
1558693605711 -93694
1558693608588 -81371
1558693609730 -96860
1558693610673 -97803
1558693611313 -84096
1558693613497 -101479
1558693620265 -108247
1558693621222 -109204
1558693622209 -110191
1558693622249 -110230
1558693630731 -103512
1558693634632 -122613
1558693637547 -125526
1558693637548 -125527
1558693638686 -125814
1558693639313 -112094
1558693639492 -127471
1558693640628 -127756
1558693641428 -129407
1558693645313 -133292
1558693645480 -123851
1558693645480 -123851
1558693645483 -123854
1558693647252 -133195
1558693659542 -132323
1558693659714 -145656
1558693661655 -147597
1558693665371 -137179
1558693666510 -152452
1558693667676 -146047
1558693668455 -154397
1558693669451 -155393
1558693670399 -156341
1558693675085 -146893
1558693677996 -149804
1558693677996 -163938
1558693679049 -164991
1558693680990 -166932
1558693690469 -162277
1558693690844 -169212
1558693694523 -179361
1558693698271 -170079
1558693701133 -185971
1558693703104 -174911
1558693704879 -176686
1558693705019 -189856
1558693713039 -190242
1558693714629 -184298
1558693718476 -188145
1558693723323 -192991
1558693725258 -210093
1558693725268 -194936
1558693725268 -194936
1558693725688 -202890
1558693727461 -204663
1558693728023 -197691
1558693729996 -199664
1558693730458 -207660
1558693733870 -203538
1558693736787 -206454
1558693738194 -210012
1558693739149 -210967
1558693739149 -210967
1558693742579 -212246
1558693745510 -215177
1558693746911 -218729
1558693747431 -217097
1558693750343 -230885
1558693753550 -225367
1558693758114 -238656
1558693758114 -238656
1558693758403 -230220
1558693758403 -230220
1558693762812 -232406
1558693764973 -245515
1558693765926 -246468
1558693765926 -246468
1558693766247 -238064
1558693772072 -243889
1558693774469 -255011
1558693776244 -245838
1558693783058 -252652
1558693783579 -255395
1558693783579 -255395
1558693786444 -258260
1558693789992 -269687
1558693790967 -270662
1558693796667 -276362
1558693801540 -281235
1558693801608 -281303
1558693802869 -274098
1558693802869 -274098
1558693805393 -285088
1558693807364 -287059
1558693808364 -288059
1558693808752 -279981
1558693810650 -281879
1558693811642 -282871
1558693815018 -284414
1558693817921 -287316
1558693818846 -272774
1558693819800 -273727
1558693824583 -291821
1558693826950 -298179
1558693832502 -286420
1558693834730 -279981
1558693839051 -306289
1558693839575 -284825
1558693841964 -309202
1558693842491 -287740
1558693843919 -311157
1558693845726 -312964
1558693846735 -313973
1558693848756 -302663
1558693849698 -303605
1558693850108 -295356
1558693850681 -304588
1558693857468 -311371
1558693858332 -325569
1558693858441 -312344
1558693858441 -312344
1558693859829 -305076
1558693862361 -316262
1558693863225 -330462
1558693873713 -308657
1558693874261 -319504
1558693874674 -309618
1558693875666 -310609
1558693876740 -303612
1558693877159 -322401
1558693877602 -312545
1558693887847 -306837
1558693887847 -306837
1558693888220 -315090
1558693889240 -324182
1558693892716 -311706
1558693893529 -312518
1558693895016 -321883
1558693895987 -322853
1558693898399 -317388
1558693900913 -327778
1558693904022 -330885
1558693905907 -340845
1558693908069 -334931
1558693909838 -344774
1558693910678 -345614
1558693911578 -338437
1558693912488 -347423
1558693919651 -338637
1558693923985 -302730
1558693924462 -343448
1558693927381 -346366
1558693928361 -347345
1558693929814 -308558
1558693935525 -334415
1558693942165 -341054
1558693944110 -342999
1558693948967 -347855
1558693951550 -319506
1558693952501 -320457
1558693952873 -351759
1558693954439 -322395
1558693955879 -334618
1558693957366 -325321
1558693959327 -327282
1558693959595 -338333
1558693960643 -359527
1558693961533 -340270
1558693963420 -317267
1558693964009 -331963
1558693966284 -320131
1558693970805 -338757
1558693973739 -341690
1558693976001 -329847
1558693979892 -333737
1558693983485 -351431
1558693991080 -309903
1558693994961 -313783
1558693994961 -313783
1558693997324 -320293
1558693997877 -316699
1558693998197 -352040
1558693999158 -353001
1558694000146 -353989
1558694000788 -319610
1558694002728 -321549
1558694003120 -326088
1558694006845 -329812
1558694011738 -334703
1558694016468 -328869
1558694018113 -336927
1558694020481 -343443
1558694023296 -335696
1558694025896 -344707
1558694026288 -349248
1558694027243 -350202
1558694027840 -346650
1558694029087 -341486
1558694029087 -341486
1558694031763 -350571
1558694032721 -351529
1558694032994 -345392
1558694035457 -354263
1558694040611 -353008
1558694043626 -313436
1558694048462 -318271
1558694049058 -308958
1558694049058 -308958
1558694050439 -320248
1558694053142 -322951
1558694053214 -328778
1558694057037 -326845
1558694059596 -319495
1558694063491 -323390
1558694065685 -341247
1558694069662 -339469
1558694070655 -340462
1558694072588 -342394
1558694073231 -333128
1558694073475 -349036
1558694076116 -336013
1558694081141 -350945
1558694081143 -350947
1558694084084 -353887
1558694084701 -344596
1558694088592 -348486
1558694088913 -302808
1558694089779 -309540
1558694089779 -309540
1558694090755 -310516
1558694091509 -351402
1558694093668 -313429
1558694096693 -310587
1558694098315 -358205
1558694098529 -318289
1558694101376 -315270
1558694102351 -316244
1558694103394 -323153
1558694104398 -324157
1558694106987 -307061
1558694108169 -327927
1558694110327 -330085
1558694111359 -331117
1558694112094 -312167
1558694112366 -326228
1558694112366 -326228
1558694114201 -333958
1558694114201 -328062
1558694114984 -334741
1558694115882 -335639
1558694116910 -330771
1558694118573 -318646
1558694120515 -320587
1558694120708 -340464
1558694123454 -323526
1558694128301 -328372
1558694129287 -349041
1558694134225 -348082
1558694137851 -337921
1558694138105 -351961
1558694138823 -338893
1558694144658 -344726
1558694145633 -345700
1558694147581 -347648
1558694153246 -353311
1558694156514 -321319
1558694156664 -306963
1558694158332 -323136
1558694161024 -301200
1558694161162 -325966
1558694161260 -311559
1558694161993 -302169
1558694162222 -312520
1558694164074 -328877
1558694168933 -333736
1558694173687 -313861
1558694177521 -342320
1558694177590 -327886
1558694178482 -343281
1558694179532 -329828
1558694180309 -320482
1558694185166 -325339
1558694187228 -352023
1558694189286 -339580
1558694193911 -334083
1558694195909 -336080
1558694195928 -336099
1558694196912 -337083
1558694196942 -337113
1558694197914 -348205
1558694198885 -349176
1558694199833 -317163
1558694200773 -318103
1558694202686 -320015
1558694204551 -344720
1558694207472 -347640
1558694211256 -351423
1558694218311 -315809
1558694221432 -318930
1558694221432 -338758
1558694222335 -316487
1558694223302 -320799
1558694227845 -321997
1558694228615 -326111
1558694228625 -326121
1558694234431 -331927
1558694240489 -334639
1558694245228 -339377
1558694245351 -308809
1558694249204 -343352
1558694251013 -314470
1558694253701 -351194
1558694253760 -317217
1558694256681 -320137
1558694259767 -353911
1558694260504 -307826
1558694260556 -324012
1558694262480 -309802
1558694262548 -326003
1558694262709 -356851
1558694263474 -326929
1558694269318 -316639
1558694269472 -304989
1558694270391 -333845
1558694270422 -305939
1558694270448 -305965
1558694274278 -309795
1558694275035 -338489
1558694276010 -339464
1558694276985 -340438
1558694278806 -326126
1558694280916 -344369
1558694284033 -319548
1558694286594 -333913
1558694289731 -325246
1558694291657 -355106
1558694301450 -336963
1558694302082 -349398
1558694304386 -339898
1558694312010 -327221
1558694314939 -330150
1558694318711 -310131
1558694319667 -334877
1558694325546 -340755
1558694330337 -321755
1558694336157 -327574
1558694338120 -329537
1558694338125 -329542
1558694338239 -353444
1558694338268 -325439
1558694342183 -329353
1558694344125 -331295
1558694350666 -342081
1558694351935 -339104
1558694353608 -345022
1558694353743 -314091
1558694356536 -347949
1558694356539 -347952
1558694356817 -343985
1558694358495 -349908
1558694372323 -305537
1558694373011 -315785
1558694373305 -306519
1558694375063 -335403
1558694378164 -311378
1558694381807 -324579
1558694383763 -326535
1558694383763 -326535
1558694383843 -344179
1558694388648 -331420
1558694391501 -351835
1558694392660 -325872
1558694402424 -335633
1558694404400 -337609
1558694404410 -337619
1558694406110 -348879
1558694406339 -339548
1558694409024 -351793
1558694411957 -354725
1558694413012 -313516
1558694414867 -315371
1558694415937 -316441
1558694417996 -351204
1558694418030 -351238
1558694419745 -320248
1558694422552 -305922
1558694422607 -323110
1558694422771 -355978
1558694423748 -356955
1558694424552 -325054
1558694425702 -358909
1558694426513 -327015
1558694427439 -310809
1558694431411 -304954
1558694434285 -317654
1558694434286 -317655
1558694437222 -320590
1558694446874 -347372
1558694449976 -323470
1558694450954 -324448
1558694451756 -352252
1558694452719 -336085
1558694454680 -355175
1558694455655 -356150
1558694456662 -330155
1558694465456 -338942
1558694467239 -304126
1558694470164 -307050
1558694478953 -352433
1558694480907 -317792
1558694488572 -325456
1558694496382 -333264
1558694504201 -341080
1558694504230 -343083
1558694512837 -349713
1558694514827 -353679
1558694515810 -354662
1558694515931 -335407
1558694517756 -305489
1558694519662 -317014
1558694520638 -317990
1558694521803 -341278
1558694525608 -313340
1558694527619 -347092
1558694530772 -350244
1558694533309 -330659
1558694533396 -352867
1558694535181 -332530
1558694535269 -322999
1558694536116 -333465
1558694536116 -333465
1558694536280 -355749
1558694539228 -310317
1558694543917 -341265
1558694544010 -331739
1558694545057 -316145
1558694545956 -333685
1558694548893 -336622
1558694556637 -327724
1558694557600 -328687
1558694561402 -312354
1558694561418 -312370
1558694562475 -350201
1558694564292 -315244
1558694564457 -335543
1558694565425 -336511
1558694566348 -354073
1558694568333 -339418
1558694572240 -343325
1558694576002 -326952
1558694577093 -319396
1558694577093 -319396
1558694579751 -330700
1558694581878 -352961
1558694584757 -327058
1558694585755 -356837
1558694592457 -343404
1558694595523 -337822
1558694597474 -339773
1558694600243 -316167
1558694602217 -353160
1558694604011 -354954
1558694607094 -349391
1558694607094 -349391
1558694610007 -325930
1558694612802 -303720
1558694615733 -306650
1558694616858 -332780
1558694616879 -306851
1558694617691 -308608
1558694619789 -335711
1558694622556 -338477
1558694622556 -338477
1558694625508 -316424
1558694628416 -344337
1558694628446 -318416
1558694628446 -318416
1558694629246 -320162
1558694629394 -345314
1558694631382 -321352
1558694632324 -348243
1558694634136 -325051
1558694634311 -324280
1558694636232 -352150
1558694637210 -353128
1558694639178 -355095
1558694642110 -358026
1558694644093 -334061
1558694647031 -336998
1558694654698 -344664
1558694655617 -319161
1558694656595 -320139
1558694658607 -348572
1558694662443 -325986
1558694663500 -353463
1558694664487 -354450
1558694667205 -309543
1558694670376 -305952
1558694685612 -327947
1558694687705 -351243
1558694698339 -340673
1558694701208 -315904
1558694709017 -323712
1558694710847 -353178
1558694711948 -326643
1558694712088 -347659
1558694712947 -327642
1558694713774 -356104
1558694713774 -356104
1558694714035 -349606
1558694715027 -350597
1558694716023 -351593
1558694720672 -303855
1558694723162 -312057
1558694724955 -313850
1558694726839 -315734
1558694726920 -315815
1558694727576 -310758
1558694727763 -342456
1558694729547 -344239
1558694729683 -318577
1558694730414 -313595
1558694730575 -345267
1558694732517 -321410
1558694739026 -322206
1558694739305 -328195
1558694741266 -330156
1558694743861 -358550
1558694744890 -328069
1558694746166 -335055
1558694747145 -336034
1558694749620 -332799
1558694754497 -337675
1558694757426 -340603
1558694757426 -340603
1558694762313 -345489
1558694769962 -353135
1558694779737 -306611
1558694781685 -308558
1558694784619 -311492
