1558693125728 -1252
1558693130291 -5815
1558693133304 -8828
1558693135528 -11052
1558693135528 -11052
1558693142511 -18034
1558693161792 -33479
1558693162627 -34313
1558693186709 -58395
1558693187966 -59652
1558693189877 -61563
1558693207612 -79073
1558693207615 -79076
1558693210508 -81969
1558693218071 -89532
1558693221919 -93380
1558693240119 -111518
1558693253637 -125035
1558693254607 -126005
1558693258470 -129868
1558693265063 -136461
1558693266037 -137435
1558693267010 -133332
1558693270892 -137214
1558693282582 -148904
1558693285640 -151962
1558693287349 -153671
1558693300844 -167165
1558693303768 -170089
1558693313300 -179483
1558693317202 -183385
1558693317209 -183392
1558693322063 -188246
1558693335510 -201690
1558693376124 -242290
1558693400252 -263130
1558693400252 -263130
1558693411781 -274659
1558693412737 -275615
1558693416608 -279486
1558693435045 -297922
1558693450468 -294380
1558693460979 -304890
1558693465833 -309743
1558693471661 -315570
1558693482184 -326092
1558693528470 -16115
1558693534293 -21938
1558693548726 -36371
1558693557445 -45088
1558693582374 -70016
1558693591176 -78818
1558693599892 -87534
1558693607481 -87115
1558693608450 -88084
1558693612330 -91964
1558693614291 -93925
1558693618162 -97795
1558693626907 -106398
1558693632573 -112064
1558693632573 -112064
1558693640348 -119838
1558693649090 -128580
1558693656709 -136198
1558693662529 -142018
1558693665443 -143473
1558693671277 -149307
1558693678956 -156985
1558693680988 -159017
1558693687704 -165733
1558693689581 -167609
1558693700263 -178290
1558693703036 -181063
1558693708869 -186896
1558693708879 -186906
1558693709820 -187847
1558693717585 -188023
1558693724229 -194667
1558693727157 -197595
1558693748357 -218795
1558693752254 -222692
1558693756131 -226568
1558693756131 -226568
1558693759056 -229491
1558693767819 -238254
1558693774433 -244165
1558693775406 -245138
1558693775406 -245138
1558693798644 -268367
1558693802563 -272286
1558693807385 -277108
1558693824723 -294445
1558693832524 -300686
1558693846097 -314258
1558693848775 -316936
1558693863387 -313387
1558693872903 -322902
1558693883570 -333567
1558693910766 -304259
1558693917283 -310775
1558693922129 -315279
1558693938478 -331625
1558693939437 -332584
1558693942361 -335507
1558693950127 -343270
1558693960669 -353808
1558693961637 -354775
1558693963600 -306884
1558693971342 -314626
1558693973287 -316570
1558693977165 -320448
1558693992591 -335872
1558693992591 -335872
1558694002269 -345549
1558694006154 -349433
1558694014748 -311677
1558694018625 -315553
1558694032086 -329012
1558694035015 -331941
1558694041860 -338785
1558694048584 -345508
1558694069821 -311720
1558694070811 -312710
1558694081320 -323218
1558694094887 -336783
1558694094887 -336783
1558694097791 -339686
1558694103481 -345375
1558694104466 -346359
1558694105459 -347352
1558694118032 -301006
1558694121937 -304911
1558694129547 -311931
1558694133440 -315824
1558694140231 -322614
1558694143135 -325517
1558694161437 -343815
1558694168228 -350604
1558694170175 -352550
1558694172113 -305942
1558694182643 -316471
1558694183615 -317443
1558694185554 -319381
1558694199057 -332883
1558694199082 -332907
1558694201053 -334878
1558694208751 -342575
1558694228994 -322146
1558694247406 -340556
1558694250283 -343432
1558694256001 -349150
1558694266720 -313645
1558694269527 -316451
1558694274297 -321221
1558694275258 -322182
1558694285941 -332863
1558694289831 -336753
1558694295533 -342454
1558694296526 -343447
1558694301399 -348319
1558694308246 -355165
1558694309265 -356184
1558694310207 -357126
1558694325702 -312878
1558694331564 -318739
1558694335454 -322629
1558694338386 -325560
1558694339199 -326373
1558694342140 -329314
1558694342149 -329323
1558694344105 -331278
1558694346066 -333239
1558694348037 -335210
1558694349965 -337138
1558694353873 -341045
1558694359771 -346941
1558694361725 -348894
1558694365447 -352576
1558694377187 -310281
1558694380104 -313197
1558694385969 -319062
1558694395605 -328696
1558694398510 -331601
1558694420858 -353943
1558694430610 -303989
1558694430614 -303993
1558694445111 -318006
1558694458639 -331532
1558694470396 -343287
1558694481117 -354005
1558694486827 -317187
1558694502451 -332809
1558694503431 -333788
1558694510182 -340538
1558694512112 -342468
1558694516007 -346363
1558694527868 -358222
1558694549050 -320050
1558694550052 -321052
1558694551014 -322014
1558694552957 -323957
1558694558660 -329659
1558694574317 -345313
1558694580992 -351986
1558694582961 -353954
1558694583954 -354947
1558694585870 -356863
1558694587824 -303787
1558694589780 -305743
1558694599587 -315548
1558694601358 -317319
1558694602338 -318299
1558694611133 -327093
1558694616985 -332944
1558694622848 -338807
1558694624655 -340613
1558694624666 -340624
1558694635405 -351361
1558694644196 -300104
1558694646152 -302060
1558694657714 -313620
1558694659671 -315577
1558694664566 -319933
1558694665537 -320904
1558694667493 -322860
1558694674167 -329533
1558694689811 -345175
1558694693752 -349116
1558694717027 -323221
1558694721913 -328106
1558694729789 -335982
1558694735447 -341638
1558694743249 -349439
1558694747987 -354175
1558694751884 -358071
1558694757754 -304822
