1558693135014 -10571
1558693138231 -13132
1558693139239 -14140
1558693150385 -25942
1558693151677 -26577
1558693154610 -29510
1558693156194 -31751
1558693158276 -33833
1558693159205 -34762
1558693162138 -37245
1558693174646 -49751
1558693175795 -45654
1558693178507 -53612
1558693179489 -54594
1558693181466 -56571
1558693192453 -67557
1558693193384 -68488
1558693198016 -73120
1558693203820 -73677
1558693207704 -76066
1558693212628 -87729
1558693220260 -95361
1558693222208 -90569
1558693222213 -90574
1558693224136 -97513
1558693224137 -97514
1558693227094 -95455
1558693228075 -96436
1558693236855 -109978
1558693236858 -109981
1558693240767 -109127
1558693248421 -116780
1558693249394 -122516
1558693252343 -125465
1558693254293 -127415
1558693256253 -120847
1558693259189 -123783
1558693262119 -126713
1558693266018 -139139
1558693266999 -140120
1558693267809 -132402
1558693276634 -141227
1558693277610 -142202
1558693278592 -143184
1558693284483 -157604
1558693289334 -153926
1558693294138 -158729
1558693301902 -166493
1558693304792 -177913
1558693305788 -169260
1558693310676 -174148
1558693312610 -182947
1558693312610 -182947
1558693313591 -183928
1558693315414 -185751
1558693329132 -192600
1558693330089 -193557
1558693333038 -196506
1558693336889 -207183
1558693336904 -200372
1558693340709 -204177
1558693341637 -205105
1558693342612 -206080
1558693344565 -214859
1558693344565 -214859
1558693345568 -209036
1558693348533 -212001
1558693365886 -234109
1558693370773 -238996
1558693370773 -238996
1558693373730 -236089
1558693379590 -247813
1558693381601 -243960
1558693383511 -245870
1558693384462 -252685
1558693390174 -258397
1558693395074 -257432
1558693395074 -257432
1558693402899 -265257
1558693409614 -265532
1558693410550 -265775
1558693411573 -267491
1558693420379 -276296
1558693428118 -268939
1558693430109 -270640
1558693433019 -273549
1558693436907 -277437
1558693439751 -280281
1558693443658 -284187
1558693448523 -289052
1558693449455 -279556
1558693450462 -280563
1558693450491 -291019
1558693452392 -282492
1558693453381 -283481
1558693454351 -284451
1558693512409 -2522
1558693513405 -3518
1558693515412 -2412
1558693520299 -7299
1558693528058 -18170
1558693529152 -16151
1558693533759 -23870
1558693535967 -22965
1558693536796 -23794
1558693537764 -24762
1558693542608 -32719
1558693549473 -36471
1558693550360 -40459
1558693570810 -52677
1558693576591 -66689
1558693579611 -61477
1558693582285 -72383
1558693583269 -73367
1558693585332 -67198
1558693588282 -70148
1558693588326 -70192
1558693589284 -71150
1558693593084 -81544
1558693599014 -80880
1558693600002 -81868
1558693600002 -81868
1558693600869 -89329
1558693600974 -82840
1558693601948 -83814
1558693605867 -82962
1558693606841 -83936
1558693619283 -107741
1558693620368 -97462
1558693624161 -112619
1558693624169 -112627
1558693624264 -101357
1558693627097 -115555
1558693630121 -107214
1558693631095 -108188
1558693636792 -113884
1558693638662 -127119
1558693639639 -128096
1558693639639 -128096
1558693641690 -118782
1558693642560 -131017
1558693643648 -120740
1558693646471 -133168
1558693654419 -125505
1558693660005 -146653
1558693660973 -147621
1558693663913 -150561
1558693676443 -163090
1558693681550 -152635
1558693683415 -154500
1558693685370 -156455
1558693687360 -158445
1558693688315 -159400
1558693690275 -161360
1558693691251 -162336
1558693693086 -178004
1558693696992 -181910
1558693703662 -188579
1558693703782 -173045
1558693708555 -193472
1558693708564 -193481
1558693715535 -184753
1558693722340 -191558
1558693728043 -197260
1558693735898 -205114
1558693735898 -205114
1558693744672 -213888
1558693750541 -219756
1558693755131 -239980
1558693758057 -242906
1558693769815 -254663
1558693769952 -238231
1558693774531 -254685
1558693777452 -257605
1558693778566 -246845
1558693779411 -259564
1558693786267 -266420
1558693788213 -268366
1558693797139 -265396
1558693800844 -279125
1558693800844 -279125
1558693803911 -272167
1558693804817 -273073
1558693805785 -274041
1558693806824 -275080
1558693812524 -271933
1558693812700 -280956
1558693816440 -275849
1558693822125 -281533
1558693822285 -280462
1558693824230 -282407
1558693824230 -282407
1558693825232 -283409
1558693830055 -288232
1558693831047 -289223
1558693835000 -293176
1558693843431 -277387
1558693850438 -295026
1558693854388 -298976
1558693857274 -301861
1558693870709 -272792
1558693872762 -290176
1558693874706 -292120
1558693877512 -279594
1558693877650 -295063
1558693883362 -285443
1558693883497 -300910
1558693885329 -287410
1558693895071 -283520
1558693895900 -297980
1558693898999 -287447
1558693899981 -288429
1558693899981 -288429
1558693900844 -302923
1558693910956 -299403
1558693911841 -300288
1558693915665 -304111
1558693924097 -292286
1558693933858 -302045
1558693934008 -286453
1558693938916 -291360
1558693939576 -307762
1558693939913 -292356
1558693942503 -287403
1558693943476 -288376
1558693948512 -300952
1558693949495 -301935
1558693950482 -302921
1558693956350 -308787
1558693956356 -308793
1558693960243 -294238
1558693964179 -298173
1558693967766 -312663
1558693975586 -299144
1558693978690 -312682
1558693984532 -294126
1558693985511 -295104
1558693986494 -296086
1558693993167 -302758
1558693998891 -288388
1558694001005 -310594
1558694006705 -296201
1558694013400 -302893
1558694013548 -303769
1558694014378 -303871
1558694014527 -304748
1558694017281 -306773
1558694018277 -307768
1558694018440 -308660
1558694020411 -310631
1558694024326 -314546
1558694029016 -288383
1558694030178 -290399
1558694032778 -292144
1558694033090 -293311
1558694038801 -299020
1558694044724 -304941
1558694048566 -308781
1558694051501 -311715
1558694059972 -286432
1558694063078 -290219
1558694065039 -292180
1558694065844 -292303
1558694066816 -293275
1558694067797 -294256
1558694067964 -295104
1558694067964 -295104
1558694070915 -298055
1558694072889 -300029
1558694074803 -301942
1558694076636 -303093
1558694078546 -305003
1558694081330 -307787
1558694082301 -308758
1558694087368 -284509
1558694096149 -293289
1558694098107 -295246
1558694107845 -304983
1558694108880 -306018
1558694109958 -307096
1558694114592 -310892
1558694115421 -311721
1558694116529 -313666
1558694122389 -293275
1558694129863 -292133
1558694129863 -292133
1558694131182 -302067
1558694131820 -294089
1558694131997 -302882
1558694142754 -313637
1558694143562 -305829
1558694146492 -308759
1558694154580 -316846
1558694156348 -292383
1558694157460 -304057
1558694160989 -297024
1558694161179 -307775
1558694170765 -306799
1558694171752 -307785
1558694174855 -291357
1558694179594 -296095
1558694182530 -299031
1558694185275 -300901
1558694185276 -300902
1558694187422 -303922
1558694188244 -303869
1558694193165 -308790
1558694193291 -309790
1558694199993 -315617
1558694200172 -290295
1558694202968 -318591
1558694206911 -297033
1558694208808 -298930
1558694209783 -299905
1558694210706 -296358
1558694212657 -298309
1558694215845 -305966
1558694217912 -303564
1558694220951 -311071
1558694224498 -314618
1558694226264 -311915
1558694229162 -298736
1558694229209 -314859
1558694230151 -299725
1558694232074 -301648
1558694233129 -318779
1558694239116 -294663
1558694240061 -309634
1558694241083 -310656
1558694249915 -305461
1558694250889 -292594
1558694254542 -296246
1558694255549 -297253
1558694255613 -311158
1558694265355 -307058
1558694270357 -312059
1558694274157 -299557
1558694275109 -300509
1558694277073 -302472
1558694285840 -297388
1558694290837 -316234
1558694294700 -306246
1558694295591 -290848
1558694296672 -308218
1558694298545 -293802
1558694299523 -294779
1558694300438 -311984
1558694301421 -312967
1558694301493 -296749
1558694301493 -296749
1558694305426 -300682
1558694306452 -301708
1558694310342 -305597
1558694312254 -289922
1558694313297 -308552
1558694319036 -314290
1558694321093 -298760
1558694326903 -293157
1558694329893 -296146
1558694335687 -313352
1558694335750 -302002
1558694340666 -306918
1558694347389 -313640
1558694349361 -315612
1558694353291 -319541
1558694361177 -297298
1558694362077 -305688
1558694368864 -304984
1558694369847 -305966
1558694370835 -306954
1558694372753 -316362
1558694379678 -315796
1558694382568 -293261
1558694385516 -296208
1558694387483 -298175
1558694388533 -294517
1558694391319 -297303
1558694397225 -303208
1558694398143 -308834
1558694403125 -309107
1558694407994 -288544
1558694411918 -292468
1558694413927 -294476
1558694414933 -320914
1558694416988 -297537
1558694417942 -298491
1558694419723 -300272
1558694423554 -304102
1558694425523 -306071
1558694428524 -300615
1558694432408 -312955
1558694456877 -298786
1558694459789 -310189
1558694460772 -311172
1558694463736 -314135
1558694469476 -319875
1558694472450 -314356
1558694473399 -293823
1558694481295 -290096
1558694487023 -295824
1558694487176 -307597
1558694492924 -301724
1558694496846 -317266
1558694501767 -292024
1558694510527 -319324
1558694517345 -307600
1558694517345 -307600
1558694520291 -310546
1558694525226 -303635
1558694526314 -304723
1558694527334 -305742
1558694530387 -308795
1558694531399 -309807
1558694532377 -292408
1558694533299 -293329
1558694538823 -298853
1558694541769 -301798
1558694547679 -295972
1558694548653 -308681
1558694555546 -315573
1558694555553 -303845
1558694556548 -304840
1558694558332 -306624
1558694564250 -291002
1558694564250 -312541
1558694569152 -295903
1558694575047 -301797
1558694576032 -294046
1558694576034 -294048
1558694578014 -296028
1558694583748 -301761
1558694584886 -311635
1558694589645 -307658
1558694596538 -314550
1558694605393 -293081
1558694608170 -295858
1558694620956 -308642
1558694628825 -316510
1558694633571 -295856
1558694635544 -301822
1558694638494 -300778
1558694638494 -304772
1558694639475 -305753
1558694641463 -307741
1558694643405 -305688
1558694648335 -314612
1558694650296 -316573
1558694652270 -295965
1558694655043 -317325
1558694655214 -298909
1558694657993 -297779
1558694664890 -308584
1558694671758 -311542
1558694677492 -317275
1558694684384 -290115
1558694690299 -308667
1558694696213 -301939
1558694697181 -302906
1558694705858 -311580
1558694705878 -299824
1558694714706 -290115
1558694716675 -292084
1558694718658 -294067
1558694721835 -315779
1558694722833 -298241
1558694722968 -316912
1558694723822 -317766
1558694724991 -300399
1558694726947 -320890
1558694728491 -303898
1558694728761 -288484
1558694733264 -308671
1558694745061 -304781
1558694750775 -301768
1558694752753 -303746
1558694759631 -310623
1558694760634 -294893
1558694763565 -314556
1558694763565 -314556
1558694770468 -304723
1558694773237 -290965
1558694784049 -301776
1558694784071 -318323
1558694784072 -318324
1558694785055 -319307
1558694789975 -294113
1558694790935 -308661
1558694797835 -301972
1558694808469 -296036
