1558693134873 -9619
1558693139826 -14918
1558693142666 -17412
1558693142666 -17758
1558693146543 -21289
1558693151390 -26482
1558693152212 -26957
1558693154173 -28918
1558693154296 -29388
1558693155022 -30114
1558693156991 -32082
1558693157957 -33048
1558693165667 -40745
1558693170555 -39492
1558693173551 -42488
1558693183160 -53983
1558693186182 -57005
1558693186217 -57040
1558693191045 -59982
1558693191279 -62102
1558693194976 -65798
1558693196742 -65678
1558693211926 -80862
1558693212342 -83163
1558693213329 -84150
1558693222926 -93368
1558693224880 -95322
1558693231745 -102187
1558693233240 -96872
1558693238595 -109037
1558693240081 -103713
1558693241487 -111929
1558693252806 -116438
1558693254044 -124485
1558693254049 -124490
1558693259898 -130339
1558693260452 -124084
1558693262830 -133271
1558693265765 -134077
1558693269511 -137823
1558693274151 -137769
1558693275376 -143688
1558693277331 -145643
1558693277331 -145643
1558693278894 -142512
1558693279912 -143530
1558693285976 -149594
1558693289063 -157373
1558693290884 -159194
1558693295566 -159184
1558693303568 -171878
1558693309042 -171229
1558693316113 -184327
1558693318064 -186278
1558693318786 -180971
1558693320021 -188235
1558693322695 -184880
1558693326861 -195075
1558693329798 -198011
1558693333307 -195491
1558693335237 -197421
1558693336211 -198395
1558693336213 -198397
1558693338437 -206650
1558693341371 -209584
1558693342078 -204262
1558693350768 -212937
1558693358560 -220729
1558693359949 -228161
1558693359951 -228163
1558693363720 -231932
1558693377382 -244848
1558693377382 -244848
1558693379885 -242054
1558693388975 -256440
1558693395806 -263271
1558693397323 -259291
1558693401228 -263196
1558693404168 -266136
1558693407530 -268705
1558693408090 -270058
1558693408107 -270075
1558693419799 -277957
1558693419801 -277959
1558693426473 -284631
1558693429411 -287568
1558693429853 -281448
1558693431814 -283408
1558693441424 -279413
1558693448799 -288741
1558693449258 -287246
1558693455635 -295576
1558693455635 -295576
1558693456090 -287397
1558693456614 -296555
1558693457888 -289194
1558693461784 -293090
1558693464718 -296023
1558693477957 -307442
1558693512181 -13
1558693515817 -3423
1558693517771 -5377
1558693520435 -8267
1558693521713 -9319
1558693522459 -10291
1558693524629 -12235
1558693527579 -15185
1558693533214 -21046
1558693550578 -38409
1558693554492 -42323
1558693555478 -43309
1558693558408 -45186
1558693563129 -49907
1558693564466 -44104
1558693573154 -52791
1558693574144 -53781
1558693576819 -63596
1558693579991 -59628
1558693586790 -66426
1558693591609 -71245
1558693593351 -80127
1558693593568 -73204
1558693595497 -75132
1558693601113 -87881
1558693602087 -88855
1558693610735 -97502
1558693611939 -89964
1558693615832 -93857
1558693631310 -109334
1558693633260 -111284
1558693634019 -118902
1558693634236 -112260
1558693635266 -113290
1558693637928 -122811
1558693653791 -124464
1558693657338 -142220
1558693660250 -145131
1558693662428 -133101
1558693663404 -134077
1558693664389 -135062
1558693666127 -151008
1558693670084 -154965
1558693677096 -147769
1558693683777 -154449
1558693684773 -155445
1558693689475 -172749
1558693693551 -164221
1558693695508 -166178
1558693700393 -171063
1558693701371 -172041
1558693710010 -180680
1558693710770 -194030
1558693717823 -188493
1558693720537 -203796
1558693721510 -204769
1558693723493 -202567
1558693726244 -205318
1558693727439 -197878
1558693732109 -211183
1558693737042 -216116
1558693737061 -216135
1558693742866 -221940
1558693745040 -215479
1558693749928 -220367
1558693750531 -229605
1558693751738 -222177
1558693751744 -222183
1558693752491 -231565
1558693752697 -223136
1558693754653 -225092
1558693754653 -225092
1558693755446 -234519
1558693762264 -241337
1558693764278 -243351
1558693769323 -239056
1558693775813 -253322
1558693781645 -259154
1558693784571 -262080
1558693789680 -257841
1558693795401 -272910
1558693796588 -264748
1558693809946 -284160
1558693816933 -285093
1558693817716 -279760
1558693822658 -290817
1558693822658 -290817
1558693823622 -291781
1558693826304 -288347
1558693826517 -294676
1558693834428 -302587
1558693836077 -285493
1558693841160 -309319
1558693850769 -318928
1558693852760 -320919
1558693853705 -321562
1558693866249 -301843
1558693869307 -337163
1558693871001 -294153
1558693871926 -295078
1558693878803 -301954
1558693878813 -301964
1558693885593 -308744
1558693890486 -298122
1558693898352 -342553
1558693899322 -343523
1558693903446 -347647
1558693910139 -285744
1558693914895 -290500
1558693915056 -359255
1558693917737 -361935
1558693919532 -295136
1558693923434 -299038
1558693928282 -303885
1558693931478 -331078
1558693934156 -309758
1558693937281 -336881
1558693938255 -337854
1558693946729 -287457
1558693946892 -346489
1558693950805 -350401
1558693950810 -350405
1558693957648 -357241
1558693957648 -357241
1558693958629 -358221
1558693960406 -301132
1558693961406 -302132
1558693965115 -305841
1558693966279 -319258
1558693969243 -322221
1558693976844 -286448
1558693986645 -296247
1558693987785 -340761
1558693996252 -305853
1558694001140 -310740
1558694003073 -312673
1558694009950 -298690
1558694010928 -299668
1558694015633 -304372
1558694016787 -318178
1558694019533 -308271
1558694020528 -309266
1558694029491 -330880
1558694029493 -330882
1558694032253 -287434
1558694036969 -292149
1558694041900 -297079
1558694045950 -347337
1558694047720 -302898
1558694048699 -303877
1558694049677 -304855
1558694051634 -306812
1558694052613 -307791
1558694052788 -354173
1558694054763 -356148
1558694054763 -356147
1558694059298 -314475
1558694060270 -315446
1558694062228 -289210
1558694068094 -295075
1558694073202 -314595
1558694076918 -303898
1558694079831 -306810
1558694080817 -307796
1558694083781 -325172
1558694084588 -311567
1558694089605 -330995
1558694091389 -288335
1558694093347 -290293
1558694094325 -291271
1558694097258 -294203
1558694102329 -343717
1558694105121 -302065
1558694126606 -321431
1558694127420 -298203
1558694130343 -301126
1558694142084 -336907
1558694143071 -337894
1558694148789 -289429
1558694164220 -304858
1558694165383 -301896
1558694169291 -305803
1558694177117 -313628
1558694182818 -319328
1558694183793 -320303
1558694188676 -325186
1558694192485 -306853
1558694193567 -330076
1558694193567 -330076
1558694194369 -308736
1558694201272 -315639
1558694201272 -315638
1558694204238 -340746
1558694204238 -340746
1558694209893 -302788
1558694226325 -294091
1558694233194 -300959
1558694242156 -309920
1558694244119 -311883
1558694244119 -311883
1558694244185 -324449
1558694245209 -325473
1558694249883 -317646
1558694257641 -295289
1558694257644 -295292
1558694260543 -340805
1558694262580 -300227
1558694263493 -343754
1558694267481 -347741
1558694270520 -308166
1558694274218 -311863
1558694276160 -313805
1558694279073 -359329
1558694280118 -317763
1558694285992 -297538
1558694288950 -300495
1558694289885 -311874
1558694299617 -311161
1558694304476 -326388
1558694306513 -318056
1558694311403 -297677
1558694311404 -297678
1558694315337 -301611
1558694316310 -338221
1558694320253 -306526
1558694322063 -308336
1558694324958 -346865
1558694325996 -312268
1558694328896 -350802
1558694330957 -287143
1558694331853 -353758
1558694331892 -288077
1558694334844 -291029
1558694344682 -300866
1558694351370 -317927
1558694352389 -308572
1558694357262 -323818
1558694358292 -314474
1558694359239 -325795
1558694367147 -289282
1558694369115 -291250
1558694374871 -297005
1558694381739 -303871
1558694384687 -306819
1558694386650 -353201
1558694398245 -305712
1558694400281 -292391
1558694405150 -312616
1558694405161 -312627
1558694405218 -297328
1558694413060 -305168
1558694423644 -330548
1558694426669 -288677
1558694433486 -340389
1558694436450 -343352
1558694447149 -309153
1558694453055 -315058
1558694453964 -360860
1558694455028 -290766
1558694455952 -303075
1558694466620 -313741
1558694467615 -314736
1558694470602 -306338
1558694471519 -318639
1558694471595 -307331
1558694476494 -312229
1558694480432 -316167
1558694481411 -288020
1558694482393 -289002
1558694483319 -330438
1558694484300 -331419
1558694487255 -334373
1558694496980 -303586
1558694497920 -345036
1558694503837 -350952
1558694503888 -310494
1558694506764 -353878
1558694518448 -294827
1558694521360 -308399
1558694524370 -300748
1558694525343 -301720
1558694528451 -315489
1558694530404 -317101
1558694531466 -318163
1558694531467 -307844
1558694539861 -326557
1558694540903 -317278
1558694542874 -319249
1558694544774 -331469
1558694544840 -291107
1558694545760 -332455
1558694545823 -292089
1558694546741 -333436
1558694548774 -295040
1558694550678 -337373
1558694552647 -339341
1558694556595 -343288
1558694559617 -305881
1558694561443 -307707
1558694562390 -349081
1558694568234 -354923
1558694576156 -292132
1558694578059 -318392
1558694580108 -296084
1558694581016 -321349
1558694581095 -297071
1558694584769 -325101
1558694585751 -326083
1558694586736 -327068
1558694588785 -304760
1558694588785 -304760
1558694591739 -307713
1558694592725 -308699
1558694592725 -308699
1558694593641 -333972
1558694601592 -294832
1558694609199 -349528
1558694613127 -353455
1558694616172 -309408
1558694619119 -312354
1558694621977 -362302
1558694624070 -287216
1558694624081 -287227
1558694630850 -315542
1558694631817 -316509
1558694632653 -317345
1558694635579 -320270
1558694636665 -299809
1558694639618 -302762
1558694640600 -303744
1558694643451 -328141
1558694643452 -328142
1558694644436 -329126
1558694649353 -334042
1558694649449 -312591
1558694652411 -285266
1558694659123 -291977
1558694662955 -347643
1558694663060 -295913
1558694663060 -295913
1558694667886 -352572
1558694670830 -355515
1558694671805 -356490
1558694673884 -306736
1558694674872 -307724
1558694676722 -361405
1558694677712 -362395
1558694681587 -295832
1558694687485 -301730
1558694696265 -325353
1558694698334 -312577
1558694699294 -313537
1558694706019 -291925
1558694713888 -299793
1558694714757 -343843
1558694719807 -305711
1558694720835 -306739
1558694721774 -350859
1558694726904 -312807
1558694728514 -357596
1558694729513 -358595
1558694729700 -299898
1558694732447 -302645
1558694735247 -300782
1558694735372 -305570
1558694736232 -301767
1558694739295 -309492
1558694740168 -305703
1558694746183 -316379
1558694748031 -313565
1558694748151 -298746
1558694748151 -298746
1558694749018 -314552
1558694751098 -301692
1558694752077 -302671
1558694754752 -320086
1558694755738 -321072
1558694758687 -324021
1558694759782 -310375
1558694764701 -315293
1558694769500 -334832
1558694775398 -340728
1558694775522 -296073
1558694777202 -342532
1558694780151 -345440
1558694781260 -301810
1558694784086 -349375
1558694788141 -308690
1558694796009 -316556
