1558693130100 -8560
1558693131052 -9512
1558693134003 -12463
1558693134023 -12483
1558693139872 -18332
1558693140565 -6596
1558693141800 -20260
1558693142762 -21222
1558693146478 -22271
1558693148162 -23955
1558693150210 -16241
1558693155038 -21068
1558693156150 -34610
1558693158191 -36651
1558693159125 -37585
1558693160906 -36698
1558693162663 -28693
1558693163614 -29644
1558693168581 -47033
1558693169572 -48023
1558693170601 -49052
1558693179136 -45166
1558693184131 -62572
1558693188400 -66840
1558693189376 -67816
1558693190373 -68813
1558693192056 -66885
1558693195536 -70365
1558693195774 -74213
1558693200495 -78932
1558693202195 -77024
1558693203169 -77998
1558693209216 -87650
1558693209909 -73383
1558693212855 -76329
1558693215834 -86405
1558693218658 -82132
1558693218658 -82132
1558693220603 -84077
1558693220701 -99131
1558693221575 -85049
1558693223495 -94065
1558693226530 -104960
1558693229355 -99925
1558693230167 -93627
1558693230331 -100901
1558693230333 -100903
1558693239003 -117429
1558693241096 -111666
1558693241834 -105293
1558693242795 -106254
1558693242886 -113456
1558693247767 -118337
1558693248709 -127134
1558693255508 -133932
1558693255591 -126159
1558693263992 -127450
1558693269927 -148348
1558693270111 -140679
1558693272739 -136197
1558693272842 -151263
1558693274972 -145539
1558693283271 -146728
1558693287297 -150754
1558693294040 -155627
1558693295979 -157566
1558693296952 -158539
1558693297906 -159493
1558693298715 -160302
1558693299248 -169815
1558693302227 -170482
1558693303613 -165199
1558693303765 -182182
1558693306529 -168115
1558693306676 -185048
1558693310976 -179231
1558693315281 -193652
1558693319153 -197523
1558693322196 -183782
1558693325937 -187523
1558693327432 -195685
1558693328869 -190455
1558693331746 -210112
1558693332716 -211082
1558693335512 -213877
1558693336232 -204485
1558693336698 -197797
1558693340993 -209236
1558693342550 -203649
1558693343547 -204646
1558693344243 -222607
1558693346312 -207411
1558693346312 -207411
1558693348103 -226467
1558693349241 -210339
1558693350257 -211355
1558693350818 -219060
1558693354910 -233273
1558693356856 -235219
1558693357645 -236008
1558693358041 -219139
1558693360551 -238913
1558693362316 -229566
1558693364257 -231507
1558693368165 -235414
1558693372273 -250634
1558693373052 -240301
1558693378136 -256496
1558693378475 -239571
1558693380895 -259255
1558693382834 -250083
1558693384262 -245358
1558693384262 -245358
1558693384636 -251885
1558693384803 -263162
1558693389506 -256755
1558693391650 -270008
1558693394391 -261640
1558693395366 -262615
1558693396550 -274906
1558693406190 -284404
1558693407131 -285344
1558693411871 -279119
1558693412055 -290268
1558693413005 -291218
1558693414404 -274790
1558693423622 -290828
1558693424569 -291775
1558693425685 -303895
1558693428455 -306664
1558693429888 -289895
1558693430410 -297616
1558693431384 -309593
1558693433057 -293064
1558693438120 -283155
1558693438270 -316476
1558693441155 -319360
1558693443141 -321345
1558693444077 -322276
1558693454676 -299709
1558693454676 -299709
1558693455150 -303736
1558693457629 -329022
1558693459552 -330945
1558693463939 -299235
1558693468347 -339740
1558693470616 -305911
1558693470616 -305911
1558693477958 -349350
1558693487731 -339072
1558693491642 -342983
1558693492619 -343960
1558693497502 -348842
1558693505155 -356494
1558693514924 -366261
1558693521202 -8398
1558693523152 -10348
1558693528701 -6321
1558693529675 -7295
1558693530985 -18180
1558693531954 -19149
1558693535540 -13149
1558693535541 -13150
1558693535541 -13150
1558693536711 -23905
1558693537496 -15105
1558693538473 -16082
1558693542170 -369589
1558693542599 -29793
1558693547108 -24713
1558693548811 -376229
1558693554659 -382076
1558693555906 -33511
1558693557193 -44386
1558693558172 -45365
1558693563473 -390887
1558693564583 -391997
1558693565823 -52954
1558693566812 -53943
1558693570409 -48013
1558693570716 -57847
1558693574711 -65433
1558693575603 -62724
1558693576583 -60907
1558693577566 -61890
1558693578235 -55839
1558693579595 -70317
1558693581174 -58778
1558693581460 -65783
1558693581460 -65783
1558693585076 -62680
1558693585492 -76214
1558693586522 -77244
1558693591124 -75447
1558693594104 -84825
1558693597005 -81327
1558693601534 -78765
1558693601905 -92625
1558693603871 -94591
1558693615225 -92456
1558693615577 -103684
1558693615577 -103684
1558693617181 -94412
1558693619331 -107438
1558693620317 -108424
1558693620929 -98160
1558693622257 -106578
1558693625153 -109474
1558693625816 -103047
1558693628079 -111658
1558693632804 -116383
1558693640617 -124196
1558693641320 -118548
1558693642610 -130715
1558693643589 -131694
1558693647462 -131041
1558693648449 -132028
1558693650094 -127322
1558693650400 -133979
1558693651411 -139515
1558693652392 -140496
1558693653318 -136897
1558693654005 -131233
1558693657278 -145382
1558693659864 -137092
1558693660012 -143590
1558693661170 -149274
1558693662944 -146522
1558693671435 -148662
1558693676625 -160200
1558693679261 -150036
1558693684150 -154925
1558693684284 -167859
1558693685466 -172687
1558693686103 -156877
1558693686471 -173692
1558693688234 -175455
1558693691804 -162578
1558693696050 -174132
1558693697983 -176065
1558693701873 -179955
1558693703860 -191081
1558693706781 -194002
1558693707453 -178225
1558693708432 -179204
1558693708757 -195978
1558693711511 -189592
1558693715431 -193512
1558693717362 -195443
1558693717362 -195443
1558693720301 -204136
1558693722930 -193701
1558693724200 -202281
1558693725168 -203249
1558693728123 -211957
1558693729121 -212955
1558693732712 -203441
1558693737494 -208223
1558693739388 -210117
1558693739683 -222998
1558693740368 -211097
1558693741640 -224955
1558693742766 -220845
1558693743301 -214030
1558693743589 -226904
1558693743594 -226909
1558693744558 -222637
1558693744566 -227881
1558693745550 -223629
1558693746246 -216975
1558693746508 -224587
1558693747500 -230815
1558693751126 -221854
1558693752103 -222831
1558693752394 -235708
1558693754345 -237659
1558693755147 -233226
1558693759066 -237145
1558693760043 -238122
1558693761990 -245303
1558693761990 -245303
1558693762689 -233417
1558693762689 -233417
1558693762969 -246282
1558693765941 -249253
1558693765941 -244020
1558693766888 -244967
1558693767865 -251177
1558693768831 -252143
1558693774421 -245149
1558693775550 -253575
1558693775550 -253575
1558693776663 -253954
1558693777357 -245597
1558693785324 -263349
1558693786967 -255207
1558693788921 -257161
1558693789211 -267236
1558693792840 -261080
1558693800070 -277359
1558693801854 -278189
1558693805853 -283142
1558693806554 -274793
1558693811610 -287945
1558693813519 -289854
1558693815197 -283436
1558693816420 -293709
1558693816420 -293709
1558693816438 -293727
1558693818133 -286372
1558693821374 -298663
1558693823980 -292219
1558693827138 -304427
1558693827992 -304327
1558693830805 -292306
1558693833685 -295186
1558693837481 -298981
1558693838717 -315966
1558693841391 -302890
1558693843656 -301965
1558693844637 -302946
1558693846279 -291237
1558693850441 -327690
1558693851171 -296128
1558693853264 -311571
1558693855181 -332430
1558693857850 -302806
1558693859108 -336357
1558693860049 -337298
1558693861072 -319378
1558693862759 -292781
1558693867978 -326283
1558693872513 -302533
1558693872518 -302538
1558693872754 -323342
1558693874616 -294056
1558693876557 -295996
1558693878480 -329067
1558693881452 -300889
1558693886339 -305774
1558693888975 -297027
1558693889184 -339769
1558693891915 -299966
1558693892185 -311620
1558693892189 -311624
1558693894006 -313441
1558693896914 -316348
1558693897007 -347591
1558693899734 -307784
1558693904995 -324428
1558693905814 -284885
1558693905814 -356397
1558693906846 -285917
1558693907922 -286993
1558693908624 -287695
1558693910613 -289683
1558693911490 -290560
1558693913383 -292453
1558693915261 -294331
1558693915523 -334953
1558693916402 -345738
1558693917289 -336719
1558693917289 -336718
1558693921062 -300131
1558693924975 -303765
1558693926773 -305561
1558693926773 -305560
1558693927751 -306537
1558693928943 -358278
1558693929992 -302899
1558693930690 -309474
1558693930985 -303892
1558693931878 -361212
1558693933834 -363168
1558693934796 -364130
1558693934796 -364130
1558693936558 -297028
1558693938732 -368065
1558693940462 -300931
1558693940468 -300937
1558693940563 -313468
1558693940652 -369985
1558693944493 -317397
1558693945458 -318362
1558693945542 -374875
1558693948477 -377809
1558693949285 -378617
1558693953199 -382531
1558693956222 -329124
1558693958088 -349182
1558693958093 -349187
1558693959854 -299948
1558693960322 -333223
1558693961034 -352127
1558693963882 -336781
1558693965713 -305806
1558693966682 -306775
1558693966876 -357969
1558693967662 -307754
1558693967858 -358950
1558693970600 -310692
1558693970604 -310696
1558693971572 -311664
1558693972756 -363848
1558693973669 -346565
1558693983168 -308757
1558693984305 -375395
1558693987242 -378332
1558693991957 -317545
1558693993906 -319494
1558693995055 -386143
1558693997840 -319183
1558693997840 -319183
1558693998819 -320162
1558693998913 -323251
1558694000880 -325218
1558694002538 -316192
1558694003516 -317170
1558694009386 -323039
1558694012517 -333860
1558694021107 -315560
1558694021934 -316387
1558694022188 -346478
1558694023097 -344440
1558694027068 -351358
1558694028047 -352337
1558694029026 -353316
1558694032696 -327147
1558694033668 -328119
1558694033679 -328130
1558694034823 -356165
1558694036588 -331038
1558694036695 -304849
1558694042683 -364024
1558694043441 -314629
1558694043584 -311737
1558694044559 -312712
1558694047358 -368699
1558694049310 -370651
1558694052244 -373585
1558694053317 -321468
1558694055263 -323414
1558694057120 -378461
1558694057213 -325364
1558694060956 -329106
1558694062995 -384336
1558694062995 -384336
1558694067807 -335956
1558694068785 -336934
1558694069498 -312508
1558694070659 -392000
1558694071485 -314494
1558694072460 -315469
1558694072476 -315485
1558694072640 -393981
1558694074383 -317392
1558694075361 -318370
1558694077317 -320326
1558694083364 -345373
1558694084179 -327183
1558694084191 -327195
1558694086268 -348276
1558694089049 -308697
1558694089203 -351211
1558694090031 -309679
1558694090176 -352183
1558694091151 -353158
1558694091152 -353159
1558694093922 -355929
1558694096961 -305801
1558694100759 -362765
1558694100760 -362766
1558694101610 -321256
1558694104707 -366712
1558694106541 -326187
1558694109863 -318702
1558694109863 -371867
1558694115407 -303160
1558694119023 -306775
1558694121235 -330072
1558694123190 -332027
1558694123190 -332027
1558694125026 -357084
1558694127103 -335939
1558694134662 -322412
1558694137726 -369781
1558694138684 -347513
1558694143430 -375483
1558694150272 -382323
1558694153101 -318518
1558694153335 -305913
1558694153335 -305913
1558694156212 -321629
1558694159096 -311673
1558694162861 -299139
1558694163836 -300114
1558694164770 -396813
1558694165746 -344942
1558694165875 -318451
1558694166864 -319440
1558694167702 -346897
1558694169657 -348852
1558694170632 -349827
1558694172604 -351799
1558694173467 -309744
1558694179316 -315592
1558694188200 -340773
1558694190037 -369230
1558694195823 -307788
1558694195915 -375107
1558694200015 -352584
1558694201795 -380986
1558694202845 -355413
1558694212243 -299925
1558694218517 -306198
1558694218619 -372823
1558694220880 -339440
1558694224369 -342929
1558694226059 -380262
1558694228891 -316571
1558694228891 -316571
1558694230896 -385098
1558694232841 -387043
1558694233813 -352371
1558694234693 -388895
1558694234693 -388895
1558694235689 -389891
1558694235750 -323223
1558694235855 -354413
1558694237624 -325097
1558694237624 -391826
1558694238757 -357315
1558694240587 -394788
1558694242461 -329933
1558694242692 -361249
1558694247506 -308964
1558694247641 -366197
1558694251449 -359254
1558694255128 -316585
1558694255206 -363010
1558694257171 -364975
1558694257171 -315444
1558694260916 -368720
1558694261044 -319315
1558694261061 -319332
1558694262047 -320318
1558694264855 -372658
1558694267869 -375672
1558694270626 -311715
1558694271820 -379622
1558694274652 -332917
1558694277428 -318516
1558694281373 -322460
1558694281515 -339777
1558694281573 -389374
1558694281585 -389386
1558694291034 -315545
1558694291335 -349594
1558694292205 -335998
1558694293301 -351559
1558694296150 -339942
1558694300023 -317385
1558694300067 -343859
1558694301989 -319351
1558694302027 -345819
1558694302852 -327362
1558694303956 -321317
1558694305819 -305197
1558694309729 -353519
1558694313502 -312879
1558694317750 -335109
1558694318419 -317794
1558694333011 -307181
1558694334002 -308172
1558694334289 -351646
1558694337927 -312096
1558694341860 -316029
1558694343832 -318001
1558694343832 -318000
1558694343980 -358602
1558694345965 -360586
1558694347914 -314932
1558694349885 -364506
1558694354621 -369241
1558694357574 -372194
1558694358553 -373173
1558694367569 -334584
1558694368412 -383030
1558694370394 -337408
1558694370394 -385012
1558694381171 -348184
1558694381870 -308424
1558694387894 -348175
1558694388873 -349154
1558694393786 -354066
1558694394767 -355047
1558694396629 -323181
1558694403464 -363743
1558694409266 -319149
1558694411325 -371603
1558694415330 -325211
1558694420249 -331106
1558694421161 -359151
1558694423135 -333992
1558694424003 -307709
1558694424119 -334976
1558694427097 -337953
1558694428756 -312461
1558694432692 -316396
1558694435761 -373748
1558694438913 -349766
1558694441550 -300195
1558694441646 -379632
1558694444605 -382591
1558694444617 -355467
1558694445592 -356442
1558694449536 -360385
1558694451319 -389304
1558694456231 -394215
1558694460166 -398149
1558694465096 -315672
1558694465980 -324527
1558694468077 -318653
1558694469023 -319598
1558694470030 -355426
1558694477876 -328450
1558694482614 -368008
1558694486480 -325538
1558694488540 -339112
1558694490509 -341080
1558694491479 -376872
1558694505272 -355837
1558694506247 -356812
1558694507021 -370138
1558694508988 -372105
1558694510948 -328511
1558694511905 -329468
1558694513853 -309084
1558694513853 -309084
1558694513858 -309089
1558694513910 -377026
1558694523790 -312282
1558694524568 -387683
1558694526547 -321776
1558694526614 -321843
1558694526614 -389729
1558694529854 -318345
1558694530988 -319479
1558694534765 -323256
1558694535366 -314188
1558694535416 -398529
1558694538271 -317093
1558694539269 -318091
1558694540327 -328817
1558694544274 -332763
1558694557801 -320241
1558694558773 -321213
1558694559001 -347487
1558694560821 -368226
1558694561846 -350330
1558694562758 -325197
1558694562826 -351310
1558694565697 -304865
1558694565716 -373121
1558694567684 -375088
1558694570671 -359152
1558694578319 -317485
1558694578333 -385736
1558694579520 -308638
1558694581270 -388672
1558694582289 -389691
1558694582507 -311625
1558694584233 -323399
1558694584278 -391680
1558694584306 -313423
1558694587122 -304736
1558694587123 -304737
1558694590074 -307687
1558694596086 -325202
1558694599797 -317409
1558694600741 -318353
1558694601738 -354230
1558694601743 -354235
1558694602722 -355214
1558694606861 -335976
1558694606861 -335976
1558694607616 -304730
1558694611595 -364083
1558694612569 -365056
1558694615519 -368006
1558694616475 -313588
1558694619254 -371738
1558694620239 -372723
1558694633046 -303794
1558694635061 -310611
1558694635984 -306731
1558694637934 -364138
1558694641737 -367940
1558694647601 -373804
1558694647624 -318370
1558694650589 -321334
1558694653540 -324285
1558694653547 -324292
1558694654476 -380678
1558694655716 -331262
1558694658444 -306726
1558694659400 -385601
1558694661354 -387555
1558694662434 -337979
1558694668081 -394281
1558694668084 -394284
1558694671024 -397223
1558694674957 -344723
1558694675942 -345708
1558694680903 -305705
1558694682952 -358491
1558694683843 -353608
1558694683921 -359460
1558694687745 -357509
1558694687746 -357510
1558694691516 -361280
1558694694598 -319397
1558694695628 -320427
1558694695790 -315557
1558694697521 -322320
1558694698403 -368165
1558694701618 -321383
1558694709262 -334059
1558694710353 -330115
1558694712158 -381918
1558694712994 -382754
1558694714238 -333999
1558694717969 -318191
1558694725074 -369453
1558694725340 -345097
1558694726026 -370405
1558694726112 -370491
1558694727863 -372242
1558694729001 -329220
1558694729916 -330134
1558694730924 -313745
1558694731906 -351661
1558694736643 -319463
1558694739447 -322267
1558694740354 -384731
1558694741349 -385726
1558694742314 -386691
1558694743301 -387678
1558694744344 -327163
1558694745336 -328155
1558694745336 -328155
1558694747297 -330116
1558694748281 -331099
1558694758116 -320485
1558694762119 -322260
1558694763100 -323241
1558694763865 -326234
1558694767785 -330153
1558694772700 -314467
1558694774898 -335037
1558694778605 -320371
1558694786531 -346668
1558694787293 -329058
1558694792210 -333974
1558694794175 -320292
1558694804997 -302949
