1558693133171 -667
1558693135231 -2727
1558693138105 -5601
1558693143942 -11438
1558693148830 -16325
1558693159569 -27062
1558693160526 -28019
1558693166309 -33802
1558693172240 -39732
1558693174166 -41658
1558693187996 -55487
1558693191953 -59444
1558693195551 -62791
1558693219699 -86938
1558693225588 -92827
1558693230291 -97530
1558693246925 -114135
1558693247900 -115110
1558693253605 -120814
1558693257520 -124729
1558693263370 -130579
1558693274151 -141360
1558693274957 -142164
1558693276934 -144141
1558693280905 -148105
1558693281868 -149068
1558693283798 -150997
1558693295550 -162749
1558693295573 -162772
1558693302231 -169430
1558693310965 -178164
1558693320736 -187889
1558693321720 -188873
1558693330374 -197527
1558693335240 -202393
1558693350789 -217895
1558693352677 -219782
1558693355648 -222752
1558693359517 -226621
1558693359517 -226621
1558693363437 -230540
1558693368335 -235437
1558693370117 -237219
1558693377937 -245038
1558693384785 -251883
1558693409070 -259188
1558693411060 -261178
1558693414941 -265059
1558693422618 -260219
1558693423598 -261199
1558693426504 -264105
1558693515934 -3454
1558693516909 -4429
1558693522821 -10341
1558693526709 -14229
1558693526709 -14229
1558693532603 -20122
1558693542249 -29768
1558693543170 -30689
1558693548053 -35572
1558693549021 -36540
1558693550982 -38501
1558693557821 -45059
1558693559617 -46855
1558693574283 -61519
1558693582104 -69340
1558693592727 -79962
1558693603449 -90684
1558693608173 -95408
1558693611111 -98190
1558693612080 -99159
1558693616969 -104048
1558693617948 -105027
1558693626765 -113844
1558693632450 -119528
1558693639297 -126375
1558693644184 -131262
1558693649072 -136150
1558693654780 -141858
1558693657715 -144791
1558693679096 -166171
1558693688840 -173208
1558693706281 -190648
1558693713121 -197487
1558693717032 -201398
1558693720942 -205308
1558693720943 -205309
1558693726647 -211013
1558693727630 -211996
1558693739356 -222915
1558693741315 -224874
1558693743268 -226827
1558693749137 -232696
1558693751906 -235465
1558693756795 -240354
1558693763638 -247195
1558693764651 -248208
1558693769500 -253057
1558693770481 -254038
1558693773275 -256832
1558693775233 -258790
1558693784004 -267561
1558693788892 -267194
1558693806378 -284680
1558693810332 -288634
1558693817101 -295403
1558693821896 -300197
1558693822860 -301161
1558693824822 -303123
1558693825756 -304057
1558693829634 -307935
1558693830615 -308916
1558693835501 -313802
1558693839411 -317712
1558693839411 -317712
1558693845121 -292176
1558693846098 -293153
1558693847086 -294141
1558693854929 -301983
1558693868503 -315555
1558693872365 -319417
1558693883080 -330130
1558693887971 -335019
1558693887971 -335019
1558693892692 -283531
1558693897579 -288417
1558693904762 -295599
1558693905807 -296644
1558693911521 -302358
1558693931691 -322525
1558693937516 -328346
1558693938494 -329324
1558693942229 -333058
1558693942231 -333059
1558693943211 -334039
1558693949081 -339905
1558693956907 -347728
1558693961795 -286466
1558693979266 -303935
1558693989832 -314500
1558693991801 -316468
1558693994709 -319376
1558693997646 -322312
1558694021945 -346597
1558694022917 -347569
1558694031747 -356396
1558694038405 -306870
1558694049138 -317602
1558694057951 -326413
1558694062667 -331129
1558694063645 -332107
1558694071512 -339972
1558694087942 -356397
1558694089879 -358333
1558694094762 -302934
1558694095743 -303915
1558694107382 -315552
1558694116141 -324310
1558694128835 -337001
1558694134535 -342699
1558694144311 -352471
1558694145289 -353449
1558694146264 -354423
1558694153133 -305035
1558694154246 -306148
1558694162720 -314621
1558694179180 -331078
1558694180159 -332057
1558694194823 -346718
1558694202625 -354517
1558694205569 -357460
1558694209373 -302880
1558694212276 -305783
1558694220437 -313943
1558694221606 -315112
1558694227798 -321303
1558694228763 -322268
1558694232653 -326157
1558694253138 -346638
1558694257074 -350573
1558694259988 -353485
1558694271889 -309084
1558694272887 -310082
1558694281492 -318686
1558694293265 -330457
1558694323446 -306364
1558694329374 -312291
1558694335246 -318162
1558694341157 -324072
1558694349843 -332757
1558694355764 -338676
1558694389022 -315553
1558694403625 -330151
1558694416578 -343099
1558694416578 -343099
1558694417343 -343863
1558694421169 -347688
1558694423131 -349649
1558694424118 -350636
1558694426088 -352605
1558694428053 -354570
1558694429033 -355549
1558694431007 -357523
1558694433956 -313870
1558694441688 -321601
1558694446583 -326495
1558694447579 -327491
1558694452478 -332389
1558694452478 -332389
1558694456419 -336330
1558694463305 -343215
1558694467141 -347050
1558694468095 -348004
1558694473966 -353873
1558694493485 -318001
1558694495448 -319964
1558694511234 -335748
1558694512206 -336720
1558694519890 -344403
1558694527913 -352423
1558694533828 -358336
1558694537432 -313217
1558694538422 -314206
1558694557116 -332898
1558694559074 -334856
1558694560938 -336720
1558694563883 -339664
1558694573672 -349452
1558694573676 -349456
1558694580550 -356328
1558694582549 -358327
1558694599076 -318585
1558694619566 -339070
1558694619566 -339070
1558694619566 -339070
1558694620552 -340056
1558694622521 -342024
1558694629408 -348909
1558694629408 -348909
1558694631373 -350874
1558694637113 -356611
1558694644001 -314409
1558694654829 -325235
1558694658592 -328998
1558694664511 -334916
1558694672388 -342792
1558694673359 -343763
1558694674338 -344741
1558694675333 -345736
1558694678332 -348735
1558694709428 -323338
1558694711396 -325306
1558694734861 -348766
1558694741724 -355627
1558694747637 -314574
1558694766148 -333082
1558694773033 -339966
1558694787628 -354559
1558694793529 -308597
1558694800252 -315319
1558694804188 -319254
1558694810090 -325156
1558694815010 -330075
1558694821896 -336960
1558694836486 -351548
