1558693131513 -42
1558693133632 -9574
1558693133632 -9574
1558693135662 -11604
1558693138044 -6573
1558693142512 -10335
1558693143862 -12391
1558693144336 -20277
1558693144361 -20302
1558693144836 -13365
1558693145372 -21313
1558693145883 -21444
1558693146808 -15336
1558693147751 -16279
1558693148014 -23955
1558693148692 -17220
1558693148692 -17220
1558693149664 -18192
1558693156414 -31975
1558693156810 -32751
1558693157847 -33788
1558693160250 -28778
1558693160274 -28802
1558693160806 -36747
1558693161273 -29801
1558693162172 -30700
1558693162651 -38592
1558693168461 -36283
1558693168925 -37453
1558693171105 -46196
1558693171389 -39211
1558693171877 -40405
1558693171877 -40405
1558693174340 -42162
1558693176706 -43858
1558693180460 -47612
1558693181899 -57303
1558693182429 -49581
1558693184372 -51524
1558693184893 -47215
1558693186486 -53638
1558693190937 -66025
1558693191188 -53509
1558693192810 -68213
1558693193439 -60591
1558693193439 -60591
1558693193790 -56111
1558693194285 -61437
1558693195249 -62401
1558693195711 -58032
1558693195711 -58032
1558693200065 -75152
1558693201024 -76111
1558693201785 -68937
1558693203758 -70910
1558693205036 -80438
1558693205239 -67559
1558693206726 -73878
1558693206968 -82370
1558693211851 -85446
1558693213032 -75352
1558693214489 -81640
1558693216469 -83620
1558693216469 -83620
1558693217432 -84583
1558693220344 -87495
1558693220842 -83161
1558693221334 -86715
1558693225361 -98953
1558693225752 -88071
1558693225752 -88071
1558693226721 -89040
1558693227314 -100906
1558693227314 -100906
1558693229198 -102582
1558693231955 -97336
1558693232881 -98262
1558693233870 -99251
1558693234380 -96368
1558693238989 -112373
1558693240935 -114319
1558693246721 -119769
1558693248673 -121721
1558693249333 -114713
1558693249571 -122955
1558693250311 -115691
1558693251822 -113809
1558693252504 -125888
1558693252504 -125888
1558693253239 -118619
1558693253240 -118620
1558693253477 -126861
1558693257148 -122528
1558693257478 -130526
1558693259101 -124481
1558693259630 -121615
1558693260606 -122591
1558693260639 -122624
1558693261376 -134423
1558693263982 -129362
1558693263982 -129362
1558693265243 -135467
1558693265486 -127471
1558693265935 -130439
1558693266143 -139190
1558693267888 -132392
1558693267992 -138216
1558693269410 -131394
1558693269410 -131394
1558693269410 -131394
1558693270036 -143083
1558693270392 -132376
1558693270925 -141149
1558693271372 -133356
1558693273331 -135315
1558693273940 -146987
1558693274847 -145071
1558693274914 -147961
1558693276806 -147030
1558693277103 -139087
1558693277500 -142003
1558693278772 -148996
1558693279034 -141018
1558693279454 -143957
1558693281827 -153742
1558693287718 -159633
1558693291230 -155731
1558693291379 -161603
1558693292238 -156739
1558693292270 -156771
1558693292775 -153553
1558693293201 -157702
1558693297860 -162360
1558693299380 -160158
1558693299813 -164313
1558693300167 -172082
1558693301070 -171294
1558693301342 -162120
1558693306664 -171164
1558693308627 -171775
1558693308927 -179149
1558693312806 -183028
1558693315026 -175647
1558693315628 -185850
1558693316443 -179591
1558693316988 -177585
1558693322434 -192656
1558693325064 -188212
1558693327014 -190162
1558693327376 -198802
1558693328991 -192139
1558693329279 -199501
1558693329965 -193113
1558693330242 -200464
1558693330926 -194074
1558693332893 -196041
1558693333293 -204719
1558693334233 -205659
1558693335829 -198977
1558693336792 -199940
1558693338750 -201897
1558693338862 -207182
1558693339309 -199906
1558693340315 -200912
1558693340962 -212387
1558693341681 -204828
1558693342247 -202844
1558693342655 -205802
1558693346976 -207573
1558693348927 -209523
1558693349353 -212500
1558693349936 -210532
1558693351891 -212487
1558693352263 -215410
1558693352263 -215410
1558693352263 -215410
1558693354508 -222828
1558693354606 -226031
1558693354781 -215377
1558693356161 -218712
1558693360357 -228677
1558693361047 -223598
1558693361641 -221425
1558693363966 -226517
1558693363966 -226517
1558693365917 -228468
1558693368112 -238042
1558693368714 -231265
1558693372028 -241957
1558693372028 -241957
1558693372028 -241957
1558693372629 -235180
1558693374179 -233962
1558693375157 -234940
1558693380723 -249042
1558693380831 -250760
1558693382674 -250993
1558693382775 -252704
1558693384318 -246868
1558693385298 -247848
1558693385298 -247848
1558693386273 -248823
1558693387873 -247656
1558693387873 -247656
1558693389368 -255514
1558693392393 -249061
1558693393271 -259417
1558693396222 -262368
1558693396317 -252984
1558693400769 -263319
1558693401743 -264164
1558693402168 -258830
1558693404347 -261947
1558693404691 -267112
1558693408604 -271025
1558693409211 -266811
1558693409211 -266810
1558693410562 -272983
1558693413485 -275906
1558693414716 -262759
1558693416269 -278690
1558693416575 -268977
1558693418204 -280625
1558693420820 -278416
1558693421161 -283582
1558693421760 -279356
1558693422499 -274900
1558693423123 -285544
1558693425477 -273518
1558693427980 -290400
1558693429389 -261911
1558693431350 -263872
1558693431533 -276347
1558693433290 -265811
1558693434152 -273822
1558693435089 -274759
1558693437829 -286168
1558693439048 -271568
1558693440851 -280520
1558693441499 -289838
1558693442531 -290869
1558693442900 -282568
1558693444419 -292757
1558693444431 -292769
1558693445060 -278529
1558693446373 -294711
1558693448339 -296677
1558693448339 -296677
1558693449307 -297645
1558693455513 -282603
1558693458305 -285394
1558693469039 -296127
1558693513264 -3387
1558693516556 -6441
1558693518478 -8363
1558693518479 -8364
1558693520106 -10229
1558693521450 -11335
1558693521705 -31
1558693522432 -12317
1558693523038 -13160
1558693525363 -15248
1558693526336 -16221
1558693527330 -17215
1558693527355 -17240
1558693531009 -21120
1558693533050 -22935
1558693533763 -23873
1558693534952 -13264
1558693535931 -25814
1558693535942 -25825
1558693536899 -15211
1558693537550 -27671
1558693537878 -16190
1558693539857 -18169
1558693540681 -30790
1558693540826 -19138
1558693545540 -23852
1558693546340 -36460
1558693546506 -24818
1558693547317 -37437
1558693547649 -37531
1558693549447 -27759
1558693549587 -39469
1558693551377 -41485
1558693552532 -42414
1558693555140 -45260
1558693555459 -45341
1558693556265 -34577
1558693557906 -48026
1558693559198 -48969
1558693560017 -49299
1558693560982 -50264
1558693562130 -51901
1558693562130 -51901
1558693563103 -41415
1558693564114 -53885
1558693564114 -53885
1558693565120 -54891
1558693565137 -54908
1558693568807 -58088
1558693569788 -59069
1558693570757 -60038
1558693573549 -62001
1558693573550 -62002
1558693573855 -63624
1558693573855 -63624
1558693577461 -65913
1558693578598 -55069
1558693580532 -70301
1558693580532 -70301
1558693580540 -70309
1558693581509 -71278
1558693582483 -72252
1558693583465 -73234
1558693583476 -59947
1558693588279 -77560
1558693589247 -78528
1558693589380 -79148
1558693592136 -68606
1558693593929 -82379
1558693595058 -84339
1558693596869 -85319
1558693601732 -90182
1558693601897 -91178
1558693602035 -86627
1558693603984 -88576
1558693605794 -90386
1558693606764 -91356
1558693609575 -96766
1558693611341 -99790
1558693611649 -96241
1558693612622 -97214
1558693613297 -101746
1558693613297 -101746
1558693613515 -100706
1558693615432 -102623
1558693616540 -101132
1558693618370 -94838
1558693621126 -109574
1558693622290 -98758
1558693623084 -111532
1558693625199 -101667
1558693625308 -109899
1558693626343 -110934
1558693627165 -103631
1558693627298 -111889
1558693630031 -114622
1558693631058 -101994
1558693632974 -117565
1558693633834 -121023
1558693633848 -121037
1558693633949 -118540
1558693634640 -123086
1558693636757 -123946
1558693638822 -123413
1558693639811 -124402
1558693640670 -111605
1558693645395 -132101
1558693645666 -130256
1558693646526 -133700
1558693647348 -134054
1558693647508 -118442
1558693648607 -133197
1558693649467 -136641
1558693652346 -136936
1558693654022 -140727
1558693655289 -139879
1558693656255 -140844
1558693656259 -140848
1558693657310 -128243
1558693659182 -143771
1558693660153 -144742
1558693661197 -132130
1558693662125 -146714
1558693663093 -147682
1558693663093 -147682
1558693663969 -151142
1558693666891 -154062
1558693666901 -137834
1558693667007 -151596
1558693667007 -150813
1558693669656 -156359
1558693669966 -153772
1558693670812 -157219
1558693670930 -154736
1558693673008 -156814
1558693674841 -158647
1558693674842 -158648
1558693676618 -160424
1558693679618 -163423
1558693682266 -168968
1558693683458 -167263
1558693684464 -168269
1558693685139 -171841
1558693685489 -155870
1558693686116 -172818
1558693688277 -174682
1558693688384 -172189
1558693690231 -176636
1558693691319 -175124
1558693691338 -175143
1558693693160 -163541
1558693694251 -178056
1558693695910 -180755
1558693698049 -168430
1558693699020 -185424
1558693699082 -182887
1558693700016 -184861
1558693700016 -170397
1558693700801 -187205
1558693700866 -184671
1558693701595 -186440
1558693704785 -188590
1558693705766 -189571
1558693708453 -193298
1558693711562 -181942
1558693712603 -196253
1558693714322 -199166
1558693717483 -201133
1558693718400 -187064
1558693718410 -202741
1558693719359 -188023
1558693720407 -204057
1558693723177 -206827
1558693723177 -206827
1558693723177 -206827
1558693725127 -208777
1558693725875 -210719
1558693726105 -209755
1558693727106 -210756
1558693728056 -211706
1558693729803 -214647
1558693731093 -199757
1558693731971 -215621
1558693732067 -200731
1558693732952 -216602
1558693735662 -220506
1558693735854 -220184
1558693736918 -220566
1558693738855 -222503
1558693741691 -210353
1558693742693 -227023
1558693743663 -227993
1558693743715 -227363
1558693747377 -232221
1558693752458 -221120
1558693753277 -237607
1558693756237 -239885
1558693757216 -240864
1558693758200 -241848
1558693759134 -227796
1558693759152 -243482
1558693759918 -240157
1558693761099 -245429
1558693761874 -242113
1558693762086 -230748
1558693762086 -246416
1558693763101 -246748
1558693766029 -234065
1558693768959 -252606
1558693769699 -249854
1558693769887 -237830
1558693769887 -237830
1558693769932 -251727
1558693770684 -250839
1558693770727 -252522
1558693772720 -256367
1558693778560 -262207
1558693778672 -246614
1558693779532 -261327
1558693781501 -265148
1558693783486 -258556
1558693784423 -259493
1558693784428 -259498
1558693785422 -260492
1558693786376 -261446
1558693790065 -268091
1558693791252 -266322
1558693792253 -267323
1558693793259 -268329
1558693793277 -268347
1558693794215 -269285
1558693795048 -276842
1558693795212 -263154
1558693796975 -272045
1558693796975 -272045
1558693797100 -265042
1558693797721 -265831
1558693798006 -273076
1558693798006 -273076
1558693798006 -279800
1558693799003 -274072
1558693800046 -281840
1558693800232 -268174
1558693801095 -269037
1558693801971 -283765
1558693802084 -270026
1558693802896 -277965
1558693802937 -284731
1558693803653 -271762
1558693806582 -261164
1558693807798 -289592
1558693810508 -265089
1558693811719 -293513
1558693812664 -279560
1558693815619 -295112
1558693817276 -271856
1558693818356 -293425
1558693819079 -273659
1558693820291 -295360
1558693824186 -299255
1558693829030 -304099
1558693830012 -305081
1558693831822 -275664
1558693832045 -307114
1558693834004 -309073
1558693834942 -310011
1558693835902 -310971
1558693836870 -311939
1558693838823 -313892
1558693840578 -284418
1558693840792 -270028
1558693841727 -316796
1558693842529 -286369
1558693842580 -303794
1558693843532 -318601
1558693843570 -304784
1558693843718 -272953
1558693847639 -276625
1558693849209 -283361
1558693849209 -283360
1558693849209 -283360
1558693850187 -284338
1558693850360 -313305
1558693852140 -286291
1558693853305 -316249
1558693853305 -316249
1558693856252 -285237
1558693858207 -267883
1558693860131 -323075
1558693862125 -325068
1558693863881 -283487
1558693866894 -328105
1558693867010 -276685
1558693869091 -278766
1558693869883 -331093
1558693871709 -334651
1558693871709 -334651
1558693872863 -282537
1558693874456 -294060
1558693874638 -337580
1558693875431 -295035
1558693878575 -341516
1558693879560 -342501
1558693879560 -265929
1558693882447 -345388
1558693883489 -299167
1558693884224 -303827
1558693884477 -300155
1558693887160 -281682
1558693890909 -285430
1558693894974 -298792
1558693897743 -292263
1558693897743 -292263
1558693897994 -313670
1558693901025 -316701
1558693901932 -305749
1558693902032 -317708
1558693906041 -300560
1558693906041 -276939
1558693906352 -322027
1558693907129 -310945
1558693909244 -324918
1558693909893 -304411
1558693910967 -281864
1558693911820 -282717
1558693911920 -327594
1558693912762 -283659
1558693913511 -317327
1558693914338 -308855
1558693916155 -272718
1558693916326 -320141
1558693918274 -322089
1558693918506 -289402
1558693921199 -325014
1558693924956 -281516
1558693929017 -332831
1558693929844 -286402
1558693930819 -287377
1558693933955 -289379
1558693935960 -291387
1558693938757 -294183
1558693939453 -296007
1558693939611 -343422
1558693940793 -277641
1558693941403 -297957
1558693941771 -278619
1558693944481 -348290
1558693947403 -351211
1558693951316 -355123
1558693953260 -317337
1558693956071 -297164
1558693957040 -298133
1558693958999 -300092
1558693959131 -323207
1558693962753 -303846
1558693963131 -287430
1558693963859 -327934
1558693964837 -328912
1558693965815 -329890
1558693967026 -291325
1558693968736 -332810
1558693970701 -334775
1558693970831 -326252
1558693972754 -296976
1558693974708 -298930
1558693980473 -344546
1558693983413 -347486
1558693984458 -282529
1558693991073 -355144
1558693992882 -307742
1558693993980 -358051
1558693994838 -309698
1558693994962 -359032
1558693994962 -359032
1558694001813 -332778
1558694002662 -287378
1558694003751 -334716
1558694003908 -311701
1558694003909 -311702
1558694004888 -312681
1558694005865 -313658
1558694007662 -338626
1558694008469 -339433
1558694015488 -323279
1558694016288 -347251
1558694017443 -325234
1558694018139 -302853
1558694019225 -350188
1558694019396 -327187
1558694020397 -328187
1558694023155 -354117
1558694024334 -332124
1558694025101 -356062
1558694025962 -310675
1558694028015 -358976
1558694028129 -282526
1558694030967 -361927
1558694031154 -338942
1558694031946 -362906
1558694033017 -287414
1558694033736 -364695
1558694034607 -319319
1558694034901 -342688
1558694035853 -343640
1558694037643 -368601
1558694038914 -293310
1558694039608 -312505
1558694042562 -315459
1558694046444 -319340
1558694048561 -356342
1558694050255 -308735
1558694051435 -305157
1558694052278 -325174
1558694053395 -282501
1558694054452 -307010
1558694057894 -316371
1558694057894 -316371
1558694058172 -310730
1558694058951 -331846
1558694060222 -289327
1558694060915 -333809
1558694063062 -315619
1558694065906 -291482
1558694065906 -291482
1558694067740 -340633
1558694067893 -296997
1558694068930 -321486
1558694070622 -296197
1558694072696 -345589
1558694075777 -328332
1558694076471 -302045
1558694076550 -349442
1558694077522 -350414
1558694079396 -304970
1558694082179 -307752
1558694082559 -286432
1558694082559 -286432
1558694083160 -308733
1558694083571 -287444
1558694084537 -288409
1558694085184 -358074
1558694086079 -311652
1558694087141 -360030
1558694088328 -340881
1558694091043 -299792
1558694093144 -297015
1558694093965 -302714
1558694097119 -349669
1558694098784 -294205
1558694098853 -307601
1558694098853 -307601
1558694103850 -356397
1558694105592 -314339
1558694105928 -287468
1558694106543 -315290
1558694106601 -315348
1558694108683 -304103
1558694109685 -318432
1558694109685 -318432
1558694109983 -303241
1558694109983 -303241
1558694111680 -320427
1558694111776 -320523
1558694112823 -294362
1558694113604 -309024
1558694114515 -323261
1558694116258 -325004
1558694116258 -325004
1558694118175 -313594
1558694122112 -330857
1558694123314 -278644
1558694123389 -316646
1558694125042 -333787
1558694126295 -319551
1558694130745 -339489
1558694131723 -340466
1558694132087 -287416
1558694132676 -297964
1558694135018 -290347
1558694136585 -301872
1558694136604 -345346
1558694143445 -352184
1558694145399 -354138
1558694146590 -301917
1558694150584 -343835
1558694157186 -310730
1558694158025 -311569
1558694159335 -294302
1558694159917 -295069
1558694160297 -295264
1558694161839 -296991
1558694162234 -297201
1558694163792 -298944
1558694165090 -358336
1558694165751 -319294
1558694166728 -301880
1558694167707 -321250
1558694169653 -323195
1558694169977 -308771
1558694172623 -326165
1558694172974 -311768
1558694173576 -327118
1558694173619 -308770
1558694174543 -328085
1558694174543 -328085
1558694176733 -291325
1558694177389 -312539
1558694177389 -312539
1558694178288 -331830
1558694178367 -313517
1558694180242 -333783
1558694181555 -320347
1558694182197 -335738
1558694184486 -323278
1558694184554 -299145
1558694185532 -300123
1558694186435 -325227
1558694188428 -285537
1558694191048 -344587
1558694192946 -346485
1558694192946 -346485
1558694193918 -347456
1558694194253 -333044
1558694194894 -348432
1558694195231 -334022
1558694197917 -351454
1558694199706 -353242
1558694199706 -353242
1558694202642 -356177
1558694202946 -304222
1558694203045 -341835
1558694203108 -300208
1558694203140 -300240
1558694203667 -357202
1558694203881 -305157
1558694206077 -303176
1558694206942 -345731
1558694207969 -305068
1558694209456 -311516
1558694209456 -311516
1558694209478 -311538
1558694209757 -311032
1558694210684 -311959
1558694213620 -314895
1558694213620 -314895
1558694215407 -317466
1558694220610 -322668
1558694221547 -323605
1558694222385 -324443
1558694222738 -305346
1558694222831 -291035
1558694225403 -302004
1558694227267 -295470
1558694230212 -298415
1558694231092 -313699
1558694233648 -335705
1558694236930 -287491
1558694239570 -341626
1558694240605 -342661
1558694241057 -309258
1558694243021 -311222
1558694244508 -346563
1558694246786 -297346
1558694249714 -332318
1558694253495 -278805
1558694254594 -292824
1558694255500 -280810
1558694256429 -281738
1558694256549 -294779
1558694259502 -297731
1558694260202 -285511
1558694264768 -310533
1558694270501 -316265
1558694272098 -297057
1558694272216 -310444
1558694277318 -323081
1558694280759 -299169
1558694285174 -330936
1558694285902 -293994
1558694286157 -331919
1558694286591 -285671
1558694287143 -332905
1558694289833 -297925
1558694292500 -291579
1558694295365 -313773
1558694295828 -341589
1558694299290 -317697
1558694299384 -298462
1558694301251 -319658
1558694301471 -309561
1558694302238 -320645
1558694303437 -311527
1558694304300 -273237
1558694304672 -350429
1558694305404 -313494
1558694306180 -324586
1558694307624 -353380
1558694309153 -327559
1558694309167 -327573
1558694309380 -283418
1558694312000 -280936
1558694312545 -324417
1558694313277 -287315
1558694314260 -288298
1558694314512 -326384
1558694317216 -291253
1558694322832 -291767
1558694325165 -337036
1558694325898 -299934
1558694326149 -338020
1558694331101 -342971
1558694333476 -277161
1558694333553 -351952
1558694334744 -308779
1558694337415 -281099
1558694337694 -311729
1558694338394 -282078
1558694338923 -350792
1558694338923 -350792
1558694339380 -283064
1558694339456 -357853
1558694340650 -314685
1558694340885 -352754
1558694342254 -308312
1558694342696 -354564
1558694343238 -309296
1558694344661 -356529
1558694345396 -293210
1558694348592 -360459
1558694349160 -315217
1558694351296 -299109
1558694351539 -363406
1558694353501 -365368
1558694355484 -314860
1558694355939 -299404
1558694356216 -304028
1558694357906 -301333
1558694357906 -301332
1558694358423 -317798
1558694358980 -325035
1558694359166 -306978
1558694361387 -320762
1558694361387 -320762
1558694363334 -322709
1558694363334 -322709
1558694363815 -307239
1558694363894 -329949
1558694364104 -311915
1558694364324 -323699
1558694365071 -312882
1558694366124 -325498
1558694368837 -286669
1558694369820 -287651
1558694370052 -329426
1558694370808 -288639
1558694371791 -289622
1558694372682 -297911
1558694373565 -339618
1558694374659 -299888
1558694374776 -292607
1558694374987 -334360
1558694380866 -340239
1558694380866 -340238
1558694380866 -340238
1558694383333 -278441
1558694383403 -349453
1558694383405 -349455
1558694384798 -344170
1558694386567 -304396
1558694388508 -306336
1558694389306 -355353
1558694390537 -349908
1558694391108 -357155
1558694391190 -286296
1558694391190 -286296
1558694391519 -350890
1558694393290 -311118
1558694395124 -290230
1558694396151 -291256
1558694396442 -355812
1558694397006 -307672
1558694397218 -315045
1558694397412 -356782
1558694397415 -356785
1558694398393 -357763
1558694399166 -290715
1558694399960 -310626
1558694400956 -311621
1558694404860 -299963
1558694405329 -313277
1558694405809 -300911
1558694409737 -287383
1558694410004 -301551
1558694410966 -302513
1558694412941 -304488
1558694413139 -321086
1558694414730 -292375
1558694414783 -292428
1558694416722 -327385
1558694417098 -325045
1558694418984 -326930
1558694419615 -330278
1558694419927 -327873
1558694422505 -300149
1558694423785 -331731
1558694423785 -331731
1558694424573 -316118
1558694424764 -332710
1558694425748 -333659
1558694426738 -334649
1558694427266 -286500
1558694427342 -338004
1558694428695 -336606
1558694429676 -337587
1558694430662 -338573
1558694430662 -338573
1558694433164 -292398
1558694435143 -294376
1558694438095 -297328
1558694438406 -346317
1558694439345 -347256
1558694441310 -349221
1558694443275 -351186
1558694443984 -303216
1558694445057 -306515
1558694445875 -356531
1558694445954 -305186
1558694447917 -307149
1558694448836 -359491
1558694449168 -357079
1558694449980 -311437
1558694451256 -359167
1558694451779 -306053
1558694452773 -307047
1558694453917 -315374
1558694456053 -308657
1558694456698 -310971
1558694458574 -291616
1558694460546 -293587
1558694460963 -313567
1558694463434 -317707
1558694464523 -297564
1558694467472 -300513
1558694469339 -323611
1558694470320 -324592
1558694470491 -301797
1558694470645 -323247
1558694471456 -302762
1558694472362 -279170
1558694474233 -328504
1558694475558 -328160
1558694475559 -328161
1558694476123 -282931
1558694476540 -329142
1558694477355 -308660
1558694479343 -310648
1558694481455 -334056
1558694482278 -313583
1558694483083 -337353
1558694485227 -337827
1558694488168 -340768
1558694489151 -341751
1558694490894 -296946
1558694493087 -345686
1558694496038 -348636
1558694497025 -349623
1558694497869 -299809
1558694499572 -305623
1558694500598 -292469
1558694504731 -306670
1558694504892 -357487
1558694506704 -308643
1558694508824 -361418
1558694512309 -313266
1558694515551 -309049
1558694516282 -278428
1558694516525 -310023
1558694518265 -280411
1558694520458 -313955
1558694521454 -314951
1558694523091 -324047
1558694525234 -300913
1558694526509 -320006
1558694530213 -292357
1558694530527 -324023
1558694531191 -293335
1558694531191 -332146
1558694531294 -293438
1558694533222 -326718
1558694536778 -298921
1558694537002 -330497
1558694539950 -333445
1558694541623 -342576
1558694542679 -282477
1558694544871 -338366
1558694546547 -347500
1558694547677 -293090
1558694548425 -288223
1558694549515 -350466
1558694549664 -295077
1558694551374 -291171
1558694551450 -352401
1558694553588 -299000
1558694554721 -348214
1558694556685 -350177
1558694556685 -350177
1558694557516 -302927
1558694559175 -360118
1558694559456 -352947
1558694562197 -314600
1558694563420 -356910
1558694564113 -316515
1558694566203 -311613
1558694566346 -359834
1558694567357 -360845
1558694569047 -321447
1558694569907 -287247
1558694570997 -323397
1558694573091 -318500
1558694574212 -311407
1558694575183 -312378
1558694582710 -300047
1558694582788 -297871
1558694583674 -300847
1558694583910 -321104
1558694583929 -321123
1558694585833 -323027
1558694589572 -306744
1558694590482 -342874
1558694591485 -343877
1558694593722 -330915
1558694594697 -331890
1558694595715 -332908
1558694596289 -288219
1558694598357 -350747
1558694599652 -336844
1558694600591 -337783
1558694604159 -296088
1558694607109 -299038
1558694607310 -344501
1558694608285 -345476
1558694609018 -297926
1558694609144 -293901
1558694609269 -346460
1558694610123 -294880
1558694610250 -347441
1558694611047 -302975
1558694611234 -348425
1558694615184 -352374
1558694615184 -352374
1558694615972 -277578
1558694618749 -280354
1558694619109 -356297
1558694625640 -287244
1558694626015 -363200
1558694626976 -304759
1558694628694 -317600
1558694630739 -308521
1558694631536 -293140
1558694637613 -315395
1558694640339 -329243
1558694640560 -318341
1558694641441 -301783
1558694642410 -302752
1558694642537 -320318
1558694642537 -320318
1558694644504 -322285
1558694645358 -305699
1558694645490 -323270
1558694648088 -282308
1558694648308 -308649
1558694651050 -285270
1558694651395 -329175
1558694653008 -287228
1558694653120 -342021
1558694653942 -342842
1558694653992 -288211
1558694656904 -345803
1558694658864 -347762
1558694660879 -295097
1558694661815 -350712
1558694664773 -353669
1558694666625 -300705
1558694666951 -344729
1558694666951 -344729
1558694667626 -301706
1558694667811 -297988
1558694667935 -345712
1558694670675 -359569
1558694673824 -351600
1558694674808 -352583
1558694676560 -308858
1558694676612 -354387
1558694677594 -355368
1558694677655 -307831
1558694678483 -297123
1558694678626 -356400
1558694679376 -311673
1558694681319 -313616
1558694681420 -311596
1558694683382 -313558
1558694683491 -304589
1558694684473 -305571
1558694685461 -306559
1558694686237 -318533
1558694687316 -317491
1558694687432 -308530
1558694689396 -310493
1558694691249 -291098
1558694692071 -284317
1558694695362 -316458
1558694697069 -329364
1558694700887 -293132
1558694701869 -294114
1558694702986 -324081
1558694704951 -326046
1558694704951 -326046
1558694707898 -328993
1558694707899 -328994
1558694714784 -335836
1558694716659 -316504
1558694717734 -338786
1558694718431 -290187
1558694718557 -350848
1558694719704 -340756
1558694719709 -340761
1558694720556 -352846
1558694720640 -290166
1558694720676 -290202
1558694722537 -294293
1558694723663 -295419
1558694724749 -357038
1558694725694 -346745
1558694726583 -296107
1558694727498 -299253
1558694728416 -300171
1558694730486 -351537
1558694731341 -272769
1558694732278 -273706
1558694732301 -301823
1558694735184 -304705
1558694735186 -304706
1558694735279 -356330
1558694735279 -356330
1558694737230 -358281
1558694739902 -281329
1558694746078 -303782
1558694750682 -322353
1558694751709 -293134
1558694752692 -294117
1558694752793 -310496
1558694753778 -311480
1558694755601 -327271
1558694755745 -313447
1558694756621 -298046
1558694756622 -298046
1558694759532 -331202
1558694759675 -317377
1558694760516 -332186
1558694760592 -300776
1558694761502 -333171
1558694762360 -281325
1558694762621 -320322
1558694763603 -321304
1558694763604 -321305
1558694766493 -306675
1558694767405 -339073
1558694767405 -339073
1558694768266 -287230
1558694768387 -340055
1558694769502 -327202
1558694772286 -329986
1558694773267 -330966
1558694775182 -315360
1558694778062 -349726
1558694778095 -297058
1558694781131 -338828
1558694781131 -338828
1558694781132 -338829
1558694783048 -307616
1558694785063 -342758
1558694785063 -342758
1558694788994 -346687
1558694790717 -286234
1558694791900 -316465
1558694791944 -349636
1558694793667 -289184
1558694793801 -308707
1558694793801 -308707
1558694794850 -319414
1558694794890 -352580
1558694796618 -292134
1558694796618 -292134
1558694797676 -355365
1558694798657 -356346
1558694799569 -295085
1558694799570 -295086
1558694801537 -297052
1558694803572 -361259
1558694806457 -288202
1558694806521 -307486
1558694807443 -289188
1558694808394 -323298
1558694808486 -309451
1558694813181 -294838
1558694825969 -282304
