1558693128590 -5557
1558693131443 -8410
1558693132400 -9367
1558693133632 -8635
1558693137552 -12554
1558693142026 -18992
1558693142026 -18992
1558693142518 -17520
1558693143415 -18417
1558693145059 -22025
1558693146426 -21428
1558693149070 -24060
1558693150104 -25094
1558693150614 -27580
1558693154691 -31657
1558693157528 -34494
1558693160894 -35884
1558693162765 -37755
1558693163234 -40200
1558693165691 -40681
1558693166104 -42792
1558693167603 -42593
1558693170950 -47637
1558693185070 -60058
1558693188219 -63207
1558693190283 -65271
1558693190391 -65379
1558693191459 -68142
1558693197897 -74523
1558693199738 -76364
1558693199744 -76370
1558693200526 -75514
1558693201479 -76467
1558693201651 -78277
1558693206523 -83149
1558693207445 -84071
1558693215172 -90159
1558693217127 -92114
1558693223804 -97885
1558693224771 -98852
1558693231638 -105719
1558693234569 -108650
1558693236499 -110580
1558693239129 -113873
1558693253621 -128364
1558693257324 -132067
1558693262722 -136800
1558693267447 -141525
1558693267447 -141525
1558693270385 -144463
1558693271363 -145441
1558693271363 -145441
1558693276243 -145927
1558693277228 -146912
1558693282148 -151832
1558693284060 -153744
1558693291778 -161461
1558693294830 -169541
1558693297682 -172393
1558693298540 -168079
1558693308328 -177866
1558693316961 -186498
1558693318919 -188456
1558693320691 -195401
1558693324562 -197160
1558693324562 -197160
1558693327489 -200087
1558693333583 -203120
1558693345786 -218383
1558693347720 -220317
1558693348046 -217583
1558693350067 -219604
1558693351032 -220569
1558693354903 -224440
1558693357842 -227379
1558693359799 -229335
1558693361162 -233758
1558693364052 -236595
1558693366466 -236002
1558693372314 -241105
1558693375252 -244042
1558693379614 -252156
1558693386799 -255589
1558693391077 -263619
1558693398850 -271392
1558693402737 -275279
1558693403411 -272201
1558693405442 -274153
1558693405732 -276321
1558693416929 -279263
1558693418116 -288705
1558693421821 -284155
1558693421988 -292577
1558693424923 -295512
1558693425719 -277623
1558693426706 -278610
1558693429627 -281531
1558693436382 -288285
1558693437473 -280950
1558693438304 -290206
1558693439365 -282842
1558693442280 -285757
1558693447054 -289095
1558693462452 -305695
1558693462514 -292871
1558693464470 -294826
1558693472286 -302641
1558693489484 -332720
1558693510068 -50
1558693522874 -13244
1558693523800 -14170
1558693527301 -17282
1558693536271 -26640
1558693537240 -27609
1558693539180 -29549
1558693540195 -30564
1558693544033 -34402
1558693547951 -36528
1558693559128 -47637
1558693561361 -49938
1558693567169 -55746
1558693568143 -56720
1558693569114 -57691
1558693572811 -61320
1558693579635 -68211
1558693581437 -69945
1558693586518 -75083
1558693595149 -83657
1558693600088 -88071
1558693606685 -94668
1558693608621 -96604
1558693615486 -103991
1558693617347 -105329
1558693618416 -106921
1558693620258 -108240
1558693633662 -121643
1558693637781 -124369
1558693640461 -128440
1558693640717 -127305
1558693648563 -135150
1558693652277 -138864
1558693658744 -144686
1558693661073 -147660
1558693668455 -154397
1558693678550 -163526
1558693690264 -175239
1558693695145 -180120
1558693699843 -184818
1558693702778 -187753
1558693703819 -188794
1558693707938 -192775
1558693714507 -199481
1558693716686 -201522
1558693722299 -207273
1558693722337 -207172
1558693724098 -203798
1558693725258 -210093
1558693729012 -208712
1558693730142 -214977
1558693734873 -214573
1558693735003 -215546
1558693745504 -226046
1558693746458 -227000
1558693753254 -233796
1558693764954 -245496
1558693765044 -244743
1558693773637 -251664
1558693788264 -266291
1558693793750 -273445
1558693793772 -273467
1558693794133 -262941
1558693801574 -281269
1558693802566 -282261
1558693804466 -284161
1558693807406 -287101
1558693813183 -292878
1558693815515 -263959
1558693815532 -263976
1558693819233 -267677
1558693820216 -268660
1558693822210 -270653
1558693823136 -271579
1558693826040 -274483
1558693826040 -274483
1558693827987 -276429
1558693830448 -284367
1558693832057 -272887
1558693839998 -293911
1558693842481 -283310
1558693843890 -297802
1558693844859 -298768
1558693850687 -304594
1558693850687 -304593
1558693851314 -277532
1558693855237 -281455
1558693862360 -316261
1558693864107 -318007
1558693864953 -291169
1558693869025 -322923
1558693871648 -297863
1558693888245 -265925
1558693891987 -269667
1558693895986 -322852
1558693900842 -278521
1558693900865 -278543
1558693902966 -329830
1558693905143 -282821
1558693907071 -333933
1558693907885 -285563
1558693909882 -287559
1558693913495 -340354
1558693913495 -340354
1558693917209 -295955
1558693921079 -299824
1558693922145 -299819
1558693923017 -301762
1558693927995 -305667
1558693933687 -312431
1558693937418 -316161
1558693945418 -297863
1558693954204 -306647
1558693954886 -333625
1558693955884 -334623
1558693957640 -336378
1558693960063 -312505
1558693963830 -289074
1558693967722 -292965
1558693969684 -294927
1558693973600 -298842
1558693974151 -297124
1558693978044 -301016
1558693984320 -309561
1558693986124 -311365
1558693986645 -309616
1558693989568 -312538
1558693992947 -318187
1558693998811 -290185
1558694002152 -325120
1558694003120 -326088
1558694009758 -332724
1558694016560 -339523
1558694018180 -309552
1558694019477 -342439
1558694024370 -347330
1558694028217 -351176
1558694032935 -355892
1558694041689 -311499
1558694045377 -306620
1558694046360 -307603
1558694046519 -316329
1558694049292 -310534
1558694051241 -312483
1558694053144 -322953
1558694064759 -304677
1558694076514 -316430
1558694077455 -287253
1558694081198 -290996
1558694083108 -352911
1558694084150 -293947
1558694091827 -305722
1558694093770 -307664
1558694093770 -307664
1558694096689 -310583
1558694099428 -313322
1558694101376 -315270
1558694101727 -311522
1558694102353 -316246
1558694102717 -312512
1558694105538 -315332
1558694106488 -316282
1558694107261 -321123
1558694109644 -286537
1558694111733 -288626
1558694111923 -288816
1558694112271 -326133
1558694123055 -299946
1558694124513 -338373
1558694125015 -301906
1558694128407 -342266
1558694131316 -345174
1558694132281 -346139
1558694134223 -348080
1558694135196 -349053
1558694135196 -349052
1558694136166 -350022
1558694141495 -292176
1558694149603 -299903
1558694153488 -303788
1558694160295 -310594
1558694160868 -311547
1558694161255 -311554
1558694161822 -312500
1558694163245 -313543
1558694164753 -315431
1558694169015 -319313
1558694170790 -321087
1558694179534 -329830
1558694195988 -302982
1558694200876 -351166
1558694201776 -352066
1558694209565 -303719
1558694210527 -317519
1558694211449 -305603
1558694213461 -294264
1558694215405 -309559
1558694215651 -296454
1558694215651 -296454
1558694216597 -297400
1558694220689 -301491
1558694229041 -309842
1558694230983 -311784
1558694230985 -311786
1558694231667 -325818
1558694232636 -326787
1558694238922 -289612
1558694239548 -333698
1558694239977 -290667
1558694242923 -293612
1558694244848 -295537
1558694246708 -297397
1558694247320 -341469
1558694248809 -299498
1558694257412 -308100
1558694259324 -310011
1558694265233 -315920
1558694268474 -303991
1558694276209 -311725
1558694281782 -311134
1558694288666 -318018
1558694294647 -330161
1558694297351 -296595
1558694302267 -301510
1558694305360 -340872
1558694307318 -342829
1558694308163 -307406
1558694310247 -345757
1558694311220 -346730
1558694311220 -346730
1558694313993 -349502
1558694315954 -351462
1558694319850 -355357
1558694327691 -314863
1558694330666 -317838
1558694332572 -302663
1558694334512 -321683
1558694338482 -308573
1558694339452 -309543
1558694342246 -312336
1558694345111 -332281
1558694347063 -334233
1558694350102 -291209
1558694352067 -293173
1558694353050 -294156
1558694353894 -341062
1558694356817 -343985
1558694357796 -344964
1558694361897 -303002
1558694371587 -312691
1558694375502 -316605
1558694377191 -310405
1558694377466 -318569
1558694379148 -312362
1558694381394 -288471
1558694383049 -316262
1558694386793 -320006
1558694394013 -301088
1558694394610 -327819
1558694396010 -303085
1558694400934 -308008
1558694406798 -313871
1558694409752 -316825
1558694412036 -345245
1558694412040 -345249
1558694413694 -292590
1558694416618 -295514
1558694418985 -352193
1558694419519 -298415
1558694421801 -355008
1558694422361 -301256
1558694422773 -355980
1558694426290 -305185
1558694428258 -307152
1558694430596 -304139
1558694431208 -310102
1558694434340 -307882
1558694436301 -309843
1558694444123 -317618
1558694447048 -320543
1558694448740 -303362
1558694450706 -305327
1558694451934 -325428
1558694454882 -328376
1558694455683 -329177
1558694460563 -334051
1558694460566 -334053
1558694461517 -316137
1558694464339 -318958
1558694466435 -339920
1558694468377 -341861
1558694472162 -292912
1558694476202 -349684
1558694478140 -351621
1558694480025 -300774
1558694480909 -354388
1558694489710 -309190
1558694492630 -312110
1558694496573 -317319
1558694505175 -324653
1558694505181 -324659
1558694513155 -308519
1558694514965 -334441
1558694525718 -345192
1558694532588 -352059
1558694536540 -297672
1558694543104 -314193
1558694545392 -306523
1558694546033 -317121
1558694550752 -321840
1558694551289 -312419
1558694552705 -323792
1558694555256 -316386
1558694557610 -328697
1558694557610 -328697
1558694558574 -329661
1558694558992 -290806
1558694561016 -292829
1558694562985 -294798
1558694565917 -297730
1558694566910 -298723
1558694567873 -299685
1558694569320 -340405
1558694570311 -341396
1558694571267 -342352
1558694573747 -305558
1558694575003 -346088
1558694579892 -350976
1558694586733 -357814
1558694587333 -319143
1558694589661 -305587
1558694591269 -292932
1558694592596 -308522
1558694602080 -303742
1558694609787 -311448
1558694610764 -312424
1558694613716 -315376
1558694615696 -317356
1558694620599 -291953
1558694624517 -340438
1558694627443 -343364
1558694631352 -347272
1558694635259 -351177
1558694637137 -308488
1558694637211 -353129
1558694639182 -355099
1558694645838 -309383
1558694646816 -310361
1558694648936 -289988
1558694650730 -314274
1558694656595 -320138
1558694657622 -298673
1558694660492 -324035
1558694660568 -301619
1558694661465 -325008
1558694662444 -325987
1558694663421 -326964
1558694665488 -306538
1558694665490 -306540
1558694666473 -307523
1558694668312 -331854
1558694674989 -338530
1558694675330 -316379
1558694682852 -346392
1558694685748 -349287
1558694687705 -351243
1558694689652 -353190
1558694697314 -312011
1558694698753 -313418
1558694703173 -317869
1558694704499 -286039
1558694707454 -288993
1558694708049 -322744
1558694711365 -292904
1558694711365 -292903
1558694712947 -327642
1558694712955 -327650
1558694715871 -330565
1558694715871 -330565
1558694728102 -309639
1558694730994 -312530
1558694731041 -312577
1558694731491 -346183
1558694732866 -314402
1558694735232 -349923
1558694740134 -354824
1558694740938 -355628
1558694740938 -355628
1558694741677 -292941
1558694745609 -296872
1558694747791 -302677
1558694750363 -301625
1558694752336 -303598
1558694754292 -305554
1558694757238 -308499
1558694760189 -311449
1558694762154 -313413
1558694763138 -314396
1558694764119 -315377
1558694770014 -291955
1558694773782 -295723
1558694775747 -297687
1558694778699 -300639
1558694785580 -307518
