1558693131075 -1794
1558693131768 -16
1558693131966 -8394
1558693135130 -2862
1558693136074 -6792
1558693138735 -15163
1558693139403 -12081
1558693142408 -10655
1558693144803 -12535
1558693145101 -17779
1558693145146 -17824
1558693145303 -13550
1558693146769 -14500
1558693146783 -14514
1558693148420 -19138
1558693148658 -16389
1558693148781 -21459
1558693149050 -17297
1558693150111 -18358
1558693150752 -23430
1558693152375 -23093
1558693152705 -25383
1558693153031 -21278
1558693154650 -27328
1558693155696 -23943
1558693156145 -26863
1558693157099 -33526
1558693158052 -28769
1558693158945 -29662
1558693161022 -37449
1558693163691 -34373
1558693163771 -40198
1558693165139 -32870
1558693165354 -38032
1558693165371 -38049
1558693165654 -36239
1558693173309 -41556
1558693173484 -44068
1558693173553 -49980
1558693174965 -42619
1558693177784 -48669
1558693180209 -55396
1558693181152 -56339
1558693181678 -49332
1558693182825 -50134
1558693183596 -51250
1558693186848 -57429
1558693191008 -61588
1558693192131 -67318
1558693192644 -60297
1558693193025 -68212
1558693194378 -65263
1558693196465 -67045
1558693198114 -68998
1558693200949 -71833
1558693201921 -72805
1558693202909 -73793
1558693203896 -74780
1558693204151 -71456
1558693205972 -73625
1558693206130 -81316
1558693208827 -76480
1558693212793 -83373
1558693213752 -84332
1558693214567 -85424
1558693215524 -86381
1558693215664 -86244
1558693215852 -83157
1558693216697 -90568
1558693216831 -84136
1558693221205 -92062
1558693224090 -94947
1558693226433 -94068
1558693227374 -101245
1558693229194 -96829
1558693231190 -98825
1558693231347 -96576
1558693233192 -107063
1558693234279 -99507
1558693234820 -105180
1558693235087 -102721
1558693237204 -102432
1558693239640 -110000
1558693240615 -111471
1558693244086 -109314
1558693246376 -116736
1558693249764 -114991
1558693250733 -115960
1558693251531 -119164
1558693252029 -122389
1558693252474 -126344
1558693254467 -122100
1558693257002 -123770
1558693257331 -131201
1558693257418 -125051
1558693258777 -129137
1558693264270 -131903
1558693264553 -134913
1558693266390 -131616
1558693266597 -133365
1558693267372 -132598
1558693272073 -139706
1558693272073 -139706
1558693272470 -139238
1558693274229 -144589
1558693277006 -141631
1558693277365 -144133
1558693282801 -153078
1558693283225 -149993
1558693287820 -152444
1558693289015 -161844
1558693291602 -156708
1558693291977 -164806
1558693292505 -162782
1558693295840 -168669
1558693297404 -162027
1558693298174 -163280
1558693302132 -167238
1558693303996 -174107
1558693305350 -177654
1558693306527 -172195
1558693311859 -176964
1558693315443 -185554
1558693316148 -181815
1558693316738 -181842
1558693317878 -182500
1558693319085 -184752
1558693320892 -193195
1558693321034 -186701
1558693321039 -186706
1558693321622 -186243
1558693324422 -189526
1558693325056 -195167
1558693325533 -190154
1558693326365 -191469
1558693327693 -199995
1558693328463 -193084
1558693330428 -202730
1558693331270 -196317
1558693331790 -197456
1558693332375 -204677
1558693338196 -209129
1558693341131 -212064
1558693341451 -211561
1558693343137 -206157
1558693344024 -214957
1558693344951 -209998
1558693346782 -211829
1558693348888 -219821
1558693352742 -215762
1558693354785 -224755
1558693355584 -226517
1558693355764 -225734
1558693356651 -219670
1558693358648 -221651
1558693359424 -230356
1558693360379 -231311
1558693364332 -229378
1558693368249 -233295
1558693369203 -232205
1558693369595 -232642
1558693370174 -233176
1558693372976 -238022
1558693375910 -238791
1558693377696 -248628
1558693377993 -247963
1558693378959 -248929
1558693379952 -242552
1558693379952 -242552
1558693380605 -251537
1558693383511 -253803
1558693383511 -253803
1558693384713 -247594
1558693384841 -247440
1558693388515 -258484
1558693389000 -251561
1558693389332 -259623
1558693390459 -260428
1558693391568 -254449
1558693392504 -255103
1558693394329 -257210
1558693395846 -258407
1558693396140 -254413
1558693396140 -254413
1558693397096 -255368
1558693399039 -257311
1558693399737 -262298
1558693401699 -264260
1558693402158 -265039
1558693403911 -273714
1558693404646 -267207
1558693407170 -266801
1558693411132 -270763
1558693411557 -257392
1558693411719 -281522
1558693412493 -258328
1558693413258 -275819
1558693414243 -276804
1558693415381 -261215
1558693416219 -278780
1558693418630 -279621
1558693419142 -274065
1558693420262 -266095
1558693421251 -267084
1558693421402 -291186
1558693421576 -271892
1558693421576 -271892
1558693426444 -276759
1558693430372 -280687
1558693435479 -273883
1558693436612 -291532
1558693437275 -287589
1558693439195 -289509
1558693440635 -310419
1558693440958 -291271
1558693441064 -279467
1558693443060 -281463
1558693443393 -278591
1558693445368 -286860
1558693448419 -318203
1558693449384 -319168
1558693452690 -288484
1558693453089 -291173
1558693456978 -295062
1558693457587 -293380
1558693458562 -294355
1558693461502 -297295
1558693465718 -303801
1558693475269 -313350
1558693480122 -318203
1558693482062 -320142
1558693487887 -325966
1558693500349 -338424
1558693510289 -182
1558693512617 -2510
1558693512938 -44
1558693513603 -3555
1558693514378 -4435
1558693514386 -4443
1558693516556 -6449
1558693518293 -9274
1558693518330 -5436
1558693518448 -8400
1558693521295 -8401
1558693522187 -13167
1558693522260 -9366
1558693523399 -13292
1558693525101 -16081
1558693525345 -15296
1558693525390 -15283
1558693529309 -19202
1558693529887 -19944
1558693531218 -21111
1558693532673 -22730
1558693532799 -23779
1558693533136 -20240
1558693533608 -23665
1558693536598 -27577
1558693536811 -23915
1558693537778 -24868
1558693538730 -25820
1558693538850 -28800
1558693539741 -26831
1558693539741 -26831
1558693541812 -31762
1558693541835 -31727
1558693543613 -30703
1558693544284 -34340
1558693544729 -34621
1558693546657 -36271
1558693548631 -38245
1558693549613 -39505
1558693551427 -38516
1558693552535 -42149
1558693553502 -43116
1558693554501 -44263
1558693555489 -45251
1558693558244 -47858
1558693558765 -49743
1558693559214 -48828
1558693560054 -47142
1558693561164 -50778
1558693561601 -51165
1558693563140 -52902
1558693563628 -51280
1558693564134 -53748
1558693564153 -53915
1558693564631 -54195
1558693564711 -52363
1558693564982 -52069
1558693565498 -55062
1558693567862 -54949
1558693569006 -58742
1558693572321 -61884
1558693574869 -64482
1558693576822 -66557
1558693578636 -59936
1558693578772 -68385
1558693580865 -70427
1558693582531 -72144
1558693584743 -74305
1558693586528 -76141
1558693587481 -77215
1558693588504 -78238
1558693590394 -80007
1558693597127 -78426
1558693599016 -80315
1558693600190 -84828
1558693600337 -89898
1558693601115 -85753
1558693601229 -90790
1558693602201 -91762
1558693602201 -91762
1558693603174 -90282
1558693604002 -91110
1558693604049 -88966
1558693604885 -86183
1558693605864 -90780
1558693605963 -93071
1558693609791 -94429
1558693611718 -96356
1558693615749 -102949
1558693616462 -97759
1558693617575 -102490
1558693617689 -104889
1558693618543 -105650
1558693619519 -106626
1558693620516 -105431
1558693621482 -106120
1558693621496 -106411
1558693624371 -111478
1558693625337 -112444
1558693625395 -110309
1558693626287 -107584
1558693629066 -116172
1558693630035 -117141
1558693631110 -116024
1558693632910 -110202
1558693632951 -120057
1558693633883 -111175
1558693633883 -111175
1558693635977 -120614
1558693637806 -124912
1558693638777 -125883
1558693639751 -117043
1558693640879 -125792
1558693641836 -125480
1558693642833 -126477
1558693645575 -132680
1558693645692 -123931
1558693648492 -135597
1558693648559 -125850
1558693650507 -127798
1558693651383 -129620
1558693652202 -139307
1558693652202 -139307
1558693656376 -140009
1558693657205 -134495
1558693657356 -140989
1558693658345 -141978
1558693659122 -137359
1558693659136 -136426
1558693659282 -142925
1558693662250 -145883
1558693663847 -150951
1558693664830 -151934
1558693666891 -145127
1558693667124 -150757
1558693667867 -146103
1558693670782 -149018
1558693671066 -154699
1558693671760 -149996
1558693671853 -142780
1558693672021 -155654
1558693673769 -152005
1558693675797 -159430
1558693679634 -150560
1558693679634 -150560
1558693683240 -160783
1558693684047 -170556
1558693684437 -155363
1558693687559 -171191
1558693689455 -173097
1558693690048 -167591
1558693690048 -167591
1558693691983 -169526
1558693692243 -163168
1558693692954 -170497
1558693695299 -178941
1558693698107 -169032
1558693698617 -176160
1558693699064 -169989
1558693700383 -186891
1558693701019 -171943
1558693702329 -188836
1558693705413 -182956
1558693706909 -182003
1558693707842 -191484
1558693708888 -183982
1558693709675 -180598
1558693711238 -188781
1558693711800 -186894
1558693713182 -190725
1558693714152 -191695
1558693715122 -192665
1558693717863 -201700
1558693723319 -198419
1558693723340 -192654
1558693723387 -198480
1558693724483 -208319
1558693725343 -200436
1558693725644 -197413
1558693726433 -210269
1558693726615 -198384
1558693727238 -202337
1558693728064 -197378
1558693728562 -200331
1558693729085 -198399
1558693731284 -215119
1558693733095 -208194
1558693733095 -208194
1558693735103 -210202
1558693735206 -219041
1558693735377 -207145
1558693736923 -206237
1558693738163 -221998
1558693739008 -214107
1558693740933 -216031
1558693742873 -217971
1558693746864 -220961
1558693750544 -234377
1558693750620 -224717
1558693750724 -222491
1558693752360 -221673
1558693752501 -236334
1558693752509 -227606
1558693753639 -225406
1558693757335 -241168
1558693757384 -232481
1558693759289 -243122
1558693760193 -229503
1558693761289 -236386
1558693763170 -247002
1558693764383 -236149
1558693764383 -236149
1558693765356 -237122
1558693767233 -241329
1558693768211 -242307
1558693770023 -241789
1558693770974 -242740
1558693772916 -241157
1558693773704 -255659
1558693773735 -241976
1558693773960 -248056
1558693774683 -256638
1558693775709 -243950
1558693775859 -247091
1558693775859 -247091
1558693776871 -250967
1558693777830 -251926
1558693779731 -254826
1558693780500 -262455
1558693782669 -253901
1558693786422 -254663
1558693786504 -257736
1558693787272 -269226
1558693787272 -269226
1558693787610 -261706
1558693788375 -256616
1558693788458 -259690
1558693789207 -271161
1558693792119 -274073
1558693792327 -260568
1558693792531 -266626
1558693792911 -274865
1558693793176 -264408
1558693795269 -269364
1558693795404 -266602
1558693796813 -278767
1558693797045 -268277
1558693797283 -268481
1558693800798 -282752
1558693801174 -275269
1558693802706 -284660
1558693802994 -274225
1558693804116 -278211
1558693805084 -276282
1558693808834 -277074
1558693809062 -280259
1558693811662 -282893
1558693812974 -284171
1558693814317 -296271
1558693814840 -288935
1558693815631 -283871
1558693816615 -284855
1558693817053 -299006
1558693817745 -291840
1558693818995 -300948
1558693819004 -300957
1558693819247 -290478
1558693823536 -283671
1558693823842 -303270
1558693825090 -296321
1558693828917 -300148
1558693830226 -304320
1558693830227 -304321
1558693830322 -290456
1558693832687 -312114
1558693833153 -301004
1558693833153 -301004
1558693833305 -307399
1558693834104 -301955
1558693835011 -302862
1558693835229 -295362
1558693836203 -296336
1558693837664 -295994
1558693837917 -305768
1558693838153 -298247
1558693839023 -313117
1558693839119 -299213
1558693839346 -296021
1558693843770 -314968
1558693843776 -311626
1558693845849 -290769
1558693848178 -306507
1558693848896 -305566
1558693851091 -309419
1558693853552 -300734
1558693857628 -314297
1558693858602 -315271
1558693860806 -319133
1558693861199 -301108
1558693863209 -303118
1558693864286 -311467
1558693864534 -322860
1558693866270 -322938
1558693869264 -325931
1558693869462 -327787
1558693871361 -329685
1558693875940 -332606
1558693877158 -296161
1558693881590 -321497
1558693881773 -328952
1558693881773 -328952
1558693882699 -279524
1558693886724 -294124
1558693886724 -294124
1558693888578 -335756
1558693889667 -297066
1558693891273 -288097
1558693893223 -290047
1558693893321 -340498
1558693897098 -293922
1558693897403 -316404
1558693901396 -320396
1558693905237 -307987
1558693905350 -302172
1558693908139 -280940
1558693909398 -328397
1558693910413 -329412
1558693911077 -313826
1558693911642 -308464
1558693911751 -308572
1558693913590 -310411
1558693913885 -316634
1558693913885 -332883
1558693913885 -286685
1558693915800 -304816
1558693916704 -335701
1558693916747 -305763
1558693918584 -321332
1558693918617 -337613
1558693919624 -338620
1558693920363 -293162
1558693923511 -326259
1558693925115 -321933
1558693926422 -305774
1558693928454 -284634
1558693929001 -325818
1558693930134 -302932
1558693932892 -329707
1558693933232 -335978
1558693934322 -290501
1558693935018 -307815
1558693936001 -308798
1558693938950 -341696
1558693938950 -311746
1558693939849 -319196
1558693941987 -298166
1558693943371 -286319
1558693943691 -323037
1558693943816 -346560
1558693943946 -300124
1558693944356 -287304
1558693944356 -287304
1558693946617 -325961
1558693951495 -324288
1558693952105 -295052
1558693952465 -325258
1558693953441 -326234
1558693954575 -304910
1558693957519 -307853
1558693960472 -310806
1558693961265 -334055
1558693962976 -342314
1558693963941 -343279
1558693964362 -283667
1558693964920 -344257
1558693965022 -337811
1558693967122 -317454
1558693967491 -310436
1558693969079 -319411
1558693969266 -288570
1558693969468 -312412
1558693969772 -349108
1558693971723 -351058
1558693973814 -310056
1558693975277 -318220
1558693976739 -312980
1558693977040 -296343
1558693978164 -321106
1558693979158 -322100
1558693980836 -331071
1558693981808 -332038
1558693984169 -310396
1558693984561 -320801
1558693986519 -322759
1558693986745 -329684
1558693987504 -323744
1558693988498 -338724
1558693989481 -339707
1558693990281 -326520
1558693990650 -333587
1558693990966 -317192
1558693991252 -327491
1558693992230 -328469
1558693996128 -332367
1558693998260 -348486
1558693999235 -349461
1558694000378 -289554
1558694000670 -326895
1558694001029 -337267
1558694001213 -351438
1558694001344 -290520
1558694002179 -352404
1558694006959 -311229
1558694007856 -344093
1558694009987 -299160
1558694010219 -336443
1558694010803 -347040
1558694010831 -361051
1558694011804 -362023
1558694013754 -300041
1558694013884 -303056
1558694015692 -301978
1558694017476 -353711
1558694017649 -303935
1558694017993 -344216
1558694018771 -307942
1558694019441 -318026
1558694022689 -311859
1558694024683 -313853
1558694026374 -330642
1558694029376 -315661
1558694029490 -355710
1558694032484 -291498
1558694033133 -319326
1558694033279 -292293
1558694033981 -338247
1558694034964 -339230
1558694036063 -322255
1558694036222 -295235
1558694038996 -325187
1558694041158 -315277
1558694041967 -328157
1558694042158 -316277
1558694043107 -317226
1558694045998 -320116
1558694046668 -345249
1558694047563 -351825
1558694048905 -323023
1558694049506 -353767
1558694049887 -324005
1558694050508 -354769
1558694051709 -337894
1558694052501 -351082
1558694054237 -310291
1558694054814 -297275
1558694056547 -330664
1558694057387 -355967
1558694057423 -343607
1558694059369 -345552
1558694059370 -345553
1558694061372 -335488
1558694063099 -309709
1558694065857 -321909
1558694068170 -342285
1558694071151 -357329
1558694071933 -318542
1558694073060 -347175
1558694075554 -331605
1558694080072 -288546
1558694082664 -329270
1558694085429 -332035
1558694086402 -333008
1558694087040 -343090
1558694089366 -299946
1558694090667 -299140
1558694091283 -337888
1558694097132 -307711
1558694098503 -306975
1558694102055 -348655
1558694102258 -332118
1558694102817 -313396
1558694104044 -350644
1558694105024 -351623
1558694107902 -354500
1558694112335 -339465
1558694114589 -325166
1558694114631 -325208
1558694120649 -350505
1558694120877 -348005
1558694122812 -349940
1558694125545 -355399
1558694128313 -358166
1558694128863 -339437
1558694129297 -359150
1558694129834 -340407
1558694132218 -301989
1558694134182 -303953
1558694138571 -349142
1558694139542 -350112
1558694140114 -367238
1558694140245 -305933
1558694143994 -371116
1558694145125 -310813
1558694145367 -300066
1558694149038 -314725
1558694149091 -303790
1558694149659 -317955
1558694150632 -338894
1558694152791 -288401
1558694155126 -309824
1558694155903 -291513
1558694162185 -350444
1558694163280 -331575
1558694163571 -299180
1558694165501 -301109
1558694167076 -355333
1558694167120 -335414
1558694167261 -337016
1558694168087 -336381
1558694168515 -323211
1558694170203 -339957
1558694172808 -341102
1558694174183 -328878
1558694175873 -306013
1558694176088 -311695
1558694177097 -312704
1558694179030 -314637
1558694180996 -335690
1558694182935 -293231
1558694183914 -294210
1558694185395 -353687
1558694186858 -297154
1558694186862 -297158
1558694187634 -357381
1558694187634 -357381
1558694189637 -301997
1558694189812 -300107
1558694190604 -302963
1558694190811 -301106
1558694191301 -330724
1558694192284 -331707
1558694194419 -349110
1558694194938 -334360
1558694194938 -334360
1558694195392 -350083
1558694195691 -305985
1558694197746 -308040
1558694201185 -331142
1558694201794 -341215
1558694202244 -314601
1558694207157 -319514
1558694208074 -320431
1558694208595 -348015
1558694211156 -292467
1558694211926 -324282
1558694212871 -331289
1558694214688 -344644
1558694215919 -334337
1558694218335 -299645
1558694220072 -332427
1558694220204 -332559
1558694220351 -359769
1558694220912 -333267
1558694221175 -302484
1558694223790 -353743
1558694224853 -306162
1558694225912 -365329
1558694227421 -339775
1558694228397 -340751
1558694229184 -359135
1558694229357 -341711
1558694233471 -314779
1558694234043 -307769
1558694235482 -316790
1558694237262 -349614
1558694240200 -352550
1558694240981 -314706
1558694242955 -316680
1558694243907 -317632
1558694245418 -296579
1558694246379 -297540
1558694247315 -336693
1558694248265 -299425
1558694249171 -300331
1558694252137 -303297
1558694254630 -319375
1558694257893 -309052
1558694260132 -325177
1558694262500 -327244
1558694263252 -336974
1558694263806 -314964
1558694266779 -317937
1558694266856 -331900
1558694266856 -331900
1558694266856 -331900
1558694268247 -341969
1558694268776 -290754
1558694269233 -342955
1558694270423 -335166
1558694270423 -335166
1558694273456 -362830
1558694274000 -347720
1558694275100 -339843
1558694275904 -349624
1558694276080 -340823
1558694277845 -351564
1558694278386 -300363
1558694278834 -352552
1558694280036 -344737
1558694281130 -319379
1558694281476 -346518
1558694286344 -351385
1558694286711 -360427
1558694286982 -325230
1558694287955 -326203
1558694289744 -327991
1558694289850 -354551
1558694291175 -313150
1558694291629 -310966
1558694291825 -356526
1558694292620 -311957
1558694295588 -315681
1558694297365 -316702
1558694297556 -317649
1558694298880 -294572
1558694304741 -314708
1558694306699 -316666
1558694307737 -303428
1558694312146 -331478
1558694315255 -335346
1558694318042 -337373
1558694318220 -338310
1558694320015 -340105
1558694320366 -316055
1558694320975 -340306
1558694322967 -343056
1558694323962 -344051
1558694326064 -336028
1558694328675 -309101
1558694328866 -348955
1558694329698 -310123
1558694329884 -349973
1558694332807 -352895
1558694333160 -294984
1558694333535 -313960
1558694335137 -296961
1558694336551 -355880
1558694342036 -303859
1558694344123 -324546
1558694347210 -306428
1558694347409 -304488
1558694348748 -310570
1558694349380 -306459
1558694349387 -306466
1558694350339 -296731
1558694351348 -308427
1558694352284 -298676
1558694354285 -311363
1558694354864 -335286
1558694355218 -301609
1558694356623 -288285
1558694357605 -289267
1558694358219 -315297
1558694358595 -290257
1558694359127 -305518
1558694359768 -340188
1558694360190 -317268
1558694361568 -341988
1558694362508 -342927
1558694362951 -322020
1558694362952 -322021
1558694363941 -323010
1558694366779 -313169
1558694369250 -300910
1558694369715 -316105
1558694379098 -310757
1558694380507 -339573
1558694381486 -340552
1558694381486 -340552
1558694382053 -321892
1558694382653 -339702
1558694383452 -342518
1558694384807 -324646
1558694385012 -284561
1558694387736 -327574
1558694388109 -334495
1558694388559 -345606
1558694389540 -346586
1558694394951 -341335
1558694395269 -352313
1558694395560 -335397
1558694396904 -343287
1558694396904 -343287
1558694398854 -345236
1558694402765 -349146
1558694402965 -302852
1558694403144 -303798
1558694404127 -304781
1558694405524 -305070
1558694406485 -306031
1558694406498 -306044
1558694408056 -308710
1558694408483 -354862
1558694409042 -309696
1558694411013 -311666
1558694412796 -312681
1558694413800 -313685
1558694416437 -320269
1558694417331 -298134
1558694419385 -323217
1558694419777 -320429
1558694421177 -325008
1558694422068 -302870
1558694422468 -322352
1558694423454 -323338
1558694425093 -328924
1558694425418 -325302
1558694426010 -306811
1558694427387 -327271
1558694428583 -329771
1558694429370 -329253
1558694435269 -335151
1558694437635 -341464
1558694438248 -338130
1558694439586 -343415
1558694441000 -340882
1558694441001 -340883
1558694441193 -341842
1558694446517 -301352
1558694447516 -302351
1558694448385 -352213
1558694450452 -305287
1558694451823 -351701
1558694451856 -353041
1558694453969 -354614
1558694454778 -354655
1558694454976 -355621
1558694454976 -355621
1558694456335 -311169
1558694456748 -356625
1558694457320 -312154
1558694458964 -314238
1558694458964 -314238
1558694459508 -360692
1558694459949 -315223
1558694461669 -309021
1558694463430 -316656
1558694464654 -309026
1558694468739 -324012
1558694470700 -325972
1558694471345 -318696
1558694475578 -330849
1558694477429 -321799
1558694477826 -308369
1558694478192 -331416
1558694478220 -325570
1558694478515 -333786
1558694479803 -310345
1558694479856 -333080
1558694481172 -328522
1558694483330 -327700
1558694484307 -328677
1558694485194 -340463
1558694487078 -334427
1558694488076 -332445
1558694491466 -292039
1558694492033 -347300
1558694492035 -347302
1558694493011 -348278
1558694493011 -348278
1558694493990 -349256
1558694495949 -351214
1558694498888 -354152
1558694500326 -300898
1558694501664 -349010
1558694501819 -357082
1558694501824 -357087
1558694502664 -350010
1558694503839 -348206
1558694504240 -304811
1558694506064 -306250
1558694508487 -300447
1558694508744 -353109
1558694509152 -309722
1558694510497 -302457
1558694512526 -356890
1558694513371 -305330
1558694516448 -360810
1558694517240 -308393
1558694518410 -302501
1558694519209 -310361
1558694520379 -304470
1558694522345 -306435
1558694522675 -322859
1558694523141 -315099
1558694524142 -315255
1558694524743 -299983
1558694526351 -310441
1558694531127 -323084
1558694532135 -324092
1558694532996 -324953
1558694533462 -333644
1558694533696 -308934
1558694533819 -325776
1558694534086 -325198
1558694534838 -326794
1558694535709 -327665
1558694536383 -311621
1558694538622 -330578
1558694538623 -330579
1558694540102 -340283
1558694541070 -341251
1558694542047 -342227
1558694543269 -318506
1558694546215 -291281
1558694546605 -337717
1558694548883 -349060
1558694549379 -341332
1558694549577 -340689
1558694551525 -342637
1558694553492 -344604
1558694555635 -339721
1558694558416 -342502
1558694559453 -313259
1558694561448 -315254
1558694562237 -353349
1558694562406 -346491
1558694562973 -354921
1558694563406 -317212
1558694563811 -308875
1558694566140 -357251
1558694566303 -320108
1558694567284 -321089
1558694570249 -354331
1558694572628 -317691
1558694573130 -326934
1558694573990 -321304
1558694575428 -304703
1558694575572 -320634
1558694575572 -290298
1558694576555 -291281
1558694576936 -324249
1558694577387 -306662
1558694577563 -292289
1558694579528 -294254
1558694582882 -306762
1558694583270 -312545
1558694583833 -331146
1558694585662 -339463
1558694586174 -315448
1558694586240 -300965
1558694586783 -310662
1558694587628 -341428
1558694587770 -311649
1558694588757 -312636
1558694588757 -312636
1558694589570 -343369
1558694589735 -313614
1558694591706 -315584
1558694594124 -308848
1558694595483 -342794
1558694595990 -325263
1558694596412 -350208
1558694597057 -311780
1558694598042 -312765
1558694598423 -345734
1558694600395 -347705
1558694601669 -330941
1558694601986 -316709
1558694602103 -309385
1558694604932 -294242
1558694607293 -331169
1558694607512 -336783
1558694607967 -315249
1558694609695 -299005
1558694610230 -334106
1558694611052 -358360
1558694615184 -339059
1558694615373 -344643
1558694615618 -304927
1558694616768 -324048
1558694616768 -324048
1558694616956 -319329
1558694616956 -319329
1558694618917 -321290
1558694619084 -342959
1558694621867 -324240
1558694622003 -351271
1558694624039 -347912
1558694624838 -327210
1558694624996 -348869
1558694627337 -334616
1558694632526 -334897
1558694632526 -334897
1558694632708 -356578
1558694633678 -357548
1558694637444 -339815
1558694641400 -343770
1558694641409 -343779
1558694643950 -351226
1558694644927 -352203
1558694647453 -324407
1558694647706 -354981
1558694651625 -311377
1558694652128 -325046
1558694655059 -327976
1558694656042 -328959
1558694656491 -316243
1558694658562 -291286
1558694660079 -337031
1558694663479 -296201
1558694664830 -306756
1558694665273 -325023
1558694665811 -338726
1558694665811 -338726
1558694666260 -326010
1558694666779 -339694
1558694666802 -308728
1558694669752 -311678
1558694671890 -348841
1558694673900 -333649
1558694676837 -336586
1558694679107 -311825
1558694679605 -356554
1558694680578 -357527
1558694681565 -358514
1558694682434 -324358
1558694683026 -315743
1558694685185 -358093
1558694686165 -359073
1558694686599 -346346
1558694688901 -291281
1558694689263 -331186
1558694693434 -325521
1558694695801 -308662
1558694696762 -309623
1558694696790 -299169
1558694698127 -340049
1558694699280 -331366
1558694700085 -342007
1558694701063 -332608
1558694701629 -314490
1558694704498 -306875
1558694706982 -339067
1558694706982 -339067
1558694708424 -310800
1558694709759 -351678
1558694709931 -342015
1558694710742 -352661
1558694711899 -343983
1558694712713 -354631
1558694714322 -316698
1558694714730 -346272
1558694719451 -350993
1558694719793 -351868
1558694720477 -352019
1558694721342 -294353
1558694724108 -356183
1558694724719 -356260
1558694725858 -357933
1558694728462 -306973
1558694730332 -361872
1558694731559 -316675
1558694734367 -319482
1558694736160 -314670
1558694737628 -350482
1558694737781 -310790
1558694738015 -369552
1558694739107 -317617
1558694740266 -325381
1558694740580 -353433
1558694741389 -354241
1558694741714 -314722
1558694742234 -327348
1558694742346 -355198
1558694742346 -355198
1558694744666 -317674
1558694746673 -313374
1558694748136 -333249
1558694751124 -318346
1558694753696 -332204
1558694754058 -321280
1558694754058 -321280
1558694754850 -339961
1558694760751 -345862
1558694761572 -340079
1558694765026 -331724
1558694767637 -352746
1558694767958 -334656
1558694771574 -356683
1558694775347 -360456
1558694776809 -299783
1558694780651 -347345
1558694783053 -302867
1558694783220 -320494
1558694785665 -308638
1558694786005 -305818
1558694787153 -324427
1558694789938 -309750
1558694790923 -310735
1558694791237 -357928
1558694794037 -331310
1558694796491 -291274
1558694798293 -293076
1558694799048 -335613
1558694802730 -340002
1558694803548 -322961
1558694807647 -344918
1558694814534 -351804
1558694815518 -352788
