1558693122706 -842
1558693124850 -2986
1558693125921 -4057
1558693127518 -5654
1558693129385 -7521
1558693132304 -10440
1558693134265 -12401
1558693136275 -14411
1558693141093 -19229
1558693141849 -7449
1558693143967 -22103
1558693145812 -23948
1558693146775 -24911
1558693148661 -26797
1558693150617 -28753
1558693160119 -25718
1558693161426 -39561
1558693162310 -40445
1558693164220 -42352
1558693164884 -30483
1558693165192 -43324
1558693168903 -47035
1558693173813 -51944
1558693174765 -52896
1558693175719 -53850
1558693177646 -55777
1558693178486 -42126
1558693178624 -56755
1558693180440 -44080
1558693180594 -58725
1558693182537 -60668
1558693185466 -63595
1558693187599 -65728
1558693187599 -65728
1558693189765 -67894
1558693189765 -67894
1558693190417 -54057
1558693190647 -68776
1558693191519 -69648
1558693192252 -55892
1558693192252 -70380
1558693193957 -57597
1558693194956 -58596
1558693196060 -74170
1558693202762 -80872
1558693206388 -70027
1558693213456 -91565
1558693215090 -78729
1558693218952 -82591
1558693219134 -97243
1558693221867 -85506
1558693224782 -86263
1558693224968 -103076
1558693225780 -87261
1558693228847 -106955
1558693229525 -91005
1558693231767 -109874
1558693233696 -111803
1558693235393 -96873
1558693236606 -114713
1558693237586 -115692
1558693242282 -120385
1558693245205 -123308
1558693246156 -124259
1558693251012 -112492
1558693251018 -129120
1558693251018 -129120
1558693252003 -130105
1558693254903 -133004
1558693257715 -119195
1558693261608 -123088
1558693262680 -140780
1558693265437 -143537
1558693267474 -128954
1558693271289 -149388
1558693271289 -149388
1558693277140 -155238
1558693281068 -142235
1558693282029 -160126
1558693282029 -160126
1558693282993 -144159
1558693284998 -146164
1558693289781 -150947
1558693290586 -168678
1558693292803 -153969
1558693292823 -153989
1558693298325 -176415
1558693301352 -162516
1558693302365 -163529
1558693308052 -186141
1558693321897 -182218
1558693322467 -200443
1558693322467 -200443
1558693322871 -183192
1558693323850 -184171
1558693326609 -186930
1558693338347 -198432
1558693339324 -199409
1558693339784 -217759
1558693342686 -220661
1558693343238 -203323
1558693344221 -204306
1558693344647 -222622
1558693348557 -226532
1558693354375 -232350
1558693360664 -220748
1558693360664 -220748
1558693361012 -238987
1558693361012 -238987
1558693362647 -222731
1558693364589 -224673
1558693367518 -227602
1558693367845 -245737
1558693370451 -230535
1558693370788 -248680
1558693371431 -231515
1558693373205 -233289
1558693374699 -252591
1558693376669 -254561
1558693378617 -256509
1558693379604 -257496
1558693382016 -241622
1558693383322 -261213
1558693384301 -262192
1558693385924 -245530
1558693385924 -245530
1558693386258 -264149
1558693388210 -266101
1558693389206 -267097
1558693389844 -249450
1558693392777 -252383
1558693395533 -255138
1558693397017 -274908
1558693398969 -276860
1558693409214 -268819
1558693409581 -287472
1558693410213 -260715
1558693418035 -268536
1558693418382 -296272
1558693419360 -297250
1558693421330 -299216
1558693423756 -274170
1558693424702 -275116
1558693425213 -303099
1558693428631 -279045
1558693430557 -280970
1558693432516 -274398
1558693433993 -311879
1558693435576 -277458
1558693437472 -279353
1558693441319 -271537
1558693441699 -302575
1558693447017 -277234
1558693448965 -279182
1558693452416 -313290
1558693454210 -315084
1558693454210 -315084
1558693461062 -321935
1558693462041 -322914
1558693464959 -325831
1558693469848 -330718
1558693472782 -333652
1558693480440 -341307
1558693480441 -341308
1558693481418 -342285
1558693483373 -319152
1558693484352 -320131
1558693486306 -322085
1558693486306 -322085
1558693487284 -323063
1558693490218 -325996
1558693499016 -334793
1558693499016 -334793
1558693505692 -341469
1558693506667 -342444
1558693507646 -343422
1558693509603 -345379
1558693512550 -348326
1558693515470 -351245
1558693521372 -357147
1558693521903 -592
1558693522890 -1579
1558693525795 -4484
1558693528730 -7419
1558693532669 -11358
1558693533420 -24116
1558693533420 -24116
1558693534380 -25076
1558693536337 -27033
1558693537537 -16226
1558693538507 -17196
1558693544204 -22892
1558693547930 -38625
1558693552789 -43483
1558693552789 -43483
1558693555720 -46414
1558693555931 -34619
1558693557674 -48368
1558693557674 -48368
1558693560604 -51298
1558693562773 -41461
1558693564637 -55320
1558693565516 -56199
1558693566472 -57155
1558693566472 -57155
1558693567449 -58132
1558693570217 -60900
1558693571408 -46985
1558693573155 -63837
1558693576090 -64220
1558693578041 -66171
1558693578041 -66171
1558693580970 -69099
1558693582926 -71055
1558693598415 -86543
1558693602314 -90442
1558693603497 -79071
1558693610187 -98314
1558693613066 -101193
1558693615229 -90803
1558693617016 -88038
1558693618774 -106901
1558693622691 -110818
1558693624639 -111853
1558693625813 -96834
1558693626732 -113946
1558693630501 -117715
1558693630501 -117715
1558693632653 -103673
1558693633433 -120647
1558693633632 -104652
1558693636565 -107585
1558693641097 -128261
1558693647932 -135096
1558693650092 -121111
1558693650871 -138034
1558693654778 -141941
1558693655756 -142919
1558693657713 -144876
1558693658691 -145854
1558693663417 -150579
1558693665371 -152533
1558693667516 -137756
1558693668305 -155467
1558693672219 -159381
1558693673330 -160492
1558693676126 -160428
1558693676314 -146554
1558693677102 -161404
1558693677102 -161404
1558693682105 -166407
1558693682105 -166407
1558693684925 -169227
1558693685110 -155349
1558693686898 -171197
1558693697473 -181772
1558693700405 -184704
1558693700405 -184704
1558693700584 -170822
1558693702365 -186339
1558693709253 -193227
1558693710185 -194159
1558693710362 -179060
1558693710999 -194973
1558693712953 -195870
1558693713136 -181834
1558693713931 -196848
1558693713931 -196848
1558693714929 -197846
1558693715930 -198847
1558693717841 -200758
1558693722731 -205648
1558693726639 -209555
1558693731525 -214441
1558693731693 -200389
1558693732504 -215419
1558693736258 -219173
1558693739356 -208052
1558693747004 -229918
1558693748959 -231873
1558693758732 -227428
1558693759708 -228404
1558693761503 -244417
1558693761503 -244417
1558693763617 -232313
1558693764496 -241797
1558693764634 -233330
1558693765476 -242777
1558693766429 -243730
1558693768354 -245654
1558693768354 -245654
1558693769346 -246646
1558693774365 -242263
1558693775216 -252516
1558693775351 -243249
1558693776319 -244217
1558693780080 -257380
1558693781074 -258373
1558693782877 -260176
1558693782877 -260176
1558693784951 -252849
1558693786754 -264053
1558693789684 -266983
1558693793662 -270961
1558693793784 -261682
1558693795628 -272927
1558693800561 -277859
1558693803470 -280768
1558693803470 -280768
1558693806208 -283506
1558693813050 -290348
1558693813050 -290348
1558693815028 -292326
1558693815028 -292326
1558693815978 -293276
1558693816125 -280552
1558693816957 -294255
1558693818084 -282511
1558693819884 -296890
1558693820986 -285413
1558693822843 -299849
1558693829609 -306615
1558693830426 -307432
1558693831547 -274633
1558693835452 -278538
1558693844107 -321113
1558693848031 -325037
1558693853723 -330460
1558693853859 -278528
1558693856656 -333393
1558693861681 -286349
1558693865461 -314399
1558693869606 -261218
1558693878143 -269754
1558693879006 -327942
1558693879957 -328893
1558693882885 -331821
1558693883863 -332798
1558693891682 -340616
1558693893778 -285387
1558693902491 -351422
1558693903525 -352455
1558693904555 -353485
1558693906516 -329219
1558693906516 -329219
1558693907637 -288628
1558693910451 -291441
1558693913317 -272025
1558693916940 -339637
1558693921856 -344551
1558693927669 -286374
1558693929489 -352174
1558693930464 -353149
1558693931504 -354187
1558693934509 -293095
1558693935480 -294066
1558693939393 -297979
1558693940257 -362935
1558693940257 -362927
1558693940371 -298956
1558693944154 -366822
1558693950854 -328865
1558693950854 -328865
1558693957682 -335692
1558693957682 -335692
1558693960631 -338641
1558693961707 -300823
1558693962608 -340617
1558693963558 -341567
1558693964649 -291782
1558693965620 -292753
1558693974127 -352135
1558693980976 -358983
1558693988794 -366798
1558693988920 -300996
1558693990752 -368756
1558693993679 -313612
1558693994658 -314591
1558693994783 -280672
1558693995758 -281647
1558693997449 -317381
1558693997551 -283439
1558694003294 -323226
1558694005252 -325183
1558694006228 -326159
1558694008183 -328114
1558694009159 -329090
1558694011240 -297127
1558694019047 -289140
1558694019938 -339867
1558694021712 -341641
1558694023664 -343592
1558694031635 -301727
1558694035412 -355336
1558694041288 -332528
1558694043267 -334507
1558694044031 -335270
1558694045033 -336272
1558694046960 -338199
1558694047063 -293051
1558694047936 -339175
1558694047936 -339175
1558694049905 -341144
1558694049905 -341144
1558694051849 -343088
1558694056740 -347978
1558694058696 -349934
1558694058696 -349934
1558694063588 -354825
1558694063687 -290297
1558694066522 -357759
1558694068307 -359544
1558694068307 -359543
1558694068410 -295020
1558694078085 -369320
1558694079067 -370302
1558694085914 -332706
1558694088847 -335639
1558694089822 -336614
1558694093672 -294016
1558694094547 -341338
1558694095626 -295970
1558694096501 -343292
1558694100517 -300532
1558694105333 -352123
1558694106445 -284469
1558694113335 -291358
1558694115903 -362691
1558694119798 -366586
1558694128601 -326025
1558694129580 -327004
1558694129580 -327003
1558694131548 -328971
1558694131548 -328971
1558694131548 -328971
1558694132593 -284434
1558694137404 -334826
1558694142155 -339577
1558694144165 -296004
1558694147990 -345411
1558694147990 -345411
1558694150027 -279526
1558694150941 -348362
1558694155993 -353413
1558694157086 -286583
1558694159857 -289354
1558694168422 -297918
1558694172269 -321212
1558694181076 -330019
1558694182064 -331007
1558694184005 -332948
1558694184063 -292196
1558694184065 -292198
1558694188721 -337664
1558694188790 -296923
1558694189800 -268821
1558694190715 -339658
1558694191718 -340661
1558694192713 -271734
1558694198617 -277636
1558694199594 -278612
1558694203535 -352478
1558694206450 -355393
1558694209380 -288397
1558694210269 -336985
1558694216087 -342803
1558694217188 -343903
1558694218239 -344954
1558694220332 -347047
1558694220332 -347047
1558694224172 -273209
1558694224172 -273209
1558694228757 -355471
1558694229754 -356468
1558694230708 -279744
1558694230721 -357435
1558694232665 -359379
1558694233644 -360358
1558694234474 -361187
1558694235470 -284506
1558694237449 -286484
1558694238435 -365148
1558694241346 -290381
1558694242406 -369118
1558694243339 -292374
1558694243370 -370082
1558694248411 -375122
1558694250440 -299474
1558694252293 -280805
1558694258063 -338124
1558694260799 -289310
1558694262779 -291289
1558694262843 -342903
1558694263822 -343882
1558694264750 -293260
1558694266754 -295264
1558694268804 -348863
1558694272771 -284812
1558694274584 -286624
1558694274658 -354717
1558694276534 -288574
1558694276597 -356656
1558694278563 -358621
1558694283320 -363378
1558694285282 -365340
1558694289229 -369286
1558694292105 -304143
1558694292174 -372231
1558694294087 -279927
1558694298995 -284834
1558694299001 -284840
1558694303892 -289731
1558694304954 -328590
1558694305958 -329594
1558694306770 -330406
1558694306770 -330406
1558694310691 -334326
1558694313565 -299402
1558694313565 -299402
1558694313645 -337280
1558694315611 -339245
1558694316598 -340232
1558694317581 -341215
1558694321439 -283003
1558694322498 -346132
1558694325440 -349073
1558694328318 -289881
1558694328391 -352024
1558694331116 -292679
1558694332167 -355799
1558694335125 -358757
1558694336014 -297576
1558694337100 -360731
1558694341025 -325007
1558694342989 -326971
1558694343888 -305449
1558694346843 -286092
1558694349796 -289044
1558694350771 -290019
1558694350774 -290022
1558694352746 -291994
1558694352827 -336807
1558694352827 -336807
1558694359455 -298702
1558694359455 -298702
1558694361538 -345516
1558694361538 -345516
1558694363480 -347457
1558694364486 -348463
1558694365452 -349429
1558694369403 -353379
1558694370399 -354373
1558694372279 -292138
1558694374364 -358338
1558694377175 -296806
1558694377979 -297610
1558694380049 -364022
1558694380928 -300557
1558694382026 -365999
1558694383984 -312690
1558694386939 -315645
1558694387807 -287294
1558694389893 -318599
1558694391857 -320562
1558694397651 -296422
1558694397745 -326450
1558694398728 -327433
1558694400630 -299400
1558694402499 -331203
1558694404390 -303159
1558694407344 -306112
1558694407449 -336153
1558694408410 -337113
1558694411248 -284512
1558694415512 -344214
1558694419343 -348045
1558694420176 -293439
1558694422194 -350896
1558694424150 -352851
1558694425145 -353846
1558694425840 -299102
1558694436659 -283701
1558694439738 -346162
1558694443664 -350087
1558694444652 -351075
1558694448583 -355005
1558694449573 -355995
1558694449573 -355995
1558694450394 -356816
1558694452224 -299184
1558694454338 -360760
1558694454338 -360760
1558694456285 -362706
1558694465142 -371562
1558694467157 -373577
1558694470100 -376520
1558694482676 -346161
1558694486637 -350122
1558694486637 -350121
1558694487618 -351102
1558694489438 -285953
1558694490589 -354073
1558694491581 -355065
1558694491581 -355065
1558694493516 -356999
1558694493516 -356999
1558694496464 -359947
1558694496465 -359948
1558694499248 -362731
1558694504170 -367652
1558694505993 -302435
1558694509083 -372564
1558694510956 -279325
1558694517934 -331893
1558694517934 -331893
1558694518788 -287156
1558694524508 -292875
1558694524669 -338627
1558694524669 -338627
1558694525503 -293870
1558694526764 -340722
1558694529845 -343802
1558694532740 -346697
1558694533483 -301794
1558694533531 -301842
1558694539413 -353369
1558694540233 -308542
1558694545963 -298607
1558694547927 -300571
1558694548092 -362046
1558694550078 -364032
1558694551862 -304505
1558694552847 -283186
1558694553842 -284181
1558694556976 -370929
1558694557769 -288107
1558694562747 -293084
1558694562767 -293104
1558694564706 -295043
1558694566813 -335104
1558694567818 -336109
1558694568769 -337060
1558694569594 -337885
1558694571536 -339827
1558694573529 -341820
1558694578281 -283229
1558694578448 -346738
1558694581392 -349682
1558694585373 -353662
1558694587283 -355572
1558694591037 -295983
1558694592195 -360483
1558694594014 -362302
1558694594982 -363270
1558694595820 -300752
1558694596769 -301701
1558694597755 -302655
1558694598741 -303641
1558694598921 -367209
1558694598921 -367209
1558694599942 -368229
1558694599942 -368229
1558694606606 -291036
1558694608756 -317529
1558694611738 -320511
1558694612698 -321471
1558694618248 -302676
1558694618426 -327198
1558694619227 -303655
1558694621377 -330149
1558694622362 -331133
1558694623159 -307587
1558694624342 -333113
1558694625312 -334083
1558694626297 -335068
1558694630232 -339002
1558694631043 -295003
1558694633187 -341957
1558694633187 -341957
1558694636136 -344905
1558694638102 -346871
1558694639110 -347879
1558694640080 -348849
1558694640700 -280258
1558694641886 -350654
1558694645610 -285167
1558694646792 -355559
1558694648764 -357530
1558694650732 -308727
1558694655644 -313639
1558694659390 -298751
1558694663305 -302665
1558694663515 -321508
1558694664508 -322501
1558694665121 -304481
1558694666313 -324306
1558694667282 -325275
1558694672979 -290086
1558694674165 -332157
1558694675151 -333143
1558694680069 -338060
1558694681060 -339051
1558694681892 -298998
1558694682847 -299953
1558694684014 -342005
1558694684014 -342004
1558694685774 -302879
1558694685966 -343956
1558694703298 -294991
1558694706254 -297947
1558694707241 -274518
1558694710397 -323457
1558694713209 -326268
1558694713953 -281229
1558694714164 -327223
1558694714164 -327223
1558694714164 -327223
1558694716154 -329212
1558694719089 -332147
1558694725029 -292303
1558694731023 -344079
1558694732690 -299958
1558694738595 -351650
1558694739578 -352633
1558694740577 -353631
1558694741544 -354598
1558694745480 -358532
1558694745480 -358532
1558694780477 -282315
1558694782442 -284280
1558694790145 -291982
1558694792109 -293946
1558694796044 -297880
1558694796044 -297880
1558694798993 -300829
1558694803906 -289034
1558694808659 -293786
1558694809641 -294768
1558694816525 -301651
1558694821433 -287019
1558694826343 -291929
1558694830279 -295864
1558694830279 -295864
1558694834047 -299632
