1558693126238 -1129
1558693126317 -1208
1558693127171 -3677
1558693130846 -7351
1558693135911 -10802
1558693145252 -21753
1558693150969 -27143
1558693156763 -32937
1558693158724 -34898
1558693159034 -33924
1558693164767 -39657
1558693169649 -44538
1558693173106 -48454
1558693175898 -51246
1558693177822 -53170
1558693187319 -57246
1558693188304 -58231
1558693191252 -61179
1558693194182 -69530
1558693194859 -64786
1558693195698 -65625
1558693203324 -73250
1558693208173 -78099
1558693209146 -79072
1558693211089 -81015
1558693212223 -86262
1558693214157 -88196
1558693215119 -89158
1558693220655 -90581
1558693221623 -91549
1558693225517 -95443
1558693225768 -99807
1558693233287 -103205
1558693233287 -103205
1558693235234 -105152
1558693235250 -109287
1558693236204 -110241
1558693242959 -116996
1558693244892 -118929
1558693249650 -119567
1558693249724 -123761
1558693252562 -122479
1558693255477 -125394
1558693266995 -136912
1558693266995 -136912
1558693268929 -138845
1558693269837 -143873
1558693269900 -139816
1558693270807 -144843
1558693273688 -147723
1558693273792 -143708
1558693283542 -153458
1558693284223 -155636
1558693285292 -156705
1558693288113 -159526
1558693289341 -159257
1558693290169 -160085
1558693290185 -158535
1558693292166 -160516
1558693293139 -161489
1558693294987 -166399
1558693298956 -167306
1558693301713 -173125
1558693301919 -170236
1558693304819 -173136
1558693306780 -175097
1558693313626 -181943
1558693317080 -188491
1558693317081 -188492
1558693318350 -186666
1558693319997 -191408
1558693320297 -184909
1558693328129 -192741
1558693343642 -208253
1558693348011 -217864
1558693361191 -225802
1558693362014 -226625
1558693366302 -234470
1558693369818 -233278
1558693372130 -239597
1558693372131 -239598
1558693374077 -241544
1558693376692 -240152
1558693377798 -245265
1558693378628 -242088
1558693378774 -246241
1558693379759 -247226
1558693385568 -246240
1558693391176 -254635
1558693392151 -255610
1558693394106 -257565
1558693399176 -259846
1558693400145 -252035
1558693405917 -257806
1558693408790 -272249
1558693413525 -276984
1558693416450 -278824
1558693419405 -281779
1558693419446 -271334
1558693419446 -271334
1558693420386 -282760
1558693420431 -272319
1558693424152 -260679
1558693427033 -263560
1558693434855 -271380
1558693435923 -272448
1558693435923 -290368
1558693437786 -274311
1558693437786 -274311
1558693445615 -291305
1558693448221 -284744
1558693450162 -278086
1558693452445 -298134
1558693453429 -299118
1558693458904 -286827
1558693462788 -290710
1558693511811 -566
1558693512958 -37
1558693514371 -1450
1558693514733 -3488
1558693521228 -8306
1558693526413 -15167
1558693529333 -18087
1558693530295 -19049
1558693534028 -22781
1558693542783 -31536
1558693542783 -31536
1558693548607 -37359
1558693550402 -37477
1558693551495 -40247
1558693553429 -42181
1558693558211 -45286
1558693559089 -45513
1558693572688 -59111
1558693578587 -60283
1558693581265 -67688
1558693581516 -63212
1558693583472 -65168
1558693584182 -70604
1558693591953 -78375
1558693599719 -85352
1558693603860 -85170
1558693605387 -91020
1558693606358 -91991
1558693606791 -88101
1558693621304 -98584
1558693622290 -99569
1558693622290 -99569
1558693622878 -108510
1558693625787 -111419
1558693628134 -105413
1558693630479 -116111
1558693632430 -118062
1558693636315 -121947
1558693641651 -118929
1558693643179 -128811
1558693648937 -134568
1558693653637 -134820
1558693655373 -132587
1558693658112 -135326
1558693661041 -138254
1558693662038 -139251
1558693664317 -145500
1558693665939 -143152
1558693669873 -147086
1558693670173 -151356
1558693670834 -148047
1558693677764 -158947
1558693678792 -159975
1558693680770 -161953
1558693689437 -170620
1558693693189 -164170
1558693694183 -165164
1558693695256 -176439
1558693697074 -168055
1558693697185 -178368
1558693699932 -179526
1558693725033 -204625
1558693728026 -199004
1558693729035 -200013
1558693730957 -201935
1558693735874 -206852
1558693737879 -207183
1558693741719 -211023
1558693743496 -223087
1558693744660 -213964
1558693744660 -213964
1558693746404 -225995
1558693761787 -238981
1558693761787 -238981
1558693762110 -231412
1558693766993 -236295
1558693772870 -242172
1558693779538 -248839
1558693784436 -253737
1558693792721 -269914
1558693795233 -263479
1558693798464 -274937
1558693805788 -274033
1558693807171 -283644
1558693813642 -281887
1558693813665 -281910
1558693815002 -291475
1558693821651 -298124
1558693824216 -292461
1558693830268 -267290
1558693831244 -268266
1558693833147 -301392
1558693836916 -305161
1558693840841 -309085
1558693841768 -310012
1558693844679 -281699
1558693848478 -316328
1558693848602 -285621
1558693852419 -298041
1558693853458 -290428
1558693857303 -294272
1558693859224 -304845
1558693863201 -300169
1558693871727 -308693
1558693871780 -317399
1558693891312 -336929
1558693892927 -301942
1558693892934 -301949
1558693895834 -304849
1558693898977 -301394
1558693901757 -310771
1558693907262 -309677
1558693907947 -316960
1558693913846 -316260
1558693918003 -327014
1558693922875 -331886
1558693923864 -332874
1558693926229 -328642
1558693927157 -329570
1558693927713 -336723
1558693928183 -330596
1558693930627 -339636
1558693934005 -336417
1558693936294 -345302
1558693939926 -342336
1558693943618 -346027
1558693950480 -301948
1558693952830 -300975
1558693954757 -302902
1558693956361 -307828
1558693957332 -308799
1558693958317 -309783
1558693962406 -310510
1558693962406 -310510
1558693963205 -314671
1558693965945 -317411
1558693976931 -325033
1558693982578 -334042
1558693985505 -336968
1558693989247 -340709
1558693999027 -350486
1558693999126 -347220
1558694008796 -302118
1558694011589 -316272
1558694013537 -306858
1558694015466 -320148
1558694017447 -310768
1558694020344 -325026
1558694021368 -314688
1558694022261 -326942
1558694030855 -335535
1558694035049 -328367
1558694038794 -332112
1558694044703 -338020
1558694046637 -339953
1558694047588 -340904
1558694056384 -349696
1558694067952 -305841
1558694071920 -309808
1558694072885 -310773
1558694073453 -326010
1558694078112 -330669
1558694081675 -319562
1558694085402 -323289
1558694091255 -329141
1558694091256 -329142
1558694091722 -344277
1558694094191 -332077
1558694095169 -333054
1558694098102 -335987
1558694099507 -352059
1558694101301 -353852
1558694102261 -354812
1558694105170 -290260
1558694109411 -294500
1558694114643 -352525
1558694114693 -352575
1558694116533 -354414
1558694120436 -358316
1558694124346 -309720
1558694129231 -314605
1558694129291 -314075
1558694130207 -315581
1558694131186 -316560
1558694136090 -320872
1558694136889 -322261
1558694136889 -322261
1558694137062 -321844
1558694138031 -322813
1558694142890 -327671
1558694145684 -331055
1558694145686 -331057
1558694150506 -335284
1558694158382 -343157
1558694162165 -346939
1558694163174 -347947
1558694173668 -296125
1558694176820 -311710
1558694179594 -314484
1558694179594 -314484
1558694184340 -306796
1558694185460 -320349
1558694186436 -321325
1558694189418 -324307
1558694194260 -329148
1558694198240 -333127
1558694210415 -332793
1558694211383 -333761
1558694216398 -338775
1558694219381 -341758
1558694219991 -354872
1558694222818 -357698
1558694229144 -308741
1558694231610 -353984
1558694231610 -353984
1558694237069 -316665
1558694242422 -316465
1558694242899 -322494
1558694242899 -322494
1558694244148 -318190
1558694249776 -329370
1558694255721 -329762
1558694255721 -329762
1558694258335 -337928
1558694266519 -340558
1558694267318 -341357
1558694268302 -342341
1558694275111 -349149
1558694282920 -356955
1558694286698 -309956
1558694293507 -311597
1558694295555 -318812
1558694302310 -320396
1558694306244 -329499
1558694307204 -330459
1558694318019 -341273
1558694318758 -336838
1558694323634 -341712
1558694325590 -343667
1558694325731 -348983
1558694325749 -349001
1558694328683 -351934
1558694333418 -351492
1558694334394 -352468
1558694335551 -302468
1558694353098 -320012
1558694353098 -320012
1558694354758 -316588
1558694366321 -328150
1558694369249 -331077
1558694377071 -338898
1558694382931 -344756
1558694383909 -345734
1558694386401 -353308
1558694393283 -301046
1558694395075 -302838
1558694396108 -303871
1558694396108 -303871
1558694399383 -309518
1558694401954 -309716
1558694402944 -310706
1558694403289 -313423
1558694403290 -313424
1558694404949 -312711
1558694408858 -316619
1558694411919 -322052
1558694416023 -326155
1558694418871 -329002
1558694419605 -327365
1558694421701 -331832
1558694431306 -339064
1558694431480 -341609
1558694432294 -340052
1558694432300 -340057
1558694433257 -343385
1558694435247 -343004
1558694436232 -343988
1558694438220 -345976
1558694441074 -351199
1558694445906 -353659
1558694446892 -354644
1558694448903 -312696
1558694453788 -317580
1558694457713 -322581
1558694459679 -324547
1558694460462 -324253
1558694460462 -324253
1558694467346 -331137
1558694469255 -333045
1558694470358 -335224
1558694471321 -336187
1558694472307 -337173
1558694475256 -340121
1558694478192 -341981
1558694478198 -343063
1558694480007 -343796
1558694481152 -346017
1558694483120 -347984
1558694487067 -351931
1558694487067 -351931
1558694490634 -354418
1558694495759 -315834
1558694503305 -325672
1558694505594 -325668
1558694510567 -330640
1558694512492 -332565
1558694512935 -335300
1558694514871 -337236
1558694516249 -336321
1558694520184 -340256
1558694521174 -341246
1558694523139 -343210
1558694527788 -350151
1558694529242 -349313
1558694529242 -349313
1558694530260 -350330
1558694541664 -306650
1558694545979 -313393
1558694549561 -314544
1558694549561 -314544
1558694553643 -321055
1558694554628 -322040
1558694558520 -325931
1558694568299 -335707
1558694570271 -337679
1558694571228 -338636
1558694578891 -343863
1558694585723 -353123
1558694586599 -351568
1558694586703 -354103
1558694587596 -352565
1558694587596 -352565
1558694589630 -309464
1558694596444 -305770
1558694597432 -306758
1558694601191 -321024
1558694608242 -317567
1558694608245 -317570
1558694610970 -330801
1558694613984 -323308
1558694620732 -340518
1558694620874 -330197
1558694630704 -340026
1558694635231 -303752
1558694636441 -345761
1558694639410 -348730
1558694642345 -351664
1558694644023 -312542
1558694644023 -312542
1558694645981 -314500
1558694648246 -357563
1558694648247 -357564
1558694648762 -317281
1558694650713 -319232
1558694651199 -303961
1558694652187 -304949
1558694653658 -322176
1558694653658 -322176
1558694661857 -314618
1558694663834 -316595
1558694669288 -337804
1558694672682 -325442
1558694676621 -329380
1558694677606 -330365
1558694682837 -351349
1558694688668 -357178
1558694690622 -359131
1558694691625 -312596
1558694702185 -323155
1558694703029 -355782
1558694704013 -356765
1558694704999 -357751
1558694707775 -308610
1558694710974 -331943
1558694718604 -319438
1558694721677 -322510
1558694727684 -348651
1558694732388 -353354
1558694733341 -354306
1558694734281 -355246
1558694737211 -358175
1558694745849 -320195
1558694745974 -346803
1558694747948 -348776
1558694751707 -326052
1558694754664 -355489
1558694759582 -307737
1558694759582 -307737
1558694763520 -311674
1558694768159 -342501
1558694769422 -317575
1558694770407 -318560
1558694775331 -323483
1558694777921 -352261
1558694782053 -330205
1558694782808 -357147
1558694786716 -361053
1558694795828 -343977
1558694799762 -347910
1558694807467 -355612
1558694807467 -355612
