1558693133683 -45
1558693137276 -3638
1558693138931 -6728
1558693144109 -10471
1558693147631 -15428
1558693150564 -18361
1558693152530 -20327
1558693153825 -20187
1558693154794 -21156
1558693154816 -21178
1558693163338 -29700
1558693165292 -31653
1558693172937 -40734
1558693178755 -46348
1558693179571 -47164
1558693179581 -47174
1558693185587 -48605
1558693188808 -51826
1558693191712 -54730
1558693194362 -57380
1558693195329 -62921
1558693196301 -59319
1558693200080 -63097
1558693203899 -71491
1558693207794 -75386
1558693211611 -74612
1558693213668 -81260
1558693213668 -81260
1558693214518 -77518
1558693218512 -86103
1558693219364 -81053
1558693220479 -88070
1558693221453 -89044
1558693222297 -83986
1558693224372 -91963
1558693227192 -88881
1558693229120 -96711
1558693229986 -91675
1558693232083 -97193
1558693233871 -95559
1558693237791 -99479
1558693241688 -103376
1558693241828 -106937
1558693242807 -107916
1558693248528 -110215
1558693252432 -117541
1558693253271 -114958
1558693254393 -119501
1558693255228 -116915
1558693256335 -121443
1558693257328 -122436
1558693261223 -126331
1558693262068 -123754
1558693264180 -129288
1558693265145 -130253
1558693269056 -134100
1558693270877 -131879
1558693271994 -137038
1558693275592 -136594
1558693276751 -141795
1558693281511 -142511
1558693287584 -152628
1558693298917 -159916
1558693301006 -166050
1558693305885 -170929
1558693306902 -171946
1558693310804 -175848
1558693311625 -172623
1558693311625 -172623
1558693311766 -176810
1558693312595 -173593
1558693315582 -176037
1558693318464 -178919
1558693325140 -185595
1558693325149 -185604
1558693331188 -194116
1558693336999 -199927
1558693344828 -207736
1558693345691 -206144
1558693349477 -209930
1558693352364 -212817
1558693353494 -216401
1558693357239 -217691
1558693359355 -222262
1558693361149 -221073
1558693364215 -227122
1558693368123 -231030
1558693372858 -235765
1558693372861 -235768
1558693375670 -235594
1558693376793 -239700
1558693377752 -240659
1558693379721 -242628
1558693379721 -242628
1558693386405 -246319
1558693388493 -251399
1558693395198 -257819
1558693396040 -255954
1558693401053 -263674
1558693409751 -269665
1558693410846 -269989
1558693412670 -272584
1558693417510 -276653
1558693417510 -276653
1558693420489 -279631
1558693424284 -284197
1558693431071 -290984
1558693433253 -293166
1558693441703 -294689
1558693444587 -297572
1558693445559 -298544
1558693445695 -279548
1558693448624 -282477
1558693452406 -305390
1558693454361 -307345
1558693454497 -288349
1558693462184 -302593
1558693465115 -305523
1558693468862 -309270
1558693474732 -315139
1558693474732 -315139
1558693521128 -11302
1558693525041 -15215
1558693525920 -3518
1558693527002 -17176
1558693529936 -20110
1558693529936 -20110
1558693530905 -21079
1558693530905 -21079
1558693540563 -30737
1558693544450 -34624
1558693545417 -35591
1558693546288 -23886
1558693551281 -41455
1558693552152 -29750
1558693552254 -42425
1558693553130 -30728
1558693555188 -45359
1558693557954 -48124
1558693559916 -50086
1558693561880 -52050
1558693562917 -40514
1558693569684 -59854
1558693574576 -64746
1558693575456 -52683
1558693581320 -58547
1558693587270 -64497
1558693587270 -64497
1558693588209 -65436
1558693588209 -65436
1558693596816 -74007
1558693596816 -74007
1558693596816 -74007
1558693597776 -74967
1558693599853 -88661
1558693602774 -91582
1558693604602 -93410
1558693608479 -97287
1558693609481 -98289
1558693610440 -99248
1558693615406 -92595
1558693616379 -93568
1558693620223 -109030
1558693630869 -108057
1558693634719 -123524
1558693637650 -126454
1558693639666 -116854
1558693640472 -117660
1558693641451 -118639
1558693641562 -130366
1558693648415 -133886
1558693652153 -137624
1558693654164 -124948
1558693655086 -140557
1558693655155 -125939
1558693662907 -148377
1558693665730 -136513
1558693667800 -153270
1558693672578 -143360
1558693672754 -158224
1558693689040 -159820
1558693690016 -160796
1558693695883 -166663
1558693696021 -178764
1558693702741 -173467
1558693710521 -193264
1558693711488 -194231
1558693718216 -188942
1558693720280 -203023
1558693725992 -208734
1558693729005 -199730
1558693732884 -203609
1558693736662 -207387
1558693737648 -208373
1558693738612 -209337
1558693738621 -209346
1558693739677 -222417
1558693745439 -216164
1558693745563 -228303
1558693754239 -222485
1558693755155 -237895
1558693757116 -239856
1558693761026 -243766
1558693763995 -246735
1558693766898 -249638
1558693772609 -255348
1558693773687 -241933
1558693783386 -258669
1558693783386 -258669
1558693785346 -260629
1558693794135 -269418
1558693795967 -271250
1558693799969 -275251
1558693799999 -268244
1558693800883 -276165
1558693802831 -278113
1558693802901 -271146
1558693803888 -272133
1558693806708 -281990
1558693807756 -283038
1558693807756 -283038
1558693809566 -277736
1558693811638 -286920
1558693815519 -290800
1558693825150 -292348
1558693825190 -293360
1558693835735 -282561
1558693837693 -284519
1558693837803 -305000
1558693840744 -307940
1558693840758 -307954
1558693842500 -292193
1558693845475 -295167
1558693848470 -295295
1558693850404 -297229
1558693861093 -310783
1558693865914 -312737
1558693867817 -306869
1558693867891 -296125
1558693868887 -307939
1558693869823 -308875
1558693870773 -309825
1558693873653 -312704
1558693875674 -303906
1558693880514 -282631
1558693881407 -309639
1558693884304 -312535
1558693884405 -286521
1558693884414 -286530
1558693887234 -294173
1558693887338 -289454
1558693890088 -292203
1558693902871 -309808
1558693904939 -311876
1558693906964 -313901
1558693909014 -311127
1558693914555 -307510
1558693916412 -309367
1558693918298 -295113
1558693921245 -298060
1558693923256 -316210
1558693926033 -318986
1558693927976 -301966
1558693930915 -304905
1558693931035 -307849
1558693932978 -309791
1558693937694 -314507
1558693943547 -280640
1558693944592 -318580
1558693945566 -319554
1558693949482 -300213
1558693960158 -297249
1558693964971 -315699
1558693970823 -321473
1558693972734 -309823
1558693974596 -325245
1558693976628 -313717
1558693982410 -318453
1558693985257 -279638
1558693987205 -281585
1558693991195 -327237
1558693992172 -328214
1558693994128 -330169
1558693999945 -294317
1558694001884 -296255
1558694003751 -315487
1558694008560 -302929
1558694008560 -302929
1558694010607 -322342
1558694012497 -306863
1558694014513 -326247
1558694016462 -328196
1558694021275 -315637
1558694025220 -293328
1558694034813 -302920
1558694036755 -304861
1558694036834 -318619
1558694039785 -321569
1558694040680 -308786
1558694041751 -323535
1558694043692 -325476
1558694050480 -289458
1558694052399 -291377
1558694056231 -311752
1558694059083 -298060
1558694077581 -333099
1558694086298 -291365
1558694090288 -329965
1558694093059 -306856
1558694093061 -306858
1558694096084 -301150
1558694096971 -310767
1558694096974 -310770
1558694098931 -312727
1558694099991 -305057
1558694099991 -305057
1558694100980 -306046
1558694107775 -312840
1558694111019 -324813
1558694112033 -325827
1558694112756 -287628
1558694112843 -287715
1558694116479 -291351
1558694118431 -293302
1558694122334 -297205
1558694124274 -299144
1558694125252 -300122
1558694132996 -330030
1558694133970 -304926
1558694138783 -313651
1558694139768 -289392
1558694147588 -297211
1558694150524 -300147
1558694159186 -308808
1558694160233 -330592
1558694161124 -310746
1558694162088 -311710
1558694166981 -291345
1558694169819 -314649
1558694170896 -295259
1558694180604 -325432
1558694184494 -329322
1558694191237 -336064
1558694198197 -296288
1558694199008 -297099
1558694200084 -314770
1558694205858 -303949
1558694208757 -306847
1558694217815 -285833
1558694219855 -321741
1558694220702 -322588
1558694225284 -293301
1558694227256 -329141
1558694236898 -338782
1558694238856 -319429
1558694244722 -325295
1558694245799 -326371
1558694247741 -286760
1558694253457 -334029
1558694254417 -334988
1558694254417 -293435
1558694258340 -297357
1558694259128 -314513
1558694262122 -317507
1558694264022 -319407
1558694273860 -329243
1558694276868 -315883
1558694284426 -317467
1558694284430 -317471
1558694286396 -319437
1558694302127 -335166
1558694307208 -299449
1558694311144 -303384
1558694314751 -322258
1558694316746 -324253
1558694318031 -310270
1558694322623 -330129
1558694323607 -331113
1558694326739 -294663
1558694332610 -300533
1558694333593 -301516
1558694339495 -307417
1558694346086 -323878
1558694347208 -315129
1558694349058 -326850
1558694354088 -301618
1558694354772 -332563
1558694355071 -302601
1558694359013 -306543
1558694361684 -313238
1558694363615 -315169
1558694365898 -313427
1558694374620 -297889
1558694383125 -334677
1558694390012 -341562
1558694390996 -342546
1558694393140 -316407
1558694400872 -326190
1558694400872 -326190
1558694400872 -326190
1558694402967 -296273
1558694404655 -329972
1558694406911 -300216
1558694413492 -312041
1558694413797 -307100
1558694419479 -318027
1558694420559 -313861
1558694426246 -324793
1558694432975 -331521
1558694436251 -299420
1558694440016 -303185
1558694445761 -324470
1558694458380 -337087
1558694462315 -341022
1558694465440 -298458
1558694467459 -300477
1558694474278 -307295
1558694496747 -299593
1558694497612 -319925
1558694502331 -324642
1558694505602 -308447
1558694506590 -309435
1558694507278 -329587
1558694511285 -333592
1558694514141 -336447
1558694515300 -291954
1558694524804 -319830
1558694525845 -320871
1558694526874 -321900
1558694528273 -304926
1558694534802 -329826
1558694536754 -313406
1558694538720 -315371
1558694540533 -310359
1558694550232 -320057
1558694552191 -322015
1558694558105 -327928
1558694563071 -332894
1558694574952 -291199
1558694578595 -322997
1558694584508 -328909
1558694584640 -300885
1558694591364 -309686
1558694592349 -310671
1558694592506 -308750
1558694595144 -313465
1558694601366 -288259
1558694603996 -322316
1558694607094 -293987
1558694609898 -328217
1558694610879 -329198
1558694611878 -330197
1558694621851 -308742
1558694628425 -318550
1558694629407 -319532
1558694634325 -324449
1558694642047 -332170
1558694646271 -302999
1558694655811 -324959
1558694658761 -327909
1558694661852 -293124
1558694663833 -295104
1558694664810 -296081
1558694665646 -317499
1558694666475 -318327
1558694671389 -323241
1558694671689 -302958
1558694674640 -305909
1558694676305 -328156
1558694676305 -328156
1558694677437 -308705
1558694678459 -309727
1558694680242 -332093
1558694682424 -313691
1558694687133 -313635
1558694688111 -314613
1558694690902 -317403
1558694698773 -325273
1558694707759 -312654
1558694711691 -316585
1558694727501 -312614
1558694729265 -328783
1558694738777 -313471
1558694738779 -313473
1558694740057 -292173
1558694740057 -292173
1558694744976 -297091
1558694746951 -299065
1558694748618 -323310
1558694750589 -325281
1558694757469 -332160
1558694764196 -338886
1558694768148 -319334
1558694773172 -299823
1558694779942 -331127
1558694780928 -332113
1558694780928 -332113
1558694781913 -333098
1558694783882 -335066
1558694784861 -336045
1558694786945 -313594
1558694790600 -321384
1558694790600 -321384
1558694792848 -319496
1558694796499 -327282
1558694797484 -328267
1558694799449 -330232
1558694799571 -295933
1558694803507 -299869
1558694804366 -335148
1558694804367 -335149
1558694811372 -307733
1558694816292 -312652
