1558693137145 -6066
1558693140411 -9787
1558693146236 -15612
1558693146816 -15736
1558693151032 -20408
1558693153787 -23162
1558693156323 -25243
1558693157368 -26288
1558693166417 -35792
1558693167378 -36753
1558693171276 -40651
1558693172918 -41837
1558693177690 -46519
1558693179850 -49185
1558693185308 -54137
1558693187779 -57114
1558693189408 -58237
1558693193349 -62178
1558693196204 -65033
1558693198377 -67710
1558693199903 -68731
1558693199903 -68731
1558693200862 -69492
1558693206894 -76226
1558693207844 -77176
1558693213334 -81963
1558693216244 -84873
1558693219479 -88811
1558693219479 -88811
1558693222391 -91723
1558693229684 -98313
1558693234566 -103195
1558693234883 -104215
1558693236804 -106136
1558693248364 -114771
1558693253250 -119657
1558693261062 -127469
1558693261686 -123909
1558693263017 -129424
1558693268520 -130743
1558693268520 -130723
1558693268880 -135287
1558693270477 -132680
1558693276556 -142963
1558693279485 -145892
1558693282107 -144308
1558693284030 -146231
1558693284373 -150043
1558693288889 -151090
1558693291863 -154064
1558693292857 -155058
1558693299478 -161679
1558693301435 -163636
1558693303391 -165592
1558693314508 -178395
1558693318046 -180247
1558693321187 -185074
1558693325714 -187915
1558693326074 -189960
1558693327056 -190942
1558693328018 -191904
1558693329037 -192923
1558693331592 -193645
1558693334525 -196578
1558693336822 -200291
1558693340822 -204291
1558693345483 -208952
1558693349404 -212873
1558693351973 -214026
1558693356853 -218905
1558693361101 -224569
1558693366948 -230416
1558693372667 -236135
1558693377202 -239252
1558693378164 -240211
1558693381113 -241849
1558693386327 -249795
1558693396605 -257340
1558693397570 -258305
1558693401498 -262233
1558693407727 -270221
1558693409289 -270006
1558693409669 -272163
1558693413193 -273910
1558693414522 -277016
1558693415145 -275862
1558693416965 -277682
1558693417950 -278667
1558693418281 -277641
1558693426730 -287447
1558693430988 -280852
1558693432586 -293303
1558693441579 -277839
1558693448062 -308778
1558693451334 -287592
1558693458808 -319524
1558693459789 -320505
1558693465492 -326208
1558693474287 -333966
1558693480151 -339829
1558693482108 -310905
1558693488787 -317583
1558693489766 -318562
1558693490741 -319537
1558693490742 -319538
1558693499540 -328335
1558693509974 -335680
1558693510366 -339158
1558693511100 -339891
1558693520878 -349666
1558693524200 -14284
1558693524810 -353596
1558693526145 -16229
1558693528703 -357488
1558693530063 -20147
1558693531032 -21116
1558693534101 -19698
1558693534101 -19698
1558693540947 -26544
1558693541963 -27560
1558693552369 -42451
1558693554609 -40206
1558693557393 -42990
1558693559021 -48591
1558693567155 -52752
1558693572704 -62273
1558693573023 -58620
1558693576933 -62528
1558693582662 -68257
1558693585633 -71228
1558693587639 -73234
1558693589230 -78797
1558693590162 -79729
1558693622254 -107290
1558693633784 -118819
1558693638035 -123540
1558693641944 -127449
1558693643550 -126988
1558693644888 -130393
1558693644888 -130392
1558693645862 -131366
1558693647816 -133320
1558693649430 -132867
1558693652181 -135618
1558693654139 -137576
1558693659025 -142462
1558693660364 -145868
1558693662318 -147822
1558693665879 -149315
1558693676454 -159889
1558693677441 -160876
1558693678828 -164331
1558693681402 -164837
1558693688549 -174052
1558693693089 -168317
1558693708559 -183786
1558693714427 -189654
1558693715418 -190645
1558693716386 -191612
1558693718674 -191029
1558693722437 -194792
1558693722437 -194792
1558693722437 -194792
1558693725980 -201206
1558693727324 -199679
1558693727329 -199684
1558693729918 -205144
1558693732818 -208043
1558693737145 -209497
1558693737145 -209497
1558693738127 -210479
1558693745922 -218274
1558693753180 -227043
1558693759397 -231749
1558693760374 -232726
1558693762961 -236823
1558693765370 -237722
1558693768194 -240546
1558693768194 -240546
1558693774918 -247270
1558693774935 -247287
1558693775518 -249380
1558693778446 -252308
1558693782354 -256216
1558693783698 -253312
1558693794326 -263940
1558693794939 -268800
1558693797250 -266864
1558693797852 -271713
1558693806670 -270902
1558693812890 -282503
1558693818219 -269735
1558693824058 -275573
1558693827938 -279452
1558693834801 -286315
1558693835168 -304781
1558693838092 -307705
1558693843795 -310975
1558693851640 -314424
1558693856116 -285331
1558693859051 -288266
1558693860397 -323179
1558693862993 -292208
1558693866714 -295928
1558693875494 -290206
1558693875907 -338687
1558693882344 -297055
1558693885645 -348423
1558693885645 -348423
1558693887602 -350380
1558693895864 -294936
1558693898188 -332622
1558693903868 -302939
1558693907169 -306239
1558693907844 -306914
1558693911281 -345712
1558693911798 -310868
1558693915686 -350117
1558693921089 -280481
1558693926422 -360851
1558693926955 -286346
1558693929333 -363761
1558693930298 -364725
1558693940895 -288347
1558693945785 -293236
1558693947723 -295174
1558693949679 -297129
1558693950666 -298116
1558693953188 -312576
1558693955148 -289283
1558693955564 -303014
1558693956132 -290267
1558693957505 -304954
1558693962217 -309666
1558693973950 -321397
1558693983349 -287341
1558693990026 -294018
1558693991985 -295976
1558693998822 -302812
1558693999212 -346650
1558694001184 -348621
1558694004669 -308659
1558694009782 -309673
1558694013314 -287337
1558694016627 -316517
1558694021527 -321417
1558694025051 -299072
1558694035052 -334940
1558694037963 -337851
1558694039542 -313562
1558694043850 -343737
1558694046767 -346654
1558694048328 -292215
1558694056957 -300843
1558694060287 -360169
1558694061839 -305724
1558694063230 -332915
1558694063794 -307679
1558694066160 -335844
1558694076518 -291246
1558694077889 -347571
1558694080671 -350353
1558694088485 -358166
1558694091407 -361087
1558694092956 -307682
1558694093361 -363041
1558694099793 -314518
1558694103995 -373671
1558694109069 -314751
1558694118201 -311535
1558694120153 -313487
1558694121130 -314464
1558694123519 -329199
1558694126434 -332114
1558694131722 -298865
1558694137998 -343676
1558694138978 -344656
1558694139538 -306680
1558694140515 -307657
1558694145819 -351496
1558694146388 -313529
1558694146797 -352473
1558694148782 -354458
1558694148782 -354458
1558694151133 -292092
1558694151533 -357208
1558694154757 -313707
1558694156669 -315619
1558694165214 -324163
1558694166190 -325139
1558694175808 -334756
1558694176356 -288166
1558694181246 -293055
1558694182212 -294021
1558694183624 -342569
1558694184600 -343545
1558694185576 -344520
1558694193401 -352343
1558694197018 -308825
1558694203127 -332115
1558694204112 -333100
1558694210830 -339817
1558694219763 -302576
1558694221502 -304315
1558694221502 -304315
1558694223211 -306023
1558694225947 -308759
1558694229260 -358245
1558694232173 -361157
1558694232717 -315528
1558694234134 -363118
1558694234752 -317563
1558694237721 -290383
1558694239101 -368084
1558694240089 -369072
1558694242640 -295301
1558694243033 -323478
1558694243660 -296321
1558694258124 -310783
1558694259382 -339825
1558694260090 -312749
1558694265042 -317700
1558694268247 -348689
1558694269011 -291547
1558694274721 -297256
1558694274721 -297256
1558694276656 -299191
1558694279632 -302166
1558694279759 -360199
1558694283518 -306052
1558694283661 -364101
1558694284639 -365079
1558694286468 -309001
1558694287452 -309985
1558694293276 -316401
1558694296223 -319348
1558694297186 -320311
1558694297187 -320312
1558694299096 -301228
1558694299156 -322280
1558694302103 -325227
1558694303013 -305144
1558694303084 -326208
1558694304070 -327194
1558694305052 -328176
1558694308989 -332112
1558694321621 -344743
1558694322540 -294580
1558694323510 -295550
1558694323587 -346708
1558694328508 -351628
1558694336322 -308360
1558694349012 -347795
1558694352852 -294921
1558694357842 -356624
1558694364743 -363524
1558694368455 -310521
1558694368455 -310521
1558694369498 -368278
1558694370510 -369290
1558694371402 -313468
1558694387110 -299037
1558694389902 -301829
1558694396846 -335459
1558694403650 -315575
1558694404672 -316597
1558694408664 -347269
1558694409659 -348264
1558694411534 -297192
1558694413442 -352046
1558694413452 -352056
1558694418402 -304059
1558694420379 -358983
1558694421282 -359886
1558694425228 -333729
1558694428071 -313727
1558694430040 -315696
1558694433967 -293452
1558694441694 -301176
1558694441782 -350280
1558694443730 -352228
1558694445606 -305086
1558694446677 -355175
1558694448642 -357139
1558694451504 -310982
1558694455440 -314916
1558694456420 -315896
1558694463158 -291529
1558694467137 -295508
1558694467223 -320390
1558694472969 -301339
1558694474936 -303306
1558694478975 -332140
1558694479963 -333128
1558694480844 -309213
1558694481936 -335101
1558694493557 -346720
1558694497527 -350689
1558694500365 -304404
1558694510207 -312829
1558694514951 -289058
1558694515080 -317702
1558694521815 -295921
1558694522893 -325513
1558694528963 -331583
1558694529069 -331689
1558694535439 -309543
1558694544270 -292966
1558694544367 -346985
1558694546331 -348949
1558694548190 -296885
1558694548295 -350912
1558694555209 -357824
1558694559964 -333631
1558694560863 -309556
1558694561008 -334675
1558694561862 -310555
1558694570799 -344464
1558694576544 -294979
1558694577548 -295983
1558694578546 -296980
1558694578648 -352312
1558694584310 -302744
1558694586220 -304653
1558694587195 -305628
1558694588297 -361960
1558694593216 -366878
1558694596076 -314508
1558694597025 -289089
1558694608783 -331936
1558694614597 -306659
1558694614597 -306659
1558694615571 -307633
1558694616527 -308589
1558694616527 -308589
1558694616652 -339804
1558694619479 -311540
1558694620582 -343733
1558694623417 -315478
1558694623417 -298850
1558694625498 -348649
1558694628342 -303774
1558694631246 -354396
1558694636039 -311470
1558694640095 -363244
1558694641941 -294994
1558694642067 -365215
1558694642922 -295974
1558694653602 -306653
1558694655669 -327996
1558694659472 -312522
1558694660583 -332870
1558694662554 -334841
1558694663408 -316457
1558694664534 -336821
1558694665381 -293962
1558694668322 -296902
1558694670347 -298927
1558694670450 -342737
1558694675339 -347626
1558694678050 -306629
1558694680085 -352372
1558694680938 -309517
1558694681964 -310543
1558694684882 -313460
1558694684996 -357282
1558694687950 -337838
1558694696821 -346707
1558694697680 -305783
1558694701437 -309540
1558694712251 -301671
1558694714218 -303638
1558694714218 -303638
1558694718156 -307575
1558694718156 -307575
1558694720257 -370141
1558694727054 -316472
1558694728255 -378138
1558694739748 -326285
1558694743676 -330212
1558694744657 -331193
1558694749302 -308603
1558694751260 -310561
1558694754208 -313508
1558694759123 -294988
1558694760105 -295970
1558694774694 -310557
1558694778628 -314491
1558694783544 -296925
1558694783545 -296926
1558694794355 -307734
1558694801077 -314455
1558694801079 -314457
1558694802061 -315439
1558694806979 -290092
