1558693139641 -7923
1558693142579 -10861
1558693151323 -19605
1558693155916 -24198
1558693157952 -26234
1558693172553 -40834
1558693173565 -35792
1558693174508 -36735
1558693184000 -46227
1558693202415 -64641
1558693210237 -72463
1558693211218 -73444
1558693212195 -74421
1558693232578 -94609
1558693233557 -95588
1558693255870 -116619
1558693257885 -118634
1558693259785 -120534
1558693261737 -122486
1558693264671 -125420
1558693268586 -129334
1558693288020 -148767
1558693290942 -151588
1558693290953 -151599
1558693291927 -152573
1558693293906 -154552
1558693298562 -159208
1558693300513 -161159
1558693300514 -161160
1558693304424 -165069
1558693322853 -183497
1558693324808 -185452
1558693325780 -186424
1558693332639 -193282
1558693346165 -205910
1558693350144 -209888
1558693363761 -223505
1558693368666 -228410
1558693371416 -231160
1558693377290 -237034
1558693382163 -241815
1558693383145 -242797
1558693386085 -245737
1558693388033 -247685
1558693390010 -249661
1558693390973 -250624
1558693393739 -253390
1558693396680 -256331
1558693400582 -260233
1558693402548 -262199
1558693415246 -265971
1558693418041 -268766
1558693418050 -268774
1558693429744 -267918
1558693436704 -274877
1558693438617 -276790
1558693444255 -282427
1558693448179 -286350
1558693454042 -281451
1558693455006 -282414
1558693457942 -285350
1558693522161 -6509
1558693527090 -11438
1558693532999 -17347
1558693541568 -25916
1558693555249 -39596
1558693558172 -42519
1558693571709 -45105
1558693574635 -48031
1558693577572 -50968
1558693579522 -52918
1558693583430 -56826
1558693589161 -62539
1558693601862 -75239
1558693611480 -83203
1558693626175 -97897
1558693627124 -98846
1558693631016 -102738
1558693639661 -111148
1558693639661 -111148
1558693649440 -120925
1558693651396 -122881
1558693652372 -123857
1558693655308 -126793
1558693661999 -133483
1558693662959 -134443
1558693663939 -135423
1558693664932 -136416
1558693665894 -137378
1558693667844 -139328
1558693674698 -146182
1558693676655 -148139
1558693679717 -151201
1558693692146 -161906
1558693693128 -162888
1558693702885 -172644
1558693713501 -183260
1558693716415 -186173
1558693726188 -195946
1558693727176 -196934
1558693744606 -213968
1558693757156 -226517
1558693768898 -238259
1558693770828 -240189
1558693776572 -245933
1558693776584 -245945
1558693778516 -247877
1558693792205 -242837
1558693799171 -249802
1558693807815 -258445
1558693814615 -265244
1558693833967 -269097
1558693849403 -284433
1558693871731 -287310
1558693878602 -280670
1558693892239 -294037
1558693900946 -289307
1558693906274 -294634
1558693910040 -285822
1558693915602 -291383
1558693935920 -298213
1558693950446 -290422
1558693951416 -291392
1558693953364 -293340
1558693954335 -294310
1558693959249 -299216
1558693962162 -302129
1558693966884 -306850
1558693975705 -297077
1558693977665 -299037
1558693977673 -299044
1558693984487 -274921
1558693986447 -276881
1558694000965 -291397
1558694003873 -294305
1558694004849 -295280
1558694017409 -278670
1558694040708 -301966
1558694041713 -276731
1558694043668 -278685
1558694049507 -284523
1558694051457 -286473
1558694054412 -289428
1558694064985 -299862
1558694065964 -300841
1558694076760 -292354
1558694082614 -277874
1558694095130 -290388
1558694106920 -302147
1558694108999 -304226
1558694116499 -287487
1558694137823 -291161
1558694137823 -291161
1558694142716 -296053
1558694147608 -279633
1558694155629 -287653
1558694161144 -293167
1558694165045 -297067
1558694171903 -303843
1558694176780 -289400
1558694177764 -290384
1558694184441 -297060
1558694195206 -307823
1558694208786 -292263
1558694213623 -297099
1558694215748 -299224
1558694257395 -288554
1558694278812 -284716
1558694279803 -285706
1558694304227 -287803
1558694304229 -287805
1558694305208 -288784
1558694325716 -293625
1558694335537 -279192
1558694337510 -281165
1558694342421 -286075
1558694370791 -289174
1558694371779 -290161
1558694375560 -293942
1558694389330 -295131
1558694393283 -299084
1558694408851 -295203
1558694410808 -297160
1558694413775 -300127
1558694414835 -301186
1558694434259 -296392
1558694443118 -305250
1558694464607 -302381
1558694473291 -285912
1558694483110 -295729
1558694489025 -276390
1558694494755 -282119
1558694502625 -289988
1558694508532 -295894
1558694510544 -297906
1558694521151 -283243
1558694521154 -283246
1558694526126 -288218
1558694529282 -291373
1558694537875 -284433
1558694539688 -286246
1558694569062 -296723
1558694574934 -302594
1558694581856 -286325
1558694584769 -289238
1558694593463 -297931
1558694602338 -282380
1558694606249 -286288
1558694611173 -291211
1558694611173 -291211
1558694614957 -294994
1558694615932 -295969
1558694642326 -295911
1558694659867 -288090
1558694667741 -295963
1558694669703 -297925
1558694679550 -281530
1558694680534 -282514
1558694681520 -283500
1558694685283 -287262
1558694695193 -296998
1558694701027 -302831
1558694704960 -290150
1558694744970 -282336
1558694746949 -284315
1558694780058 -294979
1558694789892 -285305
1558694806450 -301860
1558694815301 -288216
