1558693143046 -19918
1558693144975 -21847
1558693147486 -22358
1558693148421 -23293
1558693153212 -28083
1558693155094 -29965
1558693156482 -33354
1558693160048 -34919
1558693162872 -37743
1558693168667 -43538
1558693169677 -44546
1558693170834 -47705
1558693173480 -43707
1558693173780 -50650
1558693175667 -51459
1558693180233 -50460
1558693181186 -51413
1558693181201 -51428
1558693184165 -59956
1558693184165 -59956
1558693191150 -61376
1558693193100 -68891
1558693194844 -65070
1558693198721 -74512
1558693198743 -74534
1558693206299 -76525
1558693224565 -100143
1558693225546 -101124
1558693227468 -103046
1558693235391 -103589
1558693236346 -104544
1558693236954 -112532
1558693242748 -118326
1558693243715 -119292
1558693244673 -120250
1558693246604 -122181
1558693246950 -115146
1558693250464 -123889
1558693254196 -127621
1558693255164 -128589
1558693256136 -129561
1558693257107 -130532
1558693259672 -124694
1558693263578 -128600
1558693264540 -129562
1558693265853 -139277
1558693270257 -135278
1558693278092 -143113
1558693293636 -158386
1558693294888 -168143
1558693301385 -166133
1558693305289 -170037
1558693305367 -178620
1558693309205 -173953
1558693315080 -188333
1558693316076 -189329
1558693316869 -181617
1558693319796 -184544
1558693319942 -193195
1558693324684 -189432
1558693324686 -189434
1558693330456 -203708
1558693341170 -212993
1558693342138 -213961
1558693350014 -213438
1558693356532 -228354
1558693359474 -231296
1558693365271 -237093
1558693366430 -229854
1558693370131 -241694
1558693378159 -241583
1558693379706 -251268
1558693382073 -245497
1558693386795 -250218
1558693388428 -242498
1558693391694 -255117
1558693392317 -246387
1558693398966 -253035
1558693401878 -255946
1558693402841 -256909
1558693403824 -257892
1558693413051 -261820
1558693414023 -262791
1558693415979 -264747
1558693420912 -269678
1558693428704 -277467
1558693433070 -269980
1558693434530 -283291
1558693442289 -282860
1558693443243 -283814
1558693448078 -288648
1558693448192 -285101
1558693510087 -43
1558693514513 -4469
1558693515093 -1530
1558693515093 -1530
1558693518377 -8332
1558693522289 -12244
1558693522940 -9377
1558693528790 -15227
1558693532736 -19173
1558693532921 -22531
1558693535646 -22083
1558693535758 -25368
1558693536443 -22880
1558693543286 -29723
1558693543287 -29724
1558693552219 -41826
1558693553190 -42797
1558693556103 -45710
1558693558857 -48464
1558693559827 -49434
1558693560725 -47159
1558693561704 -48138
1558693561704 -48138
1558693566628 -56233
1558693567573 -51252
1558693567603 -57208
1558693570521 -60126
1558693575377 -64982
1558693576349 -63406
1558693586958 -74015
1558693592854 -76530
1558693599509 -86565
1558693605164 -92220
1558693608096 -95152
1558693610110 -97166
1558693611023 -98079
1558693611023 -98079
1558693612946 -100002
1558693620057 -103732
1558693625582 -112635
1558693626904 -102583
1558693628871 -104550
1558693636520 -112199
1558693638480 -114158
1558693639007 -125548
1558693649706 -136247
1558693654135 -129812
1558693654141 -129818
1558693655918 -131595
1558693656356 -142897
1558693657877 -133554
1558693658298 -144839
1558693663138 -149679
1558693665102 -151643
1558693670942 -157482
1558693672559 -148235
1558693673895 -157522
1558693676468 -148303
1558693677453 -149287
1558693683388 -167015
1558693687303 -170929
1558693692140 -175766
1558693693118 -176744
1558693696038 -179664
1558693696834 -168668
1558693700719 -184344
1558693704488 -176322
1558693704595 -188220
1558693705618 -189243
1558693707510 -191135
1558693710431 -194056
1558693723854 -207479
1558693724825 -208450
1558693726815 -198638
1558693734545 -218169
1558693734643 -206466
1558693736606 -208429
1558693736606 -208429
1558693738454 -220861
1558693739404 -221811
1558693743288 -225695
1558693743289 -225696
1558693743447 -215270
1558693747353 -219176
1558693750297 -222120
1558693752838 -235244
1558693755016 -226839
1558693758928 -230750
1558693761583 -243989
1558693763815 -235637
1558693764830 -236652
1558693765788 -237610
1558693767729 -236420
1558693768706 -237397
1558693770182 -252588
1558693773103 -255509
1558693783221 -251911
1558693783769 -254613
1558693786141 -254831
1558693788104 -256794
1558693792539 -263382
1558693804592 -273282
1558693807033 -262147
1558693815347 -277927
1558693831841 -294418
1558693833191 -277032
1558693834046 -277887
1558693834076 -277916
1558693835684 -288394
1558693836893 -280733
1558693838834 -270133
1558693847270 -299978
1558693853133 -284540
1558693861018 -281640
1558693872498 -293118
1558693876382 -274941
1558693878326 -276884
1558693882226 -280784
1558693883184 -281742
1558693884269 -301674
1558693886098 -284655
1558693893070 -310474
1558693894870 -290296
1558693896821 -292247
1558693896821 -292247
1558693899557 -298112
1558693903982 -299407
1558693905685 -273470
1558693915011 -282795
1558693916875 -284659
1558693925028 -288509
1558693928939 -292419
1558693930900 -294380
1558693932416 -300197
1558693935772 -299251
1558693938727 -302206
1558693939707 -303186
1558693940661 -304140
1558693940993 -287569
1558693943916 -290491
1558693947359 -310837
1558693953221 -293351
1558693953633 -300207
1558693962213 -308786
1558693964803 -304932
1558693970668 -310796
1558693972628 -312756
1558693975814 -292436
1558693983393 -304971
1558693986297 -307874
1558693987275 -308852
1558693989086 -310663
1558693993973 -315549
1558693994960 -316536
1558693996916 -318492
1558693998009 -284667
1558693999847 -295317
1558693999948 -286606
1558694002787 -298255
1558694017271 -303927
1558694018265 -313728
1558694019223 -305878
1558694023164 -288526
1558694029011 -294373
1558694038656 -304016
1558694038656 -304016
1558694039660 -305020
1558694046247 -302957
1558694047221 -303931
1558694050163 -306873
1558694056775 -288357
1558694058180 -297258
1558694062614 -294195
1558694065855 -304932
1558694068437 -300017
1558694068437 -300017
1558694070409 -301989
1558694075239 -306818
1558694076635 -315711
1558694077046 -308625
1558694078562 -317638
1558694079943 -311521
1558694080515 -290464
1558694081513 -291462
1558694093531 -299191
1558694100169 -305828
1558694102112 -307771
1558694106046 -311705
1558694107676 -317622
1558694109256 -289885
1558694109742 -289524
1558694111201 -291830
1558694113039 -293668
1558694113123 -293751
1558694114600 -294381
1558694114827 -295455
1558694118335 -298115
1558694119602 -300230
1558694126240 -306867
1558694127209 -307836
1558694128181 -308808
1558694129082 -308861
1558694136922 -301862
1558694141664 -291477
1558694144698 -309637
1558694146525 -296337
1558694146648 -311586
1558694149457 -299269
1558694149458 -299270
1558694154441 -296893
1558694154543 -296994
1558694155482 -305293
1558694157251 -307062
1558694157325 -307136
1558694161028 -310839
1558694163979 -306429
1558694166897 -309347
1558694167880 -293268
1558694169805 -312255
1558694172804 -298191
1558694173556 -291298
1558694177413 -295154
1558694177413 -295154
1558694181411 -306797
1558694190105 -307844
1558694191258 -294176
1558694199668 -291225
1558694204580 -296137
1558694207510 -299066
1558694208410 -299966
1558694216560 -293462
1558694218328 -309883
1558694221763 -298664
1558694222530 -299431
1558694225339 -302240
1558694228627 -291516
1558694228636 -291525
1558694229594 -292483
1558694229606 -292495
1558694233878 -310778
1558694235903 -312803
1558694248717 -295505
1558694249079 -311966
1558694258698 -304052
1558694262196 -308982
1558694263587 -308940
1558694266139 -312925
1558694268381 -291537
1558694272118 -288746
1558694276141 -299296
1558694280070 -303224
1558694280694 -297321
1558694284935 -308088
1558694284935 -308088
1558694287864 -311017
1558694291514 -308139
1558694295456 -312081
1558694303154 -289796
1558694308233 -307302
1558694312012 -298652
1558694314963 -301603
1558694316947 -303587
1558694317929 -304569
1558694318901 -305541
1558694327594 -314232
1558694331541 -310366
1558694342136 -292929
1558694348039 -298832
1558694350927 -301719
1558694352019 -313347
1558694355954 -287175
1558694356939 -288160
1558694357772 -308563
1558694359740 -310530
1558694359753 -310543
1558694360893 -292114
1558694364826 -296046
1558694374282 -300938
1558694374515 -305734
1558694375221 -301877
1558694378424 -309642
1558694382361 -313579
1558694383996 -310651
1558694397512 -294385
1558694407801 -308875
1558694408768 -309842
1558694410731 -311805
1558694412699 -313773
1558694425328 -300117
1558694427650 -294611
1558694431228 -306016
1558694431229 -306017
1558694434179 -308966
1558694439101 -313887
1558694440084 -314870
1558694440084 -284860
1558694443144 -310103
1558694445826 -290602
1558694447049 -314007
1558694448028 -314986
1558694449764 -294539
1558694451732 -296507
1558694454695 -299469
1558694454887 -295720
1558694466341 -311114
1558694471249 -316021
1558694471324 -312156
1558694477186 -299748
1558694477186 -299748
1558694479126 -294787
1558694479952 -302513
1558694485024 -300684
1558694486992 -302651
1558694489783 -305442
1558694490719 -313276
1558694496672 -312330
1558694497677 -313334
1558694506507 -296845
1558694510503 -300840
1558694514221 -304556
1558694516943 -290241
1558694527697 -300994
1558694535037 -304462
1558694538653 -308077
1558694539637 -309061
1558694540247 -313542
1558694545140 -288393
1558694563171 -307871
1558694566496 -309747
1558694567058 -311757
1558694569995 -314694
1558694570988 -315687
1558694574314 -317564
1558694579035 -292149
1558694580818 -296192
1558694582021 -295134
1558694582792 -298166
1558694582969 -296082
1558694583756 -299130
1558694584738 -300112
1558694587821 -300933
1558694587821 -300933
1558694594419 -309792
1558694594677 -307789
1558694595669 -308780
1558694598582 -311693
1558694603261 -318633
1558694611136 -294270
1558694612140 -295274
1558694616989 -300122
1558694617967 -301100
1558694620816 -305853
1558694621877 -305009
1558694622782 -307819
1558694624662 -307794
1558694626622 -309754
1558694627589 -310721
1558694635428 -292084
1558694636402 -293058
1558694637366 -290350
1558694638395 -295051
1558694641297 -294281
1558694641350 -298006
1558694646230 -302885
1558694647213 -303868
1558694652837 -305819
1558694654787 -307769
1558694655084 -311737
1558694659845 -316498
1558694660654 -313635
1558694665777 -292272
1558694676573 -303067
1558694689812 -287414
1558694693207 -319698
1558694694609 -292210
1558694695154 -291312
1558694696542 -294143
1558694706269 -303868
1558694710686 -306841
1558694711665 -307820
1558694716076 -287406
1558694723949 -295278
1558694729732 -301060
1558694731704 -303032
1558694732226 -298046
1558694732226 -298046
1558694732552 -303880
1558694735467 -306795
1558694741999 -307818
1558694746931 -312750
1558694751843 -317661
1558694753845 -296215
1558694756784 -299154
1558694759542 -295016
1558694764597 -306966
1558694765445 -300918
1558694767416 -302889
1558694770300 -312668
1558694771279 -313646
1558694777090 -312562
1558694779060 -314531
1558694782010 -317481
1558694782033 -298160
1558694782033 -298160
1558694783011 -299138
1558694783976 -291248
1558694785943 -302069
1558694788898 -296169
1558694793604 -309729
1558694794579 -310704
1558694794579 -310704
1558694794802 -302072
1558694796770 -304040
1558694799720 -306990
1558694804475 -311744
1558694804475 -311744
1558694809395 -316663
