1558693123324 -4793
1558693128072 -9541
1558693128072 -9541
1558693129063 -10532
1558693130930 -1063
1558693131875 -43
1558693133885 -15354
1558693137777 -19246
1558693138338 -628
1558693139795 -21262
1558693140334 -2624
1558693150263 -31730
1558693150288 -31755
1558693152996 -15283
1558693152996 -15283
1558693156038 -37504
1558693158826 -28808
1558693160089 -41555
1558693161994 -43460
1558693162632 -32614
1558693164794 -46260
1558693166580 -48046
1558693167367 -37348
1558693170270 -40251
1558693172263 -42133
1558693175109 -44979
1558693175369 -37652
1558693175369 -56835
1558693179194 -41477
1558693185081 -66506
1558693185112 -47394
1558693185964 -48246
1558693185964 -48246
1558693188828 -58673
1558693190957 -60801
1558693193874 -75298
1558693198259 -68103
1558693198690 -60693
1558693200124 -69968
1558693204298 -85617
1558693206454 -68457
1558693207824 -77668
1558693211102 -92421
1558693212077 -93396
1558693213100 -75103
1558693217746 -99065
1558693220237 -89773
1558693221890 -83891
1558693227764 -89765
1558693233726 -103258
1558693237575 -107107
1558693240909 -122227
1558693244265 -105038
1558693249018 -118529
1558693249111 -109884
1558693250936 -120447
1558693251058 -111830
1558693251913 -121424
1558693253525 -134807
1558693254501 -135783
1558693254501 -135783
1558693256437 -137719
1558693258745 -119517
1558693259721 -120493
1558693262636 -123407
1558693264432 -133942
1558693264597 -125368
1558693271997 -141506
1558693272804 -154086
1558693273929 -143438
1558693277676 -158958
1558693278778 -148287
1558693280302 -141072
1558693281612 -162894
1558693281734 -151243
1558693283631 -153140
1558693287590 -152654
1558693290354 -155418
1558693293284 -158348
1558693293814 -154443
1558693294081 -175317
1558693296146 -161210
1558693297679 -158308
1558693297915 -179151
1558693299851 -181087
1558693302565 -163193
1558693304722 -185580
1558693306644 -187502
1558693307325 -167953
1558693313286 -194143
1558693314144 -174771
1558693318174 -183232
1558693319133 -199989
1558693319145 -184203
1558693320098 -185156
1558693323977 -204831
1558693326851 -187477
1558693327853 -208705
1558693328793 -193401
1558693329756 -194364
1558693331614 -212460
1558693334544 -215389
1558693336411 -201019
1558693337457 -218301
1558693339318 -203926
1558693341359 -201984
1558693352003 -211784
1558693352128 -232614
1558693357842 -238325
1558693358842 -218623
1558693365368 -229975
1558693368594 -228374
1558693370223 -231563
1558693370540 -230320
1558693372162 -233502
1558693376400 -256868
1558693377990 -239329
1558693380181 -239961
1558693380181 -239961
1558693382850 -244189
1558693383667 -245006
1558693384071 -243851
1558693385038 -265502
1558693386012 -266062
1558693390913 -250693
1558693392852 -272899
1558693393847 -253627
1558693396780 -256560
1558693397256 -258595
1558693404077 -265416
1558693406443 -266082
1558693409329 -268968
1558693410312 -277617
1558693413217 -280522
1558693419113 -278752
1558693426241 -278911
1558693427214 -279883
1558693428191 -280860
1558693430957 -283626
1558693431643 -292607
1558693433020 -276170
1558693437797 -280947
1558693440437 -293042
1558693443385 -295989
1558693445317 -297921
1558693445350 -298522
1558693445515 -288663
1558693446326 -299498
1558693447461 -290609
1558693448440 -291588
1558693453272 -286834
1558693453990 -296066
1558693454075 -287637
1558693459813 -301593
1558693461848 -295408
1558693464699 -299792
1558693468608 -303701
1558693469618 -296054
1558693471544 -306636
1558693471561 -297996
1558693484086 -311581
1558693520596 -11314
1558693523256 -2472
1558693523542 -14260
1558693523760 -8395
1558693524727 -9362
1558693526176 -5392
1558693528150 -7366
1558693528150 -7366
1558693530560 -15195
1558693531534 -16169
1558693533984 -13200
1558693537352 -21987
1558693537914 -17130
1558693544587 -23803
1558693544968 -29603
1558693546537 -25753
1558693546903 -31538
1558693548856 -33491
1558693549759 -40475
1558693551711 -42427
1558693553703 -38338
1558693554353 -33568
1558693556433 -47149
1558693563277 -51388
1558693563281 -51392
1558693564357 -52468
1558693569072 -53640
1558693570112 -58222
1558693571089 -59199
1558693573751 -49186
1558693574903 -59471
1558693577823 -62391
1558693582550 -57984
1558693582555 -57989
1558693585478 -70046
1558693587699 -75808
1558693588391 -72959
1558693592211 -67644
1558693593202 -68635
1558693594236 -78803
1558693594236 -78803
1558693597113 -72546
1558693600014 -75447
1558693601232 -89340
1558693601950 -77383
1558693601950 -86517
1558693601950 -86517
1558693602952 -78384
1558693606817 -91384
1558693608925 -96145
1558693609832 -85264
1558693611518 -96085
1558693614715 -85788
1558693614812 -102032
1558693617351 -90383
1558693618665 -105885
1558693618669 -105889
1558693621220 -94252
1558693623563 -110783
1558693625263 -96336
1558693627240 -98312
1558693628983 -102015
1558693633083 -104155
1558693634139 -121359
1558693639765 -110836
1558693651146 -124178
1558693652118 -125150
1558693652506 -123575
1558693653463 -124532
1558693655516 -142735
1558693656806 -129837
1558693660693 -133724
1558693663226 -134295
1558693666004 -136211
1558693667207 -154426
1558693677211 -148969
1558693681735 -151940
1558693683677 -167646
1558693685567 -155772
1558693685796 -157554
1558693693451 -177419
1558693694456 -178424
1558693695509 -167266
1558693696475 -168232
1558693697449 -169206
1558693698449 -170206
1558693700119 -184087
1558693705060 -176817
1558693706907 -177110
1558693706959 -190926
1558693707881 -178084
1558693710822 -181025
1558693711858 -183615
1558693713808 -197775
1558693714804 -198771
1558693716731 -188487
1558693719453 -188358
1558693719679 -203645
1558693724349 -193254
1558693725344 -194249
1558693728264 -197169
1558693728264 -197169
1558693732098 -203854
1558693735184 -218463
1558693736009 -205736
1558693736964 -205795
1558693738158 -221437
1558693738158 -221437
1558693739833 -208663
1558693747670 -216499
1558693754496 -223325
1558693756452 -224270
1558693761077 -230803
1558693763149 -230966
1558693764027 -233752
1558693764195 -232012
1558693767071 -234888
1558693768855 -238580
1558693770053 -253331
1558693771998 -239815
1558693771998 -255276
1558693772997 -256275
1558693773951 -241767
1558693774954 -252250
1558693779799 -257095
1558693780804 -258100
1558693788410 -256225
1558693788410 -256225
1558693789387 -257202
1558693789563 -266859
1558693790358 -258173
1558693793336 -261151
1558693794966 -264344
1558693797276 -274572
1558693799322 -267136
1558693799739 -269116
1558693801263 -269077
1558693806909 -274723
1558693808108 -285404
1558693810866 -277765
1558693813264 -272129
1558693814218 -273083
1558693815685 -282584
1558693817107 -275972
1558693818624 -286236
1558693819574 -286473
1558693821566 -288465
1558693825492 -293099
1558693834308 -288422
1558693836336 -284533
1558693838128 -292241
1558693839249 -287445
1558693839250 -287446
1558693842162 -278868
1558693843852 -299228
1558693845075 -281781
1558693849669 -292215
1558693850666 -293212
1558693852725 -289430
1558693858518 -295222
1558693860281 -298851
1558693860424 -302967
1558693861255 -299825
1558693863284 -301854
1558693865145 -307686
1558693867149 -284605
1558693868193 -285649
1558693872001 -296024
1558693872924 -297981
1558693877733 -295188
1558693885547 -299088
1558693885552 -299093
1558693886524 -303977
1558693888611 -312630
1558693889416 -313435
1558693889426 -302967
1558693891364 -304904
1558693899209 -292263
1558693901033 -284680
1558693905261 -288907
1558693905261 -293538
1558693906371 -299424
1558693908353 -301406
1558693910223 -303275
1558693914651 -298296
1558693915793 -304068
1558693919618 -312669
1558693919687 -307962
1558693923118 -306761
1558693924446 -317496
1558693925329 -313301
1558693926029 -309672
1558693928247 -316219
1558693929903 -288469
1558693933780 -292346
1558693936995 -306759
1558693937674 -296239
1558693943899 -303135
1558693944879 -304115
1558693948744 -318506
1558693952633 -272848
1558693957428 -316662
1558693959862 -288483
1558693962767 -291387
1558693966473 -295093
1558693974895 -320453
1558693975926 -296137
1558693977152 -305770
1558693977811 -310808
1558693978913 -299123
1558693983958 -312575
1558693984563 -304770
1558693984925 -297181
1558693987690 -299946
1558693991431 -311638
1558693991610 -303865
1558693997228 -315526
1558694000318 -312571
1558694004186 -290384
1558694005086 -291283
1558694007096 -293293
1558694007096 -293293
1558694008834 -295031
1558694009034 -295231
1558694010808 -297004
1558694012768 -298964
1558694016639 -302835
1558694020548 -306744
1558694021569 -307764
1558694025431 -299128
1558694031242 -288470
1558694033115 -289173
1558694033162 -290389
1558694034087 -290145
1558694037856 -295083
1558694038843 -296070
1558694039090 -312785
1558694039962 -296019
1558694041957 -298014
1558694042752 -299978
1558694044841 -318536
1558694046794 -302850
1558694047771 -303827
1558694048697 -322391
1558694049731 -305787
1558694051681 -307736
1558694054634 -310689
1558694059461 -302030
1558694059461 -302030
1558694060026 -287294
1558694060440 -303008
1558694065221 -288367
1558694067806 -295073
1558694068773 -296040
1558694070107 -293252
1558694071071 -313638
1558694073641 -300907
1558694079847 -322347
1558694080684 -303827
1558694082202 -309467
1558694084730 -327229
1558694085106 -312371
1558694087044 -314309
1558694087045 -314310
1558694087523 -310666
1558694088498 -311640
1558694089955 -293109
1558694091428 -314570
1558694094361 -287345
1558694094362 -287346
1558694096311 -289295
1558694097288 -290272
1558694097732 -300885
1558694105980 -298963
1558694106332 -309483
1558694110453 -313604
1558694114834 -307816
1558694115735 -308717
1558694115747 -308729
1558694116983 -294207
1558694117650 -298108
1558694119607 -300065
1558694123525 -316506
1558694126446 -293175
1558694132353 -309575
1558694134099 -300827
1558694134275 -314731
1558694138008 -304735
1558694138180 -315401
1558694139988 -320443
1558694141939 -322394
1558694144848 -311574
1558694144985 -292289
1558694148782 -315508
1558694149779 -300096
1558694150851 -298155
1558694153503 -294060
1558694159462 -306764
1558694161316 -301872
1558694162284 -302840
1558694166223 -316538
1558694166223 -316538
1558694173021 -286514
1558694175902 -289395
1558694177774 -288357
1558694180891 -301211
1558694184653 -295235
1558694187610 -298192
1558694188377 -301868
1558694191396 -304887
1558694194419 -314737
1558694195397 -315715
1558694195398 -315716
1558694197412 -317730
1558694199936 -313426
1558694202337 -292409
1558694207754 -291455
1558694208206 -298277
1558694210099 -300170
1558694212025 -292449
1558694213812 -303882
1558694214822 -304892
1558694216157 -296580
1558694217560 -301260
1558694219132 -309202
1558694221927 -311996
1558694221927 -311996
1558694222102 -302525
1558694222892 -312961
1558694223576 -307275
1558694223896 -313965
1558694225122 -308821
1558694226945 -310644
1558694227636 -308058
1558694228610 -309032
1558694229588 -310010
1558694231416 -321484
1558694233365 -323433
1558694233684 -283552
1558694234723 -284590
1558694237657 -287524
1558694239485 -299549
1558694240115 -301106
1558694240115 -301106
1558694240141 -301132
1558694241545 -291411
1558694246090 -307081
1558694246090 -307080
1558694247377 -307440
1558694251921 -312911
1558694253942 -303806
1558694256685 -317674
1558694257675 -318664
1558694258486 -319461
1558694258486 -319461
1558694261452 -322427
1558694261682 -311545
1558694266582 -287477
1558694270351 -305088
1558694273346 -294240
1558694274248 -308984
1558694277173 -311909
1558694282348 -316192
1558694283328 -317171
1558694283328 -317171
1558694283983 -304875
1558694290790 -325524
1558694297685 -310067
1558694298480 -289447
1558694302592 -314974
1558694302593 -314975
1558694304802 -308507
1558694305808 -309512
1558694305809 -309513
1558694309704 -313408
1558694310303 -322684
1558694313251 -325632
1558694316091 -307055
1558694316601 -292112
1558694316601 -292112
1558694319816 -310780
1558694321127 -311168
1558694324074 -314115
1558694324303 -299813
1558694324704 -293438
1558694326046 -316087
1558694327644 -296377
1558694330830 -320870
1558694331229 -306739
1558694331546 -300279
1558694331546 -300279
1558694332763 -322803
1558694335114 -310623
1558694336095 -311604
1558694336097 -311606
1558694338668 -302478
1558694339339 -308071
1558694339650 -303460
1558694340634 -304444
1558694342130 -310861
1558694343095 -311826
1558694343095 -311826
1558694352655 -294299
1558694352655 -294299
1558694352870 -300411
1558694355602 -297245
1558694359168 -322975
1558694361526 -303169
1558694366062 -302497
1558694368022 -304455
1558694369011 -305443
1558694377092 -289573
1558694379664 -316082
1558694379664 -316080
1558694379664 -316080
1558694380028 -292508
1558694383984 -296464
1558694383984 -302598
1558694384962 -303575
1558694385925 -304538
1558694386949 -299428
1558694387881 -306494
1558694389693 -302172
1558694390676 -303155
1558694391664 -304143
1558694392470 -308671
1558694394426 -310626
1558694397395 -313595
1558694399349 -315549
1558694401310 -317510
1558694401496 -313974
1558694402140 -318340
1558694403481 -315958
1558694406279 -295013
1558694406285 -295019
1558694408390 -290741
1558694411974 -308791
1558694412317 -294668
1558694419022 -315802
1558694419892 -308625
1558694424756 -321535
1558694424756 -321535
1558694425933 -308282
1558694427611 -286499
1558694428534 -301064
1558694428873 -311221
1558694431488 -304018
1558694431494 -304024
1558694434433 -306962
1558694434781 -317129
1558694437563 -286030
1558694438426 -310955
1558694442473 -290939
1558694446411 -294877
1558694449192 -321720
1558694450351 -298816
1558694451984 -298280
1558694455936 -302231
1558694456240 -304704
1558694458214 -306678
1558694459185 -307649
1558694459701 -288659
1558694462473 -291430
1558694462832 -309127
1558694462996 -311459
1558694463792 -310087
1558694466412 -295369
1558694466928 -315391
1558694473208 -302164
1558694473780 -293061
1558694474763 -294043
1558694476141 -305096
1558694479385 -301428
1558694481999 -310950
1558694482004 -310955
1558694482634 -301913
1558694487239 -309280
1558694489207 -311248
1558694489346 -308624
1558694489347 -308625
1558694493143 -315183
1558694493279 -312556
1558694495107 -317086
1558694496231 -315508
1558694500202 -290141
1558694501852 -323829
1558694508038 -297976
1558694513935 -296519
1558694516595 -312249
1558694521665 -311601
1558694522637 -312573
1558694525289 -320942
1558694529801 -312383
1558694532418 -311303
1558694534417 -294835
1558694537223 -296827
1558694537223 -296827
1558694541152 -300755
1558694542023 -299993
1558694543088 -303505
1558694545088 -304691
1558694547751 -305720
1558694547975 -308391
1558694549025 -308627
1558694549935 -310351
1558694550992 -310594
1558694559549 -301707
1558694559689 -289130
1558694560552 -302710
1558694561559 -303716
1558694562669 -292109
1558694567375 -309532
1558694569411 -305025
1558694569547 -298984
1558694570530 -299967
1558694571207 -306821
1558694574162 -309775
1558694586057 -315488
1558694586944 -296156
1558694590880 -300092
1558694591957 -292082
1558694594651 -303862
1558694595919 -296044
1558694600562 -309772
1558694601406 -308142
1558694602385 -309121
1558694602385 -309121
1558694617371 -317493
1558694618834 -298047
1558694620333 -296038
1558694623028 -316581
1558694625676 -304888
1558694626665 -305877
1558694626964 -320516
1558694627951 -321503
1558694628997 -304701
1558694629981 -305685
1558694637792 -310741
1558694641161 -290263
1558694642781 -318484
1558694643117 -292219
1558694652617 -302919
1558694656378 -306679
1558694656378 -306679
1558694660307 -310608
1558694660525 -309624
1558694666226 -316526
1558694668340 -317438
1558694670166 -320465
1558694672251 -295120
1558694678833 -305843
1558694678876 -299834
1558694679909 -302776
1558694683747 -310756
1558694684716 -311725
1558694686752 -309618
1558694688643 -315652
1558694689691 -312556
1558694691425 -318433
1558694692706 -315570
1558694693674 -314631
1558694696587 -285427
1558694698332 -325339
1558694704274 -294903
1558694705207 -316654
1558694705236 -295865
1558694707203 -297832
1558694708164 -319611
1558694709068 -297906
1558694710038 -298876
1558694711018 -299856
1558694719016 -309643
1558694721856 -310692
1558694727816 -312814
1558694729832 -314829
1558694731754 -292230
1558694732633 -317630
1558694734313 -297092
1558694734574 -319571
1558694740471 -300945
1558694742439 -302913
1558694745051 -307829
1558694745053 -307831
1558694745390 -305864
1558694747354 -307828
1558694752699 -315476
1558694752699 -315476
1558694754072 -314544
1558694755045 -307820
1558694755056 -315528
1558694757015 -309790
1558694757586 -290225
1558694758986 -311761
1558694759973 -320445
1558694761941 -292085
1558694767837 -297980
1558694771107 -303744
1558694774560 -327242
1558694779480 -303064
1558694783413 -306997
1558694793090 -316672
1558694800964 -294210
1558694802930 -296175
1558694805881 -299126
1558694810637 -303881
1558694811619 -304863
