1558693130667 -8749
1558693133598 -11677
1558693133598 -11677
1558693133635 -11714
1558693136509 -1729
1558693136688 -14763
1558693138439 -3659
1558693139540 -17337
1558693139575 -17372
1558693139776 -9578
1558693148597 -26651
1558693151279 -21080
1558693151306 -21107
1558693152564 -30606
1558693155490 -33528
1558693157905 -35702
1558693158644 -23861
1558693158674 -23891
1558693158929 -28729
1558693161675 -26892
1558693161784 -39814
1558693163510 -41538
1558693165586 -43613
1558693166499 -44525
1558693169299 -34516
1558693176071 -45621
1558693178996 -44193
1558693180943 -58734
1558693184797 -54296
1558693185870 -63660
1558693186982 -56480
1558693191058 -60556
1558693195447 -59434
1558693195628 -73617
1558693198627 -76614
1558693200207 -64194
1558693203952 -73448
1558693204050 -81839
1558693206057 -83846
1558693207795 -77290
1558693207921 -85710
1558693208770 -78265
1558693209864 -87653
1558693212659 -77793
1558693213614 -78748
1558693215530 -80664
1558693217519 -95308
1558693218706 -96678
1558693221362 -99150
1558693223377 -87363
1558693223396 -87382
1558693225246 -103034
1558693228874 -94008
1558693233694 -98828
1558693233701 -98835
1558693234940 -96366
1558693236578 -101696
1558693236833 -114796
1558693239798 -101223
1558693242382 -107500
1558693245653 -107078
1558693245820 -123781
1558693246774 -124735
1558693248590 -110014
1558693251826 -129786
1558693252293 -130074
1558693252352 -113776
1558693252844 -117962
1558693260065 -137844
1558693260549 -125667
1558693267674 -145450
1558693267997 -129420
1558693269003 -146959
1558693269949 -147904
1558693271568 -149343
1558693273507 -151282
1558693274070 -151894
1558693274473 -152248
1558693274839 -136262
1558693275852 -140969
1558693276655 -138078
1558693276655 -138078
1558693279338 -157112
1558693279584 -140818
1558693279584 -140818
1558693281135 -158957
1558693281315 -159082
1558693281557 -142791
1558693283623 -148740
1558693286659 -151776
1558693287546 -148780
1558693288207 -166027
1558693288889 -166655
1558693290391 -151624
1558693292208 -157325
1558693292208 -157313
1558693293367 -154600
1558693295734 -173499
1558693301514 -179279
1558693307786 -169004
1558693309308 -186983
1558693310161 -187972
1558693310705 -171923
1558693311698 -172916
1558693314627 -175845
1558693315121 -179673
1558693317812 -195534
1558693326715 -191266
1558693327714 -205429
1558693329534 -207209
1558693331100 -192318
1558693334406 -212119
1558693335951 -197168
1558693337289 -215002
1558693338120 -215793
1558693339093 -216766
1558693341050 -218723
1558693343200 -220911
1558693343769 -204986
1558693343784 -205001
1558693344175 -221886
1558693345730 -206947
1558693348964 -226673
1558693350821 -215371
1558693353666 -231338
1558693353666 -218216
1558693354639 -232311
1558693357288 -217554
1558693357294 -217560
1558693362179 -222445
1558693362251 -226801
1558693364192 -228737
1558693369063 -230445
1558693370084 -247690
1558693371313 -246507
1558693373754 -234020
1558693374979 -252584
1558693375708 -235974
1558693376706 -236972
1558693376853 -238234
1558693379635 -239901
1558693379758 -241139
1558693380842 -258446
1558693384501 -244767
1558693385851 -257678
1558693386538 -264141
1558693386796 -258623
1558693388404 -248670
1558693393294 -253560
1558693397048 -257079
1558693397079 -258455
1558693399408 -271235
1558693400966 -262342
1558693402279 -274106
1558693409873 -287471
1558693410138 -281964
1558693410856 -288454
1558693410862 -288460
1558693412069 -281342
1558693414404 -275780
1558693416990 -286263
1558693420642 -298240
1558693421242 -281697
1558693421773 -291043
1558693424167 -284622
1558693424331 -281832
1558693432471 -301735
1558693438972 -282911
1558693439086 -316673
1558693440892 -284830
1558693444368 -286405
1558693444875 -302470
1558693445599 -289537
1558693447554 -291492
1558693449224 -291260
1558693451491 -282135
1558693451790 -311072
1558693454074 -296109
1558693457805 -299840
1558693462661 -296720
1558693466547 -300604
1558693471406 -305461
1558693473175 -309513
1558693475017 -332607
1558693475246 -311584
1558693483652 -317572
1558693485784 -322120
1558693496361 -330280
1558693498314 -332233
1558693498549 -334837
1558693505973 -339891
1558693507928 -341845
1558693511841 -345758
1558693515757 -349673
1558693516757 -7389
1558693517710 -351626
1558693517710 -351626
1558693517712 -351628
1558693518066 -1426
1558693518686 -352602
1558693519625 -10257
1558693520856 -4496
1558693521991 -5351
1558693523619 -14251
1558693524909 -8269
1558693527676 -11316
1558693527845 -11205
1558693532530 -16169
1558693532812 -16171
1558693533723 -17082
1558693537185 -25704
1558693541367 -24726
1558693541519 -32336
1558693542391 -25749
1558693545420 -36237
1558693549804 -38322
1558693550306 -41123
1558693559921 -50738
1558693562430 -50947
1558693563294 -37147
1558693563297 -37150
1558693563403 -51920
1558693567595 -42469
1558693568711 -59528
1558693571061 -44914
1558693571650 -62463
1558693572205 -60721
1558693573461 -48335
1558693574945 -48797
1558693575551 -63424
1558693578353 -53226
1558693586772 -75287
1558693587507 -61359
1558693597744 -72615
1558693597744 -72615
1558693599702 -74573
1558693605911 -77338
1558693610082 -98217
1558693610440 -98311
1558693610449 -98320
1558693612374 -87244
1558693614370 -102239
1558693617272 -105141
1558693618254 -106123
1558693619749 -107883
1558693620706 -108840
1558693623003 -94337
1558693627861 -115458
1558693629481 -117614
1558693631784 -119381
1558693631829 -103163
1558693632764 -120361
1558693637646 -125243
1558693637646 -125243
1558693640027 -128140
1558693644990 -133103
1558693645930 -134043
1558693646433 -134029
1558693647848 -135961
1558693650723 -136473
1558693651230 -122653
1558693652182 -123516
1558693654097 -141691
1558693657859 -127673
1558693658010 -145604
1558693658051 -129384
1558693658545 -144295
1558693658829 -128643
1558693660947 -148541
1558693661432 -147182
1558693663686 -133500
1558693663873 -151466
1558693664718 -134660
1558693666806 -154399
1558693669280 -155029
1558693669304 -155053
1558693671569 -141510
1558693672498 -160090
1558693674498 -144439
1558693675150 -160899
1558693677063 -162811
1558693677287 -147100
1558693678431 -148372
1558693679232 -149045
1558693680439 -150380
1558693681355 -164953
1558693683274 -166872
1558693683926 -153739
1558693684242 -167840
1558693686203 -169801
1558693689131 -172729
1558693689139 -172737
1558693689689 -175436
1558693689689 -175436
1558693689966 -159906
1558693690788 -176535
1558693690789 -176536
1558693690947 -160887
1558693691928 -161868
1558693692070 -175668
1558693695582 -165395
1558693699471 -168789
1558693699472 -168790
1558693699766 -169705
1558693701415 -170732
1558693701712 -171651
1558693702432 -187369
1558693707400 -177339
1558693707544 -191142
1558693709513 -193111
1558693711452 -195050
1558693713888 -183204
1558693714390 -197987
1558693714885 -184201
1558693716163 -201099
1558693716193 -185373
1558693718742 -188058
1558693719717 -189033
1558693726935 -210532
1558693728916 -198095
1558693730692 -215626
1558693730848 -214445
1558693731808 -216742
1558693731822 -215419
1558693732193 -201508
1558693733628 -202807
1558693735158 -204473
1558693737090 -206404
1558693737565 -206744
1558693738692 -222289
1558693739012 -208326
1558693740937 -210251
1558693741451 -210630
1558693742339 -227266
1558693743298 -228225
1558693745345 -228942
1558693745852 -215166
1558693746330 -231257
1558693747769 -217083
1558693749252 -232849
1558693750175 -235102
1558693750175 -235102
1558693750256 -219435
1558693751643 -219166
1558693752438 -219961
1558693752445 -219968
1558693754163 -234537
1558693754163 -234537
1558693755112 -238709
1558693756092 -239688
1558693756928 -226105
1558693757038 -237412
1558693762794 -231971
1558693763941 -247410
1558693766853 -250322
1558693767995 -235517
1558693770600 -254069
1558693770600 -250973
1558693771890 -239412
1558693773541 -257010
1558693774445 -254818
1558693774552 -243729
1558693776482 -259951
1558693780383 -263852
1558693783235 -263607
1558693785298 -268767
1558693785331 -265703
1558693787250 -254772
1558693790007 -259183
1558693791133 -258655
1558693792117 -259639
1558693792174 -272546
1558693794065 -261202
1558693794082 -274454
1558693794082 -274454
1558693795893 -279362
1558693796045 -263181
1558693797835 -281304
1558693797962 -278334
1558693799825 -266961
1558693800807 -267943
1558693800807 -284276
1558693801821 -285289
1558693804577 -272293
1558693804645 -271781
1558693805491 -273207
1558693805491 -273207
1558693809488 -276624
1558693810728 -290489
1558693810728 -290489
1558693812404 -279540
1558693813596 -293357
1558693816254 -283390
1558693817227 -284943
1558693823115 -306583
1558693823115 -290830
1558693826157 -305918
1558693826836 -281456
1558693826996 -300583
1558693827811 -282431
1558693829771 -284390
1558693831621 -296995
1558693833745 -299118
1558693833909 -307495
1558693834811 -314572
1558693836463 -301836
1558693839588 -302295
1558693840503 -314044
1558693840524 -295142
1558693841501 -296119
1558693841501 -296119
1558693841662 -304368
1558693843440 -316980
1558693846407 -319946
1558693847019 -287416
1558693847422 -285507
1558693848400 -311105
1558693848938 -289335
1558693850289 -323826
1558693850289 -312994
1558693851116 -289199
1558693851291 -324828
1558693854045 -292127
1558693857140 -330675
1558693857957 -279609
1558693858116 -331650
1558693858934 -280585
1558693859621 -300016
1558693860089 -333623
1558693860891 -282542
1558693863545 -303940
1558693866428 -291332
1558693867389 -292293
1558693868916 -331619
1558693869838 -332541
1558693871162 -296066
1558693873065 -297968
1558693874411 -271779
1558693877344 -274711
1558693877503 -321321
1558693879298 -276665
1558693883206 -280572
1558693883741 -284584
1558693883741 -284584
1558693884350 -328167
1558693885162 -282528
1558693886140 -283506
1558693886657 -287499
1558693886657 -287499
1558693887160 -300401
1558693889584 -290426
1558693889584 -290426
1558693891002 -304243
1558693892978 -336794
1558693892988 -336803
1558693892998 -290363
1558693892998 -290363
1558693894312 -295153
1558693897718 -294992
1558693897854 -341669
1558693898694 -295968
1558693898837 -312077
1558693899141 -299981
1558693901148 -301988
1558693902247 -303086
1558693903828 -347642
1558693905120 -348934
1558693906055 -319294
1558693906055 -319294
1558693909164 -322402
1558693909935 -296710
1558693913047 -294550
1558693918418 -299920
1558693921333 -302835
1558693922962 -288227
1558693933003 -300013
1558693934688 -311547
1558693935664 -312522
1558693936643 -313501
1558693937855 -304864
1558693938645 -324488
1558693944488 -287426
1558693944507 -311516
1558693945306 -331146
1558693947240 -290178
1558693947243 -290181
1558693947248 -290186
1558693949371 -326225
1558693950344 -327198
1558693953108 -296045
1558693954082 -297019
1558693955231 -332085
1558693956018 -341853
1558693957205 -334058
1558693958971 -284480
1558693962920 -288428
1558693962930 -288438
1558693963866 -340719
1558693966662 -292049
1558693970548 -295935
1558693970713 -347566
1558693973477 -298984
1558693974435 -299821
1558693974435 -299821
1558693978331 -303717
1558693981235 -333298
1558693984131 -336194
1558693985242 -337305
1558693986188 -343300
1558693986197 -338260
1558693986197 -338260
1558693988051 -313435
1558693988051 -288541
1558693988116 -340179
1558693989129 -346240
1558693990110 -347221
1558693991085 -348196
1558693992052 -349163
1558693994818 -300938
1558693996644 -297133
1558693997755 -303875
1558693998566 -299055
1558693998566 -299055
1558693999710 -288402
1558693999763 -351824
1558694004597 -293287
1558694007598 -359658
1558694007604 -359664
1558694009259 -309746
1558694009473 -366581
1558694014298 -320356
1558694014311 -320369
1558694014387 -303074
1558694015397 -321455
1558694017140 -305826
1558694017291 -320469
1558694017842 -288562
1558694018285 -324343
1558694023021 -281572
1558694023026 -281577
1558694024684 -295403
1558694025941 -284492
1558694026917 -285468
1558694029852 -333028
1558694030927 -336983
1558694034750 -337926
1558694035723 -294273
1558694039701 -345756
1558694041620 -347674
1558694042015 -312731
1558694042979 -313695
1558694045330 -303815
1558694045499 -348673
1558694046306 -304791
1558694046835 -288568
1558694047285 -305770
1558694047454 -350628
1558694048435 -351609
1558694049425 -355478
1558694051198 -279603
1558694052339 -355512
1558694054220 -360272
1558694056110 -284515
1558694057048 -360220
1558694057068 -310698
1558694057544 -299275
1558694060267 -301998
1558694060977 -289381
1558694065858 -339892
1558694066677 -295080
1558694066825 -320454
1558694066828 -320457
1558694067070 -308800
1558694067807 -341841
1558694069613 -298016
1558694070027 -281814
1558694070692 -324320
1558694073706 -347739
1558694074487 -328115
1558694074487 -328114
1558694074500 -302902
1558694076446 -350479
1558694082317 -356349
1558694082317 -356349
1558694083357 -286501
1558694090223 -302007
1558694090224 -302008
1558694090963 -294105
1558694094869 -298010
1558694096822 -299963
1558694096982 -371008
1558694097028 -308811
1558694099915 -373940
1558694100843 -354465
1558694102872 -289506
1558694105664 -308651
1558694105664 -332974
1558694106640 -333950
1558694106640 -293273
1558694106685 -309672
1558694108753 -295386
1558694109887 -337196
1558694109887 -337196
1558694111656 -314642
1558694111936 -339244
1558694113568 -300200
1558694115464 -337784
1558694118270 -345576
1558694120147 -347453
1558694122148 -308779
1558694122230 -349535
1558694123067 -303862
1558694127040 -354344
1558694127938 -350255
1558694128918 -351235
1558694130848 -358150
1558694130887 -311680
1558694131688 -293237
1558694131850 -354166
1558694133632 -295181
1558694133821 -284496
1558694133880 -361182
1558694135765 -358080
1558694138502 -300050
1558694139691 -362004
1558694140611 -367913
1558694142454 -293128
1558694143594 -365906
1558694145298 -306845
1558694145541 -313579
1558694145541 -319509
1558694146262 -307809
1558694148304 -322272
1558694153205 -279776
1558694154363 -328330
1558694158993 -285563
1558694159090 -333056
1558694160054 -334020
1558694161988 -335954
1558694163945 -337911
1558694165901 -339866
1558694166783 -334818
1558694174552 -300863
1558694177996 -295181
1558694178461 -304771
1558694178974 -296159
1558694180421 -306731
1558694181341 -349374
1558694184796 -301980
1558694186273 -360233
1558694187713 -304897
1558694189256 -338868
1558694193003 -334840
1558694198950 -348561
1558694202232 -289449
1558694202836 -352446
1558694205687 -347522
1558694208988 -296204
1558694208988 -296204
1558694209929 -297145
1558694211375 -353209
1558694220932 -308146
1558694223751 -310965
1558694224307 -373915
1558694224612 -311826
1558694225164 -374772
1558694225377 -312591
1558694225377 -312591
1558694226065 -367896
1558694227286 -288462
1558694231741 -309728
1558694233846 -340794
1558694234885 -341833
1558694235106 -296281
1558694236694 -284570
1558694243593 -291468
1558694243593 -291468
1558694245627 -293502
1558694250447 -298321
1558694251541 -299415
1558694257238 -293054
1558694257974 -348316
1558694261255 -368200
1558694262910 -291394
1558694263055 -298870
1558694264889 -293372
1558694265032 -300847
1558694265824 -356165
1558694265836 -356177
1558694265869 -294352
1558694268756 -359097
1558694268756 -359096
1558694269742 -360082
1558694270984 -377927
1558694275542 -313628
1558694275606 -311419
1558694275803 -340094
1558694276784 -341075
1558694277461 -315547
1558694279399 -317485
1558694281485 -319570
1558694287226 -325310
1558694287610 -351899
1558694290274 -291543
1558694291234 -297527
1558694293965 -332048
1558694294197 -300490
1558694294217 -295486
1558694295168 -301461
1558694295325 -359613
1558694297278 -361566
1558694303443 -341521
1558694303443 -341521
1558694303879 -305146
1558694305892 -307159
1558694310637 -284053
1558694310770 -283853
1558694311055 -375341
1558694319618 -292700
1558694325137 -298552
1558694326112 -299526
1558694326582 -335596
1558694327552 -336566
1558694328306 -301382
1558694333340 -342353
1558694335257 -344270
1558694337204 -346217
1558694340769 -288093
1558694341048 -350060
1558694342728 -290051
1558694343190 -343277
1558694343943 -352955
1558694345162 -345249
1558694345872 -354884
1558694346025 -295803
1558694346154 -346240
1558694348026 -297804
1558694348995 -298772
1558694350517 -359528
1558694350762 -300539
1558694357654 -307430
1558694359197 -306518
1558694359913 -359997
1558694359923 -333802
1558694360142 -369151
1558694361622 -291030
1558694363096 -310417
1558694365514 -294921
1558694365648 -339526
1558694366499 -295906
1558694367821 -289093
1558694368599 -342477
1558694369778 -291049
1558694371466 -300873
1558694371749 -293020
1558694373523 -347401
1558694374277 -303683
1558694377600 -298870
1558694378473 -347470
1558694378577 -299847
1558694380402 -349398
1558694381361 -350357
1558694381391 -355268
1558694381508 -302778
1558694384345 -358221
1558694386019 -292130
1558694389093 -362969
1558694391928 -298039
1558694396960 -370835
1558694397654 -303764
1558694398945 -290319
1558694400632 -306741
1558694400643 -278560
1558694401592 -279509
1558694404880 -330210
1558694409713 -301086
1558694409773 -335102
1558694410144 -322882
1558694411443 -289359
1558694412062 -324800
1558694412637 -304009
1558694414038 -326775
1558694416574 -307946
1558694418440 -296355
1558694424205 -285713
1558694425200 -286708
1558694425325 -350652
1558694425325 -350652
1558694425561 -338297
1558694432023 -293530
1558694434955 -296462
1558694435875 -291467
1558694438954 -364279
1558694445816 -371140
1558694446798 -315925
1558694450458 -306048
1558694452400 -283957
1558694453684 -322810
1558694454347 -285903
1558694455654 -324780
1558694458180 -346269
1558694458445 -327570
1558694461181 -292735
1558694463020 -351108
1558694463020 -351108
1558694463363 -332488
1558694463363 -332488
1558694466188 -297503
1558694467908 -299459
1558694468276 -337400
1558694468792 -356879
1558694470805 -302355
1558694473604 -361691
1558694474574 -362660
1558694474875 -305805
1558694475854 -306784
1558694477822 -308752
1558694479091 -348214
1558694479414 -367500
1558694479598 -311145
1558694482044 -351166
1558694483855 -352977
1558694484479 -290889
1558694484709 -295598
1558694485456 -291866
1558694487778 -356898
1558694487913 -375998
1558694491621 -302509
1558694495062 -301469
1558694495626 -327823
1558694497643 -344110
1558694500945 -307350
1558694501553 -348020
1558694501922 -308327
1558694504845 -311249
1558694505263 -337459
1558694506229 -338425
1558694507769 -314172
1558694510186 -304426
1558694513954 -346149
1558694516147 -362612
1558694522268 -298681
1558694524023 -370487
1558694527170 -373633
1558694527830 -296093
1558694529313 -305726
1558694530297 -306710
1558694530373 -306786
1558694531210 -299472
1558694531901 -300163
1558694532791 -301053
1558694536519 -283262
1558694536645 -315351
1558694536645 -315351
1558694536763 -313175
1558694539468 -286210
1558694541724 -319389
1558694545585 -323249
1558694547514 -325178
1558694549139 -295879
1558694549503 -301767
1558694551111 -297851
1558694555349 -307613
1558694555349 -307613
1558694557034 -303707
1558694557174 -334836
1558694559088 -336750
1558694560071 -337733
1558694560109 -338812
1558694564992 -293962
1558694565734 -312405
1558694566013 -344716
1558694566853 -344514
1558694572601 -293140
1558694573768 -302737
1558694578517 -299054
1558694580456 -300993
1558694584434 -304969
1558694586308 -315275
1558694601349 -356628
1558694603265 -358543
1558694603900 -314586
1558694606848 -300988
1558694616448 -301869
1558694617789 -370261
1558694622543 -323589
1558694625249 -310669
1558694626403 -327448
1558694631080 -332125
1558694635219 -301994
1558694635898 -336942
1558694636305 -345227
1558694637801 -296010
1558694639754 -297963
1558694640240 -349162
1558694641237 -350158
1558694642688 -300897
1558694643233 -352154
1558694644884 -295094
1558694649797 -300006
1558694650520 -308728
1558694651329 -352371
1558694654839 -363758
1558694656798 -365716
1558694657671 -307879
1558694658078 -359119
1558694658799 -367717
1558694659753 -368670
1558694660818 -361858
1558694660818 -361858
1558694662427 -292933
1558694666020 -294281
1558694667952 -296212
1558694671276 -301781
1558694671562 -320459
1558694672391 -321853
1558694674782 -303041
1558694675760 -304019
1558694676235 -325697
1558694676577 -304836
1558694677551 -305810
1558694679159 -328620
1558694679198 -309701
1558694680089 -329550
1558694685868 -293956
1558694686350 -314607
1558694689101 -337996
1558694690694 -340153
1558694692267 -290390
1558694694117 -343012
1558694698417 -347875
1558694698662 -306749
1558694699750 -348644
1558694705162 -354618
1558694705545 -293140
1558694705546 -293141
1558694706527 -294122
1558694706638 -355530
1558694712265 -299859
1558694713278 -300872
1558694716498 -314617
1558694718437 -340655
1558694718442 -316561
1558694720437 -342655
1558694721275 -308868
1558694728270 -293398
1558694728270 -296204
1558694729221 -351438
1558694730164 -295292
1558694731189 -353406
1558694734750 -299877
1558694736867 -304798
1558694743703 -311632
1558694748609 -370823
1558694749593 -371807
1558694752439 -295113
1558694753330 -291170
1558694753425 -296098
1558694761132 -298971
1558694762110 -299949
1558694764083 -284296
1558694765042 -302881
1558694766997 -304836
1558694768021 -288233
1558694773680 -311516
1558694773680 -311516
1558694778570 -286442
1558694779825 -300036
1558694782476 -290347
1558694782615 -302825
1558694785567 -292993
1558694792451 -299876
1558694793436 -300861
1558694794419 -301844
1558694795402 -302827
1558694796386 -303811
