1558693125103 -805
1558693127184 -2885
1558693133828 -9529
1558693137711 -13412
1558693145545 -21246
1558693158036 -33736
1558693166733 -39689
1558693179300 -52256
1558693183190 -56146
1558693204556 -77480
1558693204556 -77480
1558693205545 -78469
1558693208451 -81375
1558693211391 -84315
1558693220044 -92937
1558693224926 -97819
1558693230812 -103704
1558693238647 -111538
1558693242361 -115252
1558693255065 -127956
1558693258968 -131859
1558693258968 -131859
1558693265813 -138703
1558693270536 -143426
1558693272494 -145384
1558693273475 -146365
1558693275426 -148316
1558693275426 -148316
1558693286300 -155199
1558693292930 -161829
1558693294888 -163787
1558693300701 -169600
1558693301694 -170593
1558693306555 -175454
1558693311458 -180357
1558693313413 -182312
1558693314214 -183113
1558693317155 -186054
1558693325959 -194855
1558693332801 -201697
1558693333780 -202676
1558693349280 -218176
1558693371592 -239307
1558693372578 -240293
1558693396853 -264567
1558693400758 -268472
1558693413308 -281022
1558693417224 -284938
1558693435745 -303458
1558693436693 -304406
1558693442535 -310248
1558693446400 -302848
1558693452276 -308723
1558693454216 -310663
1558693454216 -310663
1558693456175 -312622
1558693463824 -320270
1558693484197 -340638
1558693512677 -671
1558693525435 -13428
1558693526390 -14383
1558693536006 -23999
1558693537956 -25949
1558693544787 -32780
1558693554560 -42553
1558693556512 -43247
1558693560275 -47010
1558693574927 -61661
1558693602144 -88871
1558693605082 -91809
1558693620562 -105520
1558693622539 -107497
1558693638981 -123939
1558693648758 -133716
1558693677780 -160198
1558693678794 -161212
1558693691497 -173914
1558693694422 -176838
1558693701229 -183645
1558693710844 -193259
1558693720619 -202608
1558693725367 -207356
1558693727321 -209310
1558693729327 -211315
1558693730303 -212291
1558693732204 -214192
1558693741963 -223950
1558693745921 -227908
1558693745921 -227908
1558693746869 -228856
1558693749642 -231629
1558693750615 -232602
1558693751618 -233605
1558693753540 -235527
1558693753540 -235527
1558693754521 -236508
1558693757451 -239438
1558693765362 -247348
1558693766292 -245425
1558693772151 -251284
1558693773956 -253089
1558693787604 -266737
1558693794494 -273627
1558693799304 -278437
1558693802221 -281353
1558693805092 -284224
1558693812945 -292077
1558693823545 -302677
1558693824522 -303654
1558693825484 -304616
1558693831294 -297757
1558693842036 -308497
1558693845835 -312296
1558693848753 -315213
1558693861449 -327907
1558693864369 -330827
1558693870150 -336607
1558693874976 -319238
1558693879857 -324119
1558693894398 -338658
1558693903467 -347725
1558693911204 -355461
1558693922579 -332790
1558693922579 -332790
1558693926488 -336699
1558693927439 -337650
1558693946844 -357052
1558693950764 -360757
1558693968203 -340482
1558693970163 -342442
1558693972109 -344388
1558693973097 -345376
1558693976011 -348289
1558693981903 -354180
1558693986770 -359047
1558693991530 -363806
1558693998341 -370616
1558693999334 -371609
1558694005183 -322292
1558694006161 -323270
1558694009092 -326201
1558694023597 -340704
1558694024625 -341732
1558694032404 -349510
1558694033401 -350506
1558694039092 -356197
1558694051794 -335034
1558694055707 -338947
1558694058480 -341719
1558694070243 -353481
1558694077077 -360314
1558694087647 -370882
1558694087647 -370882
1558694099380 -326403
1558694105318 -332340
1558694106109 -333131
1558694116825 -343846
1558694139154 -336932
1558694148938 -346715
1558694158604 -356380
1558694165383 -363158
1558694170274 -368049
1558694197553 -340785
1558694206236 -349466
1558694211014 -354242
1558694225579 -318314
1558694233376 -326111
1558694236398 -329132
1558694241344 -334078
1558694242322 -335055
1558694259775 -352505
1558694272661 -322791
1558694275357 -325486
1558694287162 -337290
1558694301751 -351877
1558694303720 -353846
1558694306684 -356809
1558694307661 -357786
1558694310608 -309286
1558694312572 -311250
1558694317495 -316172
1558694321262 -319939
1558694323229 -321905
1558694328150 -326826
1558694331117 -329792
1558694339955 -338629
1558694346680 -345354
1558694351601 -350274
1558694355539 -354210
1558694369147 -314372
1558694377032 -322256
1558694378991 -324215
1558694381944 -327168
1558694383910 -329133
1558694384897 -330120
1558694385878 -331101
1558694400485 -345706
1558694406380 -351599
1558694427847 -323551
1558694429816 -325520
1558694439665 -335368
1558694448356 -344057
