1558693129714 -5501
1558693130060 -6297
1558693133955 -10192
1558693135668 -11455
1558693138520 -14306
1558693139866 -16103
1558693139905 -16142
1558693143704 -19941
1558693145225 -21011
1558693148328 -24565
1558693151316 -27552
1558693152279 -28515
1558693152279 -28515
1558693153722 -29508
1558693160064 -35361
1558693168714 -44010
1558693174513 -49809
1558693175404 -50700
1558693184431 -60022
1558693187391 -62981
1558693197625 -72920
1558693197662 -72957
1558693205344 -79913
1558693206640 -80040
1558693206652 -80052
1558693207253 -81822
1558693208229 -82798
1558693209193 -83762
1558693209193 -83762
1558693210167 -84736
1558693213087 -87656
1558693215025 -89593
1558693215993 -90561
1558693217151 -90551
1558693217769 -92337
1558693217773 -92341
1558693220079 -93479
1558693221669 -96236
1558693225556 -100123
1558693226520 -101087
1558693227842 -101242
1558693231377 -105943
1558693233314 -107880
1558693235267 -109833
1558693243270 -116669
1558693243851 -115179
1558693247773 -119101
1558693250021 -123291
1558693251682 -123010
1558693253648 -124976
1558693255591 -126919
1558693256588 -127916
1558693257576 -128904
1558693257576 -128904
1558693259497 -130825
1558693260476 -131804
1558693261457 -132785
1558693264430 -137700
1558693264430 -137700
1558693270102 -141429
1558693271237 -144506
1558693272043 -143370
1558693274968 -146295
1558693278899 -150226
1558693278899 -150226
1558693292479 -162461
1558693292518 -162500
1558693293509 -163491
1558693305138 -175120
1558693310965 -180947
1558693312715 -184410
1558693313751 -183733
1558693316676 -186658
1558693317662 -187644
1558693319599 -189581
1558693320445 -192140
1558693321553 -191535
1558693323359 -195054
1558693326455 -196437
1558693326455 -196437
1558693328398 -198380
1558693329399 -199381
1558693329410 -199392
1558693331004 -202699
1558693334868 -206441
1558693336810 -208383
1558693337028 -205433
1558693339745 -211318
1558693340748 -212316
1558693341914 -210319
1558693343641 -215209
1558693344847 -213252
1558693349496 -221064
1558693350767 -219171
1558693353168 -224735
1558693354620 -223024
1558693359510 -227914
1558693359510 -227914
1558693362874 -234441
1558693363258 -231662
1558693364234 -232638
1558693364819 -236386
1558693365211 -233615
1558693368720 -238563
1558693370653 -240496
1558693373032 -241192
1558693377284 -247127
1558693379259 -249102
1558693382148 -251991
1558693384594 -252754
1558693389486 -257646
1558693389487 -257647
1558693389487 -257647
1558693390878 -260720
1558693396333 -264493
1558693397309 -265469
1558693400233 -268393
1558693401419 -271132
1558693404312 -274025
1558693405339 -275052
1558693410855 -261314
1558693413759 -264218
1558693416692 -267150
1558693419628 -270086
1558693420636 -271094
1558693429403 -284186
1558693435216 -278071
1558693436212 -279066
1558693439051 -281905
1558693439066 -281920
1558693440101 -284945
1558693440967 -283821
1558693443894 -286748
1558693444872 -276802
1558693445850 -277780
1558693449631 -285309
1558693453686 -285615
1558693453686 -285615
1558693455467 -287396
1558693457412 -293089
1558693459340 -295017
1558693460362 -292289
1558693460367 -292294
1558693461331 -293258
1558693463221 -298898
1558693510103 -68
1558693512445 -33
1558693515361 -5326
1558693515904 -3492
1558693517303 -7268
1558693522161 -12126
1558693524112 -14076
1558693524705 -12292
1558693533508 -21095
1558693538232 -25818
1558693540231 -27817
1558693541201 -28787
1558693552888 -40473
1558693553087 -42685
1558693555018 -44616
1558693557777 -45362
1558693562503 -49531
1558693564538 -51566
1558693569342 -56370
1558693572297 -59325
1558693575194 -62220
1558693577146 -64172
1558693578125 -65150
1558693579102 -66127
1558693580078 -67103
1558693580933 -70528
1558693581054 -68079
1558693583858 -70883
1558693585828 -72853
1558693586896 -73920
1558693589758 -76782
1558693589758 -76782
1558693593624 -80648
1558693596531 -86125
1558693596593 -83617
1558693596593 -83617
1558693596593 -83617
1558693597528 -84552
1558693599384 -88978
1558693599469 -86492
1558693600469 -87492
1558693601417 -88440
1558693602396 -89419
1558693607994 -95061
1558693608958 -96025
1558693609108 -96131
1558693609119 -96142
1558693614971 -99449
1558693616901 -101379
1558693616901 -101379
1558693620812 -105290
1558693621557 -108623
1558693622552 -109618
1558693622764 -107241
1558693624725 -109202
1558693626727 -111204
1558693631403 -115880
1558693633070 -120136
1558693637268 -121745
1558693638246 -122723
1558693639857 -126923
1558693641178 -125654
1558693642157 -126633
1558693647622 -134153
1558693654258 -140789
1558693657191 -143722
1558693657191 -143722
1558693657625 -142101
1558693658605 -143080
1558693660087 -146618
1558693669841 -156371
1558693672283 -156746
1558693674680 -161210
1558693675220 -159682
1558693675221 -159683
1558693677988 -162450
1558693681376 -167906
1558693683246 -169776
1558693683853 -168315
1558693683853 -168315
1558693688741 -172250
1558693689081 -175611
1558693692645 -176154
1558693696558 -180067
1558693696840 -180476
1558693697537 -181045
1558693700466 -183974
1558693702264 -185772
1558693702511 -186147
1558693703481 -187116
1558693704454 -188089
1558693704455 -188089
1558693705191 -188699
1558693706399 -190033
1558693707369 -191003
1558693708123 -191631
1558693710080 -193587
1558693713013 -196520
1558693714980 -198487
1558693715972 -199479
1558693716132 -199766
1558693716921 -200428
1558693718058 -201692
1558693718876 -202383
1558693721808 -205314
1558693723732 -207366
1558693739237 -222741
1558693740212 -223716
1558693741189 -224693
1558693743159 -225449
1558693745099 -228603
1558693747053 -230557
1558693749826 -228253
1558693751790 -230217
1558693751791 -230218
1558693754646 -236936
1558693755624 -237914
1558693757643 -236070
1558693758619 -237046
1558693765394 -247684
1558693765506 -243932
1558693769371 -247797
1558693772324 -250750
1558693776053 -254478
1558693779968 -258393
1558693787501 -251817
1558693789448 -253764
1558693792398 -256713
1558693797077 -261391
1558693797429 -275853
1558693799518 -277262
1558693803350 -281094
1558693805848 -258434
1558693808237 -285981
1558693808271 -286015
1558693808816 -261401
1558693811166 -288910
1558693811188 -288932
1558693813103 -290847
1558693814066 -291810
1558693819281 -271864
1558693820772 -298516
1558693826550 -304294
1558693827519 -305263
1558693828959 -271145
1558693829471 -307215
1558693830449 -308193
1558693832524 -310267
1558693834420 -312163
1558693835341 -313084
1558693840639 -282823
1558693842173 -319809
1558693844948 -322583
1558693847906 -325541
1558693848859 -326494
1558693857938 -288325
1558693859603 -337238
1558693859882 -271995
1558693862809 -274922
1558693864489 -342124
1558693865562 -277674
1558693868350 -332812
1558693871408 -283520
1558693871422 -283533
1558693872188 -336649
1558693872358 -284469
1558693873135 -337596
1558693873135 -337596
1558693875091 -339552
1558693875095 -339556
1558693878020 -342481
1558693878176 -290287
1558693879026 -343486
1558693879972 -344432
1558693883998 -278730
1558693885842 -350301
1558693886912 -281643
1558693888771 -353230
1558693889747 -354206
1558693892551 -357010
1558693893506 -357965
1558693896423 -360881
1558693898420 -293150
1558693899372 -363830
1558693899385 -363843
1558693899394 -294124
1558693901431 -365888
1558693903539 -298268
1558693903539 -367996
1558693904488 -368945
1558693909493 -266715
1558693909493 -266715
1558693911217 -268439
1558693913923 -271144
1558693915845 -355227
1558693915845 -355227
1558693919671 -276891
1558693928360 -285579
1558693928360 -285579
1558693929491 -368870
1558693931507 -370886
1558693934190 -291408
1558693934380 -373759
1558693934380 -373759
1558693935354 -374733
1558693942038 -381416
1558693943012 -382390
1558693946929 -386306
1558693950854 -390230
1558693951535 -295284
1558693953772 -343654
1558693957671 -347552
1558693958645 -348526
1558693962583 -352463
1558693965330 -355210
1558693965330 -355210
1558693965333 -355213
1558693966892 -310639
1558693970232 -360111
1558693972175 -362054
1558693975124 -365002
1558693980960 -370838
1558693981934 -371812
1558693987649 -377526
1558693988634 -378510
1558693991583 -381458
1558693991583 -381458
1558693992568 -382443
1558693993942 -310698
1558694000379 -356106
1558694002299 -358026
1558694002300 -358027
1558694008158 -363884
1558694008343 -292218
1558694008343 -292218
1558694009135 -364861
1558694012910 -368636
1558694014878 -370603
1558694015820 -371545
1558694016796 -372521
1558694018048 -301922
1558694020709 -376434
1558694029724 -283643
1558694034391 -390114
1558694037165 -392887
1558694037316 -291234
1558694039127 -339448
1558694042234 -296151
1558694043048 -343368
1558694045118 -299034
1558694054770 -355089
1558694058529 -312444
1558694062432 -362750
1558694064386 -364704
1558694064386 -364703
1558694066342 -366659
1558694067307 -367624
1558694070255 -370572
1558694075114 -375430
1558694078041 -378357
1558694085564 -309669
1558694085564 -309669
1558694088634 -363003
1558694090424 -284612
1558694090583 -364952
1558694091393 -285580
1558694093518 -367886
1558694095285 -289472
1558694095484 -369852
1558694099375 -373743
1558694103305 -377672
1558694104878 -299063
1558694107903 -302088
1558694110135 -384501
1558694115591 -309775
1558694115850 -390215
1558694121702 -396067
1558694131313 -353280
1558694132279 -354246
1558694137166 -359132
1558694141122 -363087
1558694144033 -365998
1558694144986 -366951
1558694145475 -305827
1558694146459 -306811
1558694149878 -371842
1558694151167 -311518
1558694152121 -312472
1558694152818 -374782
1558694162423 -384385
1558694165690 -300098
1558694167304 -342412
1558694179854 -354960
1558694183766 -358872
1558694184750 -359856
1558694188849 -298166
1558694192596 -367700
1558694196583 -371687
1558694198491 -373595
1558694199474 -374577
1558694201252 -376355
1558694201271 -376374
1558694203252 -378355
1558694204219 -379322
1558694205277 -288523
1558694212953 -340526
1558694214996 -298241
1558694223873 -351444
1558694223873 -351444
1558694225505 -308748
1558694227470 -355041
1558694228366 -311609
1558694233295 -360865
1558694236222 -289566
1558694242166 -369735
1558694243914 -297257
1558694244141 -371710
1558694246130 -373698
1558694248130 -375698
1558694249773 -303116
1558694250020 -377588
1558694254642 -362831
1558694256594 -364782
1558694261412 -292476
1558694261505 -369693
1558694262395 -293459
1558694266313 -297376
1558694272320 -380506
1558694272348 -380534
1558694278900 -387086
1558694285747 -393932
1558694288602 -293694
1558694289652 -397836
1558694292377 -297468
1558694293564 -401748
1558694296352 -404535
1558694298214 -303304
1558694299262 -350375
1558694300169 -305259
1558694301145 -306235
1558694305057 -310146
1558694310922 -316010
1558694311903 -287034
1558694312034 -363146
1558694315981 -367092
1558694317942 -369053
1558694319603 -294733
1558694319890 -371001
1558694319890 -371001
1558694321702 -372813
1558694322684 -373795
1558694328586 -379696
1558694331561 -382670
1558694332515 -383624
1558694335201 -310329
1558694335461 -386570
1558694341363 -362268
1558694342346 -363251
1558694342859 -289149
1558694344822 -291112
1558694346115 -367019
1558694346116 -367020
1558694353000 -373904
1558694353000 -373904
1558694353611 -299899
1558694355951 -376854
1558694357915 -378818
1558694357915 -378818
1558694359880 -380783
1558694361848 -382751
1558694361850 -382752
1558694362832 -383734
1558694365780 -386682
1558694367747 -388649
1558694368577 -389479
1558694371030 -287392
1558694371536 -392437
1558694381351 -402251
1558694381781 -298138
1558694390197 -356425
1558694395977 -362204
1558694395977 -362204
1558694401179 -295316
1558694403135 -297272
1558694403135 -297272
1558694410788 -304923
1558694414736 -380961
1558694417537 -383762
1558694417768 -311902
1558694419481 -385705
1558694420408 -386632
1558694425443 -286782
1558694430187 -336613
1558694431170 -337596
1558694432154 -338580
1558694432289 -293627
1558694435047 -296384
1558694436100 -342525
1558694439858 -346283
1558694439933 -301269
1558694441826 -348250
1558694445794 -307130
1558694446737 -353161
1558694455595 -362018
1558694456542 -291780
1558694459522 -365944
1558694459522 -365944
1558694461489 -367911
1558694462484 -368906
1558694469094 -304330
1558694471158 -351245
1558694471159 -351246
1558694473126 -353212
1558694480010 -360096
1558694480991 -361076
1558694482958 -363043
1558694482959 -363044
1558694483949 -364034
1558694485909 -365994
1558694489447 -294778
1558694489690 -369774
1558694496560 -376643
1558694497255 -302585
1558694497566 -377649
1558694500562 -380645
1558694502457 -382540
1558694504109 -309438
1558694504439 -384521
1558694504444 -384526
1558694507412 -387494
1558694507844 -313172
1558694508354 -388436
1558694508355 -388437
1558694513720 -289213
1558694517044 -341748
1558694519566 -295059
1558694519994 -344697
1558694521959 -346662
1558694522505 -297997
1558694523928 -348631
1558694525951 -350654
1558694527542 -303034
1558694530055 -354757
1558694534837 -359538
1558694535092 -310583
1558694535591 -360292
1558694536988 -312478
1558694536989 -312479
1558694539920 -315410
1558694540474 -365175
1558694541460 -366160
1558694544814 -301751
1558694549326 -374025
1558694551659 -308595
1558694568117 -297074
1558694569103 -298059
1558694570842 -368336
1558694571785 -369278
1558694573760 -371253
1558694579665 -377157
1558694584453 -381944
1558694584584 -313538
1558694586365 -383856
1558694588468 -317422
1558694594237 -391727
1558694599149 -396638
1558694601111 -348925
1558694603077 -350891
1558694606020 -353834
1558694607011 -354825
1558694609798 -357611
1558694610777 -358590
1558694610787 -309595
1558694611814 -310621
1558694624321 -293023
1558694624557 -372368
1558694627497 -375308
1558694629461 -377272
1558694631277 -379088
1558694632258 -380068
1558694633105 -301806
1558694636184 -383994
1558694639944 -308641
1558694639945 -308642
1558694645033 -355166
1558694648581 -317275
1558694653469 -292036
1558694660308 -298874
1558694664553 -374683
1558694669460 -379590
1558694671866 -310431
1558694680129 -390257
1558694680669 -289270
1558694680671 -289272
1558694683079 -393207
1558694683086 -393214
1558694684059 -394186
1558694685554 -294155
1558694692971 -348745
1558694693936 -349710
1558694693936 -349710
1558694696855 -352629
1558694697817 -353591
1558694698114 -306713
1558694698802 -354576
1558694702734 -358507
1558694702983 -311581
1558694711418 -367190
1558694715348 -371119
1558694715691 -295092
1558694716343 -372114
1558694720470 -299870
1558694720470 -299870
1558694723548 -379318
1558694725460 -381230
1558694726405 -382175
1558694728515 -307914
1558694729434 -308833
1558694729434 -308833
1558694733148 -312546
1558694741739 -367128
1558694741923 -291241
1558694742724 -368113
1558694747642 -373029
1558694747646 -373033
1558694748605 -297923
1558694749586 -298903
1558694753496 -302813
1558694756329 -381713
1558694759269 -384652
1558694759270 -384652
1558694759348 -308664
1558694760330 -309646
1558694761235 -386617
1558694761310 -310626
1558694762218 -387600
1558694763202 -388583
1558694764185 -389566
1558694765211 -314526
1558694767137 -392517
1558694768144 -393523
1558694769108 -394487
1558694770089 -395468
1558694770915 -286358
1558694773849 -289292
1558694774021 -342475
1558694774826 -290269
1558694776788 -292230
1558694777791 -346245
1558694797463 -365913
