1558693132926 -14395
1558693136880 -18349
1558693142532 -23999
1558693143479 -24946
1558693148281 -29748
1558693151283 -32750
1558693154200 -35666
1558693156042 -37508
1558693159126 -40592
1558693165646 -47112
1558693167544 -49010
1558693168530 -49996
1558693168537 -50003
1558693172545 -54011
1558693178283 -59749
1558693187234 -68659
1558693204298 -85617
1558693211098 -92417
1558693225529 -106847
1558693233284 -114602
1558693239935 -121253
1558693258394 -139676
1558693263072 -144354
1558693263078 -144360
1558693276711 -157993
1558693279650 -160932
1558693280681 -161963
1558693303755 -184613
1558693311331 -192188
1558693318163 -199019
1558693329806 -210657
1558693330649 -211496
1558693332599 -213445
1558693350229 -230715
1558693353102 -233587
1558693354076 -234561
1558693354910 -235394
1558693361736 -242210
1558693366630 -247102
1558693383089 -263554
1558693385037 -265501
1558693386989 -267038
1558693389934 -269982
1558693405495 -285531
1558693411315 -278620
1558693418113 -285418
1558693420086 -287391
1558693428713 -289678
1558693439481 -292086
1558693441411 -294016
1558693451997 -293778
1558693457880 -299660
1558693461767 -296860
1558693465678 -300771
1558693473331 -308423
1558693474312 -301809
1558693479199 -306696
1558693482132 -309627
1558693512784 -3503
1558693516699 -7418
1558693525512 -16230
1558693531345 -22063
1558693540984 -31701
1558693543894 -34611
1558693550734 -41450
1558693554641 -45357
1558693561333 -49444
1558693566200 -54311
1558693574019 -62129
1558693578909 -67019
1558693580753 -68863
1558693581705 -69815
1558693590560 -78669
1558693592471 -80580
1558693611836 -99056
1558693613836 -101056
1558693616717 -103937
1558693621593 -108813
1558693631231 -118451
1558693639999 -127219
1558693661358 -148577
1558693662339 -149558
1558693670173 -157392
1558693671148 -158367
1558693677820 -161789
1558693717712 -201678
1558693743942 -227220
1558693744919 -228197
1558693745971 -229249
1558693753553 -236831
1558693757468 -240746
1558693776862 -254158
1558693785649 -262945
1558693796332 -273628
1558693806061 -283357
1558693807098 -284394
1558693810006 -287302
1558693812960 -280575
1558693813898 -281513
1558693816002 -283615
1558693828352 -295957
1558693835212 -289326
1558693838123 -292236
1558693842842 -296955
1558693845831 -299943
1558693848722 -302834
1558693856512 -299056
1558693859444 -301987
1558693866168 -308709
1558693871083 -295106
1558693872977 -296999
1558693875923 -299944
1558693877876 -301897
1558693883718 -307738
1558693892354 -316373
1558693897238 -290292
1558693902235 -295288
1558693904321 -297374
1558693914815 -307867
1558693921538 -314588
1558693925439 -318489
1558693926454 -319504
1558693928363 -321412
1558693934223 -303987
1558693941879 -311642
1558693951676 -271892
1558693954587 -274802
1558693956563 -276778
1558693960308 -280522
1558693962247 -282461
1558693987503 -307710
1558693988496 -308703
1558693991430 -311637
1558693999224 -285422
1558694001199 -287397
1558694003129 -289326
1558694005086 -291283
1558694013735 -299931
1558694016652 -302848
1558694016652 -302848
1558694037996 -294053
1558694042913 -298970
1558694044864 -300920
1558694048748 -304804
1558694049732 -305788
1558694055422 -311477
1558694056402 -312457
1558694065222 -288368
1558694069108 -292253
1558694074976 -298120
1558694079709 -302853
1558694085567 -308710
1558694094361 -287345
1558694095345 -288329
1558694110068 -303051
1558694111948 -304930
1558694118631 -311612
1558694120584 -313565
1558694130188 -296917
1558694134099 -300827
1558694135074 -301802
1558694143873 -310599
1558694161316 -301872
1558694164237 -304793
1558694174030 -314584
1558694177777 -288360
1558694187606 -298188
1558694204236 -314816
1558694213011 -293435
1558694236514 -296579
1558694241443 -301507
1558694243410 -303474
1558694247243 -307306
1558694252138 -312201
1558694260888 -294734
1558694263834 -297680
1558694273632 -307477
1558694282345 -316189
1558694284304 -318147
1558694284305 -318148
1558694292178 -295884
1558694310691 -314395
1558694332157 -307666
1558694334133 -309642
1558694337083 -312592
1558694344779 -286424
1558694345767 -287411
1558694353633 -295276
1558694353635 -295278
1558694355600 -297243
1558694356582 -298225
1558694358549 -300192
1558694364474 -306116
1558694379046 -291526
1558694385936 -298416
1558694402483 -314960
1558694403478 -315955
1558694407431 -289782
1558694408390 -290741
1558694409381 -291732
1558694414177 -296527
1558694419134 -301484
1558694422969 -305318
1558694422969 -305318
1558694423954 -306303
1558694424953 -307302
1558694442472 -290938
1558694448377 -296842
1558694450347 -298812
1558694451325 -299790
1558694454275 -302739
1558694464922 -313385
1558694472797 -292078
1558694477713 -296993
1558694477713 -296993
1558694487379 -306657
1558694492294 -311571
1558694506073 -296011
1558694512808 -302745
1558694528793 -288398
1558694531692 -291297
1558694552950 -312552
1558694573478 -302914
1558694578369 -307803
1558694588020 -288146
1558694608513 -308636
1558694609493 -309616
1558694617377 -317499
1558694620323 -296028
1558694622288 -297993
1558694634912 -310615
1558694634920 -310623
1558694635890 -311593
1558694640802 -316505
1558694661291 -311592
1558694663260 -313560
1558694663260 -313560
1558694664278 -314578
1558694667195 -317495
1558694671126 -292086
1558694679823 -300781
1558694681819 -302777
1558694685726 -306684
1558694689663 -310620
1558694706218 -296847
1558694710149 -300777
1558694717036 -307663
1558694719022 -309649
1558694726922 -317548
1558694728904 -289380
1558694733631 -294106
1558694743423 -303897
1558694748336 -308809
1558694750142 -310615
1558694764890 -295034
1558694769800 -299943
