1558693135146 -11585
1558693135146 -11585
1558693136020 -12459
1558693136071 -4772
1558693137942 -14381
1558693141901 -10601
1558693144731 -13431
1558693148565 -17265
1558693152381 -28819
1558693171614 -46705
1558693172763 -41462
1558693173729 -42428
1558693176412 -51503
1558693186185 -61276
1558693186286 -61377
1558693186333 -53430
1558693187442 -54539
1558693187442 -54539
1558693188610 -55707
1558693189430 -56527
1558693195854 -69851
1558693197049 -64145
1558693199944 -67040
1558693201579 -75576
1558693204634 -71730
1558693205614 -72710
1558693206518 -80514
1558693207543 -74639
1558693209505 -76601
1558693210492 -77588
1558693211476 -78572
1558693216365 -83461
1558693219302 -86398
1558693225143 -90643
1558693228912 -94412
1558693243580 -109079
1558693244309 -118251
1558693244339 -118281
1558693247225 -121167
1558693251217 -116716
1558693255130 -120629
1558693259041 -124540
1558693266857 -131308
1558693269789 -134240
1558693270767 -135218
1558693277453 -141904
1558693280463 -144913
1558693281303 -155242
1558693289199 -153649
1558693292925 -165716
1558693296867 -161316
1558693298801 -163250
1558693300650 -173441
1558693303709 -166884
1558693306623 -169798
1558693312513 -175688
1558693314470 -177645
1558693319358 -182533
1558693320037 -192827
1558693320319 -183493
1558693323092 -186266
1558693326024 -189198
1558693331762 -204108
1558693332875 -196049
1558693333716 -206062
1558693334693 -207039
1558693334696 -207042
1558693336780 -199954
1558693337465 -209811
1558693340415 -212760
1558693342370 -214715
1558693344317 -216661
1558693349211 -221555
1558693350379 -213551
1558693351200 -223544
1558693351200 -223544
1558693351326 -214498
1558693352155 -224499
1558693358148 -221320
1558693363728 -236071
1558693364716 -237059
1558693370667 -233839
1558693374578 -237750
1558693376426 -247340
1558693377422 -248336
1558693382292 -253206
1558693391904 -262818
1558693396791 -267703
1558693398841 -261390
1558693399822 -262371
1558693402663 -273575
1558693403638 -274550
1558693406615 -276911
1558693407671 -270220
1558693407700 -270249
1558693411326 -281622
1558693415202 -285498
1558693416291 -267686
1558693417163 -287459
1558693417163 -287459
1558693419223 -270618
1558693420109 -290405
1558693425086 -276480
1558693426057 -277451
1558693431933 -283326
1558693434724 -305019
1558693441541 -281383
1558693445446 -285288
1558693447413 -287254
1558693448389 -288230
1558693451234 -321528
1558693461808 -292870
1558693464733 -295793
1558693466689 -297748
1558693472557 -303614
1558693476469 -307524
1558693482172 -313225
1558693483149 -314201
1558693497814 -328859
1558693504492 -335535
1558693505469 -336511
1558693512186 -2495
1558693512698 -3476
1558693513721 -4499
1558693514137 -4446
1558693514137 -4446
1558693520985 -11294
1558693527835 -18144
1558693529362 -20140
1558693531742 -22051
1558693531743 -22052
1558693535058 -25836
1558693535501 -25810
1558693536031 -26809
1558693541920 -32697
1558693544812 -35589
1558693547769 -38546
1558693552645 -43422
1558693566152 -54584
1558693573973 -62405
1558693575929 -64361
1558693586603 -75035
1558693587045 -75671
1558693589952 -78578
1558693591884 -77980
1558693609306 -95401
1558693614750 -103029
1558693621039 -107134
1558693622017 -108112
1558693622562 -110841
1558693622994 -109089
1558693624495 -112774
1558693625929 -112024
1558693627476 -115755
1558693629678 -115773
1558693630222 -118500
1558693635144 -123422
1558693635563 -121658
1558693638992 -124620
1558693644352 -124463
1558693648768 -134396
1558693652552 -138179
1558693653958 -134069
1558693658399 -144026
1558693662306 -147916
1558693666202 -151812
1558693678824 -164434
1558693684111 -163931
1558693687615 -173224
1558693688531 -174140
1558693691496 -176562
1558693695375 -180441
1558693695846 -171817
1558693696357 -181423
1558693698335 -183401
1558693712800 -197865
1558693716724 -201788
1558693717189 -193117
1558693717190 -193118
1558693724377 -209440
1558693725361 -210424
1558693726343 -211406
1558693732208 -212448
1558693732672 -208599
1558693737140 -217379
1558693740006 -220245
1558693741470 -217397
1558693744899 -225138
1558693746866 -227105
1558693750109 -223146
1558693754024 -227061
1558693754522 -234761
1558693757448 -237687
1558693758424 -238663
1558693766730 -239767
1558693770188 -250427
1558693770989 -251228
1558693772982 -253220
1558693773949 -253766
1558693775374 -248411
1558693785164 -258200
1558693789059 -260134
1558693792508 -272325
1558693796290 -276106
1558693800719 -271794
1558693804172 -283988
1558693814912 -294728
1558693816829 -296645
1558693817248 -266771
1558693819608 -273295
1558693820017 -269540
1558693822569 -276255
1558693825882 -275404
1558693830285 -283971
1558693831811 -281332
1558693834301 -287986
1558693841047 -294731
1558693842337 -283373
1558693846787 -300470
1558693847223 -288259
1558693852108 -293143
1558693853087 -294122
1558693853598 -307280
1558693857493 -311174
1558693858482 -312163
1558693859450 -313131
1558693861421 -292107
1558693864343 -295023
1558693867146 -297826
1558693881809 -312486
1558693882264 -304888
1558693883234 -305858
1558693883729 -314405
1558693886167 -291970
1558693889605 -320279
1558693891390 -322064
1558693901280 -331953
1558693904307 -334980
1558693911176 -305201
1558693911601 -298103
1558693919082 -305583
1558693922014 -308514
1558693926908 -282557
1558693931352 -325374
1558693932287 -326309
1558693935219 -329241
1558693936197 -330219
1558693936684 -292331
1558693937991 -332013
1558693939971 -333992
1558693952168 -307814
1558693962329 -321368
1558693965695 -301763
1558693973044 -332080
1558693980354 -291310
1558693982311 -293267
1558693983846 -342880
1558693988535 -347569
1558693997789 -308743
1558694000258 -316575
1558694001699 -312652
1558694011858 -328173
1558694012304 -293154
1558694013278 -294128
1558694014770 -331085
1558694023547 -339861
1558694024560 -340874
1558694024574 -340888
1558694025983 -306831
1558694028921 -309769
1558694029412 -345725
1558694030413 -346726
1558694031397 -347709
1558694035115 -351426
1558694048318 -296248
1558694050760 -310750
1558694050763 -310753
1558694052223 -300152
1558694053195 -301124
1558694053708 -313697
1558694060854 -308782
1558694065300 -325287
1558694065750 -313678
1558694069653 -291343
1558694076029 -336014
1558694076513 -298202
1558694077473 -299162
1558694084657 -344639
1558694085136 -306824
1558694091010 -312698
1558694092473 -352452
1558694100778 -288401
1558694103246 -316635
1558694104554 -292176
1558694105069 -318458
1558694113600 -301221
1558694117750 -331137
1558694120167 -307787
1558694129313 -342699
1558694129787 -287448
1558694134664 -292324
1558694136616 -294276
1558694144956 -309769
1558694149852 -314665
1558694154285 -311943
1558694155200 -312858
1558694157178 -314835
1558694158528 -323339
1558694163419 -328229
1558694163829 -291346
1558694179819 -344627
1558694180277 -307792
1558694182233 -309748
1558694194489 -323355
1558694195472 -324337
1558694196017 -293338
1558694202244 -331108
1558694202736 -300056
1558694204711 -302030
1558694207170 -336034
1558694210026 -338889
1558694211938 -340801
1558694216404 -313722
1558694219686 -286908
1558694221095 -349957
1558694221231 -350093
1558694225956 -293177
1558694225986 -293207
1558694232284 -361143
1558694232819 -300040
1558694236259 -316615
1558694239219 -319574
1558694239236 -319591
1558694246673 -313892
1558694250872 -331226
1558694252766 -333119
1558694260549 -340901
1558694268119 -306334
1558694269474 -349825
1558694270457 -350808
1558694274780 -312994
1558694278093 -358442
1558694280088 -310922
1558694282640 -294584
1558694289517 -301460
1558694289517 -301460
1558694295652 -326484
1558694297614 -328446
1558694298207 -310147
1558694299190 -311130
1558694307061 -295701
1558694309445 -340276
1558694310401 -341231
1558694319077 -349906
1558694329559 -318197
1558694331509 -291022
1558694332477 -291990
1558694344119 -303631
1558694349059 -308570
1558694350014 -309525
1558694355915 -315425
1558694356295 -343421
1558694358866 -318376
1558694359268 -346393
1558694361825 -291189
1558694377767 -334383
1558694378376 -307738
1558694380343 -309705
1558694382312 -311674
1558694383683 -340298
1558694384280 -313641
1558694384280 -313641
1558694384649 -341264
1558694389203 -318564
1558694390019 -319380
1558694390385 -346999
1558694391992 -291204
1558694392980 -292192
1558694395302 -351915
1558694399859 -299069
1558694401202 -357814
1558694401203 -357815
1558694401823 -301033
1558694402192 -358804
1558694413021 -369625
1558694414530 -313738
1558694416871 -373473
1558694424280 -289609
1558694428584 -325113
1558694431543 -328072
1558694432517 -329046
1558694433128 -298456
1558694433128 -298456
1558694434112 -299440
1558694436473 -333001
1558694445137 -341664
1558694446738 -312064
1558694447101 -343627
1558694451034 -347560
1558694451650 -316976
1558694451650 -316976
1558694451650 -316976
1558694452019 -348545
1558694452019 -348545
1558694453002 -349527
1558694453003 -349528
1558694453987 -350512
1558694461481 -296627
1558694461870 -358392
1558694464668 -361188
1558694474481 -342188
1558694478194 -313340
1558694480389 -348095
1558694480389 -348095
1558694485307 -353012
1558694486731 -291782
1558694492027 -359732
1558694495586 -300636
1558694495963 -363667
1558694495963 -363667
1558694496952 -364656
1558694501486 -306535
1558694501874 -369577
1558694508370 -313418
1558694512542 -335358
1558694514129 -319176
1558694514490 -337305
1558694516456 -339271
1558694516456 -339271
1558694516457 -339272
1558694521388 -344202
1558694525969 -301900
1558694527432 -350245
1558694528433 -351246
1558694529034 -304965
1558694531154 -307085
1558694534149 -356957
1558694536953 -359758
1558694537934 -360739
1558694541871 -364427
1558694544821 -367377
1558694546408 -292128
1558694548757 -371313
1558694552695 -320010
1558694553295 -299014
1558694553297 -299016
1558694554697 -322011
1558694559418 -326732
1558694563025 -308742
1558694574179 -341490
1558694577118 -344429
1558694579116 -346427
1558694584823 -352133
1558694586793 -354102
1558694597629 -330619
1558694598612 -331602
1558694599205 -293074
1558694605112 -298980
1558694613188 -346176
1558694616149 -349136
1558694620078 -353065
1558694620692 -314558
1558694622040 -355027
1558694622656 -316522
1558694624996 -357982
1558694629383 -289037
1558694630732 -363718
1558694651034 -310684
1558694652379 -321444
1558694655765 -315415
1558694659093 -328157
1558694663032 -332095
1558694666003 -335066
1558694666590 -296056
1558694673464 -302928
1558694673854 -342916
1558694683526 -352585
1558694684123 -313581
1558694685107 -314565
1558694687074 -316531
1558694691405 -360461
1558694705009 -321292
1558694706588 -307713
1558694707572 -308697
1558694712487 -313612
1558694713490 -314615
1558694717800 -334083
1558694723503 -307514
1558694726665 -342948
1558694736320 -352602
1558694740246 -356527
1558694746165 -333936
1558694747151 -334922
1558694757411 -318484
1558694759375 -286248
1558694759375 -286248
1558694771176 -298047
1558694777892 -304763
1558694777892 -304763
1558694799369 -299805
1558694815107 -315541
