1558693125761 -1028
1558693126855 -2122
1558693128526 -3388
1558693128526 -3388
1558693146020 -20881
1558693151659 -26520
1558693161430 -36291
1558693168116 -38424
1558693171042 -41349
1558693174777 -45084
1558693183495 -53802
1558693183495 -53802
1558693190729 -61036
1558693191685 -61992
1558693199840 -70147
1558693206674 -74558
1558693217402 -85286
1558693218366 -86250
1558693221177 -89061
1558693227994 -95878
1558693233838 -101722
1558693234840 -102724
1558693235795 -103679
1558693241637 -109521
1558693248314 -116197
1558693248314 -116193
1558693261011 -126048
1558693301742 -165148
1558693325029 -188433
1558693331869 -195272
1558693342468 -204871
1558693346391 -208793
1558693353203 -215605
1558693355163 -217565
1558693358077 -220479
1558693358087 -220489
1558693362792 -225194
1558693363769 -226171
1558693363775 -226177
1558693364744 -227146
1558693370601 -233003
1558693370605 -233007
1558693372567 -234969
1558693381390 -243791
1558693390003 -252054
1558693396833 -258884
1558693400731 -262782
1558693420113 -256844
1558693423079 -259810
1558693428896 -265626
1558693438580 -275309
1558693444358 -281086
1558693446319 -283047
1558693513028 -549
1558693516924 -4444
1558693521845 -9365
1558693522826 -10346
1558693531584 -19104
1558693562523 -42293
1558693571303 -51072
1558693575213 -54982
1558693576194 -55963
1558693586912 -66680
1558693589775 -69543
1558693592684 -72451
1558693594619 -74386
1558693605349 -85116
1558693609127 -86898
1558693617876 -95646
1558693625689 -103458
1558693626692 -104461
1558693629593 -107362
1558693632367 -110036
1558693632370 -110039
1558693640179 -117848
1558693640179 -117848
1558693641155 -118824
1558693645059 -122727
1558693645059 -122727
1558693655669 -133336
1558693661510 -139177
1558693663463 -141130
1558693671277 -142011
1558693675183 -145917
1558693688700 -159419
1558693699449 -170167
1558693707099 -177816
1558693716866 -187583
1558693720771 -191488
1558693722725 -193442
1558693729459 -200176
1558693734289 -205006
1558693736254 -205910
1558693744050 -213706
1558693745028 -214684
1558693753656 -223311
1558693758542 -228197
1558693767330 -236985
1558693769300 -238955
1558693773056 -242711
1558693785725 -255379
1558693787677 -257331
1558693799367 -267530
1558693800397 -268560
1558693816880 -285042
1558693821694 -289856
1558693827414 -295576
1558693828392 -296554
1558693830340 -287158
1558693836222 -293039
1558693839134 -295951
1558693844021 -288915
1558693854634 -299527
1558693855599 -300492
1558693865376 -289154
1558693878907 -302683
1558693882775 -306551
1558693894389 -281396
1558693919620 -278466
1558693924464 -283309
1558693926448 -285293
1558693938147 -296990
1558693942858 -301701
1558693943835 -302677
1558693947741 -306583
1558693950688 -287878
1558693950688 -287878
1558693956543 -293733
1558693956546 -293736
1558693957530 -294719
1558693960498 -297687
1558693962462 -299651
1558693966147 -303335
1558693972008 -293727
1558693977882 -299601
1558693990425 -298687
1558693996275 -304537
1558693998236 -306497
1558694002130 -310391
1558694004078 -312338
1558694007012 -315272
1558694011753 -291914
1558694027377 -307532
1558694035043 -288062
1558694040897 -293915
1558694047720 -300737
1558694051628 -304645
1558694060257 -313273
1558694062212 -315228
1558694066119 -293734
1558694072977 -300591
1558694076909 -304522
1558694077848 -305461
1558694085502 -313114
1558694086480 -314092
1558694086485 -314097
1558694088432 -290138
1558694101133 -302837
1558694113098 -314801
1558694117568 -319270
1558694117568 -286248
1558694122452 -291131
1558694135991 -304668
1558694140858 -309534
1558694142804 -311480
1558694152594 -291105
1558694153415 -291926
1558694168050 -306559
1558694169031 -307540
1558694170982 -309490
1558694170986 -309494
1558694181583 -290007
1558694186450 -294873
1558694190430 -298853
1558694196377 -304799
1558694216824 -295284
1558694220940 -299400
1558694220940 -299400
1558694226205 -304664
1558694231057 -309515
1558694238962 -317419
1558694243883 -292227
1558694244878 -293222
1558694244878 -293222
1558694246932 -295275
1558694247042 -295385
1558694265240 -313581
1558694273983 -292203
1558694273999 -292219
1558694276860 -295080
1558694277838 -296058
1558694281776 -299995
1558694296381 -314598
1558694298328 -287531
1558694298334 -287537
1558694301264 -290467
1558694309153 -298355
1558694311099 -300300
1558694320762 -309962
1558694338433 -297543
1558694350062 -309171
1558694358905 -287891
1558694362834 -291819
1558694375449 -304432
1558694376436 -305419
1558694398875 -303560
1558694402810 -307494
1558694411649 -286261
1558694411650 -286262
1558694418486 -293097
1558694419501 -294112
1558694439827 -314435
1558694448674 -294231
1558694454570 -300127
1558694462444 -308000
1558694462449 -308005
1558694464288 -309843
1558694474068 -304466
1558694486853 -317249
1558694486853 -317249
1558694487670 -318066
1558694496520 -304134
1558694498496 -306110
1558694522876 -301318
1558694523862 -302304
1558694524848 -303289
1558694544339 -292815
1558694550262 -298737
1558694555167 -303642
1558694556135 -304610
1558694562938 -311412
1558694566834 -315307
1558694578597 -296823
1558694592180 -310404
1558694595135 -313359
1558694599062 -317285
1558694600067 -288978
1558694602018 -290929
1558694607749 -296659
1558694624472 -313379
1558694628392 -317299
1558694633148 -295650
1558694633148 -295650
1558694636088 -298590
1558694642982 -305483
1558694650845 -313345
1558694666411 -304520
1558694674265 -312373
1558694704429 -312428
1558694720176 -302598
1558694739623 -291929
1558694743550 -295855
1558694746500 -298805
1558694749470 -301774
1558694762067 -314370
1558694781564 -303359
1558694782550 -304345
1558694789431 -311225
1558694795332 -317125
1558694798273 -289977
