1558693136811 -12490
1558693145064 -21608
1558693145542 -21221
1558693150216 -25895
1558693154683 -31226
1558693155572 -32115
1558693158043 -27483
1558693159987 -35665
1558693162336 -38422
1558693163802 -33241
1558693167101 -43187
1558693167646 -43324
1558693167684 -37123
1558693169611 -42999
1558693172972 -49058
1558693173755 -49841
1558693176294 -45732
1558693180456 -56541
1558693183079 -52517
1558693186310 -62395
1558693187150 -56588
1558693189157 -62525
1558693190285 -63653
1558693191015 -64383
1558693193919 -63356
1558693199629 -75075
1558693202503 -77949
1558693203336 -72159
1558693211101 -79924
1558693212085 -85453
1558693212092 -85460
1558693213141 -88587
1558693215992 -89360
1558693216939 -85762
1558693218750 -92117
1558693223579 -92402
1558693223585 -99031
1558693224552 -99998
1558693224552 -93375
1558693225529 -100975
1558693225529 -94352
1558693225620 -98987
1558693226489 -101935
1558693226496 -95319
1558693233290 -102113
1558693234401 -106907
1558693235183 -109057
1558693235183 -109057
1558693235247 -104070
1558693235389 -107895
1558693237178 -106001
1558693238332 -110838
1558693239034 -112908
1558693239299 -111805
1558693242063 -114569
1558693242860 -111682
1558693243046 -115552
1558693243697 -117571
1558693251591 -120389
1558693253362 -127236
1558693254780 -127286
1558693258702 -131208
1558693261355 -130153
1558693261358 -130156
1558693262601 -135107
1558693263312 -132109
1558693266262 -135059
1558693267328 -139833
1558693270019 -138816
1558693280826 -149623
1558693283033 -152327
1558693283067 -152361
1558693287124 -160871
1558693287989 -161736
1558693288592 -157389
1558693290452 -159249
1558693291422 -160219
1558693296517 -170264
1558693296544 -165837
1558693298457 -167750
1558693304071 -172867
1558693304211 -177958
1558693305055 -173851
1558693305284 -174577
1558693309203 -178496
1558693309918 -174261
1558693309997 -183743
1558693313123 -182416
1558693313811 -178154
1558693318562 -190395
1558693319790 -189083
1558693322482 -194315
1558693322482 -186825
1558693322724 -192017
1558693324415 -188464
1558693328256 -200088
1558693330300 -194349
1558693333249 -197297
1558693336432 -205256
1558693338211 -207035
1558693338906 -202953
1558693340178 -209002
1558693341717 -213549
1558693342144 -210967
1558693342818 -206865
1558693347024 -215847
1558693348985 -217808
1558693353587 -217634
1558693356508 -220555
1558693357251 -229063
1558693359733 -228538
1558693360165 -231977
1558693361949 -233760
1558693362524 -231329
1558693363185 -226765
1558693363185 -226765
1558693366406 -235211
1558693367100 -230680
1558693367386 -236191
1558693371005 -234584
1558693373623 -245434
1558693373937 -237516
1558693374227 -243032
1558693376535 -248346
1558693376885 -240464
1558693381078 -249882
1558693382050 -250854
1558693385794 -254598
1558693389972 -261783
1558693392351 -255929
1558693394811 -266622
1558693395290 -258868
1558693404388 -273187
1558693406522 -278332
1558693409087 -277886
1558693411087 -279886
1558693430322 -292535
1558693430596 -299394
1558693432401 -301199
1558693435444 -304242
1558693437068 -299281
1558693441198 -308995
1558693442947 -305160
1558693444027 -305818
1558693444126 -311923
1558693444126 -311923
1558693446944 -308734
1558693449872 -311662
1558693451951 -309317
1558693452638 -314851
1558693453614 -315826
1558693454595 -316807
1558693454597 -316809
1558693464480 -321844
1558693470093 -317226
1558693471065 -318198
1558693472035 -319168
1558693472035 -319168
1558693473001 -323002
1558693473008 -320141
1558693476914 -326914
1558693478868 -328868
1558693478868 -328868
1558693479141 -336503
1558693479648 -326780
1558693479957 -337319
1558693479957 -337319
1558693484570 -334569
1558693487506 -337505
1558693491302 -338429
1558693491414 -341412
1558693496304 -346302
1558693500214 -350211
1558693502167 -352164
1558693504935 -354931
1558693511336 -19
1558693511336 -19
1558693512452 -27
1558693514947 -3630
1558693516906 -5589
1558693519826 -7401
1558693523737 -11311
1558693524657 -13306
1558693525693 -13267
1558693525693 -13267
1558693528633 -16207
1558693529537 -18186
1558693530589 -19272
1558693533422 -22071
1558693535318 -22892
1558693538244 -25817
1558693540102 -28751
1558693540260 -27833
1558693540260 -28942
1558693543939 -32588
1558693545087 -33769
1558693548029 -36711
1558693548802 -37450
1558693552905 -40477
1558693553642 -42290
1558693555842 -34662
1558693556567 -43076
1558693558618 -37438
1558693560571 -48141
1558693562238 -48747
1558693564240 -50749
1558693570339 -57388
1558693581910 -60729
1558693582466 -68974
1558693583889 -62708
1558693583889 -70938
1558693588840 -67659
1558693589342 -75850
1558693596616 -75435
1558693598531 -77350
1558693598531 -77350
1558693602437 -80742
1558693612059 -90364
1558693616938 -95242
1558693617291 -103797
1558693617914 -96218
1558693617922 -104966
1558693619871 -98175
1558693624756 -103060
1558693624767 -111811
1558693626027 -112533
1558693628672 -106975
1558693631450 -118490
1558693631685 -118191
1558693632427 -110730
1558693633397 -111700
1558693634379 -112682
1558693640240 -118542
1558693641215 -119517
1558693643208 -121510
1558693644146 -122448
1558693644161 -128610
1558693645127 -123429
1558693645283 -131781
1558693650027 -134476
1558693650990 -121209
1558693655731 -140180
1558693657754 -143352
1558693660605 -130824
1558693661584 -131803
1558693662610 -148208
1558693667444 -137662
1558693670394 -154821
1558693671350 -156948
1558693672338 -142556
1558693673438 -157865
1558693673438 -159036
1558693674290 -144508
1558693674290 -144508
1558693675270 -145487
1558693677016 -162614
1558693681071 -165497
1558693684797 -170395
1558693685880 -170306
1558693686758 -172356
1558693686758 -172356
1558693687851 -172276
1558693689664 -175262
1558693690764 -175189
1558693693693 -178118
1558693694536 -175729
1558693695647 -179170
1558693696447 -177640
1558693696613 -166829
1558693696624 -180147
1558693700168 -181361
1558693702328 -185851
1558693707217 -190739
1558693709184 -179047
1558693713779 -194972
1558693716024 -185887
1558693718950 -202471
1558693719594 -200787
1558693722510 -203703
1558693722847 -192682
1558693726605 -210126
1558693727211 -208404
1558693727571 -197406
1558693728174 -209367
1558693730562 -214083
1558693730562 -214083
1558693730562 -200397
1558693733452 -216972
1558693734014 -215207
1558693734419 -204253
1558693735421 -205254
1558693735421 -218941
1558693735975 -215441
1558693736378 -206211
1558693736998 -216464
1558693741272 -211105
1558693743209 -213042
1558693745166 -214999
1558693747141 -225526
1558693756742 -226574
1558693757728 -236112
1558693758706 -237090
1558693759672 -229504
1558693761632 -229521
1558693768469 -236358
1558693770436 -248820
1558693772394 -250778
1558693776143 -254527
1558693776438 -255902
1558693776447 -255911
1558693779355 -258819
1558693781037 -248926
1558693781300 -260764
1558693782998 -250887
1558693786893 -265277
1558693787111 -266575
1558693789811 -257700
1558693790802 -269186
1558693794735 -262624
1558693800565 -268454
1558693803432 -281179
1558693803479 -281226
1558693805337 -283084
1558693806338 -274159
1558693806424 -283619
1558693806437 -283632
1558693811240 -288987
1558693815133 -292880
1558693816110 -293857
1558693816110 -293857
1558693818053 -295800
1558693821863 -299057
1558693822773 -290593
1558693822843 -300589
1558693825705 -302899
1558693825719 -302913
1558693827610 -304804
1558693827623 -295443
1558693830564 -308310
1558693832558 -294443
1558693832614 -300434
1558693840328 -308148
1558693844927 -306811
1558693845927 -307811
1558693846041 -313860
1558693849953 -327699
1558693851910 -319729
1558693851932 -301925
1558693852892 -320711
1558693852912 -302905
1558693853867 -303860
1558693854685 -316567
1558693857775 -307768
1558693859729 -309721
1558693860706 -310698
1558693860707 -310699
1558693862664 -307653
1558693865160 -327041
1558693865606 -315598
1558693868488 -318479
1558693870154 -332034
1558693870371 -315359
1558693883616 -328938
1558693884979 -329965
1558693884980 -329966
1558693887920 -337909
1558693890260 -335580
1558693891663 -336649
1558693892655 -337640
1558693896556 -315346
1558693899988 -345307
1558693900558 -345542
1558693900558 -345542
1558693900558 -345542
1558693902588 -321377
1558693903610 -348593
1558693906322 -351640
1558693907734 -303317
1558693909553 -328342
1558693914524 -359841
1558693915952 -311534
1558693923791 -319372
1558693925729 -344515
1558693926704 -322284
1558693926704 -322284
1558693926704 -345490
1558693927996 -282711
1558693930902 -285616
1558693930914 -285628
1558693932565 -351350
1558693938535 -293248
1558693939238 -334816
1558693940245 -323293
1558693943153 -338730
1558693944140 -339717
1558693945111 -328159
1558693946108 -329156
1558693949019 -332066
1558693951951 -347525
1558693952110 -306822
1558693953908 -336955
1558693954882 -350455
1558693957821 -340867
1558693958907 -313617
1558693959778 -342824
1558693960766 -343812
1558693961655 -316364
1558693963624 -318333
1558693964603 -319312
1558693967505 -322213
1558693973301 -356345
1558693973327 -328032
1558693980119 -334822
1558693980141 -363184
1558693985037 -324106
1558693986012 -336939
1558693990740 -329808
1558693992712 -331780
1558693995612 -346537
1558693996620 -335687
1558693999540 -338606
1558693999540 -338606
1558694003278 -343109
1558694005387 -356311
1558694006363 -357287
1558694008337 -295267
1558694008981 -348811
1558694010117 -297046
1558694010937 -350767
1558694013074 -352138
1558694015030 -354093
1558694023818 -338603
1558694025514 -365341
1558694029359 -369186
1558694029699 -344483
1558694030692 -345476
1558694031670 -346454
1558694033599 -348383
1558694037945 -320212
1558694039305 -354088
1558694054933 -369714
1558694057214 -339478
1558694058685 -373465
1558694058685 -373465
1558694059175 -341439
1558694060622 -347468
1558694060640 -375420
1558694062075 -344339
1558694068875 -351138
1558694069868 -352130
1558694070439 -337895
1558694072414 -339870
1558694074307 -310715
1558694074325 -341781
1558694076680 -307864
1558694077615 -308799
1558694078222 -314629
1558694080222 -347677
1558694082960 -319367
1558694087174 -318357
1558694087850 -355304
1558694093712 -361165
1558694094953 -326135
1558694094953 -326135
1558694095672 -363125
1558694099797 -330979
1558694099797 -330979
1558694105306 -341710
1558694107281 -374731
1558694108539 -339720
1558694112428 -348831
1558694114359 -345539
1558694115145 -351547
1558694115145 -335071
1558694115182 -351584
1558694115270 -346450
1558694117121 -348300
1558694117992 -354393
1558694118095 -349274
1558694118096 -349275
1558694121021 -352199
1558694123853 -300092
1558694123858 -343783
1558694126790 -346714
1558694129565 -305803
1558694132494 -308732
1558694133488 -338663
1558694136401 -341576
1558694136401 -312638
1558694137380 -357302
1558694143248 -363169
1558694152040 -328275
1558694159609 -364776
1558694161491 -366658
1558694162458 -367624
1558694163634 -331437
1558694168505 -336307
1558694170441 -346672
1558694184967 -352767
1558694188860 -316506
1558694189538 -335472
1558694191517 -337451
1558694192811 -360610
1558694194724 -322369
1558694195784 -363582
1558694200690 -342287
1558694204454 -346050
1558694205967 -351899
1558694206401 -334044
1558694207473 -335116
1558694210230 -337871
1558694216275 -357870
1558694216866 -333228
1558694217254 -344894
1558694219390 -360984
1558694220428 -348067
1558694224203 -365796
1558694228688 -370281
1558694229661 -371254
1558694230025 -346386
1558694231930 -348290
1558694233500 -308711
1558694238467 -380058
1558694238803 -355156
1558694240766 -357119
1558694244421 -331928
1558694247476 -363829
1558694248465 -364818
1558694251178 -326386
1558694252180 -339686
1558694255139 -323086
1558694259977 -327924
1558694261739 -336946
1558694266705 -341911
1558694266705 -341911
1558694273547 -361050
1558694273575 -361078
1558694282229 -308793
1558694282316 -350259
1558694284195 -310759
1558694285232 -353175
1558694289227 -334230
1558694291080 -317643
1558694293870 -318427
1558694295817 -320374
1558694297800 -324362
1558694298787 -325349
1558694299768 -326329
1558694300860 -345861
1558694301740 -328301
1558694302824 -347825
1558694303705 -330266
1558694304799 -349800
1558694305676 -332237
1558694307641 -334201
1558694307641 -334201
1558694310685 -355685
1558694314526 -341085
1558694315507 -342066
1558694316502 -343061
1558694323308 -368306
1558694326267 -320845
1558694326267 -320845
1558694329241 -323819
1558694330123 -356679
1558694338505 -329522
1558694340448 -331465
1558694342009 -336585
1558694342982 -337558
1558694343382 -334398
1558694344362 -335378
1558694344363 -335379
1558694353157 -344172
1558694359563 -354136
1558694360426 -336592
1558694360547 -355120
1558694365448 -360021
1558694369218 -363789
1558694371085 -347249
1558694372562 -363574
1558694379934 -356096
1558694380919 -357080
1558694380919 -357080
1558694381345 -310479
1558694383985 -348518
1558694383985 -348517
1558694384972 -349504
1558694385943 -350475
1558694386069 -315201
1558694386934 -351466
1558694387066 -316198
1558694387801 -303868
1558694387802 -303869
1558694391948 -321080
1558694395874 -325005
1558694398454 -314520
1558694400445 -316352
1558694402387 -318294
1558694403483 -368012
1558694406620 -335749
1558694409402 -373929
1558694412305 -341433
1558694420106 -337901
1558694421899 -337803
1558694423968 -341763
1558694426843 -342745
1558694426930 -344724
1558694426995 -330039
1558694432719 -348619
1558694434791 -352584
1558694436578 -339621
1558694437752 -355545
1558694443469 -361261
1558694443469 -361261
1558694447403 -365194
1558694455279 -373069
1558694456168 -311903
1558694458905 -361945
1558694463176 -338285
1558694469687 -320668
1558694474787 -349894
1558694474788 -349895
1558694475674 -331402
1558694477479 -328459
1558694478452 -329431
1558694492958 -343935
1558694493211 -348933
1558694493931 -344908
1558694497149 -352869
1558694499125 -354844
1558694500129 -355848
1558694501747 -352723
1558694502064 -357783
1558694503041 -358759
1558694504037 -359755
1558694509428 -305480
1558694510445 -306497
1558694512043 -342310
1558694512062 -342329
1558694515292 -311343
1558694515691 -318929
1558694516649 -319887
1558694519598 -322836
1558694519720 -349986
1558694521579 -324816
1558694524523 -327760
1558694527613 -330850
1558694527748 -358013
1558694534528 -337764
1558694535649 -331697
1558694536279 -366543
1558694541188 -371451
1558694542073 -345308
1558694543153 -328793
1558694544035 -347270
1558694549059 -334699
1558694552008 -337647
1558694552009 -337648
1558694553070 -349114
1558694556848 -360079
1558694557017 -353059
1558694557810 -361040
1558694558941 -308655
1558694560762 -346400
1558694564680 -350318
1558694566800 -316513
1558694569707 -319419
1558694571516 -357153
1558694575459 -361095
1558694576329 -316557
1558694579424 -365060
1558694583236 -332947
1558694583378 -369013
1558694585046 -325272
1558694585162 -370797
1558694586984 -327210
1558694595995 -333117
1558694597802 -338027
1558694600753 -340977
1558694604797 -341918
1558694606773 -343894
1558694607474 -347696
1558694607490 -335720
1558694607756 -344877
1558694611579 -348700
1558694611579 -348700
1558694615344 -343570
1558694616447 -353566
1558694619209 -347434
1558694620265 -301760
1558694624914 -353136
1558694625287 -362404
1558694626858 -355079
1558694628235 -365351
1558694630957 -312450
1558694633973 -344552
1558694635943 -346522
1558694637617 -365831
1558694638831 -320323
1558694639777 -321268
1558694639875 -350453
1558694642507 -370719
1558694642509 -370721
1558694644792 -355369
1558694647392 -375602
1558694648206 -376416
1558694651588 -333077
1558694652116 -323866
1558694652565 -334054
1558694652660 -363236
1558694655354 -336842
1558694656341 -337829
1558694657003 -328752
1558694657326 -338813
1558694666784 -338530
1558694667759 -339505
1558694670126 -351608
1558694670221 -380795
1558694673064 -354545
1558694676003 -357483
1558694680314 -352056
1558694681283 -353025
1558694681784 -322308
1558694684810 -350621
1558694689619 -330142
1558694691058 -316541
1558694691691 -357501
1558694691691 -357501
1558694693059 -318542
1558694693606 -334129
1558694695827 -321309
1558694698579 -364388
1558694698711 -324193
1558694699549 -365358
1558694699550 -365359
1558694699689 -325171
1558694700666 -326148
1558694711096 -351616
1558694711190 -376997
1558694711414 -336890
1558694712073 -352593
1558694713391 -338867
1558694716997 -357517
1558694719076 -344551
1558694721087 -361606
1558694721087 -346562
1558694723223 -303226
1558694724229 -349703
1558694728940 -339975
1558694730734 -310736
1558694734710 -316275
1558694737647 -319211
1558694738479 -318480
1558694746286 -327849
1558694746343 -326343
1558694747259 -328822
1558694752141 -333703
1558694753062 -333061
1558694753062 -333061
1558694757006 -337004
1558694758077 -369108
1558694759060 -370091
1558694759060 -370091
1558694762992 -335001
1558694765945 -337954
1558694769878 -341886
1558694769879 -341887
