1558693135161 -5198
1558693139201 -9238
1558693141313 -11350
1558693143205 -13242
1558693145292 -15329
1558693158010 -27878
1558693159000 -28800
1558693159946 -29746
1558693168523 -38323
1558693175251 -45050
1558693175304 -45103
1558693182000 -51796
1558693184889 -54441
1558693189121 -58673
1558693192853 -62404
1558693193701 -63252
1558693207982 -77446
1558693219408 -88867
1558693231983 -101441
1558693236623 -106081
1558693236628 -106086
1558693238588 -108046
1558693250134 -119591
1558693275080 -140332
1558693275085 -140337
1558693277037 -142289
1558693278966 -144218
1558693281921 -147173
1558693304898 -170149
1558693310661 -174607
1558693319186 -183132
1558693332760 -196705
1558693333733 -197678
1558693345221 -209166
1558693353959 -215408
1558693366446 -227894
1558693367419 -228860
1558693370328 -231769
1558693378083 -239524
1558693381966 -243407
1558693383905 -245346
1558693383905 -245346
1558693384884 -246325
1558693386849 -248290
1558693395407 -256613
1558693397351 -258557
1558693402206 -263412
1558693405161 -257896
1558693407073 -259808
1558693412900 -265634
1558693423474 -276206
1558693432176 -284907
1558693440744 -287501
1558693447537 -294293
1558693517110 -1514
1558693519052 -3456
1558693522948 -7351
1558693543185 -27588
1558693555796 -28938
1558693564485 -37626
1558693567287 -40428
1558693570202 -43343
1558693585646 -58787
1558693588614 -61755
1558693601140 -72874
1558693610729 -82463
1558693629136 -100867
1558693632862 -104593
1558693637718 -109449
1558693640632 -110374
1558693643550 -113292
1558693646466 -116208
1558693648416 -118158
1558693652291 -122032
1558693654241 -123982
1558693658925 -128665
1558693661856 -131596
1558693672544 -142283
1558693686970 -156708
1558693690822 -160191
1558693702474 -171842
1558693708142 -177510
1558693712999 -182366
1558693721734 -191101
1558693722705 -192072
1558693724654 -194021
1558693730401 -199767
1558693733227 -202593
1558693738135 -205421
1558693749747 -217033
1558693754450 -221736
1558693765221 -232506
1558693767089 -234374
1558693767089 -234374
1558693774704 -241989
1558693792200 -259467
1558693795130 -262397
1558693798050 -265317
1558693815327 -282487
1558693815327 -282487
1558693829711 -284454
1558693835531 -290270
1558693851906 -291252
1558693852881 -292227
1558693870290 -283671
1558693877000 -290379
1558693882809 -296188
1558693886698 -300076
1558693886699 -279462
1558693890588 -283350
1558693910000 -281537
1558693912942 -284478
1558693912995 -284531
1558693923332 -294829
1558693932039 -291220
1558693938841 -298021
1558693944510 -303690
1558693961980 -302576
1558693962966 -303562
1558693967629 -308224
1558693972487 -294090
1558693986106 -295115
1558693995648 -304655
1558694002438 -311444
1558694008267 -294816
1558694011986 -298535
1558694012975 -299524
1558694012975 -299524
1558694016851 -303399
1558694019759 -306307
1558694022668 -309215
1558694036107 -298928
1558694044883 -307703
1558694066061 -302833
1558694071930 -308702
1558694079666 -286529
1558694094070 -300931
1558694097956 -304816
1558694097956 -304816
1558694106605 -313464
1558694124007 -309449
1558694125951 -311393
1558694131618 -317059
1558694138430 -294115
1558694139384 -295069
1558694142296 -297981
1558694146185 -301869
1558694149098 -304782
1558694185689 -312588
1558694190596 -283539
1558694194433 -287376
1558694200191 -293133
1558694224413 -287527
1558694228142 -291255
1558694234990 -298102
1558694235939 -299051
1558694268954 -298406
1558694271734 -301186
1558694280431 -309882
1558694288223 -287727
1558694294900 -294403
1558694306635 -306136
1558694310527 -310028
1558694317368 -300491
1558694321116 -304238
1558694323068 -306190
1558694324053 -307175
1558694335783 -302170
1558694342455 -308841
1558694347345 -313730
1558694360057 -293018
1558694371654 -304611
1558694375535 -308491
1558694375535 -308491
1558694379445 -312399
1558694388236 -291253
1558694389216 -292233
1558694398820 -301835
1558694400825 -303840
1558694405695 -308709
1558694405709 -308723
1558694409596 -312610
1558694416472 -289549
1558694420228 -293305
1558694432868 -305943
1558694447361 -294495
1558694449309 -296443
1558694457123 -304256
1558694458097 -305230
1558694459076 -306209
1558694459077 -306209
1558694461037 -308169
1558694464781 -311913
1558694465762 -312894
1558694478465 -296622
1558694480422 -298579
1558694482369 -300526
1558694483348 -301505
1558694489060 -307216
1558694492959 -311114
1558694514297 -302532
1558694515297 -303532
1558694522122 -310356
1558694522124 -310358
1558694536614 -295855
1558694551270 -310509
1558694552242 -311481
1558694563850 -289299
1558694565807 -291255
1558694572611 -298058
1558694574565 -300012
1558694582270 -307716
1558694602740 -298073
1558694618209 -313540
1558694619184 -314515
1558694629774 -294968
1558694639550 -304743
1558694640531 -305723
1558694652096 -317287
1558694655029 -290081
1558694656006 -291058
1558694656985 -292037
1558694658938 -293989
1558694666758 -301808
1558694698845 -303929
1558694700628 -305712
1558694701605 -306689
1558694719193 -295127
1558694728963 -304896
1558694730983 -306916
1558694735662 -311594
1558694739558 -315490
1558694739558 -315489
1558694748192 -297857
1558694755037 -304701
1558694771484 -296890
1558694778322 -303727
1558694779299 -304704
1558694785166 -310570
1558694786144 -311548
1558694788098 -313502
1558694792006 -317409
1558694803564 -298833
1558694811384 -306652
1558694812360 -307628
