1558693128345 -5456
1558693131616 -7461
1558693139400 -15245
1558693146980 -22825
1558693149559 -26669
1558693150544 -27654
1558693159228 -36338
1558693161174 -38229
1558693165983 -41455
1558693168861 -44333
1558693170841 -46313
1558693173752 -50807
1558693179414 -54885
1558693185351 -60822
1558693191264 -68318
1558693192121 -69175
1558693202526 -76032
1558693227587 -104631
1558693234213 -107716
1558693234337 -111341
1558693238077 -111579
1558693240126 -117129
1558693242058 -119061
1558693242911 -116413
1558693243868 -117370
1558693246768 -120268
1558693254480 -127690
1558693255395 -132396
1558693255440 -128650
1558693255441 -128651
1558693257382 -130592
1558693263008 -136218
1558693267831 -141039
1558693277611 -154604
1558693280438 -153644
1558693282462 -158958
1558693296667 -168535
1558693304357 -176224
1558693320759 -192625
1558693321724 -193590
1558693324727 -199917
1558693330293 -201739
1558693331246 -202692
1558693332444 -207633
1558693334227 -209416
1558693335098 -206544
1558693339044 -214233
1558693341941 -217130
1558693346723 -218169
1558693347664 -219110
1558693351586 -223032
1558693353475 -224921
1558693375765 -249625
1558693376758 -250618
1558693377398 -248843
1558693381635 -255494
1558693388016 -257932
1558693393098 -266957
1558693401816 -274648
1558693414286 -287117
1558693418178 -291009
1558693423055 -295886
1558693432116 -268970
1558693432578 -269492
1558693444222 -281135
1558693447391 -284243
1558693448101 -285013
1558693462498 -299406
1558693471240 -308145
1558693509762 -13
1558693512202 -2453
1558693513702 -4395
1558693518487 -9179
1558693519455 -10147
1558693521452 -12144
1558693524774 -15025
1558693529213 -19904
1558693532475 -22726
1558693533004 -23695
1558693542981 -33231
1558693546797 -37047
1558693547796 -38046
1558693548444 -39119
1558693551351 -42026
1558693551357 -42032
1558693553556 -43806
1558693566708 -57383
1558693568038 -56713
1558693569631 -60306
1558693569967 -58642
1558693574793 -63467
1558693579454 -68128
1558693584292 -72966
1558693591830 -80321
1558693598592 -87082
1558693604549 -93221
1558693614124 -101769
1558693615904 -104393
1558693618867 -106512
1558693621733 -110221
1558693622706 -111194
1558693623674 -112162
1558693623704 -111349
1558693629338 -117826
1558693632254 -120741
1558693633350 -120995
1558693642949 -131117
1558693643805 -131450
1558693643806 -131451
1558693646812 -134980
1558693650572 -138217
1558693652538 -140183
1558693656368 -144535
1558693656374 -144019
1558693663144 -151310
1558693669022 -157187
1558693670681 -156758
1558693676587 -162280
1558693678412 -164488
1558693680568 -166261
1558693683387 -169080
1558693687077 -173153
1558693687309 -173001
1558693701681 -187372
1558693705411 -191486
1558693706530 -192221
1558693707341 -191912
1558693708477 -194167
1558693719141 -204107
1558693740002 -224571
1558693746056 -231020
1558693746777 -231345
1558693747770 -228998
1558693747945 -232908
1558693752793 -233108
1558693753766 -234081
1558693755709 -236024
1558693756254 -237482
1558693757643 -237958
1558693765939 -247167
1558693766424 -246739
1558693768316 -248631
1558693773047 -253362
1558693774039 -254353
1558693777504 -258731
1558693781753 -262067
1558693789514 -269828
1558693796200 -276514
1558693796639 -277866
1558693800624 -256722
1558693807330 -263427
1558693807358 -263455
1558693807895 -287688
1558693817392 -297185
1558693819838 -275933
1558693824198 -303962
1558693827082 -306846
1558693836069 -281506
1558693837030 -282467
1558693838952 -284389
1558693851196 -301675
1558693855244 -291927
1558693856182 -292864
1558693859089 -285144
1558693859909 -310387
1558693861004 -287059
1558693861849 -312327
1558693861850 -312328
1558693863901 -289956
1558693870712 -296765
1558693874523 -287285
1558693882085 -294846
1558693885934 -298694
1558693891637 -298699
1558693894568 -301630
1558693895510 -302571
1558693898492 -284431
1558693899475 -285413
1558693903439 -310499
1558693907760 -314820
1558693910400 -317459
1558693912079 -319138
1558693912982 -298918
1558693915796 -322855
1558693927296 -265140
1558693930046 -267890
1558693931343 -338397
1558693932967 -270810
1558693935821 -273664
1558693937759 -275602
1558693939892 -309440
1558693947416 -285257
1558693947624 -317169
1558693950320 -288161
1558693952245 -290085
1558693965907 -335445
1558693966549 -304385
1558693972375 -310209
1558693976208 -314041
1558693977175 -300585
1558693984197 -311227
1558693984199 -311229
1558693986157 -313187
1558693989605 -313013
1558693991019 -318048
1558693992954 -319983
1558693994892 -321921
1558693995372 -288994
1558693995372 -288994
1558694002136 -295757
1558694006364 -333391
1558694010835 -304455
1558694017053 -344079
1558694020955 -347980
1558694023883 -350907
1558694024874 -351897
1558694025792 -352815
1558694027064 -291875
1558694028997 -293808
1558694034798 -299608
1558694035344 -313968
1558694035344 -313968
1558694036723 -301533
1558694038255 -316878
1558694039243 -317866
1558694040604 -305413
1558694044100 -322723
1558694047169 -311977
1558694051994 -290913
1558694051995 -290914
1558694052662 -331283
1558694054896 -293815
1558694059717 -298635
1558694059718 -298636
1558694061651 -300569
1558694062378 -340998
1558694063383 -342002
1558694065531 -304448
1558694069374 -308291
1558694071143 -349760
1558694074022 -352638
1558694075963 -354579
1558694077103 -287080
1558694078732 -357346
1558694080666 -359280
1558694081939 -291915
1558694082620 -301832
1558694093283 -312491
1558694093335 -303309
1558694094256 -313463
1558694099925 -318272
1558694099925 -318272
1558694102994 -312967
1558694110064 -286545
1558694111180 -287660
1558694114642 -332942
1558694114718 -291198
1558694115516 -333816
1558694121178 -297657
1558694142398 -289121
1558694146391 -305857
1558694149169 -295891
1558694150944 -297666
1558694151065 -310530
1558694151065 -310530
1558694162514 -309234
1558694162711 -322174
1558694164645 -324108
1558694167333 -314053
1558694167334 -314053
1558694169505 -328967
1558694194206 -315023
1558694196230 -286217
1558694199100 -289087
1558694199337 -299901
1558694201049 -291035
1558694202314 -302877
1558694203974 -293960
1558694210648 -300633
1558694212902 -313464
1558694220390 -310374
1558694223643 -324203
1558694230229 -330788
1558694236597 -297872
1558694238063 -338621
1558694238535 -299810
1558694244813 -345368
1558694245743 -346298
1558694248194 -309467
1558694249188 -310461
1558694250680 -351233
1558694252913 -314185
1558694256374 -356925
1558694259298 -296299
1558694261278 -298278
1558694262269 -299269
1558694264533 -293146
1558694265182 -302182
1558694266493 -295106
1558694269965 -306964
1558694270416 -299029
1558694272218 -300830
1558694274101 -302713
1558694275048 -303660
1558694275744 -312743
1558694282824 -311435
1558694285522 -322508
1558694291563 -290398
1558694291565 -290400
1558694295152 -332136
1558694295152 -332136
1558694295297 -294132
1558694300140 -298974
1558694306867 -343845
1558694310759 -347736
1558694314505 -351480
1558694322321 -291389
1558694325240 -294307
1558694327215 -310088
1558694328151 -297218
1558694329178 -312051
1558694330116 -299182
1558694331086 -300152
1558694333980 -303046
1558694342565 -311630
1558694344516 -313580
1558694345605 -328476
1558694347445 -286763
1558694347454 -286772
1558694347579 -330449
1558694351467 -334337
1558694354399 -337268
1558694363030 -345896
1558694367921 -350785
1558694368638 -307952
1558694372530 -311844
1558694377377 -286931
1558694378352 -287906
1558694379319 -288873
1558694380620 -303627
1558694381272 -290826
1558694382246 -291800
1558694388278 -311284
1558694388278 -311284
1558694396651 -306202
1558694398057 -321062
1558694400005 -323009
1558694409627 -332630
1558694410266 -290063
1558694411221 -291018
1558694412190 -291987
1558694414574 -337575
1558694415072 -294868
1558694416124 -295920
1558694418536 -341535
1558694422713 -302508
1558694433866 -303718
1558694440714 -310565
1558694443918 -294758
1558694445867 -296707
1558694449744 -300583
1558694451434 -321283
1558694452655 -303493
1558694460429 -311266
1558694460429 -311266
1558694463010 -332858
1558694467128 -292072
1558694469852 -339699
1558694476668 -346514
1558694477646 -347491
1558694481639 -306581
1558694488272 -313213
1558694491161 -305275
1558694495075 -290211
1558694496047 -310161
1558694508512 -303646
1558694510597 -324709
1558694513364 -308497
1558694514455 -328566
1558694517248 -312381
1558694524229 -338339
1558694525205 -339315
1558694528268 -342377
1558694529167 -299390
1558694530273 -344382
1558694532832 -303055
1558694533729 -303952
1558694534710 -304933
1558694539694 -353799
1558694542626 -315259
1558694547501 -320134
1558694548164 -288499
1558694557728 -298062
1558694560060 -332691
1558694561664 -301997
1558694562658 -302991
1558694563013 -335644
1558694571315 -311647
1558694576164 -316495
1558694576488 -349117
1558694578482 -351111
1558694580866 -292214
1558694581395 -354023
1558694587245 -289187
1558694589202 -291144
1558694589597 -300944
1558694597989 -299929
1558694606614 -308553
1558694606615 -308554
1558694611544 -313483
1558694611814 -297102
1558694612521 -314409
1558694616634 -301921
1558694618359 -320246
1558694621290 -323177
1558694621495 -306782
1558694625386 -310672
1558694629106 -314392
1558694633962 -289448
1558694642621 -344501
1558694649294 -351172
1558694650267 -352144
1558694652229 -354105
1558694654200 -309684
1558694654200 -309683
1558694656145 -309466
1558694659051 -314534
1558694663913 -289444
1558694663960 -317279
1558694664877 -290408
1558694672648 -298178
1558694674432 -299961
1558694674528 -327846
1558694676375 -301904
1558694676377 -301906
1558694680259 -305787
1558694688207 -341523
1558694688207 -341523
1558694694001 -347315
1558694694895 -290466
1558694694916 -290486
1558694697615 -293185
1558694697806 -351119
1558694698569 -294139
1558694699525 -295095
1558694703678 -356988
1558694706340 -301909
1558694706598 -315271
1558694706598 -315271
1558694707581 -316254
1558694708554 -317227
1558694709531 -318204
1558694711184 -306753
1558694711492 -320165
1558694715076 -310644
1558694716383 -325055
1558694718972 -314540
1558694726313 -334984
1558694727819 -293451
1558694732856 -341525
1558694733389 -299020
1558694735752 -344421
1558694738234 -303865
1558694738681 -347350
1558694741463 -350131
1558694742115 -307745
1558694742426 -351094
1558694743094 -308724
1558694743094 -308724
1558694743099 -308729
1558694743413 -352081
1558694745845 -311475
1558694750702 -287513
1558694751668 -288479
1558694755132 -313342
1558694757085 -315295
1558694758064 -316274
1558694759036 -317246
1558694759434 -296244
1558694761966 -320176
1558694763918 -322127
1558694764294 -301103
1558694764294 -301103
1558694765266 -302075
1558694766248 -303057
1558694773526 -331734
1558694774812 -311620
1558694774815 -311623
1558694775477 -333685
1558694776457 -334665
1558694780638 -294304
1558694788408 -302073
1558694788409 -302074
