1558693128927 -10404
1558693131807 -13284
1558693132438 -798
1558693134309 -28
1558693135007 -3793
1558693136765 -18242
1558693139938 -5656
1558693141819 -7537
1558693142713 -11499
1558693143674 -12460
1558693144136 -12495
1558693146100 -14459
1558693147325 -28801
1558693148935 -17294
1558693149431 -18217
1558693151999 -33408
1558693152454 -18127
1558693154666 -23025
1558693159067 -27853
1558693161145 -26818
1558693161779 -43188
1558693162456 -30815
1558693164342 -32701
1558693167283 -35642
1558693171159 -39518
1558693172169 -40528
1558693172681 -41467
1558693176963 -44208
1558693179939 -61347
1558693180758 -48003
1558693182222 -48979
1558693183165 -48835
1558693183648 -65056
1558693185742 -52987
1558693186174 -51844
1558693186174 -51844
1558693187714 -54959
1558693187807 -69215
1558693188300 -53970
1558693192139 -58895
1558693193084 -59840
1558693195473 -62718
1558693196442 -63687
1558693202061 -69306
1558693202064 -69309
1558693202575 -68245
1558693208887 -76132
1558693213512 -94820
1558693213512 -94820
1558693213520 -94828
1558693214481 -95789
1558693215440 -96748
1558693216713 -83957
1558693219313 -100621
1558693220182 -85739
1558693220624 -85902
1558693220866 -84440
1558693222826 -86399
1558693225865 -91422
1558693228759 -94316
1558693231390 -94963
1558693231398 -94971
1558693231704 -97261
1558693234604 -115911
1558693234636 -100193
1558693234643 -100200
1558693236571 -102128
1558693239044 -104321
1558693240137 -103709
1558693241103 -104675
1558693242075 -105647
1558693242318 -123625
1558693244905 -110181
1558693247907 -109435
1558693248106 -129413
1558693249642 -114918
1558693253034 -118581
1558693254006 -119553
1558693258569 -139847
1558693258878 -122913
1558693258878 -122913
1558693263360 -124886
1558693266291 -147568
1558693269174 -150451
1558693271588 -135622
1558693272060 -153337
1558693273117 -137694
1558693274002 -155279
1558693274352 -138386
1558693276909 -138434
1558693281822 -143347
1558693283753 -148327
1558693285199 -149149
1558693285575 -166852
1558693285852 -150426
1558693288327 -169604
1558693289294 -170571
1558693290612 -151754
1558693294948 -158897
1558693295115 -176392
1558693295526 -156667
1558693295926 -159874
1558693297299 -161873
1558693297653 -161601
1558693298956 -180233
1558693303135 -167708
1558693304488 -168436
1558693305096 -169669
1558693308021 -172594
1558693310532 -191808
1558693310922 -175495
1558693311327 -175274
1558693313428 -194704
1558693319717 -184290
1558693321916 -185164
1558693322880 -186128
1558693325416 -186555
1558693326758 -208033
1558693326758 -208033
1558693330347 -193425
1558693332567 -213817
1558693332576 -213826
1558693333276 -194415
1558693333523 -214773
1558693334218 -195357
1558693334610 -197858
1558693335196 -196335
1558693342433 -205681
1558693343412 -206660
1558693343979 -205117
1558693343980 -205118
1558693343999 -207076
1558693344227 -207475
1558693344234 -207482
1558693346071 -227321
1558693346804 -209881
1558693350720 -211077
1558693350761 -213838
1558693353624 -234874
1558693356544 -219621
1558693356912 -220158
1558693357471 -238721
1558693357503 -217860
1558693360461 -223537
1558693361336 -242586
1558693363259 -244421
1558693366325 -229401
1558693367121 -248283
1558693368092 -249254
1558693374325 -237571
1558693376286 -239532
1558693376802 -257964
1558693378847 -239203
1558693381827 -244903
1558693384343 -265505
1558693385310 -266472
1558693386272 -267434
1558693386662 -247018
1558693393722 -256252
1558693398220 -258576
1558693398604 -261133
1558693399605 -262134
1558693401204 -264280
1558693402734 -283867
1558693405115 -265471
1558693408376 -270905
1558693410939 -271294
1558693411337 -273866
1558693412331 -274860
1558693414237 -263773
1558693414907 -270653
1558693417665 -273410
1558693418019 -267555
1558693418029 -267565
1558693419948 -269483
1558693420953 -270488
1558693421553 -276792
1558693422960 -272495
1558693429405 -276536
1558693431285 -270093
1558693431672 -281206
1558693433380 -262626
1558693433516 -280647
1558693434727 -284260
1558693434770 -284303
1558693436667 -286200
1558693440291 -321371
1558693442332 -281156
1558693443899 -291029
1558693444165 -325220
1558693446180 -285003
1558693448694 -277937
1558693450651 -279894
1558693453692 -283150
1558693454660 -284118
1558693455824 -336878
1558693457616 -338670
1558693458567 -339621
1558693464394 -345448
1558693475072 -356105
1558693483650 -336340
1558693484621 -337311
1558693494329 -347016
1558693498211 -350897
1558693505816 -358500
1558693509675 -3
1558693514527 -4399
1558693514587 -367268
1558693515021 -5349
1558693516537 -369218
1558693516976 -7304
1558693517019 -539
1558693517471 -370152
1558693519377 -9249
1558693519377 -9249
1558693519948 -3468
1558693521382 -11254
1558693521877 -11710
1558693521897 -12224
1558693521925 -5445
1558693522354 -12226
1558693524316 -14188
1558693524635 -14468
1558693525274 -15146
1558693529486 -19319
1558693534878 -24749
1558693537345 -27672
1558693544034 -33865
1558693545166 -35493
1558693545616 -35487
1558693547136 -30654
1558693547136 -30654
1558693547136 -30654
1558693548105 -38432
1558693548752 -38583
1558693549077 -39404
1558693549077 -39404
1558693552466 -42337
1558693552994 -43321
1558693554415 -44286
1558693554944 -43548
1558693556495 -46326
1558693559670 -48274
1558693562063 -51857
1558693562332 -52163
1558693564643 -53246
1558693566220 -56051
1558693566961 -56755
1558693568461 -42962
1558693573800 -63593
1558693576285 -50786
1558693576293 -64895
1558693576723 -66516
1558693576725 -66518
1558693577714 -67507
1558693580213 -68815
1558693581609 -71440
1558693583125 -57625
1558693583403 -73195
1558693583549 -73373
1558693585950 -74550
1558693586561 -75192
1558693587917 -62417
1558693592313 -80944
1558693592780 -81379
1558693594697 -69196
1558693595706 -84305
1558693598617 -87216
1558693602803 -91434
1558693603471 -74826
1558693603766 -92397
1558693604485 -93084
1558693605728 -94359
1558693606725 -96503
1558693607255 -93689
1558693610232 -96666
1558693611167 -97601
1558693614131 -85486
1558693615079 -101513
1558693616984 -88338
1558693619138 -107767
1558693619141 -107770
1558693619915 -91269
1558693622900 -109333
1558693623357 -113134
1558693623878 -110311
1558693625284 -115061
1558693625936 -114565
1558693626770 -98124
1558693629025 -118802
1558693632619 -103973
1558693636422 -122854
1558693638318 -109672
1558693641247 -112601
1558693644249 -130680
1558693646203 -132634
1558693646204 -132635
1558693646614 -131126
1558693647111 -118465
1558693649061 -118947
1558693651093 -137524
1558693652885 -139316
1558693655254 -139766
1558693656833 -143252
1558693660121 -144632
1558693661684 -141398
1558693662663 -142377
1558693665992 -150502
1558693665996 -150506
1558693669352 -155770
1558693669518 -149231
1558693670480 -150193
1558693670480 -150193
1558693671240 -157658
1558693671870 -156379
1558693672350 -142234
1558693672436 -152149
1558693672902 -157411
1558693673257 -159675
1558693682965 -152848
1558693685819 -172236
1558693685964 -165676
1558693688345 -172406
1558693693783 -173495
1558693694655 -164537
1558693695737 -175448
1558693698110 -182169
1558693698671 -178382
1558693702157 -187726
1558693703452 -172708
1558693705350 -185061
1558693705403 -174659
1558693706718 -190777
1558693707020 -192589
1558693707193 -176449
1558693707193 -176449
1558693707694 -191753
1558693709164 -178420
1558693709291 -185325
1558693713053 -182309
1558693717089 -193123
1558693718458 -202516
1558693722955 -198988
1558693723771 -199804
1558693725723 -201756
1558693731450 -200704
1558693733549 -209582
1558693734526 -210559
1558693735885 -219737
1558693736900 -220752
1558693737877 -221729
1558693739269 -208523
1558693740752 -224604
1558693742349 -218381
1558693742631 -228197
1558693743691 -227543
1558693747483 -233049
1558693748405 -232256
1558693748445 -234011
1558693750394 -229708
1558693750985 -227017
1558693751963 -227995
1558693752312 -236163
1558693752945 -222198
1558693753767 -221383
1558693755721 -223336
1558693756855 -232887
1558693757673 -225288
1558693758183 -242033
1558693758650 -226265
1558693759786 -232796
1558693759787 -232797
1558693762853 -242166
1558693763078 -246928
1558693764825 -244138
1558693766993 -250843
1558693768588 -241598
1558693771348 -238963
1558693772344 -239959
1558693777055 -244670
1558693778020 -245635
1558693782932 -250547
1558693783469 -258502
1558693783886 -251500
1558693785399 -260432
1558693785839 -253453
1558693786024 -259034
1558693787978 -260987
1558693788320 -263353
1558693791700 -259314
1558693792695 -260309
1558693793216 -268249
1558693794660 -262274
1558693796691 -275909
1558693800626 -273635
1558693802628 -281845
1558693803542 -276551
1558693803856 -278889
1558693805765 -280797
1558693806437 -285654
1558693806462 -285679
1558693808764 -283796
1558693810218 -277123
1558693810218 -277123
1558693811194 -290411
1558693811338 -282554
1558693812196 -279101
1558693813099 -291284
1558693814256 -285472
1558693814627 -289659
1558693818923 -297107
1558693818940 -297124
1558693818973 -283465
1558693819297 -294329
1558693822890 -287381
1558693823858 -288349
1558693830466 -288926
1558693831729 -283386
1558693832479 -310611
1558693832577 -291036
1558693834927 -309335
1558693836214 -314346
1558693838492 -290148
1558693839799 -314207
1558693840072 -318204
1558693840072 -318204
1558693841052 -319184
1558693843169 -278581
1558693844520 -318927
1558693846493 -320900
1558693847462 -321869
1558693847474 -321881
1558693847889 -326020
1558693851759 -329890
1558693852363 -309571
1558693852813 -288224
1558693856250 -313457
1558693858386 -336517
1558693858863 -296210
1558693859612 -283286
1558693862160 -319367
1558693862301 -340432
1558693862798 -300144
1558693864497 -288170
1558693869487 -293159
1558693872179 -295851
1558693874660 -331865
1558693882182 -270033
1558693882498 -339399
1558693884852 -284257
1558693884853 -284258
1558693886384 -343588
1558693886384 -343588
1558693886384 -343285
1558693886805 -286210
1558693890712 -290116
1558693892065 -349268
1558693893179 -350078
1558693895122 -352021
1558693896413 -295816
1558693896413 -295816
1558693898384 -277489
1558693899914 -286357
1558693901048 -357945
1558693901662 -289510
1558693902691 -290539
1558693903523 -282627
1558693903865 -360762
1558693907155 -364052
1558693908728 -296336
1558693909948 -296389
1558693910283 -289386
1558693910873 -297314
1558693911255 -290358
1558693912706 -299147
1558693915175 -302783
1558693916376 -302816
1558693917913 -269826
1558693919004 -306612
1558693920242 -335471
1558693925085 -340314
1558693925875 -341104
1558693927518 -279429
1558693927519 -279430
1558693930050 -316488
1558693930448 -282359
1558693930448 -282359
1558693931491 -283402
1558693933646 -348874
1558693933941 -320379
1558693935625 -278825
1558693938528 -353755
1558693942177 -293505
1558693945242 -288441
1558693945298 -360524
1558693949157 -292355
1558693949178 -364404
1558693952105 -295303
1558693954846 -370071
1558693955030 -298227
1558693955311 -341742
1558693957663 -293092
1558693957663 -293092
1558693961705 -304901
1558693963665 -306861
1558693964516 -299944
1558693965552 -327968
1558693965618 -308813
1558693967573 -297056
1558693968797 -331721
1558693971362 -333777
1558693972460 -301942
1558693973163 -335578
1558693974103 -283358
1558693974418 -303900
1558693977350 -306832
1558693979967 -289221
1558693980541 -343464
1558693981260 -310741
1558693981901 -344315
1558693982244 -311725
1558693983869 -346282
1558693986214 -349136
1558693987778 -297031
1558693990638 -353050
1558693991567 -282416
1558693992837 -296116
1558693996004 -358925
1558693996474 -358885
1558693998247 -360658
1558693998703 -301982
1558693999212 -361623
1558693999681 -302959
1558693999927 -362847
1558694002615 -305893
1558694002850 -365770
1558694003596 -306874
1558694004573 -307851
1558694005206 -296053
1558694005553 -308831
1558694014186 -293186
1558694016143 -295142
1558694016144 -295143
1558694016353 -317244
1558694018714 -309538
1558694022014 -301012
1558694025201 -326091
1558694026131 -327021
1558694026135 -327024
1558694026241 -364310
1558694028491 -299412
1558694029158 -367226
1558694030058 -330947
1558694033808 -334696
1558694037703 -338591
1558694041643 -342530
1558694042043 -296909
1558694042057 -296923
1558694050795 -305657
1558694051346 -360759
1558694054727 -291153
1558694055290 -356175
1558694056192 -365605
1558694058845 -312560
1558694061034 -370446
1558694062946 -310593
1558694065342 -301766
1558694066275 -302699
1558694069206 -305630
1558694069622 -379032
1558694070598 -293368
1558694071192 -307616
1558694071780 -319426
1558694076643 -324289
1558694077594 -325239
1558694080368 -303137
1558694082155 -304924
1558694082158 -304927
1558694083332 -330977
1558694085086 -307854
1558694086617 -301755
1558694090957 -313725
1558694091794 -347119
1558694094438 -285281
1558694096662 -351986
1558694098778 -296264
1558694101295 -292137
1558694101857 -349499
1558694102511 -357835
1558694104262 -295104
1558694105439 -360762
1558694105439 -360762
1558694106485 -303970
1558694108688 -356328
1558694109681 -357320
1558694110522 -365844
1558694110752 -324341
1558694113514 -368836
1558694113605 -311089
1558694114406 -311890
1558694115061 -370383
1558694116884 -372205
1558694118698 -279435
1558694119157 -316640
1558694120770 -376091
1558694124573 -285309
1558694126112 -339699
1558694127085 -340672
1558694127499 -288235
1558694128552 -383870
1558694128881 -342468
1558694130442 -291177
1558694136128 -296863
1558694137105 -297840
1558694139060 -299794
1558694139523 -315520
1558694141013 -366289
1558694142984 -303718
1558694144411 -291408
1558694144930 -283362
1558694145494 -359079
1558694146474 -360059
1558694147351 -294347
1558694149766 -375041
1558694150370 -363954
1558694153064 -300060
1558694153157 -366740
1558694154232 -301228
1558694156277 -319323
1558694157223 -320268
1558694158083 -305078
1558694159055 -322100
1558694159069 -322114
1558694161851 -308846
1558694164865 -327910
1558694165127 -390400
1558694168694 -315688
1558694169191 -294068
1558694170649 -317643
1558694174561 -287504
1558694176436 -339479
1558694178315 -291258
1558694178724 -344379
1558694178958 -303834
1558694178958 -303834
1558694180351 -343394
1558694183198 -296140
1558694186337 -351991
1558694187198 -350240
1558694189098 -302040
1558694190075 -303016
1558694190282 -355936
1558694191297 -356951
1558694193001 -305942
1558694194022 -357063
1558694195093 -360746
1558694195093 -360746
1558694195102 -360755
1558694195400 -294063
1558694196979 -309920
1558694197105 -362758
1558694198388 -297051
1558694199734 -312674
1558694201023 -366675
1558694201023 -366675
1558694202760 -313456
1558694204313 -302975
1558694205118 -303780
1558694207074 -280532
1558694208730 -374381
1558694211857 -285314
1558694214329 -308712
1558694216462 -382111
1558694216462 -310844
1558694216965 -290422
1558694217934 -291391
1558694222025 -295481
1558694222449 -333143
1558694226066 -369566
1558694228491 -301782
1558694229274 -302565
1558694229282 -302573
1558694230281 -303572
1558694235201 -308491
1558694235695 -379193
1558694235778 -346470
1558694237765 -348457
1558694237765 -302136
1558694240696 -351387
1558694240729 -351420
1558694242708 -307079
1558694246027 -301036
1558694247018 -302027
1558694248596 -392093
1558694249919 -304928
1558694252662 -307670
1558694253328 -317697
1558694255563 -310571
1558694258022 -338430
1558694259975 -340383
1558694260900 -352841
1558694267805 -359745
1558694271112 -309402
1558694273297 -302118
1558694275747 -314036
1558694276733 -315022
1558694279970 -282578
1558694280448 -372386
1558694285151 -377089
1558694285229 -365633
1558694289519 -297657
1558694291488 -299626
1558694292731 -295337
1558694298629 -301213
1558694305511 -340876
1558694308564 -328947
1558694310400 -345765
1558694311380 -346744
1558694312237 -294455
1558694312495 -332878
1558694313348 -348712
1558694313949 -291932
1558694314302 -349666
1558694314302 -349666
1558694317409 -337791
1558694317901 -295884
1558694319191 -354554
1558694320197 -340579
1558694326029 -361391
1558694327082 -347463
1558694331740 -288702
1558694331753 -367114
1558694332000 -352380
1558694333696 -290658
1558694334684 -291645
1558694335654 -292615
1558694336429 -314410
1558694336625 -371985
1558694344612 -334827
1558694348271 -305231
1558694350504 -340718
1558694351001 -308574
1558694352108 -355516
1558694353454 -343668
1558694355921 -313494
1558694358098 -288898
1558694359855 -317427
1558694360910 -364316
1558694361870 -365276
1558694363007 -293806
1558694363289 -353502
1558694365776 -369182
1558694366238 -356450
1558694366940 -297739
1558694368560 -299932
1558694374467 -305838
1558694377340 -380744
1558694378329 -381733
1558694378332 -381736
1558694380551 -286113
1558694383303 -314673
1558694384184 -387587
1558694385156 -388559
1558694386136 -389539
1558694387121 -390524
1558694387124 -390526
1558694388097 -391499
1558694389677 -328657
1558694392479 -331459
1558694394305 -299622
1558694395935 -356878
1558694399872 -301091
1558694404591 -365533
1558694408727 -309945
1558694411673 -312891
1558694412359 -373301
1558694415581 -316798
1558694415581 -316798
1558694418860 -305896
1558694418981 -357912
1558694432326 -297135
1558694438277 -303085
1558694439878 -311103
1558694439878 -311103
1558694447210 -378499
1558694448188 -379477
1558694448734 -297430
1558694454081 -331873
1558694456008 -387296
1558694459694 -302134
1558694460891 -392178
1558694462670 -305110
1558694462819 -340610
1558694463337 -312031
1558694463337 -312031
1558694465294 -313988
1558694468382 -285680
1558694471486 -402771
1558694473439 -404724
1558694474417 -405702
1558694476364 -361334
1558694477096 -299752
1558694477220 -294517
1558694482225 -367195
1558694482435 -360220
1558694483115 -300411
1558694484974 -307629
1558694487061 -282027
1558694490721 -313375
1558694492104 -322957
1558694493767 -288732
1558694495747 -380715
1558694497729 -382697
1558694499666 -294630
1558694500584 -290160
1558694500688 -295652
1558694503603 -298566
1558694508415 -297990
1558694509426 -299001
1558694509528 -304376
1558694510464 -395430
1558694510576 -305423
1558694511248 -300823
1558694511412 -396378
1558694512473 -307320
1558694513581 -344431
1558694515313 -400278
1558694515546 -346396
1558694519165 -292619
1558694524902 -353716
1558694529266 -302719
1558694530027 -358840
1558694531500 -331473
1558694533138 -306590
1558694534788 -363601
1558694536873 -288961
1558694537003 -336975
1558694544490 -311653
1558694545546 -297633
1558694545546 -297633
1558694545546 -297633
1558694547512 -299599
1558694549176 -377987
1558694549788 -349758
1558694550771 -350741
1558694552116 -380926
1558694562457 -362425
1558694563428 -363396
1558694563882 -342568
1558694563898 -342584
1558694565836 -344522
1558694566349 -366316
1558694568590 -347275
1558694571874 -305781
1558694575185 -318992
1558694578761 -312667
1558694580728 -314634
1558694583253 -361936
1558694585205 -363888
1558694585541 -294010
1558694590751 -334556
1558694592363 -300831
1558694592363 -300831
1558694596333 -301635
1558694596727 -375408
1558694596730 -375411
1558694598690 -377371
1558694600647 -379328
1558694604198 -289022
1558694605151 -313617
1558694605152 -313618
1558694606959 -285301
1558694607943 -286285
1558694615813 -294154
1558694616825 -301646
1558694617141 -310498
1558694617801 -302622
1558694619748 -298088
1558694620086 -313442
1558694623030 -316386
1558694623741 -290054
1558694623964 -376373
1558694623973 -376382
1558694625657 -303997
1558694626649 -304988
1558694627954 -321309
1558694628600 -306939
1558694628618 -294930
1558694629601 -295913
1558694630586 -296898
1558694632376 -310715
1558694632743 -385150
1558694634338 -312676
1558694634678 -387085
1558694635324 -313662
1558694636305 -314643
1558694637292 -315630
1558694639576 -332930
1558694640561 -333915
1558694641575 -334929
1558694645160 -293171
1558694647129 -295140
1558694649176 -345455
1558694651138 -347417
1558694655150 -348502
1558694658110 -351461
1558694659762 -307771
1558694661731 -302591
1558694665620 -361896
1558694666648 -307508
1558694666962 -312475
1558694669906 -315418
1558694679313 -300924
1558694681239 -302850
1558694682414 -299840
1558694684167 -301592
1558694685470 -330980
1558694686161 -307771
1558694688122 -309732
1558694688925 -385143
1558694693065 -286137
1558694694898 -370408
1558694695840 -371349
1558694696051 -288306
1558694698943 -291198
1558694700212 -345720
1558694706764 -299834
1558694708571 -301641
1558694714173 -389679
1558694715455 -288048
1558694719723 -335837
1558694720064 -395570
1558694728318 -287451
1558694729122 -404626
1558694729939 -405443
1558694730466 -346578
1558694733360 -349472
1558694733982 -306573
1558694734551 -365678
1558694734572 -365699
1558694735551 -366678
1558694736015 -295146
1558694736277 -352388
1558694736513 -367639
1558694738946 -298077
1558694739930 -299060
1558694745126 -361236
1558694746106 -362216
1558694749057 -365167
1558694751571 -310699
1558694751659 -304745
1558694752644 -305730
1558694752826 -368935
1558694754524 -297589
1558694754793 -370902
1558694756492 -299555
1558694759445 -302507
1558694762656 -321833
1558694763639 -322816
1558694763640 -322817
1558694765263 -290007
1558694767311 -310370
1558694768215 -292958
1558694772139 -296882
1558694775017 -296894
1558694776002 -297878
1558694781904 -303780
1558694781905 -303780
1558694784131 -343303
1558694786822 -308697
1558694788791 -310665
1558694790655 -290988
1558694793708 -315581
1558694793964 -353132
1558694798463 -298855
1558694801415 -301807
1558694802648 -301687
1558694803382 -303774
1558694810512 -309550
1558694813102 -285039
1558694817390 -316427
1558694822932 -294868
1558694824900 -296836
