1558693126330 -281
1558693129778 -3728
1558693131609 -6661
1558693131735 -5685
1558693135433 -7915
1558693137112 -6374
1558693137525 -12577
1558693140616 -14566
1558693141016 -10278
1558693141449 -16501
1558693143397 -18449
1558693144129 -16611
1558693145441 -19391
1558693148725 -17986
1558693149699 -18960
1558693153681 -26163
1558693154921 -29973
1558693155358 -24619
1558693155608 -28090
1558693155608 -28090
1558693163386 -35868
1558693164370 -36852
1558693166050 -35310
1558693166619 -41671
1558693167025 -36285
1558693167535 -41484
1558693168572 -43624
1558693169940 -39200
1558693171178 -43660
1558693171474 -42916
1558693171573 -45239
1558693173042 -43968
1558693173473 -47139
1558693173887 -43147
1558693175235 -46677
1558693175332 -48998
1558693176144 -47586
1558693177108 -48550
1558693179152 -52818
1558693180143 -53809
1558693182425 -49051
1558693182995 -54437
1558693182995 -54437
1558693184630 -55555
1558693184968 -56410
1558693185045 -58710
1558693187136 -58578
1558693188107 -59549
1558693189266 -60708
1558693192987 -64429
1558693193957 -67622
1558693194880 -68545
1558693196136 -62762
1558693199059 -65685
1558693203424 -77089
1558693204612 -71238
1558693204867 -75789
1558693205591 -72216
1558693207329 -80994
1558693207509 -74134
1558693207509 -74134
1558693207751 -78673
1558693208478 -75103
1558693210265 -83930
1558693211241 -84906
1558693212219 -85884
1558693213605 -84526
1558693214181 -87846
1558693216146 -89809
1558693218017 -89456
1558693218438 -89359
1558693218438 -89359
1558693219089 -92752
1558693220175 -83075
1558693223118 -86018
1558693224699 -96137
1558693225693 -97131
1558693226077 -92713
1558693228738 -91638
1558693231663 -94563
1558693234884 -101519
1558693236795 -103429
1558693237493 -111155
1558693238496 -112158
1558693241367 -104267
1558693241686 -108320
1558693243214 -113034
1558693245174 -114994
1558693247209 -110109
1558693247219 -110119
1558693248004 -119442
1558693249004 -111904
1558693249346 -115979
1558693250930 -113830
1558693255783 -118682
1558693255892 -125712
1558693256837 -128275
1558693257178 -123811
1558693257758 -120657
1558693259800 -129620
1558693261605 -124504
1558693262575 -125474
1558693262575 -125474
1558693262580 -125479
1558693264016 -129761
1558693268388 -138323
1558693269716 -135461
1558693271328 -134211
1558693274073 -136956
1558693274613 -140358
1558693275040 -137923
1558693275285 -145105
1558693275285 -145105
1558693275585 -141330
1558693276201 -146136
1558693278223 -148043
1558693278962 -141845
1558693280566 -146311
1558693282458 -148203
1558693283127 -152946
1558693285895 -148777
1558693285895 -148777
1558693286272 -154760
1558693286874 -149756
1558693289950 -158438
1558693290800 -159288
1558693291625 -154507
1558693291752 -161686
1558693292134 -157850
1558693292829 -161317
1558693293713 -163646
1558693293776 -162264
1558693295501 -158383
1558693296332 -159214
1558693296680 -165168
1558693297265 -160147
1558693298221 -161103
1558693299165 -162047
1558693299167 -162049
1558693299554 -168041
1558693299879 -162887
1558693301119 -164001
1558693302442 -172362
1558693303804 -166812
1558693303804 -166812
1558693304775 -167783
1558693310251 -180170
1558693311289 -179776
1558693311842 -173604
1558693312808 -174570
1558693314147 -182587
1558693315154 -183594
1558693315945 -184385
1558693318661 -180423
1558693321448 -183209
1558693321901 -190388
1558693322455 -184216
1558693323194 -186201
1558693324734 -193173
1558693324735 -193174
1558693328061 -191068
1558693330289 -192050
1558693330289 -192050
1558693331018 -194025
1558693331665 -200151
1558693332194 -193955
1558693333552 -201991
1558693333561 -202000
1558693333949 -196956
1558693334924 -197931
1558693335503 -203942
1558693338053 -199800
1558693338419 -206857
1558693341592 -204599
1558693342281 -210766
1558693345738 -207485
1558693345745 -207492
1558693347690 -209437
1558693348130 -214187
1558693350668 -212415
1558693352586 -214333
1558693353010 -219066
1558693353899 -222336
1558693354350 -216913
1558693355561 -217308
1558693358811 -227248
1558693358909 -224965
1558693361977 -224540
1558693363609 -229665
1558693364294 -226041
1558693365480 -233604
1558693365868 -228430
1558693367527 -233583
1558693371952 -233698
1558693372403 -238432
1558693373707 -236269
1558693376642 -239204
1558693378188 -246312
1558693378590 -241152
1558693380757 -241708
1558693381128 -249252
1558693381208 -247237
1558693384135 -250164
1558693385647 -246598
1558693385647 -246598
1558693386001 -254125
1558693386632 -247583
1558693387599 -248550
1558693389192 -251754
1558693390745 -258868
1558693391803 -257832
1558693393688 -261811
1558693394668 -262791
1558693395262 -256213
1558693395643 -263766
1558693396049 -258087
1558693399622 -265651
1558693402102 -263053
1558693403456 -271579
1558693403851 -265889
1558693404873 -266911
1558693405112 -266063
1558693407025 -267976
1558693408414 -274442
1558693410233 -276261
1558693411536 -273574
1558693411536 -273574
1558693411918 -272869
1558693412136 -280259
1558693412520 -274558
1558693412869 -273820
1558693413458 -275496
1558693414438 -276476
1558693415988 -283476
1558693417050 -282578
1558693418052 -283580
1558693419005 -284533
1558693421334 -278162
1558693421528 -282477
1558693422296 -279123
1558693423921 -289449
1558693426384 -287333
1558693426384 -287333
1558693431302 -292251
1558693433072 -289898
1558693434381 -295330
1558693435330 -296279
1558693437192 -298141
1558693438793 -274462
1558693439345 -292026
1558693440900 -301422
1558693441907 -302428
1558693443309 -298823
1558693443834 -304355
1558693445554 -281222
1558693450658 -311179
1558693450658 -311179
1558693450659 -311180
1558693452081 -307591
1558693454580 -315101
1558693455341 -291008
1558693456516 -317037
1558693457143 -292810
1558693459448 -319969
1558693460641 -293083
1558693461410 -321931
1558693463192 -323709
1558693464171 -324688
1558693465147 -325664
1558693465593 -321102
1558693475903 -306911
1558693476273 -308712
1558693476348 -310683
1558693476879 -307887
1558693477857 -308865
1558693478228 -310667
1558693480786 -311793
1558693481764 -312771
1558693486487 -317493
1558693490399 -321404
1558693492353 -323358
1558693495286 -326291
1558693495737 -330069
1558693496715 -331046
1558693497241 -328245
1558693497691 -332022
1558693498667 -332998
1558693499196 -330200
1558693501151 -332155
1558693502577 -336907
1558693502578 -336908
1558693505063 -336066
1558693505347 -339676
1558693506325 -340654
1558693506325 -340654
1558693507996 -338999
1558693508972 -339974
1558693510364 -344691
1558693512724 -343725
1558693514146 -348471
1558693515751 -3412
1558693515751 -3412
1558693516730 -4391
1558693519658 -7318
1558693520064 -5060
1558693522024 -7020
1558693524562 -12222
1558693524958 -9954
1558693525824 -12556
1558693528355 -19506
1558693528355 -19506
1558693528755 -15486
1558693532721 -19452
1558693535184 -26335
1558693536127 -23787
1558693536152 -27303
1558693537102 -24762
1558693537709 -22705
1558693538370 -25101
1558693540361 -27091
1558693543371 -28367
1558693543371 -28367
1558693543371 -28367
1558693544239 -30969
1558693548256 -33252
1558693548258 -33254
1558693549233 -34229
1558693550652 -41801
1558693552163 -37159
1558693552163 -37159
1558693552166 -37162
1558693552626 -43775
1558693554114 -39110
1558693555553 -46702
1558693555689 -42622
1558693555967 -42664
1558693556074 -41070
1558693556685 -43618
1558693557633 -44566
1558693558050 -43046
1558693564791 -49783
1558693565684 -50676
1558693566268 -53200
1558693566271 -53203
1558693570044 -61188
1558693580249 -63552
1558693581324 -66316
1558693581324 -66316
1558693581907 -68839
1558693582205 -65508
1558693583288 -68280
1558693583288 -68280
1558693583727 -70659
1558693584275 -69267
1558693584722 -72468
1558693588042 -73034
1558693589029 -74021
1558693592414 -80159
1558693592905 -77897
1558693592906 -77898
1558693594848 -79840
1558693597436 -84368
1558693599738 -84730
1558693600232 -87977
1558693600244 -87989
1558693601169 -88914
1558693603642 -88634
1558693605513 -88814
1558693606186 -93116
1558693607474 -90775
1558693607995 -94925
1558693608031 -95776
1558693608547 -93539
1558693610029 -97774
1558693613251 -85732
1558693613252 -85733
1558693613252 -85733
1558693616180 -88661
1558693619035 -102335
1558693619035 -102335
1558693619722 -106651
1558693620092 -92573
1558693621070 -93551
1558693621536 -109256
1558693622670 -109599
1558693624602 -111531
1558693624994 -97475
1558693625878 -109178
1558693625969 -98450
1558693626856 -110156
1558693626937 -99418
1558693627556 -114485
1558693627916 -100397
1558693630865 -103346
1558693630865 -103346
1558693631292 -118221
1558693634211 -121140
1558693634512 -111041
1558693634513 -111042
1558693636169 -123098
1558693637528 -110009
1558693639481 -111962
1558693640380 -116908
1558693645355 -117836
1558693648201 -124728
1558693648761 -136480
1558693650724 -138443
1558693650840 -135435
1558693651719 -139438
1558693653765 -138360
1558693655632 -143351
1558693657564 -145283
1558693657897 -130375
1558693659517 -147236
1558693660487 -148206
1558693662708 -139235
1558693663261 -150980
1558693663762 -136240
1558693664358 -148952
1558693664753 -137231
1558693665643 -142170
1558693666194 -153912
1558693667675 -140153
1558693668155 -155873
1558693669555 -146082
1558693671105 -158823
1558693673116 -160834
1558693673587 -146065
1558693674989 -162707
1558693676945 -164663
1558693676946 -164664
1558693678049 -162641
1558693678449 -150927
1558693678454 -150932
1558693680188 -151546
1558693681428 -153906
1558693681925 -169608
1558693682157 -153515
1558693683079 -154437
1558693683152 -155630
1558693686012 -157370
1558693688039 -160517
1558693689509 -173032
1558693689509 -173032
1558693689995 -162473
1558693691951 -164429
1558693692553 -177144
1558693693406 -176929
1558693694422 -177945
1558693694812 -166141
1558693699782 -171616
1558693701736 -173570
1558693702717 -174551
1558693703178 -186700
1558693705103 -188547
1558693705473 -177307
1558693706379 -177707
1558693707430 -179264
1558693708030 -191474
1558693709051 -192495
1558693710290 -181618
1558693712320 -184153
1558693714198 -185526
1558693714198 -185526
1558693714783 -198304
1558693715253 -187086
1558693715253 -187086
1558693715773 -199294
1558693718184 -190017
1558693720064 -191391
1558693720611 -204132
1558693722017 -193344
1558693725028 -196861
1558693725028 -196861
1558693725498 -209019
1558693725931 -197258
1558693728952 -200785
1558693729445 -212888
1558693729445 -212965
1558693729702 -201028
1558693730728 -202561
1558693731361 -214881
1558693731704 -203537
1558693735619 -207450
1558693737615 -209446
1558693738557 -210388
1558693740501 -212332
1558693743366 -214691
1558693744339 -215664
1558693746973 -230414
1558693749903 -233344
1558693750290 -222121
1558693750750 -234269
1558693751265 -223095
1558693758539 -241980
1558693759822 -228986
1558693759892 -231722
1558693759892 -231722
1558693762820 -234650
1558693764815 -236645
1558693766732 -238562
1558693772267 -250992
1558693772639 -244469
1558693775058 -258563
1558693776552 -248382
1558693777326 -249156
1558693783208 -252849
1558693784770 -263495
1558693786069 -255233
1558693787039 -256203
1558693787040 -256204
1558693787102 -256743
1558693790511 -267639
1558693791014 -260654
1558693791993 -261633
1558693793623 -272347
1558693793955 -263595
1558693795966 -265606
1558693797938 -267578
1558693799939 -269579
1558693800631 -269794
1558693801422 -278549
1558693801613 -270776
1558693801730 -271370
1558693806532 -276172
1558693807068 -284195
1558693809099 -286226
1558693809432 -278595
1558693809432 -278595
1558693810144 -288868
1558693811927 -289054
1558693813043 -291767
1558693816300 -285939
1558693817192 -281494
1558693818246 -282548
1558693821719 -299278
1558693821955 -286256
1558693821965 -286266
1558693824974 -294613
1558693827780 -292081
1558693829734 -294034
1558693830395 -307953
1558693831834 -301473
1558693837565 -292147
1558693840173 -308701
1558693840501 -295083
1558693841031 -318121
1558693841530 -311129
1558693843112 -311639
1558693844085 -312612
1558693846447 -316046
1558693848821 -317347
1558693850113 -304693
1558693850172 -319771
1558693850765 -319291
1558693854020 -294970
1558693855665 -324190
1558693859891 -300841
1558693860866 -301816
1558693860918 -330516
1558693863868 -333466
1558693869845 -315637
1558693872494 -318286
1558693874448 -320239
1558693874448 -320239
1558693881792 -348417
1558693885200 -330990
1558693887157 -332947
1558693889596 -356219
1558693891067 -336856
1558693891566 -316065
1558693893040 -338829
1558693893506 -318005
1558693895795 -341583
1558693896401 -343537
1558693896404 -343540
1558693898727 -344515
1558693900226 -324724
1558693900243 -324741
1558693900704 -291444
1558693900704 -291444
1558693900704 -291444
1558693907841 -354976
1558693908041 -353825
1558693908906 -354690
1558693908907 -354691
1558693909717 -300454
1558693910782 -356564
1558693911592 -302328
1558693911673 -357455
1558693914087 -338584
1558693917332 -307816
1558693919305 -309788
1558693920079 -310562
1558693921055 -311538
1558693923010 -313493
1558693923938 -287472
1558693924917 -288451
1558693924966 -315448
1558693925577 -334882
1558693927392 -351887
1558693929805 -293338
1558693929853 -320335
1558693931365 -355859
1558693931365 -355859
1558693932740 -296273
1558693935718 -326199
1558693936183 -332926
1558693940608 -331088
1558693943380 -333860
1558693944006 -340748
1558693945318 -308849
1558693945337 -335817
1558693946780 -343522
1558693947295 -337774
1558693949872 -359170
1558693950182 -313713
1558693950854 -360152
1558693954131 -344605
1558693957063 -347536
1558693958041 -348514
1558693960950 -299176
1558693961964 -352435
1558693963428 -360168
1558693965871 -356340
1558693966321 -321197
1558693968637 -359106
1558693969284 -366023
1558693971572 -322225
1558693972552 -323205
1558693972552 -323205
1558693973014 -369753
1558693973527 -324180
1558693973527 -324180
1558693975485 -326137
1558693975938 -372676
1558693976094 -330967
1558693977071 -331944
1558693978049 -332922
1558693978382 -295769
1558693979053 -333926
1558693979359 -296745
1558693980369 -331021
1558693980832 -316550
1558693981343 -331995
1558693982296 -299682
1558693982332 -332983
1558693984239 -301625
1558693984729 -320446
1558693986232 -336883
1558693986232 -336883
1558693987687 -323404
1558693988190 -338841
1558693989640 -344511
1558693989640 -325356
1558693990921 -308306
1558693992921 -343570
1558693993853 -311237
1558693994877 -345526
1558693995337 -331053
1558693995494 -350364
1558693995856 -346505
1558694000742 -351389
1558694001714 -352361
1558694002654 -287478
1558694002689 -353336
1558694003625 -288449
1558694004121 -339836
1558694005097 -340812
1558694005582 -290406
1558694006595 -291419
1558694006598 -357245
1558694009170 -346850
1558694010488 -295311
1558694010523 -361169
1558694012260 -297083
1558694012933 -348646
1558694012933 -350613
1558694013449 -364094
1558694013452 -364097
1558694014895 -350608
1558694015852 -353531
1558694016210 -317360
1558694017190 -318339
1558694018127 -302949
1558694018165 -319314
1558694019143 -320292
1558694024005 -308827
1558694024676 -362354
1558694025984 -327132
1558694028915 -330063
1558694032817 -317637
1558694032823 -287483
1558694034771 -289431
1558694034797 -335944
1558694036740 -337887
1558694038172 -375848
1558694038536 -339682
1558694040127 -377803
1558694043088 -380763
1558694044373 -299031
1558694044378 -299036
1558694045381 -346526
1558694045840 -355352
1558694047295 -301953
1558694047342 -348487
1558694047342 -348487
1558694047792 -357304
1558694048309 -349454
1558694054656 -364167
1558694054799 -331961
1558694057108 -306828
1558694058082 -307802
1558694062468 -371977
1558694063443 -340604
1558694063449 -340610
1558694064414 -341575
1558694068677 -318395
1558694071278 -348438
1558694072277 -349436
1558694072589 -297276
1558694072652 -322370
1558694073591 -323309
1558694073591 -323309
1558694080386 -305072
1558694080413 -330130
1558694081362 -306048
1558694081387 -331104
1558694081387 -331104
1558694082822 -336809
1558694083349 -308035
1558694084337 -334053
1558694088059 -337774
1558694089998 -314683
1558694090999 -340714
1558694091620 -338775
1558694091953 -316638
1558694092952 -342667
1558694093911 -293270
1558694094393 -348379
1558694096350 -350335
1558694096508 -343662
1558694098794 -298152
1558694099281 -353266
1558694099789 -349502
1558694101734 -301092
1558694102719 -302077
1558694103192 -357176
1558694104734 -354445
1558694105336 -352489
1558694106167 -360151
1558694106167 -360151
1558694107485 -306842
1558694108766 -358475
1558694109287 -363270
1558694117856 -365007
1558694119161 -318517
1558694119815 -366966
1558694120140 -285502
1558694120626 -318348
1558694122096 -287458
1558694122118 -307792
1558694126990 -292351
1558694127968 -293329
1558694127968 -293329
1558694129939 -315612
1558694131388 -329109
1558694131402 -378551
1558694131895 -317567
1558694133354 -331075
1558694134667 -320339
1558694137086 -334806
1558694137086 -334806
1558694137603 -323275
1558694139211 -343479
1558694139533 -304892
1558694139558 -325230
1558694141540 -327211
1558694144424 -309783
1558694144427 -309786
1558694146053 -350320
1558694146858 -344577
1558694148981 -353248
1558694151287 -316645
1558694151299 -336969
1558694152249 -317606
1558694152730 -350447
1558694154169 -358435
1558694154169 -358435
1558694155389 -341058
1558694156418 -342087
1558694159021 -344689
1558694160922 -346589
1558694161530 -365795
1558694162506 -366771
1558694165796 -351461
1558694166256 -338840
1558694166774 -352439
1558694168204 -340788
1558694169702 -355366
1558694171664 -357328
1558694171667 -357330
1558694172118 -344701
1558694173274 -377537
1558694173604 -313609
1558694177173 -334711
1558694177511 -291342
1558694178479 -292309
1558694182877 -340415
1558694183225 -308777
1558694184187 -298017
1558694184207 -309759
1558694184829 -342366
1558694186166 -311717
1558694186785 -344322
1558694187139 -312690
1558694187139 -312690
1558694187609 -360190
1558694187609 -360190
1558694187761 -345298
1558694189117 -314668
1558694189131 -314682
1558694189583 -362164
1558694190096 -303925
1558694190107 -315658
1558694192678 -350215
1558694193979 -319529
1558694193984 -319534
1558694195419 -367999
1558694196508 -369087
1558694197433 -370012
1558694198594 -356130
1558694200564 -358100
1558694203910 -329459
1558694205702 -331251
1558694207326 -364861
1558694210132 -367666
1558694210446 -295126
1558694211432 -296112
1558694212048 -369582
1558694214341 -299021
1558694215444 -340991
1558694215970 -333777
1558694216202 -373735
1558694218032 -335838
1558694218450 -343996
1558694219740 -304419
1558694221265 -332264
1558694225211 -350754
1558694226104 -310782
1558694226582 -337580
1558694230475 -341473
1558694234276 -352080
1558694234355 -345352
1558694236755 -291468
1558694238712 -304949
1558694242612 -297324
1558694242612 -308849
1558694246205 -364008
1558694246680 -312916
1558694248244 -307173
1558694249313 -308242
1558694250535 -316770
1558694251178 -310106
1558694254165 -308875
1558694255753 -314681
1558694255753 -314681
1558694256080 -322315
1558694257162 -311872
1558694257668 -368661
1558694258639 -369632
1558694259614 -370607
1558694259989 -326223
1558694263526 -324025
1558694263619 -322546
1558694263923 -330157
1558694264603 -323530
1558694264918 -331152
1558694265014 -289573
1558694266010 -290569
1558694266594 -325520
1558694266990 -291549
1558694267580 -326506
1558694267873 -334106
1558694269597 -328523
1558694271544 -332041
1558694272435 -332932
1558694272934 -297492
1558694273412 -333909
1558694274680 -299238
1558694278100 -338597
1558694278100 -338597
1558694278380 -337305
1558694280383 -346612
1558694282035 -342531
1558694283122 -342046
1558694286456 -311012
1558694286458 -311014
1558694289024 -347947
1558694290986 -349909
1558694292103 -328155
1558694292103 -328155
1558694296890 -355811
1558694302036 -292543
1558694304658 -340708
1558694304984 -295491
1558694306594 -335508
1558694307456 -321546
1558694307934 -298440
1558694308450 -322540
1558694309513 -338427
1558694309898 -300404
1558694311869 -302375
1558694312370 -326459
1558694315324 -329413
1558694315474 -351523
1558694317375 -346288
1558694317439 -353488
1558694317439 -353488
1558694317439 -353488
1558694319341 -348254
1558694322046 -336134
1558694322298 -351210
1558694322356 -358404
1558694323515 -314019
1558694323515 -314019
1558694324998 -339086
1558694326123 -362171
1558694327110 -363158
1558694328092 -364139
1558694328441 -292672
1558694330037 -358948
1558694330999 -359910
1558694334340 -298570
1558694334979 -310950
1558694335900 -364810
1558694339739 -353825
1558694339836 -368746
1558694340724 -354809
1558694340818 -369728
1558694343830 -319799
1558694346723 -320099
1558694347486 -361570
1558694347496 -331275
1558694349568 -325482
1558694350550 -326464
1558694350912 -315139
1558694351403 -335181
1558694352375 -336153
1558694352378 -336156
1558694354423 -327798
1558694354838 -289119
1558694357377 -330752
1558694357783 -292063
1558694357783 -292063
1558694360389 -336303
1558694362292 -335666
1558694363274 -336648
1558694363341 -339255
1558694364205 -347981
1558694365306 -341219
1558694367617 -301896
1558694368259 -344172
1558694371242 -347155
1558694374854 -358628
1558694375105 -348477
1558694375814 -359588
1558694375910 -349282
1558694377293 -311571
1558694377934 -353847
1558694377937 -353850
1558694378288 -312566
1558694378294 -312571
1558694379900 -355813
1558694380238 -314515
1558694381876 -357789
1558694385742 -359113
1558694386656 -370427
1558694387131 -291269
1558694393628 -340907
1558694394591 -341870
1558694394841 -298978
1558694396574 -343853
1558694398432 -331616
1558694399349 -346627
1558694401384 -334567
1558694407219 -354496
1558694410170 -357447
1558694411216 -344397
1558694412127 -359404
1558694412574 -296223
1558694413181 -346362
1558694414209 -347390
1558694414633 -298282
1558694416376 -349557
1558694419226 -352406
1558694419861 -354437
1558694421724 -356299
1558694421969 -369244
1558694425808 -358986
1558694427775 -360952
1558694428117 -311764
1558694428754 -361931
1558694431064 -314711
1558694432623 -319669
1558694432687 -305680
1558694433675 -306667
1558694434511 -340931
1558694434657 -307649
1558694434657 -307649
1558694435007 -300222
1558694438486 -344906
1558694438659 -311651
1558694440556 -313548
1558694442520 -315511
1558694443502 -316493
1558694444327 -317318
1558694447276 -320267
1558694448192 -335236
1558694449247 -322237
1558694453115 -340158
1558694454100 -341143
1558694455082 -342125
1558694455150 -328140
1558694455514 -288765
1558694456131 -329121
1558694456967 -363381
1558694459080 -332069
1558694459448 -292698
1558694459920 -366333
1558694462027 -335016
1558694462396 -295645
1558694463877 -370290
1558694465966 -338954
1558694467195 -300444
1558694471714 -344701
1558694478522 -318892
1558694479936 -313183
1558694480422 -336714
1558694484422 -324791
1558694487376 -327745
1558694493183 -306047
1558694494260 -334628
1558694498105 -310968
1558694499097 -311960
1558694499935 -356224
1558694501902 -358191
1558694503879 -360168
1558694503936 -344302
1558694504020 -316882
1558694504854 -361143
1558694507931 -320793
1558694508781 -365069
1558694511826 -352191
1558694512798 -353163
1558694515064 -318137
1558694515657 -328515
1558694515740 -356105
1558694517608 -330465
1558694520488 -360851
1558694520489 -360852
1558694523514 -336370
1558694524363 -329681
1558694524869 -301595
1558694525902 -302628
1558694525902 -302627
1558694526982 -303707
1558694528533 -338949
1558694530015 -306740
1558694530589 -341005
1558694531534 -341950
1558694532132 -308856
1558694532479 -337796
1558694532576 -345431
1558694533449 -343864
1558694534458 -347312
1558694535361 -348215
1558694536240 -346655
1558694536673 -313397
1558694540081 -352933
1558694542403 -319126
1558694543031 -355882
1558694543031 -355882
1558694543031 -355882
1558694544993 -357843
1558694545893 -356307
1558694547799 -353114
1558694547946 -360795
1558694553220 -304702
1558694555669 -360982
1558694555740 -366152
1558694558150 -309631
1558694558775 -312267
1558694559131 -310612
1558694564373 -369685
1558694564911 -316391
1558694567335 -343924
1558694568467 -321958
1558694568818 -286295
1558694569447 -322938
1558694570350 -324103
1558694570431 -323922
1558694571313 -325066
1558694573277 -327030
1558694577208 -330961
1558694578149 -354736
1558694587799 -364385
1558694592245 -309719
1558694592873 -346361
1558694598627 -375212
1558694598697 -352447
1558694600661 -354411
1558694601591 -378176
1558694603542 -380126
1558694604683 -358167
1558694605032 -296069
1558694605578 -359327
1558694607626 -297077
1558694608610 -298061
1558694614709 -305742
1558694615367 -304816
1558694615368 -304817
1558694617313 -306762
1558694617664 -308696
1558694618197 -345541
1558694618280 -307729
1558694619266 -308715
1558694621238 -310686
1558694624123 -351466
1558694624133 -351476
1558694628954 -348574
1558694628954 -348574
1558694629018 -356360
1558694630454 -292182
1558694630963 -350582
1558694631082 -320526
1558694632425 -294153
1558694634015 -323458
1558694636188 -297915
1558694636915 -364256
1558694636924 -364265
1558694637171 -298898
1558694637791 -327232
1558694641755 -331195
1558694642717 -332156
1558694643690 -333129
1558694644529 -364143
1558694645041 -306767
1558694645652 -335090
1558694647620 -337057
1558694648460 -368072
1558694648604 -338041
1558694648978 -310703
1558694650513 -377852
1558694654373 -347870
1558694657464 -346897
1558694657464 -346897
1558694660099 -353595
1558694660330 -331288
1558694661083 -354579
1558694664566 -295964
1558694665024 -358519
1558694666083 -337040
1558694666169 -355599
1558694668121 -357550
1558694670104 -359532
1558694672891 -366385
1558694674862 -368355
1558694676890 -347846
1558694677826 -371318
1558694677826 -371318
1558694679337 -310733
1558694680905 -309689
1558694682182 -313577
1558694682901 -311685
1558694683095 -314490
1558694683734 -312517
1558694684694 -313477
1558694685046 -316441
1558694687551 -358505
1558694687995 -289227
1558694689519 -360473
1558694692647 -321429
1558694693434 -386924
1558694693963 -295194
1558694694419 -387909
1558694695494 -308771
1558694698467 -327249
1558694698820 -300050
1558694700427 -329208
1558694703755 -304984
1558694704218 -342686
1558694705542 -306771
1558694706012 -344479
1558694706987 -345454
1558694707969 -346436
1558694708134 -336914
1558694711078 -339858
1558694712056 -340835
1558694713883 -352349
1558694715017 -343796
1558694715389 -316617
1558694716017 -344796
1558694718821 -357287
1558694718958 -347736
1558694721027 -349804
1558694721027 -349804
1558694723101 -351877
1558694724005 -362470
1558694725595 -303324
1558694726070 -339343
1558694730565 -369029
1558694733558 -311648
1558694734539 -312629
1558694734539 -312629
1558694737322 -375784
1558694737386 -350656
1558694738453 -316543
1558694738458 -316547
1558694740417 -318506
1558694741265 -349699
1558694744198 -352632
1558694745331 -323420
1558694745331 -323419
1558694749262 -327350
1558694751626 -306928
1558694752068 -360501
1558694752068 -360501
1558694752130 -330940
1558694755000 -333087
1558694755006 -333093
1558694756378 -311679
1558694763264 -296069
1558694764690 -373122
1558694768622 -377053
1558694768622 -377053
1558694771139 -303943
1558694772561 -380992
1558694775071 -307874
1558694777864 -310667
1558694782231 -337865
1558694795573 -299074
1558694798521 -302022
