1558693125045 -320
1558693126025 -2049
1558693129648 -5671
1558693130571 -6594
1558693132457 -8480
1558693134230 -9136
1558693146842 -21748
1558693150630 -26648
1558693150633 -26651
1558693153508 -28413
1558693157421 -27208
1558693160362 -36380
1558693161356 -37374
1558693163184 -32971
1558693163184 -38498
1558693163189 -38503
1558693165140 -34927
1558693168017 -43331
1558693168042 -37829
1558693169013 -38800
1558693169943 -45257
1558693172831 -42618
1558693175685 -45472
1558693176625 -46412
1558693180532 -50319
1558693181383 -56696
1558693183298 -58611
1558693191622 -61408
1558693193178 -68491
1558693193960 -69273
1558693198886 -68672
1558693201732 -71492
1558693203683 -73443
1558693205388 -80700
1558693207559 -77319
1558693209249 -82927
1558693214119 -87797
1558693221989 -91749
1558693223668 -97345
1558693228786 -97198
1558693229507 -103184
1558693230478 -104155
1558693235643 -104055
1558693236291 -109968
1558693237262 -110939
1558693241488 -109899
1558693244880 -118557
1558693256564 -129523
1558693258913 -127323
1558693261404 -134363
1558693262824 -131234
1558693268077 -141036
1558693278298 -142868
1558693278298 -142868
1558693280306 -144876
1558693286789 -159747
1558693288079 -152649
1558693288081 -152651
1558693289289 -162247
1558693295200 -167245
1558693295775 -160344
1558693297688 -162257
1558693301609 -166177
1558693301978 -174023
1558693303898 -175943
1558693304859 -176904
1558693306489 -171056
1558693311390 -175957
1558693312462 -184506
1558693321968 -185454
1558693333856 -205900
1558693335654 -199139
1558693335655 -199140
1558693336591 -208635
1558693340514 -211847
1558693341355 -204840
1558693341467 -212800
1558693342430 -213763
1558693352114 -215598
1558693352154 -223487
1558693354091 -225424
1558693359929 -223413
1558693360904 -224388
1558693361699 -233032
1558693367592 -229930
1558693374430 -236768
1558693378347 -240684
1558693380312 -242649
1558693383896 -253608
1558693384872 -254584
1558693386831 -256428
1558693392843 -255180
1558693393630 -263227
1558693394809 -257146
1558693398710 -261047
1558693405619 -267956
1558693410311 -272648
1558693414853 -284449
1558693422005 -277594
1558693423010 -278599
1558693423983 -279572
1558693428463 -298059
1558693433337 -267161
1558693437565 -273414
1558693443360 -279208
1558693444323 -280171
1558693444821 -278643
1558693447254 -283101
1558693448233 -284080
1558693454376 -288197
1558693458263 -292083
1558693459800 -295645
1558693459800 -295645
1558693469929 -303747
1558693480460 -314274
1558693510491 -1465
1558693512780 -13
1558693513368 -601
1558693515328 -6302
1558693518224 -5457
1558693518244 -9218
1558693518246 -9220
1558693525062 -16035
1558693527967 -18940
1558693528945 -19918
1558693530941 -18172
1558693536556 -27529
1558693541418 -32391
1558693545439 -32669
1558693549189 -40162
1558693549190 -40163
1558693549338 -36568
1558693551140 -42113
1558693553092 -44059
1558693555213 -42442
1558693565798 -46029
1558693565798 -46029
1558693573625 -53855
1558693588836 -77213
1558693589763 -78140
1558693590719 -79095
1558693590719 -79095
1558693593608 -81984
1558693596559 -84935
1558693596968 -77197
1558693601354 -89711
1558693604748 -84872
1558693606081 -94438
1558693606709 -86833
1558693617730 -106086
1558693618700 -107056
1558693625118 -105240
1558693626134 -106256
1558693627083 -107205
1558693628286 -113773
1558693630830 -110952
1558693631821 -111942
1558693635719 -115840
1558693641859 -127344
1558693642855 -128340
1558693643530 -121154
1558693650381 -128004
1558693654340 -139824
1558693655325 -140809
1558693656076 -133699
1558693657272 -142756
1558693666015 -151463
1558693666985 -152433
1558693669923 -155371
1558693678521 -163969
1558693683301 -160922
1558693684265 -161886
1558693689167 -166765
1558693690156 -167754
1558693691136 -168734
1558693693071 -178517
1558693694073 -179519
1558693696960 -182406
1558693703600 -189046
1558693707578 -185174
1558693710404 -195850
1558693710541 -188137
1558693713308 -193192
1558693714455 -185235
1558693715257 -195140
1558693715415 -186195
1558693720278 -191057
1558693721089 -200972
1558693722226 -193005
1558693727934 -198712
1558693728932 -199710
1558693731850 -202628
1558693733560 -213442
1558693735510 -215392
1558693739664 -210442
1558693742310 -222191
1558693743283 -223164
1558693746502 -217280
1558693753188 -223966
1558693753813 -233638
1558693754169 -224946
1558693756119 -226896
1558693773118 -252942
1558693776019 -255843
1558693785316 -254712
1558693785733 -265556
1558693790593 -270416
1558693797875 -267271
1558693800001 -269397
1558693805686 -275081
1558693812575 -281969
1558693827022 -283546
1558693830134 -309236
1558693832023 -288546
1558693835842 -292365
1558693843666 -300188
1558693845440 -301961
1558693848379 -288356
1558693851334 -291311
1558693853317 -332155
1558693863837 -331981
1558693864974 -294222
1558693870718 -299963
1558693874606 -303850
1558693878457 -346599
1558693878572 -307814
1558693880373 -348515
1558693880503 -295141
1558693883283 -351424
1558693886185 -354326
1558693895746 -363886
1558693904828 -301526
1558693909128 -299198
1558693909779 -306477
1558693910560 -307258
1558693910560 -307258
1558693910762 -300832
1558693913237 -309934
1558693921222 -281607
1558693926704 -323399
1558693926712 -323407
1558693930581 -327276
1558693931962 -292346
1558693932525 -329219
1558693938207 -334901
1558693946450 -306832
1558693946950 -343533
1558693950384 -291367
1558693956247 -297229
1558693960418 -356996
1558693961399 -357977
1558693963376 -359953
1558693964878 -305859
1558693966232 -362808
1558693967206 -363781
1558693974663 -294283
1558693976602 -296222
1558693976602 -296222
1558693978915 -375486
1558693981490 -301109
1558693984531 -381100
1558693991102 -310720
1558693996217 -327288
1558694000105 -331175
1558694000896 -301932
1558694004944 -336013
1558694004945 -336014
1558694010666 -311701
1558694015494 -346561
1558694018314 -296044
1558694027103 -304831
1558694033964 -311691
1558694039674 -332152
1558694040643 -289412
1558694041667 -290436
1558694043580 -292348
1558694047427 -339904
1558694050369 -342845
1558694056005 -348481
1558694059883 -352358
1558694064902 -313667
1558694067837 -296813
1558694068816 -297792
1558694087212 -293120
1558694088193 -294101
1558694088880 -351177
1558694093741 -356038
1558694094715 -357011
1558694096987 -302893
1558694097966 -303872
1558694104857 -310763
1558694110375 -372669
1558694112705 -288621
1558694116377 -292293
1558694116911 -345740
1558694120288 -296203
1558694120794 -349622
1558694121302 -297217
1558694123227 -299142
1558694124235 -300150
1558694125175 -301090
1558694126160 -302075
1558694127455 -356282
1558694131856 -307770
1558694132298 -361125
1558694132833 -308747
1558694132833 -308747
1558694133810 -309724
1558694135215 -364041
1558694141666 -295240
1558694142034 -370859
1558694156689 -385512
1558694157571 -386394
1558694160063 -313629
1558694160358 -337914
1558694160378 -337933
1558694162979 -286431
1558694162979 -286431
1558694167132 -344686
1558694168102 -345656
1558694169824 -293275
1558694178640 -356193
1558694179441 -302891
1558694179623 -357176
1558694180416 -303866
1558694181570 -359123
1558694184335 -307784
1558694193252 -370803
1558694199942 -377491
1558694201930 -379478
1558694204785 -327302
1558694206745 -299942
1558694209647 -332164
1558694222357 -344872
1558694227074 -296052
1558694227074 -296052
1558694229922 -352435
1558694230002 -298980
1558694230836 -353349
1558694234749 -357262
1558694235737 -358249
1558694235890 -304867
1558694237870 -306846
1558694238640 -361151
1558694243775 -312751
1558694246395 -339713
1558694249515 -289378
1558694253071 -346389
1558694258191 -298053
1558694260162 -300023
1558694262187 -302048
1558694262739 -356055
1558694264669 -357985
1558694266490 -359806
1558694267104 -306964
1558694272099 -311959
1558694276729 -316588
1558694278119 -371433
1558694280684 -294278
1558694281667 -295261
1558694282979 -376293
1558694288522 -302115
1558694289619 -331815
1558694294494 -336689
1558694301146 -314738
1558694304098 -317689
1558694305254 -347447
1558694306087 -294590
1558694307048 -295550
1558694307048 -295550
1558694313931 -302433
1558694317894 -306395
1558694318802 -360993
1558694324589 -313089
1558694324589 -313089
1558694329561 -295544
1558694340154 -336177
1558694341315 -307296
1558694342295 -308276
1558694343088 -339111
1558694345056 -341079
1558694346033 -342055
1558694347003 -343025
1558694349999 -315979
1558694352954 -289031
1558694359844 -295920
1558694362791 -298866
1558694367712 -303787
1558694370327 -366346
1558694370547 -306621
1558694372278 -368297
1558694372278 -368297
1558694373264 -369283
1558694373458 -309532
1558694376398 -312471
1558694378365 -314438
1558694381316 -288238
1558694389187 -296108
1558694392143 -299063
1558694392973 -299893
1558694399482 -360490
1558694399845 -306763
1558694405776 -312693
1558694409699 -316614
1558694410094 -371100
1558694414696 -292406
1558694417585 -295295
1558694418583 -296293
1558694420419 -298128
1558694420854 -351918
1558694421341 -299050
1558694423297 -301006
1558694430614 -361676
1558694434365 -365426
1558694435099 -312806
1558694440838 -288452
1558694441823 -289437
1558694443169 -374229
1558694444772 -292385
1558694448056 -379115
1558694450675 -298287
1558694458543 -306154
1558694467494 -339069
1558694471374 -342949
1558694476085 -294693
1558694476254 -347828
1558694478207 -349781
1558694479039 -297646
1558694479194 -350768
1558694480004 -351577
1558694483913 -355486
1558694484894 -356467
1558694495595 -314200
1558694496631 -368201
1558694499536 -293758
1558694505280 -348653
1558694508386 -302607
1558694516042 -359413
1558694523855 -367183
1558694534619 -377941
1558694539530 -316954
1558694542266 -385584
1558694544242 -387560
1558694546433 -296003
1558694548137 -337527
1558694560214 -309782
1558694565616 -355003
1558694566967 -316535
1558694567581 -356968
1558694570502 -359888
1558694570885 -286295
1558694573430 -362815
1558694576753 -292162
1558694581679 -297088
1558694583651 -299059
1558694589873 -334357
1558694590372 -305779
1558694595278 -310685
1558694597705 -342187
1558694600478 -344960
1558694602451 -346933
1558694603415 -347897
1558694608294 -352775
1558694632585 -377062
1558694635267 -314109
1558694648064 -297077
1558694655905 -366649
1558694657724 -306735
1558694660787 -371530
1558694663724 -374467
1558694667650 -378392
1558694669530 -291932
1558694676265 -341742
1558694676416 -298817
1558694677403 -299804
1558694678258 -343735
1558694688004 -353480
1558694688055 -310454
1558694689959 -355434
1558694689960 -355435
1558694692951 -358426
1558694693047 -285325
1558694694765 -360240
1558694700847 -293124
1558694707402 -372875
1558694712484 -304760
1558694713308 -378781
1558694713485 -305761
1558694715235 -380707
1558694715442 -307717
1558694715447 -307722
1558694717185 -382656
1558694718388 -310663
1558694726129 -341308
1558694729190 -299962
1558694733977 -304747
1558694734950 -305720
1558694740861 -311629
1558694741477 -356654
1558694745231 -360407
1558694747188 -362364
1558694751670 -301942
1558694755987 -371161
1558694759372 -309643
1558694763310 -313580
1558694765277 -315547
1558694766263 -316533
1558694767247 -287229
1558694767247 -287229
1558694771184 -291165
1558694776932 -296913
1558694783809 -303789
1558694784792 -304772
1558694784792 -304771
1558694786757 -306736
1558694793643 -313621
1558694798554 -288182
1558694798554 -288182
