1558693124044 -1161
1558693125144 -2261
1558693127705 -4822
1558693127712 -4829
1558693128668 -5785
1558693130831 -7948
1558693137032 -2751
1558693137064 -5588
1558693137934 -15051
1558693139930 -5649
1558693139971 -17088
1558693141458 -10735
1558693141886 -7604
1558693141956 -10480
1558693142882 -19999
1558693143853 -12377
1558693144904 -22020
1558693146098 -23214
1558693146967 -24083
1558693147917 -25033
1558693149118 -18394
1558693152117 -21393
1558693155321 -20994
1558693155997 -33113
1558693157246 -22919
1558693158204 -35320
1558693159274 -27797
1558693162946 -28619
1558693163518 -32794
1558693164508 -33784
1558693169749 -35420
1558693173381 -39813
1558693173846 -42369
1558693176692 -45179
1558693177699 -54752
1558693178473 -46960
1558693184444 -61497
1558693185141 -50811
1558693186175 -51845
1558693187995 -54427
1558693188496 -54166
1558693188641 -65694
1558693189422 -57909
1558693191518 -60005
1558693191518 -60005
1558693193783 -60214
1558693197014 -65501
1558693199652 -76704
1558693199685 -65355
1558693199867 -68352
1558693202576 -68246
1558693203228 -69659
1558693204217 -70648
1558693207294 -84346
1558693208247 -73907
1558693208411 -76896
1558693214081 -77656
1558693215047 -78621
1558693215938 -82353
1558693218922 -82496
1558693220829 -87244
1558693222659 -99705
1558693223028 -91512
1558693225753 -89326
1558693229637 -98121
1558693232243 -109273
1558693234318 -97891
1558693238991 -116021
1558693244718 -121748
1558693245126 -111539
1558693247158 -114340
1558693248857 -115270
1558693249864 -111392
1558693251788 -118201
1558693253378 -128107
1558693255746 -122927
1558693260880 -135608
1558693264484 -130897
1558693265460 -131873
1558693265677 -140405
1558693267603 -142331
1558693267603 -142331
1558693270475 -145203
1558693272160 -133685
1558693272349 -139530
1558693272396 -147124
1558693273202 -140383
1558693275093 -136618
1558693275139 -142320
1558693275275 -150003
1558693277230 -151958
1558693278090 -145271
1558693284803 -146328
1558693285888 -147411
1558693285888 -147030
1558693287050 -152725
1558693287825 -153500
1558693290617 -151759
1558693290814 -156186
1558693290826 -156198
1558693292596 -153738
1558693293570 -154711
1558693293734 -159409
1558693294585 -169300
1558693296450 -162125
1558693297416 -163091
1558693300172 -161313
1558693301226 -175941
1558693304230 -169905
1558693305060 -179775
1558693306033 -167174
1558693307231 -172591
1558693307959 -182674
1558693310821 -185536
1558693313015 -178689
1558693314824 -175964
1558693316565 -191280
1558693316775 -177915
1558693321703 -186231
1558693323455 -184595
1558693323666 -188194
1558693324574 -190246
1558693324632 -189159
1558693326402 -187541
1558693327371 -188510
1558693330337 -191476
1558693330347 -191486
1558693332404 -198076
1558693333388 -199059
1558693333388 -199059
1558693335349 -201020
1558693337142 -198281
1558693338270 -203941
1558693339254 -204925
1558693340537 -213132
1558693341476 -214071
1558693342458 -215053
1558693343002 -204140
1558693345971 -210498
1558693348855 -212740
1558693349194 -221752
1558693351695 -212052
1558693351815 -215700
1558693352627 -212984
1558693355760 -220287
1558693357648 -221533
1558693358641 -222526
1558693359612 -223497
1558693362565 -226450
1558693367272 -227629
1558693367398 -239956
1558693368252 -228609
1558693371026 -231383
1558693371245 -243803
1558693372973 -233329
1558693373022 -245580
1558693376107 -240632
1558693380016 -244541
1558693383881 -247576
1558693385852 -249547
1558693385901 -250426
1558693389431 -259759
1558693391582 -256087
1558693394317 -254673
1558693394520 -259025
1558693395242 -265570
1558693401829 -272157
1558693404762 -275090
1558693406143 -266499
1558693406260 -269955
1558693406721 -277048
1558693407175 -270870
1558693407652 -277979
1558693407679 -278006
1558693408218 -272722
1558693410191 -274695
1558693410939 -271294
1558693411190 -275694
1558693411927 -267169
1558693417762 -273002
1558693420727 -284421
1558693422540 -261349
1558693422697 -284148
1558693422751 -287255
1558693424613 -286064
1558693426609 -286624
1558693426781 -297108
1558693427540 -288989
1558693428503 -289952
1558693429678 -300005
1558693430456 -291905
1558693432573 -302900
1558693434507 -282466
1558693437222 -266468
1558693438177 -267423
1558693438460 -308787
1558693440059 -269304
1558693441096 -291068
1558693442113 -292085
1558693442899 -272144
1558693443996 -314322
1558693447854 -287648
1558693448887 -296844
1558693449670 -278913
1558693451627 -280869
1558693453656 -293449
1558693456691 -290854
1558693456733 -297295
1558693457530 -297323
1558693461588 -295750
1558693486329 -326117
1558693487294 -327082
1558693490998 -330785
1558693511531 -2473
1558693512527 -3469
1558693515264 -5433
1558693516391 -7333
1558693516556 -76
1558693517568 -7415
1558693523456 -13300
1558693530297 -20141
1558693530695 -14214
1558693531895 -22064
1558693534551 -25493
1558693534553 -25495
1558693536632 -26801
1558693536641 -26810
1558693540393 -31334
1558693543474 -33643
1558693546386 -36555
1558693547110 -38051
1558693547137 -30655
1558693549037 -39978
1558693552020 -35538
1558693555525 -45350
1558693557569 -45961
1558693557569 -45961
1558693557881 -41398
1558693557944 -48111
1558693558857 -42374
1558693559833 -43350
1558693559836 -43353
1558693560888 -51055
1558693562395 -50786
1558693562836 -53003
1558693564204 -54028
1558693564399 -52790
1558693567089 -56913
1558693567226 -55617
1558693567226 -55617
1558693569163 -57554
1558693570419 -44920
1558693571636 -61803
1558693573926 -63750
1558693574563 -64729
1558693577261 -51761
1558693579212 -53712
1558693579623 -68013
1558693581178 -55678
1558693581242 -71408
1558693582523 -70912
1558693583204 -73370
1558693584100 -58600
1558693584519 -68920
1558693585467 -73856
1558693586460 -74849
1558693588464 -72865
1558693590308 -78697
1558693591061 -81227
1558693597269 -81669
1558693600803 -89606
1558693600803 -89606
1558693602498 -76997
1558693605532 -93883
1558693606400 -77755
1558693606868 -91267
1558693608794 -93193
1558693614695 -99094
1558693615188 -103538
1558693616011 -87365
1558693617961 -89315
1558693619212 -108013
1558693621496 -105894
1558693624105 -112906
1558693625779 -97133
1558693626776 -98130
1558693627382 -111780
1558693630788 -119588
1558693631644 -102998
1558693632093 -116485
1558693635040 -109550
1558693635362 -123711
1558693636271 -124619
1558693637341 -108695
1558693637939 -112449
1558693639297 -110651
1558693640131 -128479
1558693649061 -118947
1558693650042 -119928
1558693650602 -136109
1558693655901 -125786
1558693658671 -128556
1558693660249 -134755
1558693662204 -136710
1558693664131 -149638
1558693665148 -139654
1558693667021 -152528
1558693667993 -153500
1558693668441 -138325
1558693671050 -142132
1558693671673 -157147
1558693675412 -160886
1558693675736 -146818
1558693677697 -148779
1558693682630 -153712
1558693685505 -156586
1558693685509 -156590
1558693687510 -158591
1558693688446 -159527
1558693692706 -162589
1558693693901 -179306
1558693695283 -166363
1558693696609 -166491
1558693697220 -168300
1558693697605 -183010
1558693698579 -168461
1558693702925 -174005
1558693704428 -173684
1558693707263 -192667
1558693708817 -179896
1558693709493 -192232
1558693712085 -197488
1558693714016 -199419
1558693714694 -185773
1558693715351 -198090
1558693716640 -187719
1558693717289 -200028
1558693721203 -203942
1558693721586 -206989
1558693722547 -207950
1558693726900 -209639
1558693728344 -213747
1558693728683 -197937
1558693728683 -197937
1558693729552 -198806
1558693731242 -216644
1558693731451 -200705
1558693734142 -219544
1558693737098 -222500
1558693737388 -206642
1558693737701 -220440
1558693737701 -220440
1558693738341 -207595
1558693740596 -223334
1558693742822 -213835
1558693744787 -215799
1558693746767 -217779
1558693749237 -231208
1558693751367 -231519
1558693751967 -221220
1558693752329 -232481
1558693757050 -239021
1558693757158 -237310
1558693757329 -228341
1558693763910 -245881
1558693765227 -236239
1558693766821 -246973
1558693777269 -257089
1558693777422 -252706
1558693779200 -259020
1558693779653 -250660
1558693780646 -251653
1558693782597 -253604
1558693786813 -254427
1558693786813 -254427
1558693787899 -267719
1558693787902 -267722
1558693789157 -264440
1558693791110 -266393
1558693794049 -269332
1558693796152 -267132
1558693796478 -276298
1558693798452 -278272
1558693798615 -265520
1558693800465 -280284
1558693800831 -276114
1558693802113 -273088
1558693804695 -279978
1558693804920 -275895
1558693805610 -280893
1558693807187 -287006
1558693808157 -287976
1558693808275 -275180
1558693812030 -291849
1558693812030 -291849
1558693812787 -283762
1558693812959 -292778
1558693814443 -275871
1558693815669 -294773
1558693816388 -277816
1558693817393 -278821
1558693820911 -287815
1558693821423 -292397
1558693822422 -301526
1558693822875 -289779
1558693823311 -282392
1558693824053 -285480
1558693825277 -284357
1558693825972 -287398
1558693827546 -286006
1558693830111 -289190
1558693831106 -290185
1558693833083 -289692
1558693834021 -290630
1558693834455 -292914
1558693835993 -295071
1558693836863 -293472
1558693838287 -273700
1558693840659 -302083
1558693841603 -303027
1558693842191 -277603
1558693842648 -291999
1558693845380 -301986
1558693845380 -301986
1558693848070 -283481
1558693848305 -304910
1558693849494 -298844
1558693850209 -306814
1558693850249 -299391
1558693852137 -308741
1558693853102 -309706
1558693855036 -311639
1558693856334 -275727
1558693859064 -308205
1558693860241 -279633
1558693864911 -289323
1558693866470 -323068
1558693868511 -292184
1558693870653 -295064
1558693872277 -298902
1558693873130 -296802
1558693873554 -297965
1558693874141 -297813
1558693874536 -298946
1558693875713 -295103
1558693875723 -295113
1558693877048 -276454
1558693877053 -276459
1558693878695 -298085
1558693879425 -303835
1558693880960 -280365
1558693880960 -307584
1558693881928 -308552
1558693882354 -306763
1558693883334 -307743
1558693886254 -310663
1558693887231 -311640
1558693888512 -315135
1558693888759 -288163
1558693889998 -283491
1558693893135 -299236
1558693894632 -294035
1558693896421 -295824
1558693898389 -277494
1558693898803 -292295
1558693898994 -305094
1558693900826 -294318
1558693902437 -281541
1558693904606 -283710
1558693907344 -333963
1558693907511 -286614
1558693907511 -286614
1558693908928 -302419
1558693909177 -335796
1558693909485 -288588
1558693910888 -337506
1558693911288 -290391
1558693911950 -290457
1558693918194 -311684
1558693925217 -303722
1558693926051 -316323
1558693926997 -317269
1558693926997 -317269
1558693928145 -290165
1558693929920 -279573
1558693934360 -286270
1558693938266 -290176
1558693939370 -329640
1558693939552 -289204
1558693940678 -302692
1558693942651 -304664
1558693943158 -294486
1558693943445 -293096
1558693944955 -296283
1558693947355 -297006
1558693947886 -299213
1558693953864 -344132
1558693954358 -284322
1558693954728 -290158
1558693954834 -345102
1558693955669 -345937
1558693956156 -305806
1558693956342 -286306
1558693958119 -307769
1558693959617 -295046
1558693961864 -311513
1558693972162 -281417
1558693973597 -296225
1558693976673 -306633
1558693979455 -302082
1558693980604 -316480
1558693985414 -321290
1558693987113 -309740
1558693988236 -300719
1558693989293 -325168
1558693993490 -284338
1558693994937 -317562
1558693996041 -308523
1558693998010 -310492
1558693999819 -287415
1558694001907 -314388
1558694002279 -293126
1558694003601 -339473
1558694003728 -291324
1558694004230 -295077
1558694004695 -292291
1558694005815 -297963
1558694006185 -297032
1558694006185 -297032
1558694007464 -343334
1558694007637 -295233
1558694011346 -347214
1558694012521 -304668
1558694014334 -301929
1558694016154 -352021
1558694017242 -304836
1558694020340 -312486
1558694021303 -313448
1558694025821 -316279
1558694030459 -301380
1558694032069 -300000
1558694032401 -287270
1558694033400 -323857
1558694034348 -324804
1558694035324 -325780
1558694035787 -303718
1558694037287 -292154
1558694040572 -298030
1558694043521 -300979
1558694046913 -337368
1558694050493 -289258
1558694055442 -345895
1558694056159 -294923
1558694057122 -295886
1558694058336 -348788
1558694059077 -297841
1558694059307 -349759
1558694060271 -350722
1558694060271 -350722
1558694060272 -350723
1558694061032 -299796
1558694061237 -351688
1558694061546 -297971
1558694063348 -299773
1558694064134 -305004
1558694066767 -294239
1558694067874 -306637
1558694071707 -299179
1558694075696 -314458
1558694076708 -315470
1558694078977 -294116
1558694079603 -292153
1558694079953 -295091
1558694080303 -307774
1558694080394 -321261
1558694082888 -298026
1558694083273 -310744
1558694084339 -296889
1558694085193 -312663
1558694087253 -299802
1558694091062 -292250
1558694091991 -332856
1558694092029 -293217
1558694092483 -307620
1558694095071 -307619
1558694098349 -289192
1558694099847 -301034
1558694100309 -291151
1558694100515 -341378
1558694100950 -313497
1558694101295 -292137
1558694101919 -314466
1558694102915 -315462
1558694104628 -305814
1558694107333 -348192
1558694107753 -300856
1558694111124 -301965
1558694114512 -315697
1558694115087 -300439
1558694117384 -310486
1558694118279 -298119
1558694119674 -280411
1558694120207 -300046
1558694121632 -282369
1558694122174 -302013
1558694125097 -304936
1558694129467 -290203
1558694130296 -315646
1558694131418 -292153
1558694131418 -292153
1558694134156 -319505
1558694134172 -294907
1558694134807 -303718
1558694134809 -303720
1558694136654 -316491
1558694139596 -290329
1558694141876 -327224
1558694145565 -314474
1558694145903 -284335
1558694146549 -331896
1558694154934 -293365
1558694158498 -296928
1558694162959 -348298
1558694162959 -348297
1558694162984 -311503
1558694165816 -316545
1558694167768 -318497
1558694169191 -294068
1558694174395 -307917
1558694174600 -295187
1558694176028 -300904
1558694177004 -301880
1558694178342 -298928
1558694178343 -298929
1558694180303 -300889
1558694182370 -303720
1558694184046 -317567
1558694184222 -304808
1558694185198 -305784
1558694187153 -307738
1558694188135 -308720
1558694188566 -287230
1558694189593 -288257
1558694189882 -323402
1558694192617 -326137
1558694192617 -326136
1558694197473 -330992
1558694198422 -331941
1558694198785 -319368
1558694202363 -335881
1558694204786 -296881
1558694206827 -298922
1558694208575 -299891
1558694212511 -304605
1558694213483 -305577
1558694214489 -306583
1558694215422 -306737
1558694215933 -289390
1558694215933 -289390
1558694218017 -291474
1558694218919 -352433
1558694219029 -352543
1558694219572 -310885
1558694220812 -312905
1558694225086 -316398
1558694225976 -317288
1558694227525 -300816
1558694229031 -295025
1558694229275 -302566
1558694230964 -296957
1558694235930 -309900
1558694236166 -309456
1558694236769 -298208
1558694240701 -302140
1558694242832 -308824
1558694243852 -309844
1558694244536 -318505
1558694245073 -300082
1558694245537 -319506
1558694247019 -302028
1558694250738 -286765
1558694253596 -308604
1558694254570 -309578
1558694255427 -291453
1558694256520 -311528
1558694258030 -331997
1558694258491 -287315
1558694259479 -288303
1558694261099 -292404
1558694262327 -298352
1558694263404 -292227
1558694264384 -293207
1558694265368 -294190
1558694265645 -339610
1558694266370 -295192
1558694266636 -340600
1558694267035 -298340
1558694269047 -300351
1558694270341 -299162
1558694273305 -302126
1558694280229 -313949
1558694280776 -290582
1558694283718 -293524
1558694283718 -293524
1558694284515 -315817
1558694285885 -319604
1558694289773 -323492
1558694291748 -294354
1558694292406 -289657
1558694294638 -328356
1558694305341 -307924
1558694306026 -303275
1558694306977 -304226
1558694306981 -304230
1558694307264 -340980
1558694308950 -306199
1558694310908 -308156
1558694311090 -295662
1558694311240 -293458
1558694313904 -347620
1558694314860 -312108
1558694317825 -351540
1558694317972 -302543
1558694318779 -352494
1558694323057 -305273
1558694324524 -291797
1558694324524 -291797
1558694328503 -314266
1558694331428 -317191
1558694331740 -288702
1558694338607 -295568
1558694345037 -312308
1558694345156 -301541
1558694346017 -313288
1558694349115 -305500
1558694350077 -306462
1558694350232 -281033
1558694350916 -318186
1558694352625 -338385
1558694354568 -340327
1558694361068 -291867
1558694362860 -302760
1558694363841 -303741
1558694366060 -351816
1558694366486 -303627
1558694366486 -303627
1558694367998 -353753
1558694369595 -309494
1558694372695 -278258
1558694372702 -278265
1558694376312 -313452
1558694378419 -318317
1558694378574 -284136
1558694378575 -284137
1558694387424 -292984
1558694390899 -298877
1558694391044 -306535
1558694396012 -311501
1558694396064 -347693
1558694396941 -312429
1558694397926 -313414
1558694397926 -313414
1558694398078 -303395
1558694400898 -352527
1558694400908 -352537
1558694401846 -353475
1558694402006 -289044
1558694404701 -312677
1558694406649 -314625
1558694406773 -300079
1558694406775 -300081
1558694410454 -362081
1558694415677 -308981
1558694415930 -302967
1558694415982 -303018
1558694417474 -299178
1558694419326 -301030
1558694419540 -312843
1558694423325 -316627
1558694423474 -288284
1558694427768 -332866
1558694428734 -333832
1558694433153 -292473
1558694436110 -295430
1558694443674 -296265
1558694444782 -304101
1558694444782 -304101
1558694444945 -287387
1558694445258 -350354
1558694446621 -299212
1558694446621 -299211
1558694446750 -306069
1558694446912 -289354
1558694448589 -301179
1558694448715 -308034
1558694450553 -303143
1558694451532 -304122
1558694451664 -310982
1558694452817 -295258
1558694453799 -296240
1558694453836 -304350
1558694454610 -313928
1558694454784 -297225
1558694456758 -307272
1558694457730 -308244
1558694459696 -302136
1558694463652 -306092
1558694466107 -288737
1558694467593 -284891
1558694469197 -300346
1558694469404 -319916
1558694470073 -292702
1558694472139 -303288
1558694475261 -292558
1558694476240 -293537
1558694477054 -308202
1558694478040 -309188
1558694480991 -312139
1558694481978 -313126
1558694482133 -299429
1558694484784 -307411
1558694485082 -302378
1558694485758 -336268
1558694488569 -311195
1558694488735 -295603
1558694489656 -340166
1558694490636 -341146
1558694490684 -297552
1558694491633 -342142
1558694492787 -287752
1558694497414 -293739
1558694498224 -348731
1558694499200 -349707
1558694499200 -349707
1558694501135 -351641
1558694501347 -297671
1558694501633 -296597
1558694503080 -353586
1558694503309 -299633
1558694503443 -310309
1558694505571 -300534
1558694506396 -313262
1558694506396 -313262
1558694506970 -301768
1558694507269 -303592
1558694508364 -315230
1558694510068 -306391
1558694510068 -306391
1558694512051 -308374
1558694513161 -293696
1558694514108 -294643
1558694514425 -309272
1558694514425 -309272
1558694515722 -310519
1558694516223 -289677
1558694516911 -313233
1558694518876 -315198
1558694519009 -299543
1558694520576 -315372
1558694523334 -318130
1558694523928 -304461
1558694524303 -319099
1558694525064 -298517
1558694528069 -308602
1558694530535 -325330
1558694530535 -325330
1558694534998 -308450
1558694536938 -331732
1558694537906 -332700
1558694538882 -333676
1558694545395 -295869
1558694548493 -300580
1558694552317 -347108
1558694557207 -307679
1558694560014 -310486
1558694560313 -287995
1558694563840 -295860
1558694564955 -285163
1558694565920 -286128
1558694565953 -313478
1558694567895 -315420
1558694570664 -318188
1558694570840 -291047
1558694571928 -299608
1558694573564 -321088
1558694573576 -321100
1558694573756 -293963
1558694575715 -295921
1558694576573 -308592
1558694577694 -297900
1558694578810 -284118
1558694580362 -327885
1558694581462 -301668
1558694581462 -301668
1558694582395 -314413
1558694582477 -302683
1558694586366 -306571
1558694588474 -293780
1558694590190 -288132
1558694592819 -340340
1558694594126 -292067
1558694595351 -300653
1558694596335 -301637
1558694596708 -344228
1558694597685 -345205
1558694600026 -297966
1558694601124 -296915
1558694601594 -349112
1558694602231 -287056
1558694603087 -298878
1558694603509 -351027
1558694603514 -351032
1558694606739 -304678
1558694607836 -303626
1558694608699 -306638
1558694609111 -293934
1558694611285 -316400
1558694615981 -321095
1558694616564 -314502
1558694616565 -314503
1558694617671 -313460
1558694625719 -330832
1558694626685 -331798
1558694628365 -296959
1558694632514 -337626
1558694635093 -303686
1558694636184 -313418
1558694638293 -304604
1558694643254 -284176
1558694644194 -285116
1558694644971 -350081
1558694645178 -286100
1558694646897 -315489
1558694646912 -352022
1558694647146 -288068
1558694649848 -318440
1558694653039 -293958
1558694654023 -294942
1558694657653 -308551
1558694657653 -308550
1558694659548 -326146
1558694659612 -310509
1558694661483 -301674
1558694664448 -304639
1558694665412 -305603
1558694665511 -316408
1558694667385 -307576
1558694668367 -308557
1558694668605 -309465
1558694668605 -309464
1558694669351 -309541
1558694670076 -336673
1558694671405 -291999
1558694672294 -312484
1558694672537 -289967
1558694672983 -339536
1558694674926 -341479
1558694676874 -343427
1558694677048 -317237
1558694677452 -294879
1558694678074 -295827
1558694680774 -347327
1558694682017 -299769
1558694682120 -302713
1558694682973 -300725
1558694685152 -302577
1558694685993 -306585
1558694686136 -303560
1558694686986 -307578
1558694687394 -353947
1558694688940 -309532
1558694689924 -310516
1558694690065 -307487
1558694694262 -318427
1558694695896 -316487
1558694698779 -289056
1558694699059 -323223
1558694703921 -328085
1558694705414 -296774
1558694705868 -330031
1558694706398 -297758
1558694707381 -298741
1558694707587 -300657
1558694709751 -333914
1558694711535 -335698
1558694712503 -336666
1558694713388 -303663
1558694713497 -286091
1558694715250 -306609
1558694716445 -289038
1558694719187 -310545
1558694720263 -310537
1558694720419 -293012
1558694721349 -311623
1558694723414 -313688
1558694723604 -296196
1558694731003 -293234
1558694732823 -295054
1558694733860 -298742
1558694734960 -288048
1558694735678 -308792
1558694735951 -289039
1558694736922 -290010
1558694737904 -290991
1558694739677 -301907
1558694742622 -304851
1558694742820 -295907
1558694742820 -295907
1558694743666 -308546
1558694748308 -321420
1558694751368 -316247
1558694753293 -315518
1558694755299 -293805
1558694757404 -282149
1558694758198 -294054
1558694758250 -296755
1558694758381 -283126
1558694766114 -304618
1558694771034 -309537
1558694772838 -311341
1558694775785 -314287
1558694777753 -316255
1558694782797 -307329
1558694785617 -301629
1558694786728 -287061
1558694788539 -294078
1558694793481 -309492
1558694796434 -312445
1558694799176 -304714
1558694799508 -299840
1558694800490 -300822
1558694805245 -305576
1558694809170 -281108
1558694815067 -287004
1558694819984 -291920
1558694820968 -292904
