1558693127902 -3696
1558693130080 -5515
1558693130880 -6674
1558693133721 -9515
1558693134733 -10527
1558693138314 -10565
1558693141563 -17357
1558693141563 -17357
1558693147112 -22906
1558693147456 -22748
1558693147456 -22748
1558693147849 -20099
1558693148236 -23528
1558693152696 -24946
1558693152939 -28732
1558693154599 -26849
1558693154620 -26870
1558693159405 -31655
1558693162266 -34516
1558693167359 -43152
1558693168937 -41187
1558693169314 -44890
1558693174011 -49586
1558693178564 -50794
1558693179108 -50678
1558693179505 -51735
1558693182392 -54622
1558693184296 -56525
1558693188187 -59757
1558693189060 -60630
1558693190797 -66340
1558693191434 -63663
1558693196872 -69100
1558693200837 -76379
1558693202257 -73787
1558693205193 -76723
1558693211005 -82534
1558693212961 -84490
1558693213906 -85435
1558693214852 -87044
1558693218157 -91614
1558693220099 -93556
1558693224432 -95961
1558693224452 -96643
1558693224452 -96643
1558693224953 -98409
1558693226369 -97898
1558693226369 -97898
1558693226534 -98725
1558693227490 -99681
1558693229285 -100814
1558693230374 -102565
1558693232205 -103734
1558693241908 -113437
1558693243732 -115923
1558693247569 -113849
1558693251014 -124261
1558693251493 -117773
1558693255318 -127509
1558693255868 -129115
1558693256373 -122653
1558693257359 -123639
1558693260288 -126567
1558693263227 -129506
1558693265185 -131464
1558693266171 -132450
1558693266740 -138919
1558693268666 -140845
1558693269633 -141812
1558693272260 -145504
1558693273248 -146492
1558693273817 -140095
1558693274193 -147437
1558693275770 -142048
1558693277122 -150366
1558693277738 -144016
1558693279152 -151310
1558693279739 -146017
1558693281125 -153283
1558693283064 -155222
1558693287580 -153857
1558693289759 -161917
1558693290588 -162418
1558693290606 -162436
1558693291768 -163925
1558693293703 -165860
1558693295647 -167804
1558693296569 -168726
1558693297513 -169670
1558693298339 -170169
1558693305903 -172101
1558693309034 -180864
1558693310789 -176985
1558693310941 -182771
1558693313751 -185647
1558693317624 -189519
1558693319542 -191437
1558693320503 -192333
1558693321364 -187560
1558693321479 -193309
1558693322452 -194347
1558693324377 -196272
1558693325283 -187929
1558693327231 -189877
1558693329250 -191896
1558693332900 -204795
1558693333868 -205763
1558693334092 -196738
1558693337822 -200468
1558693344508 -216403
1558693344508 -216403
1558693350161 -222056
1558693351501 -223031
1558693351566 -214212
1558693354444 -217090
1558693356314 -227843
1558693357347 -219993
1558693360284 -222930
1558693363919 -235448
1558693367801 -239330
1558693367924 -230569
1558693373793 -236438
1558693378907 -250636
1558693380842 -252571
1558693382592 -245236
1558693386648 -258377
1558693390022 -259866
1558693392205 -254849
1558693392431 -264160
1558693397775 -267618
1558693399042 -261686
1558693400999 -263643
1558693400999 -263643
1558693402950 -274679
1558693403604 -260186
1558693407889 -270533
1558693410757 -282485
1558693412603 -275247
1558693414601 -286299
1558693414601 -286299
1558693421915 -278494
1558693423249 -294947
1558693426248 -286430
1558693427082 -298780
1558693435476 -281207
1558693439778 -291256
1558693441208 -286938
1558693441208 -286938
1558693442203 -287933
1558693446604 -286686
1558693452200 -323779
1558693453438 -293519
1558693454645 -291083
1558693464805 -336383
1558693469501 -341079
1558693472419 -343997
1558693474360 -345938
1558693482132 -316937
1558693483104 -317909
1558693488933 -323737
1558693490878 -325681
1558693494601 -329402
1558693496544 -331345
1558693500430 -335229
1558693509972 -79
1558693509993 -100
1558693512453 -2560
1558693513362 -55
1558693514370 -4477
1558693515826 -350620
1558693516795 -351589
1558693521727 -8420
1558693522337 -13372
1558693523636 -10329
1558693523636 -10327
1558693525249 -16284
1558693528522 -15213
1558693528945 -19980
1558693534791 -25826
1558693535585 -25689
1558693541635 -32670
1558693545467 -36500
1558693547247 -37350
1558693548397 -39430
1558693549354 -40387
1558693553065 -44098
1558693554060 -44163
1558693554731 -41420
1558693558750 -48852
1558693560430 -47118
1558693562383 -45694
1558693562778 -50341
1558693563386 -46697
1558693563753 -51315
1558693565554 -54839
1558693566528 -55813
1558693568470 -57755
1558693570199 -53510
1558693571178 -54489
1558693578017 -61326
1558693579969 -69254
1558693583015 -70575
1558693583732 -67041
1558693588714 -72022
1558693591598 -74906
1558693594686 -82245
1558693594692 -82251
1558693595676 -83235
1558693601353 -90637
1558693606197 -89504
1558693607185 -90492
1558693609966 -97165
1558693612974 -100485
1558693612974 -100485
1558693617725 -104924
1558693618700 -105899
1558693618809 -106320
1558693619670 -106869
1558693619670 -106869
1558693619674 -106873
1558693620643 -107842
1558693628371 -115604
1558693632172 -119371
1558693635238 -122469
1558693643070 -119593
1558693643983 -120506
1558693645940 -122463
1558693649613 -136843
1558693651556 -138786
1558693653487 -140717
1558693655594 -132117
1558693656401 -143631
1558693656546 -133067
1558693657256 -143653
1558693658345 -145574
1558693660160 -146557
1558693660443 -136964
1558693661134 -147531
1558693662218 -149447
1558693666300 -142820
1558693667278 -143798
1558693669917 -156313
1558693669917 -156313
1558693673777 -151895
1558693678494 -164889
1558693679518 -165913
1558693680919 -157439
1558693681442 -167837
1558693685282 -171677
1558693685697 -162217
1558693690157 -176551
1558693692219 -170335
1558693694063 -180456
1558693697407 -168768
1558693697843 -175922
1558693704664 -182742
1558693709523 -187601
1558693710388 -194737
1558693715351 -193428
1558693716329 -194406
1558693716799 -188158
1558693718085 -196162
1558693719721 -191080
1558693721973 -200050
1558693726747 -211095
1558693728350 -199708
1558693733239 -204597
1558693733630 -211655
1558693734215 -205573
1558693735579 -213604
1558693737498 -221846
1558693739381 -223729
1558693742212 -220237
1558693746134 -224158
1558693748045 -226069
1558693749987 -228011
1558693750887 -232642
1558693753797 -235552
1558693753797 -235552
1558693754848 -232872
1558693757687 -239441
1558693759455 -228617
1558693764380 -233541
1558693766402 -238115
1558693768382 -250135
1558693770204 -251957
1558693771178 -240338
1558693776059 -247771
1558693776968 -258720
1558693783836 -255547
1558693784810 -256521
1558693784810 -256521
1558693785780 -257491
1558693788544 -260255
1558693788640 -270392
1558693795400 -277152
1558693796405 -267643
1558693797330 -268568
1558693798280 -280032
1558693798333 -269571
1558693802276 -270565
1558693814710 -285948
1558693815658 -286896
1558693818847 -287136
1558693819767 -288056
1558693820555 -291793
1558693821455 -300950
1558693827200 -306695
1558693831298 -299587
1558693840077 -308365
1558693841611 -321105
1558693845567 -316804
1558693845829 -314117
1558693852377 -323614
1558693855258 -308956
1558693856527 -324372
1558693858204 -305934
1558693859124 -312821
1558693859963 -307693
1558693861427 -299615
1558693865345 -303533
1558693866740 -320436
1558693867288 -305476
1558693868786 -322481
1558693870646 -324341
1558693872572 -326267
1558693874505 -328200
1558693874942 -313129
1558693875531 -323259
1558693879363 -333057
1558693880846 -319030
1558693884210 -337904
1558693885058 -332785
1558693890574 -328754
1558693891566 -329746
1558693896270 -334447
1558693897688 -345413
1558693899599 -295474
1558693900633 -279877
1558693904793 -300667
1558693905561 -343732
1558693909595 -288838
1558693918898 -298139
1558693920854 -300095
1558693922503 -311319
1558693923778 -319649
1558693926674 -305914
1558693928613 -307853
1558693932268 -321082
1558693935234 -331103
1558693938163 -334031
1558693938173 -317411
1558693938173 -317410
1558693939126 -334993
1558693946921 -326155
1558693949700 -338512
1558693951763 -347625
1558693951767 -330999
1558693952728 -348590
1558693955529 -334760
1558693956490 -335721
1558693956616 -297414
1558693957448 -336679
1558693964244 -305039
1558693965173 -353980
1558693976864 -317481
1558693977847 -318464
1558693979645 -304953
1558693980826 -310288
1558693981811 -311272
1558693983542 -324157
1558693985445 -326059
1558693985455 -310762
1558693988373 -313680
1558693989350 -329962
1558693990318 -330930
1558693993388 -322845
1558693997287 -326743
1558693998247 -327703
1558694004094 -333547
1558694006674 -347280
1558694007666 -348271
1558694008617 -349222
1558694009588 -350193
1558694010973 -340424
1558694012518 -337821
1558694015673 -345121
1558694019314 -295485
1558694023500 -300632
1558694031332 -308463
1558694033745 -309914
1558694040540 -310787
1558694042510 -318678
1558694043471 -313717
1558694044447 -320615
1558694044864 -321993
1558694046355 -316601
1558694047349 -323516
1558694053956 -324200
1558694055900 -326144
1558694055913 -332079
1558694056571 -333698
1558694058831 -334996
1558694062252 -339378
1558694063697 -339860
1558694064668 -340831
1558694066614 -342776
1558694069093 -346217
1558694070526 -346687
1558694071080 -348203
1558694073044 -350166
1558694074955 -352077
1558694075935 -353056
1558694076943 -354064
1558694079090 -355248
1558694080841 -314512
1558694086831 -357071
1558694089775 -317614
1558694094342 -328011
1558694095616 -323454
1558694095616 -323454
1558694096586 -324424
1558694098247 -331915
1558694108238 -336074
1558694108994 -342661
1558694114128 -341964
1558694116646 -350312
1558694116837 -344672
1558694119541 -337593
1558694119778 -347613
1558694120514 -338566
1558694122517 -356181
1558694122674 -350508
1558694125452 -303846
1558694126431 -304825
1558694128387 -306780
1558694129269 -347318
1558694134075 -312468
1558694135098 -353144
1558694137033 -355079
1558694137079 -304988
1558694137995 -316387
1558694138005 -356050
1558694138050 -305959
1558694139027 -306936
1558694139951 -329988
1558694140918 -319309
1558694140922 -330958
1558694140971 -308880
1558694143681 -333717
1558694143852 -322243
1558694145619 -335654
1558694148553 -338588
1558694148753 -327143
1558694149720 -328110
1558694154575 -344609
1558694154685 -322469
1558694156698 -335087
1558694160267 -328050
1558694175927 -354311
1558694178491 -368523
1558694181472 -349250
1558694182618 -310436
1558694188220 -319424
1558694194328 -322144
1558694195948 -306025
1558694201772 -332974
1558694202811 -312888
1558694204098 -331913
1558694206679 -316755
1558694207610 -338811
1558694208564 -318640
1558694209851 -337665
1558694209851 -337665
1558694216466 -326541
1558694218481 -349681
1558694221282 -331356
1558694223305 -333379
1558694223306 -354504
1558694225022 -335096
1558694228738 -331027
1558694229739 -332028
1558694230196 -358005
1558694230210 -358019
1558694235098 -317432
1558694238070 -320403
1558694238541 -348611
1558694245250 -347537
1558694247906 -330238
1558694248224 -350511
1558694251745 -334077
1558694256433 -338764
1558694257765 -319009
1558694267379 -328621
1558694270486 -312799
1558694272423 -314736
1558694274015 -356342
1558694274311 -316624
1558694278044 -339283
1558694280875 -311704
1558694280991 -342230
1558694281843 -312671
1558694283808 -314636
1558694286758 -317585
1558694288799 -331110
1558694290589 -351828
1558694292555 -353793
1558694294620 -325446
1558694295653 -337963
1558694296637 -338947
1558694299397 -302279
1558694299559 -341869
1558694300531 -342840
1558694302498 -344807
1558694305271 -336096
1558694309272 -340096
1558694313115 -355421
1558694315884 -318588
1558694318810 -321513
1558694319781 -322484
1558694321007 -351828
1558694325772 -356591
1558694327755 -314277
1558694329594 -332296
1558694331661 -311752
1558694335397 -321918
1558694339174 -341874
1558694339518 -319608
1558694342471 -322561
1558694344068 -346766
1558694345064 -347761
1558694354106 -334194
1558694363597 -350113
1558694363942 -343980
1558694364597 -351113
1558694364939 -344977
1558694366413 -313376
1558694367391 -314353
1558694369690 -349728
1558694372643 -352681
1558694373609 -353647
1558694376224 -323183
1558694376569 -356607
1558694377278 -333815
1558694378133 -325086
1558694378133 -325086
1558694378139 -325092
1558694394711 -351246
1558694396675 -353210
1558694398625 -355159
1558694399013 -329633
1558694400600 -357134
1558694401005 -331624
1558694401005 -331624
1558694403943 -334562
1558694406321 -353263
1558694409220 -365753
1558694410207 -366740
1558694412150 -368683
1558694413010 -307799
1558694413128 -369661
1558694413794 -344412
1558694415114 -309903
1558694415114 -309903
1558694417703 -348320
1558694421921 -320390
1558694424727 -319514
1558694430600 -325386
1558694432294 -308703
1558694432396 -327182
1558694434346 -329132
1558694435482 -333949
1558694436303 -331088
1558694438208 -314616
1558694439362 -337829
1558694443154 -337938
1558694443923 -320330
1558694445226 -343692
1558694445229 -343695
1558694449015 -343798
1558694450112 -348577
1558694450112 -348577
1558694451913 -350378
1558694456792 -355255
1558694458746 -315017
1558694460587 -355365
1558694462698 -318968
1558694468350 -344753
1558694473406 -329675
1558694476203 -352603
1558694476237 -310113
1558694478191 -312066
1558694480082 -336350
1558694480082 -336350
1558694481114 -302955
1558694482924 -316799
1558694484064 -305904
1558694484880 -318755
1558694487809 -321683
1558694488839 -310679
1558694488905 -345172
1558694489803 -311643
1558694493773 -350040
1558694494660 -328533
1558694495737 -352003
1558694496697 -318536
1558694498654 -320493
1558694501596 -323434
1558694503399 -308499
1558694503458 -337328
1558694511465 -333302
1558694512418 -334255
1558694513111 -346977
1558694517074 -322172
1558694521091 -342926
1558694526044 -347878
1558694527886 -332983
1558694529857 -334954
1558694530235 -352067
1558694531258 -353090
1558694534634 -339731
1558694537629 -316955
1558694538613 -317939
1558694540296 -330782
1558694542252 -332738
1558694557819 -318320
1558694564737 -325238
1558694573407 -311725
1558694575178 -313495
1558694579740 -307490
1558694580149 -340650
1558694580723 -308472
1558694582714 -310463
1558694583680 -311429
1558694584027 -322343
1558694584991 -323307
1558694588932 -349433
1558694589410 -317158
1558694589410 -317158
1558694597279 -325026
1558694604410 -316545
1558694605330 -343643
1558694606371 -318506
1558694610221 -348532
1558694611884 -339629
1558694620714 -348458
1558694624744 -307862
1558694624798 -336930
1558694626743 -338875
1558694627709 -339840
1558694629660 -341791
1558694634308 -313189
1558694638435 -321551
1558694642174 -321053
1558694644139 -323018
1558694646243 -329358
1558694648033 -331148
1558694649010 -332125
1558694649059 -327937
1558694650017 -309685
1558694653909 -337023
1558694657737 -336614
1558694660775 -320442
1558694668563 -347439
1558694669408 -329074
1558694669542 -348418
1558694673307 -356416
1558694674461 -353336
1558694674461 -353336
1558694675270 -358379
1558694675441 -354315
1558694676253 -335918
1558694677216 -307750
1558694681133 -311666
1558694682191 -312724
1558694682222 -299717
1558694683104 -313637
1558694685036 -315568
1558694686015 -316547
1558694689929 -320460
1558694690909 -321440
1558694694708 -325239
1558694698581 -358242
1558694698871 -316363
1558694702507 -332020
1558694705422 -334935
1558694707367 -337896
1558694709519 -327010
1558694709519 -327010
1558694711274 -341802
1558694713114 -342626
1558694713140 -342652
1558694715432 -332922
1558694716998 -346509
1558694717974 -347485
1558694724074 -353534
1558694726045 -356567
1558694731863 -361323
1558694733013 -350498
1558694738504 -314709
1558694743226 -319074
1558694749678 -321225
1558694750664 -322211
1558694752035 -328238
1558694754973 -331175
1558694759344 -330889
1558694766535 -342736
1558694767511 -343712
1558694768190 -339734
1558694770157 -341701
1558694770159 -341703
1558694779244 -355440
1558694779831 -351373
1558694780222 -356418
1558694788039 -304097
1558694793590 -318278
1558694795557 -320245
1558694798506 -323193
