1558693130316 -873
1558693130316 -989
1558693131271 -1828
1558693134397 -2574
1558693135263 -5814
1558693144093 -12270
1558693144875 -15432
1558693148909 -17086
1558693150535 -21086
1558693150543 -21094
1558693151524 -22075
1558693151536 -22087
1558693152835 -21011
1558693152851 -21027
1558693158571 -26747
1558693163152 -33708
1558693164129 -34678
1558693167231 -35407
1558693172801 -43171
1558693178894 -46292
1558693181450 -51818
1558693188731 -59101
1558693199918 -70286
1558693203618 -73986
1558693206937 -74334
1558693212383 -82751
1558693214303 -84671
1558693215725 -83122
1558693216127 -86496
1558693218648 -86042
1558693218648 -86042
1558693220160 -90527
1558693220607 -88001
1558693221124 -91491
1558693221582 -88976
1558693223542 -90936
1558693224518 -91912
1558693224828 -95096
1558693224828 -95096
1558693225850 -96219
1558693230219 -97613
1558693230715 -100981
1558693238040 -105434
1558693238040 -105434
1558693238464 -108732
1558693238480 -108748
1558693242938 -110332
1558693245122 -115387
1558693245232 -115500
1558693246089 -116354
1558693247072 -117337
1558693249915 -120181
1558693253528 -120922
1558693254759 -125025
1558693254845 -125110
1558693256469 -123863
1558693259386 -124554
1558693262434 -132699
1558693263499 -133765
1558693263499 -133765
1558693265440 -135706
1558693267212 -132380
1558693274096 -144360
1558693275862 -141029
1558693278811 -143978
1558693278915 -149116
1558693280912 -146079
1558693280912 -151113
1558693280913 -151114
1558693282814 -153015
1558693283797 -153998
1558693284697 -154892
1558693287757 -152924
1558693291584 -161782
1558693292583 -157750
1558693292614 -162812
1558693292614 -162812
1558693293553 -158720
1558693293581 -158748
1558693295488 -160655
1558693295507 -160674
1558693299123 -169321
1558693302161 -172356
1558693309756 -179347
1558693311878 -177043
1558693314628 -184219
1558693320660 -185825
1558693325203 -194133
1558693326260 -195849
1558693326277 -195866
1558693326373 -191538
1558693328095 -197025
1558693332899 -202488
1558693333255 -198419
1558693337823 -206753
1558693338727 -208316
1558693339796 -208726
1558693340771 -209701
1558693340771 -209701
1558693342515 -211444
1558693342637 -208797
1558693342994 -207996
1558693342994 -207996
1558693343496 -212425
1558693343629 -209789
1558693344477 -213406
1558693345602 -211762
1558693348352 -217281
1558693349734 -214736
1558693356526 -221528
1558693357135 -223295
1558693363367 -228368
1558693364342 -229343
1558693364872 -231525
1558693364957 -231117
1558693365828 -232481
1558693366649 -233302
1558693367622 -234275
1558693371999 -237000
1558693372772 -238931
1558693373745 -239904
1558693377393 -244046
1558693381818 -246819
1558693382377 -248536
1558693383250 -249903
1558693383349 -249508
1558693385694 -250695
1558693385694 -250695
1558693389230 -255285
1558693392875 -259527
1558693393352 -258353
1558693397045 -263100
1558693399976 -266031
1558693402745 -268800
1558693403130 -266061
1558693403130 -266061
1558693404124 -267055
1558693404612 -271264
1558693404735 -270790
1558693406601 -273252
1558693406699 -272754
1558693408628 -274683
1558693409005 -271936
1558693409500 -276151
1558693411964 -274895
1558693418433 -284488
1558693422352 -288406
1558693425457 -282123
1558693426057 -292111
1558693428991 -295045
1558693430345 -268938
1558693433995 -300646
1558693433995 -300049
1558693434858 -301509
1558693435820 -302471
1558693436295 -274887
1558693437567 -304218
1558693437895 -303949
1558693441420 -308071
1558693442977 -281569
1558693443879 -282471
1558693446583 -310169
1558693447289 -313940
1558693447791 -286382
1558693448269 -314920
1558693450219 -316870
1558693457071 -302422
1558693463035 -305455
1558693468622 -313971
1558693469601 -314950
1558693469601 -314950
1558693471557 -316906
1558693474492 -319840
1558693474604 -317022
1558693477537 -319955
1558693478515 -320933
1558693481330 -326677
1558693481447 -323864
1558693483403 -325820
1558693484261 -329608
1558693486335 -328751
1558693489268 -331684
1558693489959 -335305
1558693492891 -338236
1558693493180 -335595
1558693496112 -338526
1558693497776 -343119
1558693509387 -10
1558693510175 -64
1558693512617 -2506
1558693514874 -5497
1558693516956 -7300
1558693517800 -8423
1558693519463 -9352
1558693522868 -13212
1558693533313 -23934
1558693536344 -26687
1558693536945 -26834
1558693537901 -27790
1558693547677 -37565
1558693549884 -38406
1558693551010 -41352
1558693551985 -42327
1558693553525 -43413
1558693555491 -45224
1558693560470 -48992
1558693564459 -52981
1558693565385 -53907
1558693569422 -59764
1558693570960 -60692
1558693573345 -63687
1558693578777 -68508
1558693581555 -71286
1558693582537 -72268
1558693586563 -76293
1558693588454 -78184
1558693591787 -80407
1558693597236 -86965
1558693598415 -84994
1558693601344 -87923
1558693602090 -91819
1558693603301 -89880
1558693605269 -93888
1558693605269 -93888
1558693605859 -90501
1558693608203 -96822
1558693610995 -97573
1558693612115 -100734
1558693613093 -101712
1558693614906 -101484
1558693623670 -110247
1558693626632 -113209
1558693628176 -112818
1558693629150 -113792
1558693629549 -118166
1558693631103 -115745
1558693632481 -121098
1558693633062 -117704
1558693633463 -122080
1558693635473 -124089
1558693637193 -116619
1558693640303 -126467
1558693647938 -127363
1558693649099 -135263
1558693649895 -129320
1558693651702 -131127
1558693653432 -138068
1558693656366 -141002
1558693656370 -141006
1558693656578 -136003
1558693661646 -147809
1558693666142 -150778
1558693667112 -151748
1558693667319 -146743
1558693668488 -154650
1558693671230 -150654
1558693673327 -152750
1558693674973 -154396
1558693676926 -156349
1558693681933 -161356
1558693686734 -162951
1558693706091 -182308
1558693706293 -186112
1558693709067 -185284
1558693709253 -189072
1558693709987 -186202
1558693713894 -190109
1558693717048 -196866
1558693717619 -201265
1558693718597 -202243
1558693718997 -198815
1558693721711 -197926
1558693721711 -197926
1558693726658 -206476
1558693730604 -210421
1558693732311 -205089
1558693733275 -206053
1558693733496 -213313
1558693736436 -216253
1558693738046 -221692
1558693738247 -211025
1558693742881 -226527
1558693743860 -227506
1558693745226 -221198
1558693748762 -221539
1558693750562 -234207
1558693751908 -227880
1558693754620 -227397
1558693754621 -227398
1558693755451 -239096
1558693756798 -232770
1558693757785 -233757
1558693763641 -239612
1558693766394 -238880
1558693768529 -244500
1558693771298 -247269
1558693771932 -247084
1558693771947 -247099
1558693772124 -244610
1558693772913 -248065
1558693774251 -250222
1558693780907 -253393
1558693784600 -259751
1558693787538 -262689
1558693788889 -264860
1558693797175 -272326
1558693799683 -272719
1558693801260 -276411
1558693812068 -283286
1558693812260 -285296
1558693816005 -290070
1558693816005 -287223
1558693820593 -294658
1558693821870 -294906
1558693823492 -297557
1558693824841 -297876
1558693828648 -301683
1558693829630 -302665
1558693830361 -301579
1558693834229 -308294
1558693835262 -306480
1558693835494 -295836
1558693837448 -297790
1558693844127 -304468
1558693844878 -298502
1558693848679 -322743
1558693849748 -303371
1558693850977 -311317
1558693852596 -326660
1558693853554 -327618
1558693854676 -308298
1558693855535 -329599
1558693855858 -316198
1558693857453 -331517
1558693860388 -334452
1558693863695 -324034
1558693864302 -319518
1558693867093 -322309
1558693868137 -323353
1558693868137 -323353
1558693869231 -322851
1558693870227 -323847
1558693873307 -333644
1558693876972 -330591
1558693877218 -296585
1558693878951 -332570
1558693881855 -335473
1558693884776 -294153
1558693886731 -296108
1558693887956 -307321
1558693887956 -307321
1558693888690 -298066
1558693888934 -308299
1558693890728 -310093
1558693893420 -302796
1558693895268 -350480
1558693897226 -352438
1558693904484 -313859
1558693904647 -324010
1558693905313 -360524
1558693906379 -315753
1558693907628 -324878
1558693907752 -327115
1558693908784 -326034
1558693910275 -319649
1558693910347 -319721
1558693910347 -327597
1558693911575 -330937
1558693912211 -329461
1558693913316 -332678
1558693917624 -334873
1558693928363 -345611
1558693929360 -346608
1558693930381 -339750
1558693933249 -350493
1558693933585 -289370
1558693934557 -290342
1558693935270 -344638
1558693938301 -294085
1558693940033 -349399
1558693944881 -354245
1558693945140 -300923
1558693947760 -364998
1558693948077 -303860
1558693948800 -291246
1558693951735 -294180
1558693953941 -309723
1558693957860 -313641
1558693963262 -280645
1558693965258 -307701
1558693965532 -321218
1558693966229 -308672
1558693967204 -309647
1558693969107 -286490
1558693971393 -327079
1558693972408 -328094
1558693973036 -290418
1558693982792 -300173
1558693984095 -339779
1558693984630 -327071
1558693985620 -328061
1558693990473 -307853
1558693993697 -349380
1558693995346 -312724
1558693998309 -340745
1558693999301 -341737
1558694001217 -318594
1558694001247 -343682
1558694002218 -344653
1558694002221 -344656
1558694003478 -299143
1558694006419 -302083
1558694007388 -303052
1558694011149 -306813
1558694012121 -307785
1558694016679 -334050
1558694016712 -306684
1558694024535 -341903
1558694026785 -322381
1558694031735 -327330
1558694033172 -323142
1558694038024 -355387
1558694038047 -328016
1558694039364 -334958
1558694041999 -331967
1558694042304 -337898
1558694055955 -351544
1558694063302 -353266
1558694064271 -330768
1558694065258 -331754
1558694071444 -310687
1558694072118 -338614
1558694077024 -343519
1558694079243 -318485
1558694081033 -320275
1558694081756 -319600
1558694082694 -320538
1558694085618 -352112
1558694086897 -326138
1558694089529 -356021
1558694091781 -331021
1558694092446 -330289
1558694093739 -332979
1558694094406 -332248
1558694094723 -333963
1558694095387 -333229
1558694096377 -318114
1558694100277 -338119
1558694100295 -322031
1558694101271 -323007
1558694105045 -326781
1558694105060 -326796
1558694105343 -344581
1558694113938 -335673
1558694114272 -353506
1558694114851 -352689
1558694118678 -310573
1558694118699 -340433
1558694123570 -315464
1558694123598 -345332
1558694123603 -345337
1558694123887 -312576
1558694127342 -319235
1558694132228 -353960
1558694135456 -324144
1558694148178 -336864
1558694148893 -316612
1558694157642 -325360
1558694160418 -352304
1558694163400 -331117
1558694163660 -352343
1558694166289 -334006
1558694167556 -356238
1558694169221 -336938
1558694170162 -328160
1558694170202 -337919
1558694171175 -338891
1558694171477 -294266
1558694173444 -296232
1558694180750 -338747
1558694180761 -338758
1558694183664 -341660
1558694184712 -352426
1558694191559 -349554
1558694192855 -315640
1558694193502 -301162
1558694194415 -352410
1558694198282 -356276
1558694200263 -307922
1558694202274 -309933
1558694204226 -311885
1558694206218 -313877
1558694206218 -313877
1558694210287 -332708
1558694212222 -334643
1558694212845 -307565
1558694212896 -320554
1558694216283 -338703
1558694218998 -313717
1558694220355 -342774
1558694221351 -343769
1558694223673 -318391
1558694226762 -349178
1558694228410 -336065
1558694231231 -325948
1558694235194 -329911
1558694236558 -358971
1558694237163 -331880
1558694237163 -331880
1558694238155 -332872
1558694239151 -333868
1558694239219 -346871
1558694246413 -325811
1558694251125 -330522
1558694252712 -307870
1558694256569 -311726
1558694256613 -351325
1558694258519 -313676
1558694258576 -353288
1558694264486 -310766
1558694268370 -323526
1558694277100 -323379
1558694278083 -324361
1558694279070 -325348
1558694279910 -335065
1558694282015 -328293
1558694283982 -330260
1558694283982 -330260
1558694286760 -341914
1558694288725 -343878
1558694288896 -335173
1558694290690 -345843
1558694297853 -321531
1558694298426 -353577
1558694298564 -344796
1558694299384 -354535
1558694301516 -347748
1558694302777 -326454
1558694303762 -327439
1558694308239 -303124
1558694311194 -306079
1558694312196 -307081
1558694312615 -336291
1558694313169 -308054
1558694318526 -342201
1558694319056 -301366
1558694319056 -301366
1558694320869 -315753
1558694322838 -317722
1558694322987 -305296
1558694324255 -347928
1558694325236 -348909
1558694335620 -330502
1558694344311 -339192
1558694345459 -327765
1558694346426 -328732
1558694353165 -348043
1558694356119 -350996
1558694358224 -340528
1558694359078 -353954
1558694363005 -301669
1558694363435 -331722
1558694364976 -303639
1558694366910 -349211
1558694368746 -307409
1558694372135 -340421
1558694380555 -319216
1558694380679 -303690
1558694381535 -320196
1558694390644 -358925
1558694391346 -314356
1558694392194 -330854
1558694393175 -331835
1558694406962 -345617
1558694406962 -345617
1558694411305 -315607
1558694414749 -353401
1558694414834 -337841
1558694416868 -339874
1558694417753 -356404
1558694420076 -324292
1558694422943 -327159
1558694423514 -306726
1558694430523 -353525
1558694435332 -318543
1558694438110 -321320
1558694443126 -313810
1558694444415 -348626
1558694449016 -319698
1558694450000 -320682
1558694452952 -323634
1558694452952 -323634
1558694454253 -358460
1558694454931 -325613
1558694455908 -326589
1558694455912 -326593
1558694456807 -340015
1558694460154 -309003
1558694461730 -344937
1558694463945 -312793
1558694464604 -335284
1558694464615 -335295
1558694466919 -315767
1558694476709 -325555
1558694476709 -325555
1558694478678 -327524
1558694480643 -329489
1558694483593 -332439
1558694485565 -334410
1558694493865 -324538
1558694495831 -326503
1558694495876 -321782
1558694497820 -328492
1558694499175 -348019
1558694505073 -353916
1558694506646 -337317
1558694507632 -338303
1558694508617 -339288
1558694511500 -337404
1558694514402 -340306
1558694518342 -344204
1558694520650 -306473
1558694523265 -349127
1558694525236 -351098
1558694533137 -358999
1558694535888 -297771
1558694535888 -297771
1558694535893 -297776
1558694537852 -299735
1558694539815 -301697
1558694539815 -301697
1558694542765 -304647
1558694545718 -307600
1558694547650 -331631
1558694550008 -335720
1558694551625 -313506
1558694555555 -317435
1558694564259 -326138
1558694565210 -349189
1558694569521 -355226
1558694571467 -357171
1558694574444 -304733
1558694576033 -337911
1558694583139 -313426
1558694583720 -305804
1558694584707 -306791
1558694592592 -354463
1558694592935 -323221
1558694602776 -333061
1558694603415 -325496
1558694607170 -329251
1558694607174 -316277
1558694609151 -331232
1558694611519 -341803
1558694618353 -348636
1558694618358 -348641
1558694618978 -328079
1558694625882 -347959
1558694628645 -337745
1558694629632 -338732
1558694629983 -360262
1558694636917 -308725
1558694638495 -360568
1558694639476 -327278
1558694644367 -353464
1558694647326 -356422
1558694648308 -357404
1558694648335 -336135
1558694651278 -339078
1558694656383 -328188
1558694657371 -329176
1558694660951 -348749
1558694667806 -321354
1558694668787 -322335
1558694669813 -357610
1558694671139 -342942
1558694671738 -325285
1558694672721 -326268
1558694673746 -361543
1558694674092 -345895
1558694674093 -345896
1558694674685 -328232
1558694678559 -366355
1558694679502 -367298
1558694681831 -353632
1558694683806 -355606
1558694689320 -316592
1558694690301 -317573
1558694693693 -314383
1558694695305 -322576
1558694696236 -323507
1558694700498 -321187
1558694701474 -322163
1558694702288 -322977
1558694703867 -357407
1558694704859 -358399
1558694705820 -359359
1558694707787 -361326
1558694713687 -308582
1558694719032 -339718
1558694719037 -339722
1558694719585 -314479
1558694725848 -353115
1558694732277 -327169
1558694738519 -359200
1558694744421 -312575
1558694744421 -312575
1558694745070 -311669
1558694749747 -344637
1558694749825 -316423
1558694754090 -322243
1558694756059 -324212
1558694757608 -352495
1558694758680 -325277
1558694761962 -330114
1558694762615 -329211
1558694763928 -332080
1558694764498 -359382
1558694764498 -359382
1558694764911 -333062
1558694765481 -360365
1558694769414 -312479
1558694770487 -337082
1558694797703 -304822
1558694806557 -313675
1558694820330 -327446
