1558693131016 -7064
1558693154193 -29652
1558693155157 -30616
1558693158085 -33544
1558693161981 -37439
1558693178291 -53749
1558693180221 -55679
1558693190358 -65816
1558693192160 -67618
1558693199495 -73207
1558693200442 -74154
1558693202374 -76086
1558693211102 -84813
1558693214019 -87730
1558693234266 -107977
1558693240083 -113767
1558693252554 -126237
1558693254499 -128182
1558693262269 -135952
1558693263242 -136925
1558693267937 -141620
1558693267942 -141625
1558693271813 -145496
1558693280662 -154344
1558693289149 -162831
1558693291152 -164834
1558693295050 -168732
1558693298855 -172537
1558693315329 -187224
1558693327989 -199884
1558693331906 -203800
1558693334859 -206753
1558693338582 -210476
1558693354235 -226129
1558693373618 -243154
1558693379499 -249035
1558693386144 -255680
1558693389095 -258631
1558693396900 -266436
1558693411445 -264095
1558693413351 -266001
1558693425096 -272241
1558693446444 -281619
1558693518650 -6318
1558693525521 -13188
1558693527498 -15165
1558693529426 -17093
1558693529441 -17108
1558693537067 -24734
1558693541995 -29662
1558693542978 -30645
1558693546833 -34500
1558693550741 -38408
1558693557575 -45241
1558693560353 -47277
1558693561333 -48257
1558693565278 -52202
1558693574030 -60954
1558693575005 -61929
1558693579895 -66819
1558693586681 -73523
1558693589605 -76447
1558693594432 -81274
1558693598313 -85154
1558693603201 -90042
1558693625518 -112358
1558693633178 -120018
1558693669215 -153816
1558693677965 -162566
1558693678844 -163445
1558693703078 -186439
1558693704033 -187394
1558693706017 -189378
1558693712831 -196192
1558693717719 -201080
1558693719679 -203040
1558693723588 -206949
1558693726367 -209728
1558693748826 -227552
1558693754538 -233264
1558693762352 -241078
1558693769195 -247921
1558693773970 -252695
1558693776851 -255576
1558693785638 -264363
1558693787588 -266313
1558693788575 -267300
1558693801265 -265963
1558693814890 -263173
1558693814918 -263200
1558693816004 -264286
1558693834281 -282561
1558693858451 -294133
1558693876888 -294976
1558693877847 -295935
1558693880802 -298888
1558693883689 -292163
1558693887600 -296074
1558693902220 -310692
1558693910127 -285590
1558693918560 -294022
1558693936129 -311588
1558693947713 -290265
1558693949661 -292213
1558693952592 -295143
1558693953574 -296125
1558693957486 -300037
1558693957492 -300043
1558693965142 -307692
1558693966113 -308663
1558693976857 -289260
1558693978854 -291256
1558693980784 -293186
1558693995286 -307686
1558694036002 -284391
1558694040899 -289287
1558694046756 -295143
1558694049679 -298065
1558694054587 -302973
1558694059292 -307677
1558694066136 -314520
1558694074928 -293202
1558694079825 -298098
1558694089421 -307693
1558694094322 -312593
1558694097243 -315514
1558694107943 -299960
1558694117610 -309625
1558694119558 -311573
1558694147749 -313549
1558694155662 -296246
1558694155792 -296376
1558694172021 -312603
1558694185539 -296968
1558694186512 -297941
1558694191465 -302893
1558694191492 -302920
1558694196354 -307781
1558694200265 -311692
1558694201224 -312650
1558694204064 -315490
1558694220067 -301521
1558694221043 -302497
1558694237201 -289502
1558694242133 -294433
1558694249142 -301442
1558694259594 -311892
1558694262570 -314868
1558694263534 -315831
1558694267529 -289693
1558694276152 -298315
1558694277137 -299300
1558694279099 -301261
1558694283028 -305190
1558694284008 -306170
1558694288928 -311089
1558694293845 -316005
1558694294819 -316979
1558694296787 -288816
1558694321219 -313245
1558694325965 -317990
1558694329932 -291978
1558694331870 -293916
1558694341704 -303749
1558694354312 -316355
1558694356280 -318323
1558694360218 -292128
1558694365144 -297053
1558694367090 -298999
1558694368072 -299981
1558694375780 -307688
1558694378729 -310637
1558694389551 -296213
1558694395288 -301949
1558694398234 -304895
1558694406112 -312772
1558694406112 -312772
1558694407086 -313746
1558694411024 -291464
1558694417023 -297462
1558694420712 -301151
1558694420712 -301151
1558694428556 -308994
1558694428562 -309000
1558694433465 -313902
1558694442158 -292452
