1558693136325 -4721
1558693137233 -5629
1558693142138 -10534
1558693142231 -10627
1558693150844 -19240
1558693152795 -21191
1558693178692 -45909
1558693183604 -50820
1558693186750 -53966
1558693191580 -58796
1558693195410 -62626
1558693196379 -63595
1558693199235 -66451
1558693210827 -78038
1558693231185 -98396
1558693240927 -106255
1558693243854 -109182
1558693247770 -113098
1558693251510 -116838
1558693253469 -118797
1558693254454 -119782
1558693257386 -122714
1558693260323 -125651
1558693263254 -128582
1558693267180 -132508
1558693277779 -142333
1558693284673 -149226
1558693297182 -161735
1558693304020 -168573
1558693305007 -169560
1558693306942 -171495
1558693309868 -174421
1558693321438 -185991
1558693324375 -187461
1558693336088 -199174
1558693346752 -209838
1558693349646 -212732
1558693349646 -212732
1558693351648 -214727
1558693362307 -225386
1558693366218 -229297
1558693374850 -237928
1558693390490 -253568
1558693391467 -254545
1558693394241 -257319
1558693406071 -265882
1558693433349 -281502
1558693436224 -271955
1558693438119 -273849
1558693439097 -274827
1558693441865 -277595
1558693519203 -9349
1558693526051 -16172
1558693527043 -17164
1558693541550 -31671
1558693560931 -51049
1558693564898 -55016
1558693566783 -56901
1558693572647 -62765
1558693574598 -64716
1558693593993 -82806
1558693628849 -117658
1558693634719 -120187
1558693636672 -122140
1558693636672 -122140
1558693641554 -127022
1558693649372 -134839
1558693649382 -134849
1558693659970 -145436
1558693661941 -147407
1558693669749 -155215
1558693676419 -159687
1558693692064 -175332
1558693697949 -181217
1558693701679 -184947
1558693704617 -187885
1558693706571 -189839
1558693712436 -195704
1558693715381 -198649
1558693716346 -199614
1558693723983 -207248
1558693724963 -208228
1558693734764 -218029
1558693754121 -237385
1558693765895 -248640
1558693768805 -251550
1558693770577 -253322
1558693792110 -274854
1558693797825 -280569
1558693802792 -285536
1558693817368 -300112
1558693822090 -304833
1558693823058 -305801
1558693825978 -308721
1558693839672 -314933
1558693844492 -319753
1558693846365 -321626
1558693847340 -322601
1558693851231 -306717
1558693854164 -309649
1558693860031 -315516
1558693861012 -316496
1558693866703 -322187
1558693878456 -333938
1558693880405 -335886
1558693890967 -346446
1558693910713 -318353
1558693918186 -325825
1558693919184 -326823
1558693931857 -339495
1558693932854 -340491
1558693954170 -312598
1558693958090 -316518
1558693960039 -318467
1558693976497 -334923
1558693991015 -349439
1558693994920 -353342
1558694000780 -296178
1558694002731 -298128
1558694005660 -301057
1558694026017 -321333
1558694028948 -324263
1558694035631 -330944
1558694040536 -335847
1558694071739 -302946
1558694075560 -306766
1558694076580 -307786
1558694091056 -322181
1558694092027 -323152
1558694102779 -333902
1558694118268 -349386
1558694119237 -350355
1558694131784 -299934
1558694135690 -303839
1558694135694 -303843
1558694155259 -323356
1558694157275 -325372
1558694159996 -328093
1558694171699 -339794
1558694202721 -314480
1558694204912 -316670
1558694222537 -334293
1558694225064 -336820
1558694226967 -338722
1558694229911 -341666
1558694230859 -342613
1558694235776 -347529
1558694240755 -352506
1558694243653 -303125
1558694244632 -304104
1558694251471 -310943
1558694277482 -336950
1558694293219 -352683
1558694299946 -310902
1558694307815 -318770
1558694313715 -324670
1558694325347 -336300
1558694336165 -347117
1558694344846 -355794
1558694348779 -295544
1558694349760 -296525
1558694352719 -299484
1558694353744 -300509
1558694365504 -312267
1558694366321 -313084
1558694374253 -320969
1558694391719 -338432
1558694393688 -340401
1558694401561 -348271
1558694411399 -307767
1558694414249 -310617
1558694416353 -312720
1558694436819 -333184
1558694436819 -333184
1558694438666 -335031
1558694442546 -338910
1558694442546 -338910
1558694449443 -345806
1558694451397 -347760
1558694467982 -311526
1558694478784 -322327
1558694484675 -328217
1558694485492 -329034
1558694522718 -310254
1558694538267 -325801
1558694541218 -328751
1558694545154 -332687
1558694552034 -339566
1558694554014 -341545
1558694554014 -341545
1558694561749 -349278
1558694568637 -356163
1558694573535 -361060
1558694583220 -318023
1558694602857 -337657
1558694612561 -347359
1558694623346 -358141
1558694627281 -362074
1558694634982 -313521
1558694649734 -328271
1558694657439 -335975
1558694672197 -350730
1558694711206 -329103
1558694723278 -341174
1558694727032 -344927
1558694732753 -350646
1558694735656 -353548
1558694744486 -311573
1558694746456 -313543
1558694759074 -326159
1558694762024 -329108
1558694763993 -331077
1558694767930 -335014
1558694769897 -336980
1558694771865 -338948
1558694773667 -340750
1558694776618 -343700
1558694776618 -343700
1558694781533 -348614
1558694790389 -357467
1558694795305 -302928
1558694797107 -304729
1558694801043 -308664
1558694804981 -312601
1558694825466 -333078
