1558693136265 -11125
1558693146859 -21718
1558693151554 -26413
1558693153522 -28381
1558693162249 -37108
1558693169003 -39314
1558693169004 -39315
1558693180524 -50835
1558693189744 -60054
1558693210502 -78389
1558693226989 -94876
1558693242580 -110466
1558693255125 -120183
1558693259034 -124092
1558693266849 -131906
1558693274504 -139561
1558693281411 -146467
1558693286461 -151517
1558693287363 -152419
1558693289185 -152588
1558693290181 -153584
1558693297811 -161214
1558693314457 -177858
1558693316227 -179628
1558693322100 -185501
1558693344421 -206825
1558693353217 -215621
1558693363787 -226190
1558693390980 -253383
1558693396842 -258893
1558693405757 -267807
1558693413291 -275341
1558693414273 -276323
1558693418179 -268561
1558693425992 -276373
1558693428921 -279302
1558693431865 -282246
1558693436695 -287075
1558693438592 -288972
1558693440493 -290872
1558693525650 -14256
1558693530535 -19141
1558693548938 -37544
1558693552849 -41455
1558693564538 -53141
1558693580044 -68647
1558693585825 -74427
1558693612949 -92072
1558693612952 -92075
1558693615875 -94998
1558693617831 -96953
1558693626728 -105850
1558693649933 -128227
1558693651886 -130180
1558693657594 -135862
1558693660519 -138787
1558693698501 -176765
1558693732352 -202582
1558693736263 -206492
1558693750750 -220978
1558693752708 -222936
1558693755660 -225888
1558693771286 -241114
1558693782877 -252687
1558693800394 -270204
1558693812070 -281879
1558693815030 -284839
1558693818888 -288697
1558693823612 -281450
1558693827463 -285301
1558693851761 -293991
1558693861506 -303734
1558693865420 -307648
1558693886752 -292194
1558693889691 -295133
1558693896350 -301791
1558693931415 -308689
1558693940040 -286363
1558693944891 -291213
1558693951744 -298066
1558693955660 -301981
1558693956615 -302936
1558693966226 -312546
1558693966226 -312546
1558693973079 -300783
1558693979917 -307620
1558693980900 -308603
1558693986617 -314319
1558693989548 -291027
1558693990520 -291999
1558694000277 -301755
1558694004177 -305654
1558694011852 -313328
1558694014778 -316254
1558694022585 -294141
1558694038044 -309598
1558694052711 -298985
1558694064269 -310541
1558694070156 -316427
1558694075007 -295045
1558694086569 -306606
1558694090478 -310515
1558694090479 -310515
1558694093413 -313449
1558694097323 -317359
1558694103183 -297981
1558694121589 -316384
1558694130226 -294941
1558694139999 -304713
1558694148813 -313526
1558694167193 -301780
1558694169151 -303738
1558694175979 -310565
1558694177780 -312365
1558694197404 -302029
1558694200174 -304798
1558694200175 -304799
1558694203118 -307742
1558694206085 -310709
1558694211824 -316447
1558694221857 -297330
1558694221857 -297330
1558694222881 -298354
1558694222974 -298447
1558694232218 -307690
1558694236234 -311705
1558694260567 -305906
1558694264505 -309843
1558694267488 -312826
1558694273295 -318632
1558694274210 -319547
1558694284983 -296436
1558694287967 -299420
1558694290883 -302336
1558694291871 -303324
1558694292861 -304314
1558694296632 -308084
1558694304494 -315945
1558694307441 -288772
1558694315323 -296653
1558694318269 -299598
1558694320054 -301383
1558694327060 -308388
1558694327924 -309252
1558694331856 -313183
1558694332841 -314168
1558694334814 -286017
1558694338740 -289942
1558694340705 -291907
1558694342673 -293875
1558694347446 -298647
1558694353331 -304531
1558694359245 -310445
1558694365142 -290093
1558694370880 -295830
1558694376762 -301711
1558694403138 -298147
1558694412986 -307994
1558694421674 -316681
1558694432471 -298339
1558694439195 -305062
1558694441159 -307026
1558694459835 -299473
1558694461802 -301439
1558694485234 -297679
1558694489005 -301449
1558694492932 -305376
1558694498837 -311280
1558694507677 -290880
1558694519308 -302509
1558694534172 -287154
1558694535861 -288843
1558694538808 -291790
1558694538810 -291792
1558694544716 -297697
1558694547667 -300648
1558694550616 -303596
1558694562289 -315268
1558694567198 -290078
1558694570124 -293003
1558694571101 -293980
1558694579960 -302835
1558694585705 -308578
1558694585705 -308578
1558694587671 -310543
1558694601442 -294004
1558694616022 -308582
1558694618965 -311525
1558694637478 -299720
1558694651243 -313483
1558694655998 -318238
1558694655998 -291805
1558694675664 -311468
1558694675664 -311468
1558694694230 -300913
1558694705807 -312489
1558694714661 -291040
1558694717618 -293996
1558694719579 -295957
1558694720640 -297018
1558694723844 -300221
1558694738104 -314479
1558694748921 -300872
1558694755633 -307584
1558694768407 -297875
1558694769390 -298857
1558694770374 -299841
1558694773333 -302799
1558694773333 -302799
1558694780046 -309510
1558694782011 -311474
1558694784962 -314424
1558694785945 -315406
