1558693125936 -921
1558693128467 -4498
1558693135103 -822
1558693135305 -11335
1558693139594 -14579
1558693139649 -14634
1558693145705 -11378
1558693146707 -12380
1558693151481 -17154
1558693151481 -17154
1558693151624 -27133
1558693154378 -20051
1558693157235 -22908
1558693157478 -32987
1558693157502 -33011
1558693158503 -34012
1558693166811 -32482
1558693167786 -33457
1558693170479 -40217
1558693171728 -37399
1558693171879 -47388
1558693173238 -42976
1558693174631 -40301
1558693177493 -43163
1558693181942 -51680
1558693184143 -49813
1558693185530 -61038
1558693189245 -58983
1558693190964 -60702
1558693192254 -57924
1558693194035 -59705
1558693196466 -64956
1558693196829 -62499
1558693197428 -65918
1558693197980 -71594
1558693200794 -66464
1558693201232 -69722
1558693201603 -67273
1558693201809 -75423
1558693202201 -70691
1558693203181 -71671
1558693207092 -75582
1558693210584 -84197
1558693211163 -74738
1558693217958 -81532
1558693220130 -93743
1558693220632 -89121
1558693220867 -84441
1558693221122 -94735
1558693222589 -91078
1558693223567 -92056
1558693225554 -94043
1558693228476 -92049
1558693229437 -97926
1558693230841 -104452
1558693238246 -102804
1558693242077 -105649
1558693242964 -107521
1558693245888 -110445
1558693245963 -109535
1558693249868 -111396
1558693252037 -125648
1558693253607 -115135
1558693261414 -122940
1558693262522 -127077
1558693264484 -129039
1558693265329 -126855
1558693265672 -137639
1558693269233 -130759
1558693270404 -142371
1558693271185 -132711
1558693271388 -143355
1558693273152 -134677
1558693275076 -139631
1558693280899 -142424
1558693282810 -144335
1558693283898 -147393
1558693284815 -146340
1558693286237 -158203
1558693287884 -151379
1558693290813 -162779
1558693292662 -153804
1558693295511 -159005
1558693296668 -168634
1558693298386 -159527
1558693298584 -170550
1558693301516 -171002
1558693304267 -167761
1558693304269 -167763
1558693307036 -168177
1558693307190 -170684
1558693309948 -171088
1558693310922 -172062
1558693312864 -174004
1558693314038 -177532
1558693318742 -179882
1558693322643 -183783
1558693324818 -194302
1558693327571 -191065
1558693330694 -200177
1558693332651 -202134
1558693336377 -198711
1558693338165 -200499
1558693341120 -203454
1558693341290 -210772
1558693343239 -212721
1558693344224 -213706
1558693346981 -209315
1558693349964 -212298
1558693351108 -220590
1558693351108 -220590
1558693351890 -214224
1558693352045 -221527
1558693352998 -221726
1558693353607 -213964
1558693359693 -222027
1558693360438 -220795
1558693362489 -224810
1558693363440 -225761
1558693363445 -225766
1558693366379 -228699
1558693368254 -228611
1558693371268 -233588
1558693372242 -234562
1558693374927 -235283
1558693380074 -242394
1558693381055 -243375
1558693381204 -249931
1558693384706 -245062
1558693385680 -246036
1558693385774 -248094
1558693386757 -248841
1558693387657 -248013
1558693388625 -248981
1558693389700 -251784
1558693394723 -263450
1558693395571 -257655
1558693395711 -264438
1558693395717 -264444
1558693396557 -258641
1558693396687 -265414
1558693399202 -259558
1558693399477 -261561
1558693402554 -271280
1558693403395 -265479
1558693405134 -265490
1558693406389 -268473
1558693408409 -276214
1558693408978 -269333
1558693408978 -269333
1558693416785 -272026
1558693417047 -284851
1558693422525 -261334
1558693424473 -263282
1558693424473 -263282
1558693424734 -286168
1558693425833 -277918
1558693439116 -268362
1558693439276 -292984
1558693439292 -293000
1558693441037 -270282
1558693442236 -295944
1558693443228 -284439
1558693457666 -298872
1558693512828 -36
1558693513226 -434
1558693515180 -2388
1558693516540 -60
1558693517134 -4342
1558693521248 -7417
1558693521925 -5445
1558693522027 -9235
1558693531068 -17236
1558693533040 -19208
1558693535924 -22092
1558693538481 -25687
1558693539322 -22841
1558693539462 -26668
1558693543606 -29773
1558693544580 -30747
1558693552021 -35539
1558693552996 -36514
1558693556911 -40428
1558693559834 -43351
1558693560802 -48007
1558693560813 -44330
1558693564640 -48157
1558693565540 -40042
1558693566510 -41011
1558693567649 -51725
1558693579593 -63496
1558693583125 -57625
1558693584106 -68181
1558693585081 -59581
1558693588054 -72129
1558693594115 -78017
1558693603657 -87730
1558693607378 -78733
1558693609331 -80686
1558693611591 -87036
1558693612098 -83453
1558693614545 -89990
1558693615234 -98825
1558693616211 -99802
1558693616984 -88338
1558693618938 -90292
1558693619148 -102739
1558693620372 -95817
1558693621872 -93226
1558693628711 -100065
1558693629906 -113496
1558693633884 -109329
1558693633893 -109338
1558693635837 -111282
1558693643425 -127015
1558693646138 -117492
1558693646138 -117492
1558693649539 -121892
1558693652219 -135809
1558693654926 -124811
1558693658898 -136963
1558693665505 -135390
1558693665740 -143805
1558693665997 -138349
1558693673432 -143316
1558693674809 -147160
1558693675517 -153582
1558693677470 -155535
1558693677733 -150084
1558693682280 -160345
1558693683170 -161235
1558693684152 -162217
1558693686875 -156758
1558693689343 -161693
1558693689772 -159655
1558693690015 -168080
1558693692296 -164646
1558693692948 -171012
1558693695200 -167550
1558693703451 -172707
1558693707714 -176397
1558693709408 -187432
1558693709682 -178365
1558693722384 -191066
1558693726305 -194987
1558693729790 -207813
1558693731451 -200705
1558693731726 -209749
1558693733680 -211703
1558693733682 -211705
1558693734381 -203635
1558693734381 -203635
1558693735942 -204623
1558693735966 -204647
1558693736334 -205588
1558693736621 -214644
1558693736959 -205640
1558693737919 -206600
1558693741228 -210481
1558693741497 -219520
1558693742473 -220496
1558693745136 -214389
1558693747083 -216336
1558693748342 -226363
1558693749628 -218111
1558693753061 -231082
1558693753061 -231082
1558693754744 -222360
1558693755019 -233040
1558693764821 -242842
1558693765808 -243829
1558693765808 -243829
1558693766753 -244774
1558693767099 -235581
1558693770674 -247014
1558693775387 -251727
1558693775392 -251732
1558693779292 -255632
1558693779980 -247595
1558693780624 -249105
1558693782936 -250551
1558693784182 -260521
1558693789070 -265409
1558693790721 -258335
1558693792984 -269323
1558693794670 -262284
1558693799109 -267589
1558693799770 -276109
1558693801681 -278020
1558693803377 -270282
1558693803668 -280007
1558693803694 -280033
1558693805242 -272147
1558693811783 -279625
1558693813748 -281590
1558693817961 -284865
1558693819260 -295547
1558693820614 -288456
1558693820646 -288488
1558693824958 -301245
1558693825909 -302196
1558693826249 -294091
1558693831441 -289900
1558693833605 -292064
1558693837642 -300938
1558693839262 -274675
1558693843510 -291301
1558693844498 -292289
1558693845125 -280537
1558693845835 -313676
1558693848239 -296029
1558693849850 -285261
1558693850182 -297972
1558693851529 -319370
1558693853761 -289172
1558693856046 -303835
1558693858000 -305789
1558693862307 -330128
1558693865874 -303305
1558693865874 -303305
1558693866835 -304266
1558693870434 -294106
1558693873833 -314422
1558693874460 -311890
1558693880700 -321289
1558693881931 -281336
1558693887177 -274875
1558693887781 -287185
1558693888493 -329081
1558693891689 -291093
1558693892056 -279754
1558693893403 -333990
1558693894632 -294035
1558693896412 -295815
1558693899100 -339686
1558693901427 -280531
1558693902928 -290624
1558693904243 -344828
1558693905521 -284625
1558693905888 -293584
1558693909485 -288588
1558693911970 -352553
1558693912521 -300216
1558693913162 -292265
1558693913586 -301280
1558693914527 -302221
1558693918131 -305824
1558693919517 -315453
1558693919744 -271657
1558693921671 -273583
1558693922648 -274560
1558693932814 -307791
1558693933174 -329109
1558693940038 -335972
1558693943978 -295306
1558693944952 -296280
1558693945946 -297274
1558693948670 -344603
1558693949841 -285271
1558693951208 -289375
1558693951626 -347558
1558693952187 -290354
1558693953557 -349489
1558693961417 -314723
1558693967075 -320380
1558693967673 -305838
1558693968058 -321363
1558693968250 -303678
1558693969629 -307793
1558693971182 -280438
1558693973142 -282397
1558693974105 -283360
1558693976854 -330158
1558693977452 -288370
1558693978427 -289345
1558693978851 -332154
1558693979035 -288290
1558693979806 -333109
1558693979969 -289223
1558693980381 -291299
1558693982341 -293258
1558693983337 -294254
1558693986243 -297160
1558693986244 -297161
1558693990424 -343726
1558693990994 -301910
1558693991964 -302880
1558693992536 -283384
1558693992536 -283384
1558693996859 -307775
1558693997259 -350560
1558693997269 -350570
1558694001171 -354472
1558694008139 -298985
1558694009111 -299957
1558694012758 -309510
1558694013306 -294129
1558694017608 -314360
1558694018589 -315341
1558694022503 -319254
1558694022625 -293547
1558694024516 -321267
1558694025471 -322222
1558694026009 -306830
1558694026536 -297457
1558694028941 -309761
1558694029338 -326088
1558694030459 -301380
1558694036203 -332952
1558694037978 -334727
1558694039082 -293949
1558694043023 -297888
1558694046783 -343531
1558694048739 -345486
1558694049824 -304687
1558694050314 -301973
1558694054639 -351385
1558694056661 -293086
1558694059593 -296018
1558694060573 -296998
1558694065232 -305955
1558694065240 -305963
1558694069203 -305627
1558694071664 -298018
1558694072183 -308606
1558694073059 -313780
1558694073610 -299963
1558694074087 -289226
1558694074570 -300923
1558694074984 -315705
1558694076979 -317700
1558694082811 -323531
1558694083394 -309745
1558694084835 -299973
1558694086557 -327276
1558694088574 -303711
1558694091445 -332164
1558694096395 -287238
1558694099326 -290168
1558694100306 -291148
1558694104262 -295104
1558694106736 -309810
1558694108287 -299128
1558694110127 -350841
1558694111786 -314859
1558694113044 -353757
1558694116750 -277487
1558694119674 -280411
1558694123566 -303957
1558694124116 -298212
1558694125544 -286280
1558694128015 -302110
1558694128491 -289227
1558694132391 -293126
1558694139056 -319444
1558694141007 -321395
1558694141023 -301757
1558694141595 -315688
1558694141981 -322369
1558694141993 -302727
1558694147855 -328242
1558694149373 -293326
1558694150807 -331193
1558694152750 -291181
1558694159035 -302987
1558694159051 -303003
1558694161380 -299810
1558694162351 -300781
1558694164850 -308801
1558694165836 -309787
1558694168213 -293090
1558694171713 -315663
1558694178545 -296119
1558694182700 -307575
1558694183677 -308552
1558694183677 -308552
1558694184657 -309532
1558694187185 -304756
1558694187606 -286270
1558694193064 -310633
1558694193449 -292112
1558694195458 -312829
1558694199412 -316782
1558694200967 -301088
1558694203345 -302007
1558694204200 -321414
1558694206706 -306827
1558694208041 -281499
1558694211497 -311617
1558694214951 -332163
1558694218704 -301499
1558694222087 -295543
1558694226230 -309023
1558694229018 -311810
1558694230966 -313757
1558694232202 -305492
1558694233911 -316702
1558694235184 -308474
1558694236251 -353456
1558694238108 -293118
1558694239211 -356415
1558694239896 -293530
1558694242154 -359357
1558694242866 -296499
1558694244059 -299068
1558694245025 -300034
1558694245169 -298468
1558694249912 -304921
1558694250692 -304324
1558694251604 -305236
1558694251604 -305236
1558694259330 -312961
1558694260316 -313947
1558694260490 -313787
1558694260490 -313787
1558694262478 -315775
1558694264246 -283868
1558694265393 -318566
1558694266370 -295192
1558694270250 -289871
1558694274114 -293735
1558694280829 -300449
1558694280937 -334108
1558694283878 -286485
1558694285838 -339008
1558694286711 -306330
1558694286828 -289435
1558694287694 -307313
1558694287814 -290421
1558694289781 -292387
1558694290761 -293367
1558694292615 -312233
1558694293713 -296319
1558694294574 -287912
1558694294701 -347868
1558694295679 -298285
1558694299620 -302204
1558694301300 -294637
1558694302413 -355577
1558694305341 -307924
1558694306347 -308930
1558694306366 -359529
1558694312155 -305490
1558694319138 -321858
1558694323054 -305270
1558694328685 -299576
1558694330694 -301584
1558694330786 -287748
1558694332597 -303487
1558694332706 -289668
1558694345562 -348279
1558694346364 -349081
1558694349182 -295919
1558694349259 -306218
1558694351124 -297861
1558694352196 -282996
1558694358006 -304742
1558694359976 -306712
1558694361079 -291878
1558694365062 -311387
1558694369805 -316540
1558694371630 -294087
1558694373583 -296040
1558694373583 -296040
1558694375630 -281192
1558694375725 -322049
1558694376542 -298998
1558694378575 -284137
1558694380470 -302925
1558694384401 -306856
1558694389326 -311780
1558694389392 -294952
1558694392276 -288482
1558694395292 -300609
1558694398035 -294241
1558694409890 -296927
1558694410859 -297896
1558694414900 -301937
1558694417014 -304050
1558694417786 -313989
1558694417984 -304099
1558694418613 -314816
1558694418675 -314878
1558694420530 -298215
1558694420548 -298233
1558694421467 -299152
1558694422639 -308753
1558694423474 -288284
1558694424604 -310718
1558694424607 -310721
1558694426578 -312692
1558694427408 -292218
1558694428391 -293200
1558694430357 -295166
1558694436260 -301068
1558694441119 -301493
1558694441940 -302314
1558694443143 -329254
1558694444126 -330237
1558694446869 -307242
1558694447854 -308227
1558694449820 -310193
1558694450027 -336137
1558694452981 -339090
1558694454967 -341076
1558694457687 -288926
1558694465607 -282906
1558694467611 -284909
1558694468347 -299584
1558694471305 -302542
1558694473261 -304498
1558694481148 -298444
1558694482132 -299428
1558694487032 -288101
1558694488018 -289087
1558694489030 -283996
1558694492772 -293840
1558694495947 -339194
1558694497935 -341181
1558694498674 -299741
1558694500679 -301746
1558694502607 -303674
1558694503845 -347089
1558694504578 -305644
1558694507762 -351005
1558694514254 -315319
1558694518185 -292911
1558694520387 -307476
1558694521138 -294591
1558694524090 -298816
1558694527552 -314639
1558694528213 -302938
1558694530371 -305096
1558694532213 -305665
1558694534086 -308810
1558694534970 -308422
1558694536148 -323232
1558694550512 -298967
1558694550512 -298967
1558694555375 -307461
1558694555413 -303868
1558694556357 -308443
1558694559596 -346671
1558694561317 -288999
1558694562303 -289985
1558694563416 -350489
1558694569274 -356345
1558694572949 -301738
1558694578138 -314613
1558694579789 -285097
1558694580113 -316588
1558694581760 -287067
1558694583721 -289028
1558694584086 -320560
1558694584755 -313542
1558694589516 -289207
1558694590432 -295738
1558694592400 -297705
1558694595704 -332176
1558694596414 -296104
1558694598368 -298057
1558694600341 -300030
1558694600599 -337070
1558694601250 -286075
1558694602309 -301998
1558694607488 -343955
1558694611925 -296747
1558694612968 -312655
1558694616825 -301646
1558694619770 -304590
1558694622808 -300800
1558694624695 -291008
1558694633471 -311459
1558694633727 -317337
1558694634705 -318315
1558694638666 -322275
1558694640264 -306574
1558694641260 -282183
1558694641621 -325230
1558694646517 -330125
1558694649468 -333076
1558694650097 -291018
1558694650179 -303936
1558694657889 -311645
1558694659761 -300680
1558694659860 -313616
1558694660127 -343733
1558694660741 -301660
1558694663702 -304562
1558694668703 -297045
1558694672916 -356519
1558694677554 -305895
1558694678574 -306914
1558694693473 -321547
1558694694054 -287126
1558694695163 -293222
1558694696959 -290031
1558694697379 -325453
1558694700994 -299053
1558694708571 -301641
1558694718559 -316615
1558694720419 -293012
1558694721456 -294049
1558694725726 -298336
1558694725726 -298336
1558694725726 -298336
1558694730686 -358753
1558694731284 -303893
1558694734134 -306742
1558694738059 -310665
1558694739351 -310735
1558694740024 -312630
1558694742825 -295912
1558694743811 -296898
1558694745257 -316641
1558694746775 -299861
1558694746921 -319527
1558694748708 -301794
1558694749861 -292178
1558694750173 -321556
1558694751155 -322538
1558694753627 -306713
1558694753627 -306713
1558694756419 -281164
1558694756584 -298900
1558694758383 -283128
1558694758550 -300866
1558694759533 -301849
1558694760519 -302835
1558694767401 -309716
1558694771156 -295899
1558694772140 -296883
1558694772641 -344021
1558694775273 -317587
1558694775592 -346972
1558694776071 -300604
1558694777396 -348775
1558694778037 -302569
1558694778381 -349760
1558694779043 -292013
1558694781010 -293980
1558694788877 -301846
1558694790656 -290989
1558694790845 -303813
1558694793608 -293941
1558694793796 -306764
1558694803280 -303611
1558694803800 -315517
1558694806225 -306556
1558694809171 -281109
1558694809372 -296894
1558694815067 -287004
1558694818016 -289952
1558694824129 -311649
