1558693136591 -12449
1558693147132 -22990
1558693147132 -22990
1558693173126 -48592
1558693174042 -49508
1558693183708 -59174
1558693198256 -73721
1558693209766 -85231
1558693226187 -99699
1558693232067 -105578
1558693235006 -108517
1558693235947 -109458
1558693237918 -111429
1558693245549 -119060
1558693247506 -121017
1558693248489 -122000
1558693251446 -124957
1558693262183 -135387
1558693263174 -136378
1558693280702 -153904
1558693289410 -162611
1558693300958 -174093
1558693301990 -175125
1558693306832 -179967
1558693308842 -181975
1558693310754 -183887
1558693319374 -192507
1558693337785 -210917
1558693339750 -212882
1558693346615 -219746
1558693346615 -219746
1558693368910 -242006
1558693390215 -262084
1558693397049 -268918
1558693405901 -261576
1558693408787 -264462
1558693410623 -266298
1558693411598 -267273
1558693415458 -260729
1558693423327 -268597
1558693436835 -271429
1558693436925 -271519
1558693524892 -15103
1558693550152 -38889
1558693564732 -53467
1558693568561 -57296
1558693570519 -59254
1558693591871 -80604
1558693596782 -84388
1558693599673 -87279
1558693603583 -91189
1558693604563 -92168
1558693605382 -92987
1558693608308 -95913
1558693643343 -130935
1558693650168 -136276
1558693652131 -138239
1558693664664 -150771
1558693666623 -152730
1558693667596 -153703
1558693669554 -155661
1558693678181 -164288
1558693686991 -173098
1558693686991 -173098
1558693689909 -174422
1558693700497 -185009
1558693709315 -193827
1558693710273 -194784
1558693723789 -208281
1558693725743 -210235
1558693728681 -213173
1558693736494 -220986
1558693739426 -223917
1558693740406 -224897
1558693752947 -234396
1558693754902 -236351
1558693757837 -239286
1558693765685 -247028
1558693767612 -248954
1558693773312 -254654
1558693776245 -257587
1558693778196 -259538
1558693786013 -267355
1558693790903 -272245
1558693794848 -276190
1558693794848 -276190
1558693812299 -291133
1558693813279 -292113
1558693832687 -300249
1558693834595 -302157
1558693840417 -297070
1558693842378 -299030
1558693845140 -301792
1558693853937 -295972
1558693857849 -299883
1558693879199 -281482
1558693882121 -284403
1558693893677 -295958
1558693893677 -295958
1558693904675 -306954
1558693906878 -309157
1558693909738 -312016
1558693924791 -299853
1558693926744 -301805
1558693935545 -310605
1558693951998 -299872
1558693954928 -302801
1558693969457 -317328
1558693971392 -274643
1558693987832 -291080
1558693988811 -292059
1558694006417 -309663
1558694015053 -295947
1558694016992 -297886
1558694039322 -290240
1558694041280 -292198
1558694047120 -298037
1558694052006 -302922
1558694053964 -304880
1558694054944 -305860
1558694055924 -306839
1558694056734 -307649
1558694060647 -311562
1558694070440 -291266
1558694087855 -308679
1558694097634 -318456
1558694098612 -289260
1558694099589 -290237
1558694109429 -300075
1558694111435 -302081
1558694121927 -312571
1558694123854 -314498
1558694126790 -294140
1558694126790 -294140
1558694127760 -295110
1558694128585 -295935
1558694144207 -311555
1558694150074 -288319
1558694151873 -290118
1558694153980 -292225
1558694156064 -294308
1558694158766 -297010
1558694169453 -307695
1558694170431 -308673
1558694171415 -309657
1558694174342 -312584
1558694185904 -295157
1558694186889 -296142
1558694206432 -315677
1558694235488 -289355
1558694239496 -293363
1558694253958 -307823
1558694259847 -313711
1558694261821 -315685
1558694262814 -316677
1558694262814 -316677
1558694272545 -296282
1558694273518 -297254
1558694276393 -300129
1558694304745 -304166
1558694327198 -300399
1558694334080 -307280
1558694344729 -317928
1558694347688 -290938
1558694349650 -292899
1558694351617 -294866
1558694357513 -300761
1558694371119 -314365
1558694379960 -296950
1558694380953 -297942
1558694387821 -304809
1558694401428 -288250
1558694402413 -289235
1558694403407 -290229
1558694414286 -301106
1558694423876 -310695
1558694432743 -294349
1558694433719 -295325
1558694442402 -304007
1558694443385 -304990
1558694447314 -308918
1558694448297 -309901
1558694456172 -317775
1558694458134 -289658
1558694458136 -289660
1558694459116 -290640
1558694468794 -300317
1558694474698 -306220
1558694479612 -311133
1558694501085 -303389
1558694509954 -312257
1558694513707 -286096
1558694515689 -288077
1558694530607 -302993
1558694547961 -303530
1558694547966 -303535
1558694548943 -304512
1558694553869 -309437
1558694557798 -313365
1558694560649 -316216
1558694571400 -300685
1558694575333 -304617
1558694583079 -312362
1558694585048 -314330
1558694593866 -293062
1558694595849 -295045
1558694600742 -299937
1558694608443 -307637
1558694630922 -301761
1558694636806 -307644
1558694637773 -308611
1558694639735 -310573
1558694644646 -315483
1558694649555 -293986
1558694651520 -295950
1558694652502 -296932
1558694655293 -299723
1558694661195 -305624
1558694666134 -310562
1558694687589 -306866
1558694688570 -307846
1558694690534 -309810
1558694697433 -287148
1558694711018 -300731
1558694717896 -307608
1558694723073 -312784
1558694735459 -298797
1558694738385 -301723
1558694738389 -301727
1558694753958 -317294
1558694757892 -291058
1558694762806 -295971
1558694766740 -299905
1558694767727 -300892
1558694773455 -306619
1558694788204 -292040
1558694792134 -295969
1558694794101 -297935
1558694799840 -303672
1558694799840 -303672
1558694808690 -312519
1558694812625 -316452
1558694815573 -293964
