1558693132412 -6871
1558693133748 -8492
1558693140009 -17035
1558693140671 -15414
1558693144115 -18573
1558693145577 -23862
1558693149107 -26132
1558693151131 -25874
1558693155236 -33521
1558693156168 -34453
1558693157236 -35521
1558693158896 -33639
1558693159187 -36191
1558693162054 -40338
1558693162323 -39327
1558693166618 -37438
1558693169276 -46280
1558693170649 -48930
1558693172340 -49344
1558693172618 -50899
1558693174557 -52838
1558693182124 -52943
1558693182428 -59432
1558693183607 -54359
1558693186095 -56914
1558693186727 -63722
1558693187297 -65577
1558693187787 -58539
1558693189329 -67609
1558693191243 -62061
1558693194772 -73051
1558693196659 -73654
1558693197750 -76029
1558693198697 -75692
1558693200901 -71652
1558693201490 -72308
1558693203459 -81738
1558693205425 -83704
1558693207726 -78477
1558693208334 -86612
1558693208334 -79151
1558693209304 -80121
1558693212187 -89181
1558693212211 -90489
1558693212588 -83339
1558693214125 -91119
1558693216029 -93023
1558693216912 -95185
1558693216984 -93978
1558693217879 -96152
1558693219106 -89554
1558693220090 -90538
1558693223813 -94261
1558693226590 -103584
1558693226764 -97212
1558693228002 -95186
1558693228706 -99154
1558693228970 -96154
1558693229689 -100137
1558693231377 -108371
1558693233611 -104059
1558693234420 -112690
1558693235805 -102988
1558693239034 -115749
1558693239988 -116703
1558693240688 -107871
1558693240947 -117662
1558693241041 -119310
1558693241041 -119310
1558693242485 -109668
1558693242985 -121254
1558693244464 -111647
1558693244786 -121501
1558693244786 -121501
1558693245415 -112598
1558693246390 -113573
1558693247850 -126117
1558693248781 -125496
1558693249745 -126460
1558693250304 -117486
1558693252254 -119436
1558693253692 -131958
1558693254550 -131265
1558693258854 -129296
1558693259513 -137778
1558693259515 -137780
1558693262032 -129181
1558693263988 -131137
1558693263988 -131137
1558693266760 -133909
1558693267017 -143731
1558693268935 -145649
1558693276286 -146725
1558693278825 -157086
1558693280267 -150706
1558693281503 -148650
1558693285158 -155597
1558693289059 -163778
1558693289245 -154769
1558693290991 -161429
1558693295983 -161507
1558693303498 -173936
1558693309276 -183995
1558693309615 -175138
1558693313133 -187852
1558693313133 -187852
1558693314335 -179858
1558693314465 -192603
1558693316041 -190759
1558693316049 -190767
1558693317955 -192673
1558693323143 -188666
1558693327439 -202155
1558693329396 -204112
1558693329736 -198066
1558693331689 -200019
1558693332953 -196074
1558693333893 -212031
1558693336132 -210848
1558693337646 -200767
1558693339346 -207676
1558693339346 -207676
1558693340369 -208699
1558693341558 -204667
1558693343442 -221579
1558693345485 -208593
1558693345485 -208593
1558693347329 -225466
1558693348301 -226438
1558693348411 -211519
1558693350405 -213513
1558693353292 -216400
1558693365825 -228343
1558693367010 -239566
1558693369907 -242463
1558693371471 -249537
1558693373660 -236178
1558693375352 -243679
1558693376337 -244664
1558693377632 -250188
1558693378286 -246613
1558693378596 -251152
1558693379308 -247635
1558693379333 -257394
1558693382199 -250526
1558693383399 -251553
1558693386296 -254449
1558693390843 -259170
1558693390875 -268925
1558693395768 -273818
1558693396905 -253783
1558693397712 -275687
1558693397712 -275687
1558693401733 -258611
1558693405560 -273788
1558693405560 -273788
1558693407739 -270256
1558693410419 -278647
1558693411404 -268280
1558693413203 -291177
1558693413406 -275922
1558693414152 -282379
1558693416215 -262968
1558693417334 -279374
1558693420065 -298039
1558693421035 -267788
1558693421986 -268739
1558693423248 -285288
1558693423951 -286851
1558693424221 -286261
1558693424899 -271651
1558693425138 -282044
1558693425860 -272612
1558693426854 -275728
1558693427873 -305847
1558693429675 -307649
1558693431483 -278234
1558693433040 -289942
1558693433643 -280394
1558693433924 -290826
1558693434540 -273241
1558693435721 -313695
1558693438507 -287380
1558693438579 -316553
1558693438739 -295639
1558693439438 -288311
1558693440629 -297528
1558693442404 -291276
1558693444288 -293160
1558693444544 -293673
1558693448204 -297075
1558693450154 -287153
1558693451135 -288134
1558693451748 -290447
1558693452715 -291413
1558693453087 -290085
1558693455908 -309245
1558693456021 -293019
1558693457882 -311219
1558693458789 -295786
1558693461720 -298717
1558693463915 -304389
1558693464894 -305368
1558693475412 -303766
1558693475412 -303766
1558693476443 -329771
1558693478350 -306703
1558693481169 -334497
1558693482147 -335475
1558693483127 -336455
1558693485080 -338408
1558693510243 -127
1558693511974 -580
1558693514459 -1483
1558693514631 -4478
1558693514728 -4612
1558693515706 -5590
1558693515719 -5603
1558693515891 -4497
1558693516409 -3433
1558693519599 -9483
1558693519795 -8401
1558693522768 -11374
1558693523709 -12315
1558693525203 -12227
1558693528187 -15195
1558693529104 -18951
1558693531955 -21802
1558693533098 -20106
1558693535105 -24988
1558693540686 -30532
1558693540711 -27718
1558693540711 -27718
1558693544865 -34747
1558693546037 -34643
1558693546040 -34646
1558693546426 -36272
1558693547400 -37246
1558693549307 -39153
1558693549491 -36498
1558693552424 -39430
1558693553674 -43555
1558693554135 -43847
1558693554137 -43849
1558693554363 -41369
1558693555363 -42369
1558693556068 -45780
1558693558406 -48287
1558693558972 -48684
1558693559941 -49653
1558693561864 -51576
1558693563993 -45785
1558693565009 -46801
1558693567199 -55785
1558693570378 -60089
1558693571346 -61057
1558693573250 -59808
1558693574231 -60789
1558693576979 -65564
1558693578938 -67522
1558693579117 -65675
1558693583679 -72263
1558693584338 -66129
1558693584663 -73247
1558693585350 -67141
1558693585688 -74272
1558693587402 -69193
1558693587825 -77535
1558693592505 -81088
1558693592674 -79231
1558693594533 -84242
1558693594533 -84242
1558693595130 -76920
1558693599017 -80807
1558693602417 -88971
1558693603907 -85696
1558693607064 -94031
1558693607064 -94031
1558693608026 -94993
1558693610142 -96696
1558693610923 -97890
1558693610923 -97890
1558693614993 -101547
1558693615942 -102496
1558693615942 -102496
1558693616694 -103660
1558693617896 -104450
1558693618874 -105428
1558693620670 -107177
1558693620830 -107383
1558693621522 -108487
1558693623622 -110127
1558693623622 -110127
1558693625378 -112343
1558693626400 -113365
1558693629471 -114983
1558693630311 -116816
1558693632154 -119118
1558693633378 -118890
1558693633888 -111041
1558693635405 -120917
1558693636314 -121826
1558693637291 -122803
1558693637787 -114939
1558693639753 -116905
1558693641201 -126712
1558693641201 -126712
1558693642023 -128528
1558693644523 -131208
1558693645113 -130624
1558693645488 -132173
1558693645616 -122768
1558693651802 -138307
1558693652496 -129647
1558693653599 -140104
1558693654441 -131592
1558693655714 -141224
1558693658638 -144148
1558693661568 -147078
1558693662083 -133122
1558693662090 -133129
1558693663050 -134089
1558693663050 -134089
1558693664345 -149759
1558693665480 -150989
1558693666458 -151967
1558693667937 -138976
1558693668265 -153679
1558693670223 -155637
1558693672329 -157838
1558693672495 -159178
1558693672917 -143955
1558693675100 -160514
1558693677729 -148767
1558693678289 -164972
1558693681227 -167909
1558693689857 -176538
1558693693221 -164258
1558693693518 -178932
1558693693519 -178933
1558693694214 -165251
1558693696605 -178300
1558693700472 -184013
1558693705299 -188840
1558693707198 -188892
1558693707226 -190767
1558693713890 -193367
1558693716522 -185805
1558693717801 -197240
1558693719432 -188715
1558693722671 -206211
1558693723521 -202959
1558693724486 -203924
1558693725613 -205034
1558693728068 -197350
1558693730441 -209878
1558693731476 -210897
1558693732959 -202241
1558693733433 -212854
1558693734098 -217638
1558693735100 -218640
1558693735268 -214705
1558693735291 -214728
1558693735918 -205200
1558693736046 -219586
1558693740135 -219572
1558693741114 -220551
1558693742093 -221530
1558693742237 -221657
1558693743215 -222635
1558693743723 -213004
1558693745690 -228984
1558693746046 -225482
1558693746659 -215930
1558693746659 -215930
1558693748774 -228210
1558693749520 -232814
1558693750493 -233787
1558693751485 -234779
1558693752361 -221632
1558693752831 -232165
1558693753663 -233099
1558693754786 -234120
1558693755765 -235099
1558693759671 -239005
1558693761486 -239570
1558693761486 -239570
1558693762606 -241940
1558693763141 -231393
1558693763581 -242915
1558693765167 -233419
1558693765584 -244918
1558693768830 -252124
1558693769452 -248786
1558693769800 -253094
1558693769979 -238230
1558693770001 -238252
1558693771407 -250741
1558693774088 -252171
1558693774212 -253545
1558693774711 -242962
1558693775042 -253125
1558693776007 -254090
1558693776659 -244910
1558693779583 -247834
1558693779910 -257993
1558693780421 -263714
1558693782576 -250827
1558693782870 -260953
1558693783515 -251766
1558693786895 -264150
1558693787872 -265127
1558693789825 -267058
1558693791300 -259550
1558693795316 -263566
1558693797193 -265443
1558693799469 -277552
1558693800544 -277776
1558693805852 -269039
1558693808232 -284922
1558693808451 -277435
1558693809307 -271796
1558693810139 -286829
1558693810778 -273964
1558693811136 -287826
1558693813204 -275692
1558693815138 -277626
1558693815153 -277641
1558693819550 -282735
1558693820579 -283764
1558693820954 -277262
1558693821955 -278263
1558693822320 -285504
1558693825616 -288541
1558693825616 -281924
1558693828475 -272408
1558693829454 -292378
1558693830402 -274335
1558693832542 -295466
1558693833450 -277382
1558693836439 -298924
1558693837415 -299900
1558693840352 -302836
1558693842302 -304786
1558693842945 -286876
1558693844888 -288818
1558693845951 -308873
1558693845961 -308883
1558693848863 -311785
1558693849696 -293626
1558693853747 -316668
1558693855521 -286031
1558693856809 -296043
1558693856809 -296043
1558693857300 -294265
1558693859611 -322531
1558693862573 -325493
1558693863242 -300207
1558693867402 -306634
1558693868145 -291401
1558693868315 -331234
1558693869934 -293190
1558693876703 -299958
1558693881413 -297965
1558693881624 -304878
1558693886833 -316449
1558693886955 -326185
1558693887189 -303740
1558693890078 -306628
1558693890379 -302105
1558693890593 -320207
1558693891585 -321198
1558693892010 -281099
1558693893530 -323143
1558693894916 -284005
1558693900734 -289822
1558693902718 -291805
1558693906753 -295840
1558693907638 -337246
1558693908838 -297924
1558693908838 -291915
1558693908970 -292521
1558693911431 -294508
1558693911911 -295462
1558693919997 -309081
1558693921930 -311014
1558693923317 -306866
1558693924271 -307820
1558693924647 -307894
1558693926605 -309852
1558693926720 -309795
1558693928563 -311810
1558693928674 -287050
1558693931170 -284580
1558693931619 -289994
1558693934534 -317608
1558693935428 -293803
1558693936490 -319563
1558693937358 -295733
1558693939293 -297667
1558693940896 -294305
1558693943082 -326326
1558693944120 -302493
1558693944147 -327218
1558693945123 -328194
1558693947970 -306343
1558693950012 -333081
1558693953433 -306841
1558693954727 -313098
1558693960695 -343933
1558693961244 -298159
1558693962312 -284023
1558693963566 -305864
1558693968232 -289942
1558693969451 -311749
1558693971837 -308750
1558693975305 -317602
1558693977885 -299594
1558693978209 -320506
1558693978695 -315551
1558693978701 -295240
1558693979684 -296222
1558693980088 -322537
1558693980172 -322468
1558693980175 -322471
1558693982558 -304266
1558693986764 -329212
1558693988477 -305014
1558693988477 -305014
1558693993180 -309716
1558693993608 -336055
1558693994583 -337030
1558693995650 -337944
1558693996110 -312646
1558693996555 -339001
1558693999559 -341853
1558694002830 -294641
1558694002960 -293300
1558694005436 -347729
1558694007386 -349678
1558694013978 -356420
1558694018880 -338680
1558694019857 -339657
1558694021899 -303944
1558694022786 -342585
1558694022888 -304933
1558694024772 -344571
1558694026704 -346503
1558694027236 -287431
1558694027744 -289783
1558694029690 -291729
1558694030189 -290383
1558694030637 -350435
1558694031723 -313767
1558694035061 -295255
1558694036038 -296231
1558694037369 -319412
1558694037392 -299430
1558694038272 -358069
1558694040311 -322353
1558694042248 -362044
1558694046174 -328216
1558694046665 -306857
1558694047070 -366866
1558694048048 -367844
1558694050894 -279174
1558694051520 -311711
1558694054776 -283055
1558694055720 -283999
1558694056672 -284950
1558694056687 -376480
1558694058720 -340759
1558694059342 -293276
1558694059342 -293276
1558694059574 -287852
1558694062483 -290761
1558694064074 -298007
1558694065581 -347618
1558694066025 -299957
1558694066347 -294624
1558694068423 -336057
1558694069955 -303886
1558694072214 -300490
1558694072398 -340031
1558694072438 -354472
1558694072895 -306825
1558694073138 -301414
1558694075344 -357377
1558694076984 -305260
1558694077914 -306190
1558694080233 -306983
1558694081704 -291382
1558694084452 -294130
1558694089775 -357405
1558694090836 -317585
1558694091801 -318549
1558694092250 -301927
1558694093345 -299343
1558694097203 -303200
1558694102523 -311821
1558694104816 -310812
1558694108953 -289445
1558694109985 -291907
1558694111027 -292949
1558694111544 -320841
1558694115129 -324426
1558694115639 -296130
1558694116343 -298264
1558694117969 -327266
1558694118039 -344784
1558694119248 -301168
1558694120985 -347729
1558694128883 -310802
1558694130209 -310698
1558694131790 -313708
1558694132747 -314665
1558694135421 -344715
1558694139394 -309756
1558694140309 -349602
1558694144208 -353500
1558694145184 -354476
1558694145184 -354476
1558694145291 -299437
1558694145700 -296219
1558694145702 -296221
1558694150118 -304263
1558694152848 -339775
1558694154007 -340934
1558694154708 -305226
1558694159812 -313956
1558694161187 -311704
1558694163636 -350561
1558694165096 -315612
1558694167469 -295522
1558694167519 -354444
1558694169540 -339897
1558694173394 -360318
1558694173483 -343840
1558694177111 -305163
1558694177790 -298158
1558694179044 -307096
1558694179087 -366010
1558694180012 -308064
1558694182024 -368946
1558694183000 -369922
1558694184826 -312877
1558694184956 -371877
1558694188946 -359298
1558694192433 -286819
1558694192812 -319373
1558694193303 -313668
1558694196833 -307925
1558694197258 -291298
1558694198807 -309899
1558694202337 -296722
1558694206040 -300424
1558694206482 -333041
1558694207883 -301922
1558694208353 -334912
1558694209358 -320448
1558694209804 -303843
1558694209821 -304205
1558694217411 -328500
1558694218270 -329359
1558694218578 -345135
1558694224158 -335247
1558694224228 -335317
1558694226179 -287846
1558694227704 -354258
1558694228208 -294168
1558694231658 -342745
1558694231663 -342750
1558694232562 -359114
1558694232638 -343725
1558694232917 -294582
1558694239627 -350711
1558694240753 -302415
1558694243715 -305376
1558694244454 -345028
1558694246686 -308346
1558694248256 -348829
1558694250452 -312110
1558694251757 -291488
1558694252175 -352748
1558694252309 -305228
1558694257105 -291702
1558694257416 -297146
1558694260329 -300059
1558694261895 -362466
1558694262979 -315897
1558694263961 -316879
1558694264956 -317874
1558694266799 -301395
1558694266837 -367408
1558694267858 -368429
1558694270716 -305311
1558694271224 -310952
1558694271638 -372208
1558694276575 -329491
1558694280836 -290586
1558694282126 -284139
1558694283360 -328453
1558694283777 -293526
1558694285042 -287054
1558694285330 -330423
1558694286016 -288028
1558694287301 -332394
1558694289268 -334360
1558694291319 -344233
1558694292213 -337305
1558694294188 -339280
1558694298484 -300494
1558694300420 -302430
1558694303289 -313036
1558694306288 -308297
1558694307226 -294596
1558694309755 -354845
1558694310137 -312146
1558694310183 -297553
1558694313785 -310271
1558694314985 -292019
1558694317069 -304438
1558694318706 -315191
1558694319429 -364517
1558694321418 -323863
1558694324550 -301582
1558694325517 -302549
1558694327399 -323883
1558694329305 -331749
1558694330383 -307415
1558694330696 -292865
1558694330696 -292865
1558694331343 -308375
1558694331658 -293827
1558694332296 -309327
1558694332297 -309328
1558694332626 -294795
1558694333202 -335646
1558694337158 -314189
1558694339097 -292019
1558694341176 -337658
1558694343137 -339619
1558694343780 -296701
1558694343780 -296701
1558694347668 -300589
1558694347962 -344443
1558694350850 -347330
1558694353125 -315291
1558694357372 -310291
1558694357745 -354223
1558694358359 -311278
1558694359311 -312230
1558694359735 -356212
1558694359747 -356224
1558694360279 -313198
1558694361619 -364059
1558694362224 -315142
1558694363195 -316113
1558694365612 -362086
1558694366900 -306697
1558694370306 -320251
1558694372269 -322214
1558694374659 -314455
1558694376576 -287256
1558694377552 -288231
1558694378540 -289219
1558694379223 -312679
1558694380510 -291189
1558694384140 -317595
1558694385365 -286231
1558694387009 -336952
1558694389360 -300038
1558694392309 -302986
1558694393947 -294811
1558694394102 -304779
1558694394799 -328253
1558694395087 -305764
1558694395087 -305764
1558694395930 -296794
1558694396122 -306799
1558694397660 -347602
1558694398726 -332179
1558694401970 -312646
1558694402685 -303548
1558694403948 -314624
1558694407531 -357471
1558694411433 -312295
1558694413193 -314055
1558694413505 -346955
1558694413505 -346955
1558694421945 -293062
1558694422195 -355642
1558694425059 -327415
1558694426810 -297926
1558694429080 -303215
1558694434550 -305665
1558694437318 -308433
1558694437927 -312061
1558694439254 -310368
1558694440181 -298397
1558694440227 -311341
1558694445921 -304136
1558694446613 -320746
1558694447533 -349887
1558694447619 -321752
1558694450827 -309042
1558694452851 -294036
1558694453789 -312003
1558694453822 -295007
1558694456366 -358718
1558694456448 -330579
1558694456448 -330579
1558694456736 -314950
1558694457345 -359696
1558694457720 -315934
1558694460460 -301644
1558694462409 -303592
1558694463341 -337471
1558694465146 -339276
1558694466043 -338911
1558694466301 -307484
1558694466429 -294502
1558694468043 -340910
1558694468387 -296460
1558694470100 -344230
1558694472103 -313285
1558694473069 -314251
1558694473069 -314251
1558694480177 -308248
1558694486544 -359408
1558694489037 -317107
1558694490857 -288773
1558694493788 -291704
1558694496736 -294651
1558694497362 -370216
1558694513518 -294982
1558694514030 -328029
1558694515286 -313199
1558694516434 -297897
1558694518848 -337672
1558694519184 -317097
1558694519842 -338666
1558694522137 -290087
1558694522137 -290087
1558694524192 -305652
1558694526162 -294111
1558694527309 -308768
1558694528199 -309657
1558694530050 -344045
1558694530991 -349814
1558694532005 -346000
1558694535448 -354270
1558694535919 -303867
1558694539422 -353414
1558694540672 -308620
1558694546226 -365046
1558694546226 -365046
1558694546359 -302679
1558694547323 -303643
1558694552142 -322480
1558694552213 -324423
1558694555099 -325436
1558694556908 -313227
1558694558056 -328393
1558694558816 -315135
1558694560356 -301995
1558694560965 -333174
1558694560965 -333174
1558694562239 -303878
1558694564140 -305779
1558694566598 -300468
1558694566854 -339062
1558694567822 -340030
1558694570019 -311657
1558694574360 -308229
1558694576889 -288197
1558694578620 -350826
1558694580581 -352787
1558694582371 -352705
1558694582372 -352706
1558694582839 -294146
1558694583904 -293974
1558694584328 -354662
1558694584412 -356617
1558694585344 -355677
1558694585823 -295893
1558694586313 -358517
1558694589208 -359540
1558694592205 -310671
1558694594575 -304643
1558694595155 -313621
1558694597071 -337156
1558694597123 -315588
1558694599354 -310658
1558694601003 -341087
1558694603278 -314582
1558694604941 -345025
1558694606961 -325424
1558694608762 -327225
1558694609943 -290267
1558694611753 -330216
1558694616634 -335096
1558694616746 -297070
1558694618600 -337062
1558694619537 -359619
1558694621512 -361593
1558694622779 -300808
1558694623523 -303846
1558694625447 -365528
1558694630411 -348869
1558694631233 -349691
1558694632217 -350675
1558694634422 -312449
1558694637133 -355589
1558694638066 -321124
1558694639075 -322133
1558694641338 -319364
1558694645938 -328995
1558694646652 -297042
1558694650922 -309746
1558694651900 -310724
1558694655068 -302928
1558694656051 -303911
1558694659118 -309506
1558694659833 -307692
1558694661055 -311443
1558694661057 -311445
1558694661520 -344575
1558694665504 -324327
1558694669436 -328258
1558694672611 -320469
1558694674580 -292113
1558694675343 -334164
1558694676430 -297860
1558694681276 -302705
1558694681278 -302707
1558694682147 -340967
1558694682169 -340989
1558694683278 -300810
1558694684266 -301798
1558694685153 -306579
1558694685952 -318593
1558694686996 -345815
1558694689176 -306707
1558694689886 -322527
1558694689930 -348748
1558694689930 -348748
1558694691905 -350723
1558694691961 -313385
1558694694929 -316352
1558694696116 -313646
1558694697049 -314579
1558694698030 -315560
1558694700748 -359562
1558694701959 -289167
1558694708286 -295900
1558694710385 -343023
1558694711371 -344009
1558694711399 -317581
1558694713367 -346005
1558694714320 -346958
1558694715088 -302701
1558694716561 -303766
1558694719247 -351884
1558694720250 -352886
1558694720275 -326456
1558694722447 -328628
1558694726928 -314539
1558694729212 -335392
1558694731548 -293212
1558694731998 -338177
1558694734847 -340521
1558694735323 -296987
1558694735841 -342020
1558694738755 -344428
1558694738782 -344960
1558694742700 -348373
1558694742944 -302765
1558694744903 -304724
1558694750673 -312335
1558694751636 -313298
1558694753398 -359571
1558694765159 -370828
1558694765228 -297009
1558694766159 -319544
1558694768350 -296034
1558694770886 -302666
1558694775229 -302912
1558694780969 -308651
1558694780969 -308651
1558694781950 -309632
1558694783515 -315293
1558694786427 -288239
1558694786427 -288239
1558694786427 -288239
1558694786658 -340040
1558694787853 -315534
1558694790806 -295997
1558694792771 -297961
1558694793772 -298962
1558694793772 -298961
