1558693133575 -3025
1558693135694 -5144
1558693135694 -5144
1558693151486 -17209
1558693154829 -24279
1558693158143 -23866
1558693160153 -25876
1558693160153 -25876
1558693163523 -32972
1558693165853 -31575
1558693169735 -35457
1558693170358 -39805
1558693173353 -42800
1558693184769 -54215
1558693184788 -54234
1558693186913 -56359
1558693194944 -58506
1558693200641 -64203
1558693202579 -66141
1558693206039 -72340
1558693212851 -79136
1558693216028 -77569
1558693217976 -79516
1558693222874 -84414
1558693224813 -86353
1558693227330 -93614
1558693228576 -90115
1558693229561 -91100
1558693230272 -96556
1558693230530 -92069
1558693233202 -99486
1558693239069 -105352
1558693239341 -100880
1558693244936 -111219
1558693245920 -112203
1558693248114 -109650
1558693251873 -113408
1558693257499 -123782
1558693260654 -122189
1558693261398 -127681
1558693262606 -124141
1558693262608 -124143
1558693263353 -129636
1558693263605 -125140
1558693272365 -133496
1558693278876 -144624
1558693283031 -144161
1558693285930 -151678
1558693286143 -147273
1558693289802 -150931
1558693290835 -151964
1558693291621 -157369
1558693295522 -161270
1558693297631 -158760
1558693298247 -163995
1558693298247 -163995
1558693302397 -163525
1558693305101 -170849
1558693306052 -171800
1558693307066 -172814
1558693312122 -173250
1558693314844 -180592
1558693316050 -176421
1558693320551 -184191
1558693320552 -184192
1558693322861 -183231
1558693325619 -185989
1558693328551 -188921
1558693330361 -194001
1558693330507 -190877
1558693331324 -194964
1558693339134 -202774
1558693342252 -202621
1558693343044 -206684
1558693343207 -203576
1558693344198 -204567
1558693345818 -209458
1558693348780 -212419
1558693354613 -218252
1558693356721 -217089
1558693363587 -223949
1558693364566 -224928
1558693371218 -231580
1558693373174 -233536
1558693375128 -235153
1558693378900 -242441
1558693379877 -243418
1558693384764 -248305
1558693386722 -250263
1558693391444 -254985
1558693391769 -251794
1558693391769 -251794
1558693394518 -254543
1558693395494 -255519
1558693397319 -260860
1558693413109 -273134
1558693419649 -282113
1558693422724 -282748
1558693424665 -284689
1558693425523 -287986
1558693425527 -287990
1558693426504 -288967
1558693436387 -274783
1558693437459 -294658
1558693447848 -286243
1558693448827 -287222
1558693452738 -291132
1558693455686 -294080
1558693456734 -293681
1558693459680 -296626
1558693467246 -296773
1558693472136 -301663
1558693512668 -3403
1558693516445 -25
1558693520893 -4473
1558693521528 -12263
1558693522884 -6464
1558693523461 -14196
1558693524443 -15178
1558693525777 -9357
1558693526760 -10339
1558693528348 -19083
1558693532656 -16235
1558693536994 -27728
1558693541262 -24840
1558693550044 -33622
1558693554561 -45292
1558693556894 -30987
1558693566141 -56872
1558693567120 -57851
1558693579193 -53284
1558693580171 -54262
1558693584081 -58172
1558693585055 -59146
1558693588538 -79269
1558693593705 -67795
1558693594685 -68775
1558693599216 -87374
1558693601171 -89329
1558693603126 -91284
1558693605923 -94080
1558693606909 -95066
1558693606920 -95077
1558693607361 -78750
1558693607871 -96028
1558693613062 -84451
1558693615678 -103834
1558693621858 -93245
1558693623529 -111685
1558693627436 -115592
1558693627721 -99108
1558693630653 -102039
1558693632608 -103994
1558693634088 -122243
1558693647100 -118485
1558693652533 -139314
1558693654500 -141280
1558693657845 -127706
1558693666199 -152979
1558693666200 -152980
1558693669177 -155956
1558693670152 -156931
1558693674303 -144163
1558693679862 -166641
1558693687603 -174381
1558693687828 -157687
1558693692705 -162563
1558693710873 -189961
1558693716007 -185281
1558693716963 -186237
1558693718692 -197779
1558693727714 -196988
1558693731459 -200732
1558693737380 -206653
1558693740258 -209531
1558693742979 -221808
1558693746150 -215422
1558693746897 -225726
1558693753777 -223047
1558693760417 -237032
1558693762575 -230181
1558693763357 -239972
1558693764410 -241025
1558693766330 -242945
1558693774313 -241918
1558693777855 -254470
1558693779041 -246631
1558693779829 -256444
1558693784702 -261317
1558693787825 -255415
1558693797309 -273923
1558693804419 -271554
1558693807167 -276880
1558693808116 -277829
1558693814105 -281013
1558693816883 -286595
1558693824727 -291635
1558693826598 -293506
1558693828544 -295452
1558693838165 -290440
1558693838167 -290442
1558693840117 -292392
1558693849733 -290407
1558693859514 -300187
1558693868556 -304945
1558693872071 -278700
1558693879882 -286510
1558693879882 -286510
1558693891489 -298116
1558693893426 -300053
1558693894660 -306802
1558693895636 -307777
1558693895637 -307778
1558693896449 -308590
1558693898418 -310559
1558693905726 -317615
1558693908759 -302845
1558693912356 -324243
1558693928451 -284580
1558693930407 -286535
1558693932418 -309539
1558693935299 -291426
1558693936275 -292402
1558693938095 -294222
1558693940254 -317374
1558693946921 -297823
1558693948825 -304950
1558693949850 -300752
1558693952739 -308864
1558693956653 -312777
1558693959622 -310523
1558693960616 -311517
1558693963374 -275801
1558693967245 -279671
1558693967277 -318177
1558693967280 -318180
1558693970222 -303700
1558693971155 -283581
1558693974106 -307583
1558693981927 -315403
1558693982890 -295314
1558693986805 -320281
1558693992557 -302780
1558693993500 -305922
1558693996450 -306672
1558693996450 -306672
1558693999366 -309587
1558694000360 -312780
1558694003261 -313482
1558694005221 -317639
1558694007168 -317389
1558694008154 -295323
1558694009120 -319340
1558694013038 -323258
1558694014837 -307603
1558694017755 -310520
1558694023639 -310805
1558694025591 -318353
1558694034375 -327134
1558694038146 -291250
1558694039133 -292237
1558694043994 -306649
1558694051836 -304939
1558694052776 -315430
1558694054786 -307888
1558694063429 -286546
1558694067354 -290470
1558694068298 -291414
1558694072278 -295393
1558694076122 -299237
1558694078077 -301192
1558694088672 -311785
1558694089648 -312760
1558694096434 -298838
1558694097417 -299821
1558694098453 -291388
1558694100348 -302751
1558694107148 -300082
1558694109305 -302239
1558694117852 -310784
1558694118830 -311762
1558694119807 -312739
1558694130403 -293217
1558694134215 -310344
1558694135196 -311325
1558694136284 -299097
1558694140183 -302995
1558694142146 -304958
1558694151825 -298045
1558694155801 -289590
1558694157726 -303945
1558694159528 -305747
1558694161537 -295326
1558694164347 -310566
1558694164347 -310566
1558694171191 -317268
1558694172196 -318273
1558694177052 -323128
1558694184849 -288498
1558694192706 -296354
1558694200408 -316448
1558694209040 -302717
1558694210155 -313801
1558694211911 -305588
1558694222248 -295743
1558694223945 -317620
1558694226590 -320265
1558694228566 -322029
1558694228605 -302100
1558694229592 -303086
1558694237490 -310983
1558694245095 -312633
1558694246162 -313699
1558694246432 -289780
1558694247117 -314654
1558694251048 -318585
1558694253044 -296392
1558694257537 -325073
1558694258487 -326023
1558694259473 -327009
1558694261893 -305239
1558694265330 -307624
1558694267324 -309617
1558694273637 -286988
1558694279916 -322208
1558694292194 -305543
1558694294638 -310710
1558694296958 -310307
1558694296964 -310312
1558694304875 -288078
1558694304875 -288078
1558694305846 -289049
1558694309748 -292951
1558694313161 -306923
1558694313164 -306925
1558694318602 -301803
1558694319417 -302618
1558694323360 -306561
1558694323976 -317736
1558694330722 -305100
1558694331264 -314464
1558694337144 -294097
1558694340087 -297040
1558694341086 -298038
1558694345429 -319805
1558694348222 -322598
1558694348775 -305726
1558694353124 -305194
1558694355669 -312620
1558694358623 -315573
1558694361023 -313092
1558694364942 -317010
1558694366493 -293292
1558694368863 -320931
1558694370832 -322899
1558694372655 -324722
1558694373617 -325684
1558694375199 -301997
1558694376177 -302975
1558694377553 -299530
1558694378136 -304934
1558694382467 -304443
1558694389350 -311325
1558694390334 -312309
1558694394266 -316240
1558694394682 -292301
1558694401573 -299191
1558694402954 -324688
1558694406510 -304127
1558694416863 -308665
1558694416956 -308758
1558694419803 -311605
1558694420558 -312360
1558694423061 -290697
1558694423061 -290697
1558694426015 -293651
1558694430951 -298586
1558694439625 -307258
1558694441142 -332466
1558694441588 -309221
1558694444909 -313417
1558694449478 -317109
1558694449826 -318333
1558694455374 -292856
1558694456722 -325228
1558694458315 -295797
1558694459299 -296780
1558694459300 -296781
1558694460640 -329145
1558694463598 -332101
1558694465564 -318535
1558694467047 -304527
1558694474248 -327217
1558694476212 -307756
1558694477194 -308738
1558694486522 -293850
1558694487503 -294830
1558694493407 -300734
1558694500329 -307655
1558694503571 -305176
1558694507224 -314549
1558694509481 -311085
1558694511073 -298031
1558694512953 -299911
1558694513917 -300875
1558694514905 -301863
1558694515392 -316995
1558694517848 -304805
1558694520827 -307784
1558694521124 -322727
1558694526851 -313807
1558694528119 -329465
1558694528218 -329564
1558694528820 -315776
1558694536385 -305797
1558694537363 -306775
1558694539638 -311063
1558694551131 -287304
1558694551435 -322859
1558694561882 -298053
1558694563279 -309632
1558694564796 -300967
1558694570955 -317307
1558694574609 -310779
1558694575570 -311739
1558694576555 -312724
1558694578544 -314713
1558694578552 -314721
1558694582756 -302861
1558694588201 -301910
1558694592135 -305843
1558694596090 -309798
1558694599018 -312725
1558694603215 -322851
1558694607715 -291085
1558694609118 -328753
1558694610098 -329732
1558694613615 -296985
1558694616566 -299935
1558694616817 -309857
1558694619763 -312802
1558694625420 -308788
1558694628610 -321648
1558694637060 -291239
1558694639264 -310192
1558694643216 -314143
1558694647887 -302064
1558694648869 -303046
1558694651065 -321991
1558694652045 -322971
1558694657570 -311746
1558694661714 -313478
1558694664665 -316429
1558694665649 -317412
1558694669579 -321342
1558694676257 -309773
1558694677241 -310757
1558694678524 -330286
1558694687901 -287309
1558694688883 -288291
1558694692892 -292300
1558694692892 -292300
1558694692892 -292300
1558694692911 -292319
1558694695843 -295250
1558694706436 -305842
1558694707597 -315077
1558694707599 -315079
1558694708404 -307810
1558694709390 -308796
1558694710374 -309779
1558694710537 -318017
1558694713351 -312756
1558694714313 -313718
1558694717424 -324903
1558694720422 -327900
1558694723409 -292481
1558694723576 -331054
1558694724712 -309818
1558694728117 -297189
1558694728117 -297189
1558694729040 -298112
1558694732084 -317189
1558694738739 -307810
1558694740711 -309781
1558694741843 -326946
1558694751366 -290100
1558694753637 -314426
1558694755435 -316224
1558694756283 -295016
1558694760351 -321139
1558694760351 -321139
1558694766120 -304852
1558694767237 -328025
1558694773133 -308507
1558694776083 -311456
1558694778746 -287291
1558694784767 -320139
1558694788590 -297134
1558694790557 -299101
1558694790670 -326042
1558694795578 -301830
1558694799511 -305763
1558694804264 -310515
1558694804264 -310515
