1558693129881 -6500
1558693131808 -8427
1558693137854 -12798
1558693138642 -15261
1558693142534 -18940
1558693142708 -17652
1558693148336 -23939
1558693150211 -26617
1558693150338 -25941
1558693152185 -28591
1558693154083 -30489
1558693155185 -30788
1558693162970 -37726
1558693165882 -40638
1558693167424 -43829
1558693167424 -43829
1558693168710 -43197
1558693172291 -48696
1558693173619 -48375
1558693174470 -48957
1558693176075 -52480
1558693177438 -52194
1558693178413 -53169
1558693179270 -53757
1558693181365 -56121
1558693183798 -60202
1558693185841 -62152
1558693189464 -64219
1558693191801 -66966
1558693192393 -67148
1558693192491 -67246
1558693194418 -69583
1558693194947 -67635
1558693195386 -70551
1558693197320 -72485
1558693201719 -76326
1558693203680 -78287
1558693206039 -81203
1558693207579 -82186
1558693212497 -87104
1558693219398 -94017
1558693219912 -92600
1558693223306 -97925
1558693226035 -100642
1558693227183 -101802
1558693229923 -104529
1558693231875 -106481
1558693234956 -109575
1558693235586 -108049
1558693238708 -113327
1558693244242 -116704
1558693248280 -117613
1558693248280 -117613
1558693253238 -127856
1558693258856 -131315
1558693260038 -134656
1558693261957 -131289
1558693262934 -132266
1558693263733 -136191
1558693264742 -135701
1558693264742 -135701
1558693264909 -134241
1558693265688 -138146
1558693266706 -137665
1558693267488 -139946
1558693270610 -141569
1558693271401 -143859
1558693273358 -145816
1558693278236 -149035
1558693281240 -152039
1558693282170 -152969
1558693283349 -154307
1558693284137 -155095
1558693285197 -155996
1558693288066 -159024
1558693288066 -159024
1558693294939 -165897
1558693294958 -165916
1558693296842 -165713
1558693297636 -168435
1558693298603 -169402
1558693298805 -169763
1558693299577 -170376
1558693302723 -173681
1558693307549 -176419
1558693310322 -181105
1558693310322 -181105
1558693313270 -184053
1558693316177 -185046
1558693317016 -187799
1558693319941 -190724
1558693321150 -191469
1558693324080 -194399
1558693326029 -196347
1558693327751 -198533
1558693328887 -197684
1558693333628 -204410
1558693333628 -204410
1558693335745 -204542
1558693336557 -207339
1558693339327 -210109
1558693342399 -211195
1558693344234 -215016
1558693344354 -213150
1558693346203 -216521
1558693351230 -220026
1558693352265 -220642
1558693354132 -222928
1558693354141 -222937
1558693359990 -225700
1558693360953 -226663
1558693360964 -226674
1558693363614 -233931
1558693363614 -233931
1558693364610 -234927
1558693366558 -236875
1558693366741 -235118
1558693366741 -235118
1558693367718 -236094
1558693369689 -238065
1558693371536 -237246
1558693374470 -240180
1558693377509 -245885
1558693381321 -247031
1558693381347 -247057
1558693386023 -251732
1558693388874 -256881
1558693393852 -259561
1558693395726 -263730
1558693396683 -264687
1558693396881 -265256
1558693398622 -257860
1558693400684 -266393
1558693402641 -268350
1558693402744 -271119
1558693404506 -263744
1558693404513 -263750
1558693404606 -270315
1558693405532 -264769
1558693406582 -272291
1558693407466 -275629
1558693408444 -276607
1558693416062 -264826
1558693417048 -265812
1558693419970 -268733
1558693421041 -278215
1558693422010 -279184
1558693422150 -290313
1558693422150 -290313
1558693427838 -296001
1558693427873 -285046
1558693431774 -288946
1558693433688 -282450
1558693437562 -283073
1558693438452 -278440
1558693439611 -307774
1558693440557 -308720
1558693441315 -281303
1558693443360 -288870
1558693448142 -288129
1558693448222 -293731
1558693450096 -290083
1558693454001 -286212
1558693454983 -287194
1558693455048 -316405
1558693457995 -319351
1558693461743 -298677
1558693462628 -294838
1558693474430 -335784
1558693480296 -341650
1558693482252 -343605
1558693492029 -353381
1558693494961 -356312
1558693503594 -337052
1558693504571 -338029
1558693506527 -339984
1558693509717 -323652
1558693514580 -3402
1558693520214 -353669
1558693524936 -358390
1558693524936 -358390
1558693525885 -16174
1558693526888 -360332
1558693532098 -20920
1558693532586 -22875
1558693534923 -23743
1558693535911 -24731
1558693536886 -25706
1558693537671 -371107
1558693537870 -26690
1558693541824 -30644
1558693542756 -31576
1558693542756 -31576
1558693544695 -33515
1558693544695 -33515
1558693550148 -38780
1558693553610 -42399
1558693554066 -42698
1558693554066 -42698
1558693557203 -46023
1558693559158 -47978
1558693567575 -56206
1558693567953 -56772
1558693568551 -57182
1558693575786 -64605
1558693575939 -64727
1558693576915 -65702
1558693579867 -68654
1558693579872 -68659
1558693580488 -66445
1558693585405 -71362
1558693588399 -74356
1558693588724 -77511
1558693593799 -81568
1558693595181 -81137
1558693597174 -83130
1558693597335 -83726
1558693601191 -87582
1558693604149 -90539
1558693604149 -90539
1558693606108 -92498
1558693612205 -99974
1558693612589 -98544
1558693613613 -99568
1558693614192 -101961
1558693617093 -104862
1558693621975 -109743
1558693629633 -117401
1558693631341 -117076
1558693631587 -119355
1558693635864 -114438
1558693638788 -117362
1558693639409 -125463
1558693639780 -118354
1558693641360 -127414
1558693644658 -123232
1558693645849 -131582
1558693647593 -126167
1558693647791 -133524
1558693648203 -134256
1558693648203 -134256
1558693649180 -135233
1558693652699 -138432
1558693653666 -139399
1558693655858 -141911
1558693659146 -137720
1558693661099 -139673
1558693662089 -140663
1558693665024 -143598
1558693670887 -149461
1558693676577 -155149
1558693678962 -164672
1558693680553 -159125
1558693687624 -173333
1558693705152 -185923
1558693706333 -190969
1558693711841 -192612
1558693714538 -192952
1558693714806 -195577
1558693714806 -195577
1558693720633 -201403
1558693726070 -204484
1558693726492 -207262
1558693728643 -213279
1558693733173 -213942
1558693736872 -215285
1558693741708 -220121
1558693743498 -221911
1558693746423 -224836
1558693749977 -231173
1558693754680 -234370
1558693760384 -240073
1558693766955 -245367
1558693771311 -252486
1558693771692 -248336
1558693773284 -254459
1558693777179 -258354
1558693782063 -261732
1558693791502 -271153
1558693792819 -260209
1558693792993 -269635
1558693798437 -275563
1558693799654 -267043
1558693800595 -267983
1558693806383 -273771
1558693809372 -263128
1558693809372 -263128
1558693811977 -289103
1558693813579 -290220
1558693813880 -291005
1558693820240 -296880
1558693821884 -275638
1558693823643 -300768
1558693823807 -277561
1558693825148 -301788
1558693826535 -303660
1558693830970 -307610
1558693831259 -308384
1558693832057 -308697
1558693835498 -276713
1558693839578 -316201
1558693841362 -282576
1558693842175 -283389
1558693845109 -286322
1558693846942 -324067
1558693847423 -324040
1558693848057 -289270
1558693850973 -292186
1558693851316 -327933
1558693852285 -328902
1558693853906 -279494
1558693853906 -279494
1558693857484 -318845
1558693857814 -283401
1558693868291 -329651
1558693868291 -329651
1558693869308 -330668
1558693870431 -296017
1558693870431 -296016
1558693870431 -296016
1558693871360 -296945
1558693871676 -348172
1558693872177 -333536
1558693875592 -352067
1558693876555 -353030
1558693878874 -340232
1558693888095 -364569
1558693888095 -364569
1558693891686 -294939
1558693892675 -295928
1558693893006 -369480
1558693893500 -328099
1558693893639 -296892
1558693894952 -371426
1558693895616 -298868
1558693899853 -349957
1558693902325 -336923
1558693906014 -356116
1558693907690 -310940
1558693908824 -274301
1558693910574 -276051
1558693922654 -357248
1558693923520 -358114
1558693928671 -294146
1558693929015 -379109
1558693931634 -297108
1558693931916 -382009
1558693935648 -385739
1558693936483 -301956
1558693942499 -392588
1558693943010 -348562
1558693952623 -358173
1558693952945 -300017
1558693954578 -360128
1558693956842 -303913
1558693957823 -304894
1558693958508 -364058
1558693959502 -365052
1558693960482 -366031
1558693962476 -368025
1558693965342 -370891
1558693965790 -378299
1558693966314 -371863
1558693967447 -314517
1558693971220 -376768
1558693972014 -377561
1558693973303 -286348
1558693973593 -386101
1558693974575 -387083
1558693974963 -380510
1558693976904 -382450
1558693979848 -348771
1558693983771 -352693
1558693989063 -353803
1558693991597 -360518
1558693991597 -360518
1558693992001 -356740
1558693993944 -358683
1558693993947 -358686
1558693995902 -360641
1558693996624 -309666
1558693996889 -361628
1558693997301 -366221
1558693998251 -367171
1558693998833 -363571
1558694000784 -365522
1558694004103 -373022
1558694005082 -374001
1558694009004 -377923
1558694009418 -374155
1558694010971 -379889
1558694015982 -299877
1558694017789 -386706
1558694021556 -349320
1558694021851 -305745
1558694033269 -361032
1558694034393 -292070
1558694039141 -366903
1558694039535 -365820
1558694040500 -366785
1558694044870 -372631
1558694045165 -302841
1558694045812 -373573
1558694047096 -304772
1558694050047 -307722
1558694051006 -308681
1558694052654 -380414
1558694055973 -382255
1558694058897 -385179
1558694060848 -387129
1558694062576 -295008
1558694065741 -392021
1558694065747 -392027
1558694072096 -351132
1558694072605 -340562
1558694076959 -355994
1558694077294 -345250
1558694079240 -347196
1558694080000 -312429
1558694080000 -312429
1558694082806 -361840
1558694089471 -368504
1558694092920 -360874
1558694095350 -374383
1558694096315 -375347
1558694098783 -366736
1558694100516 -310636
1558694101201 -380233
1558694103549 -371501
1558694105513 -373465
1558694107479 -375431
1558694108401 -288534
1558694109560 -377512
1558694116967 -297098
1558694119129 -360641
1558694120587 -365878
1558694124832 -366343
1558694128549 -308678
1558694128735 -370245
1558694128736 -370246
1558694129526 -309655
1558694134282 -379571
1558694135390 -286369
1558694137052 -382341
1558694139007 -384295
1558694140965 -386253
1558694145354 -386862
1558694145355 -386863
1558694148122 -389629
1558694149049 -300026
1558694150767 -341701
1558694152715 -343648
1558694153006 -394511
1558694154951 -345884
1558694155859 -346792
1558694157814 -308790
1558694159890 -342526
1558694160644 -311619
1558694162580 -313555
1558694163573 -314548
1558694169148 -360079
1558694170394 -292216
1558694171100 -362031
1558694175115 -296937
1558694176285 -358919
1558694176285 -358919
1558694180191 -362824
1558694186855 -308675
1558694188806 -310626
1558694190803 -312623
1558694190803 -312623
1558694193875 -376506
1558694193875 -376506
1558694196413 -357315
1558694199334 -360235
1558694199354 -360255
1558694207359 -309806
1558694207519 -363912
1558694208421 -364814
1558694209213 -311660
1558694214049 -316495
1558694214053 -316499
1558694214228 -370620
1558694217923 -378822
1558694219313 -296506
1558694220406 -297599
1558694222803 -383701
1558694222803 -383701
1558694225669 -302861
1558694227622 -304814
1558694229566 -306758
1558694231654 -388044
1558694233174 -394070
1558694241071 -350038
1558694245375 -296349
1558694246140 -297114
1558694248308 -299282
1558694250118 -301091
1558694251246 -302219
1558694251939 -360898
1558694251939 -360898
1558694252160 -303133
1558694257479 -366436
1558694257488 -366445
1558694262857 -370740
1558694264288 -373242
1558694270538 -298205
1558694270607 -378490
1558694275040 -383990
1558694278315 -305981
1558694284686 -337731
1558694286176 -313841
1558694287244 -338454
1558694287246 -338456
1558694289213 -340422
1558694290116 -285701
1558694290116 -285701
1558694291547 -344591
1558694294498 -347542
1558694294501 -347545
1558694296891 -348099
1558694298444 -351488
1558694309682 -360889
1558694319897 -372938
1558694321243 -291575
1558694332063 -302393
1558694334031 -304361
1558694335472 -354240
1558694338027 -357130
1558694338027 -357130
1558694338031 -357134
1558694343341 -362108
1558694343341 -362108
1558694346292 -365059
1558694348268 -367035
1558694349260 -368026
1558694349664 -368766
1558694351635 -370736
1558694354580 -373681
1558694357467 -297829
1558694357936 -376701
1558694360480 -379580
1558694362267 -381367
1558694362383 -302745
1558694364832 -383596
1558694366795 -329561
1558694368164 -387263
1558694373099 -340403
1558694376467 -339232
1558694378941 -289175
1558694381926 -349228
1558694384322 -347085
1558694387659 -354961
1558694388645 -355947
1558694392187 -354949
1558694396487 -306718
1558694399906 -362667
1558694403399 -370699
1558694405810 -368569
1558694405817 -368576
1558694406784 -369542
1558694409300 -289399
1558694411698 -331331
1558694412207 -292305
1558694419973 -300070
1558694421874 -301971
1558694423841 -303938
1558694423841 -303938
1558694423874 -368860
1558694424835 -304932
1558694425302 -344934
1558694426286 -345918
1558694435151 -354782
1558694438491 -299165
1558694440400 -301074
1558694441387 -302060
1558694444332 -305005
1558694445331 -390315
1558694449264 -394247
1558694451219 -311891
1558694453666 -356121
1558694455161 -400143
1558694456145 -401126
1558694456608 -359062
1558694457594 -360048
1558694457941 -402922
1558694464820 -302246
1558694464820 -302246
1558694465815 -354189
1558694466803 -304229
1558694474650 -312075
1558694477606 -365978
1558694480054 -382505
1558694482021 -384472
1558694485307 -373678
1558694485307 -373678
1558694491211 -379581
1558694494160 -382530
1558694496132 -384501
1558694496599 -399047
1558694502029 -293824
1558694503007 -391375
1558694510408 -370052
1558694511729 -303523
1558694512672 -344918
1558694515642 -307435
1558694517573 -349819
1558694519053 -378696
1558694523491 -315283
1558694525999 -385641
1558694526015 -385657
1558694531308 -390949
1558694531575 -363819
1558694531575 -303025
1558694533924 -393565
1558694536096 -368339
1558694539056 -371298
1558694545942 -317390
1558694547907 -319354
1558694547907 -293018
1558694548862 -351030
1558694555580 -357744
1558694557555 -359718
1558694565433 -367592
1558694567466 -312573
1558694568898 -376375
1558694570889 -378366
1558694571346 -316452
1558694572295 -374450
1558694574263 -376415
1558694582037 -296842
1558694584015 -298820
1558694584015 -298820
1558694585938 -300743
1558694589820 -391958
1558694593820 -308623
1558694601175 -356193
1558694601674 -316476
1558694603150 -358168
1558694604135 -359153
1558694604417 -360168
1558694607415 -303669
1558694613308 -309561
1558694618157 -373906
1558694619212 -315464
1558694622163 -318415
1558694625117 -296986
1558694628560 -353033
1558694629870 -301738
1558694636760 -308627
1558694638647 -345639
1558694640594 -347585
1558694644530 -351521
1558694645605 -317471
1558694648065 -372536
1558694649543 -291091
1558694650029 -374499
1558694650264 -357254
1558694655181 -362171
1558694661186 -302732
1558694667972 -374960
1558694669056 -310601
1558694675663 -382649
1558694676747 -318291
1558694677397 -351398
1558694677743 -319287
1558694678423 -352424
1558694679391 -353392
1558694679594 -363981
1558694682408 -356409
1558694685484 -369870
1558694685605 -293061
1558694685605 -293061
1558694686470 -370856
1558694689422 -373807
1558694689539 -296994
1558694696480 -303934
1558694697139 -381523
1558694700067 -384451
1558694700841 -374839
1558694701052 -385436
1558694703805 -377803
1558694706953 -391336
1558694707725 -381722
1558694707932 -392315
1558694709041 -316493
1558694710030 -317482
1558694719357 -344490
1558694719748 -404129
1558694723195 -300336
1558694725910 -303050
1558694729664 -361318
1558694731449 -363103
1558694731583 -308723
1558694732187 -357318
1558694733150 -358281
1558694734310 -365964
1558694740359 -317498
1558694741801 -366931
1558694742786 -367915
1558694743771 -368900
1558694744290 -288163
1558694744951 -376603
1558694749669 -374798
1558694750656 -375784
1558694753796 -385447
1558694754777 -386428
1558694759860 -303731
1558694782134 -361099
1558694787051 -366015
1558694789998 -368962
