1558693124480 -503
1558693124480 -503
1558693125554 -1577
1558693128127 -4150
1558693133941 -9963
1558693136183 -1826
1558693136922 -12926
1558693137059 -3734
1558693143665 -19669
1558693144646 -20650
1558693146746 -13421
1558693147661 -14336
1558693149284 -25287
1558693150571 -16213
1558693150601 -17276
1558693151587 -18262
1558693154233 -30236
1558693157102 -33105
1558693157268 -22910
1558693157268 -23943
1558693157292 -22934
1558693159207 -24849
1558693163976 -29618
1558693164838 -40841
1558693165821 -41824
1558693165821 -41824
1558693166760 -42763
1558693170818 -34406
1558693170818 -34406
1558693171851 -34726
1558693172511 -48513
1558693172851 -35726
1558693175657 -39245
1558693177309 -53311
1558693178323 -54325
1558693183282 -46157
1558693184258 -47133
1558693185125 -60668
1558693185255 -48130
1558693189322 -52197
1558693197041 -59686
1558693197939 -60584
1558693199751 -63337
1558693199757 -63343
1558693200710 -64296
1558693202388 -77930
1558693203630 -67216
1558693204442 -68028
1558693206409 -69995
1558693208202 -83744
1558693209283 -72867
1558693209358 -72002
1558693211231 -74815
1558693217057 -80641
1558693218029 -81613
1558693218037 -79561
1558693219699 -95241
1558693220083 -82726
1558693220676 -96217
1558693224567 -100108
1558693225552 -101093
1558693226515 -102056
1558693226835 -88358
1558693229422 -102954
1558693231560 -93083
1558693232530 -94053
1558693235465 -98108
1558693238409 -101052
1558693240107 -113639
1558693240319 -102962
1558693241895 -115427
1558693244206 -106849
1558693244235 -106878
1558693251604 -125135
1558693252804 -114586
1558693258749 -120270
1558693259729 -121250
1558693266543 -127688
1558693268443 -130224
1558693268497 -129642
1558693268498 -129643
1558693270398 -132179
1558693270401 -132182
1558693274808 -146848
1558693276185 -137330
1558693276794 -148833
1558693279040 -140820
1558693279715 -151754
1558693280122 -141902
1558693280184 -141328
1558693281679 -153718
1558693288804 -150583
1558693289288 -161327
1558693290306 -162345
1558693295694 -157473
1558693296151 -168190
1558693297616 -159395
1558693299397 -160335
1558693303000 -175039
1558693305264 -166202
1558693313567 -185606
1558693315073 -175427
1558693316500 -188538
1558693321916 -182270
1558693323682 -184619
1558693326294 -198312
1558693326629 -186983
1558693331521 -191874
1558693333468 -194404
1558693334099 -206116
1558693334115 -206132
1558693339329 -200264
1558693340334 -201269
1558693340334 -200686
1558693345681 -217698
1558693346996 -207510
1558693347646 -219663
1558693347967 -208319
1558693348961 -209313
1558693349953 -210467
1558693351634 -223651
1558693353823 -214337
1558693356774 -217288
1558693357735 -218249
1558693360669 -221183
1558693362637 -222978
1558693363610 -224124
1558693363610 -224124
1558693364057 -233501
1558693370438 -230779
1558693373191 -233532
1558693374170 -234511
1558693376148 -236662
1558693377123 -237637
1558693380061 -240575
1558693382972 -243313
1558693388863 -249203
1558693391283 -256267
1558693391798 -252311
1558693397154 -262136
1558693400439 -260328
1558693402043 -267023
1558693402355 -262384
1558693403370 -263259
1558693406298 -266327
1558693410704 -264941
1558693414078 -274107
1558693414110 -273999
1558693417016 -277045
1558693417023 -277052
1558693418789 -278818
1558693420489 -274725
1558693420506 -274742
1558693422726 -270180
1558693422741 -270195
1558693426663 -260703
1558693428274 -271070
1558693429597 -263636
1558693436498 -283950
1558693440293 -287745
1558693441273 -288725
1558693442183 -276220
1558693445982 -279077
1558693448646 -282223
1558693449616 -283193
1558693454849 -288523
1558693454850 -288524
1558693454850 -288524
1558693513567 -1557
1558693518411 -6400
1558693521913 -42
1558693526215 -4492
1558693526269 -14258
1558693527208 -5485
1558693527268 -15257
1558693529164 -7441
1558693535991 -14267
1558693537089 -15195
1558693540100 -18206
1558693543686 -31675
1558693544674 -32663
1558693546702 -24806
1558693548600 -36489
1558693548681 -26785
1558693552582 -29256
1558693555504 -32178
1558693557281 -35557
1558693558271 -36547
1558693566074 -42541
1558693567051 -43518
1558693569998 -46671
1558693570002 -46675
1558693570978 -47651
1558693573825 -61712
1558693573909 -50581
1558693573909 -50581
1558693584673 -61345
1558693590307 -78194
1558693593147 -69611
1558693593147 -69611
1558693593249 -81136
1558693596220 -84107
1558693597282 -73953
1558693602100 -72979
1558693607731 -94486
1558693608745 -85208
1558693610910 -81789
1558693611691 -88154
1558693611894 -82773
1558693612853 -83732
1558693613684 -90147
1558693615550 -102303
1558693623463 -94342
1558693625311 -112063
1558693626222 -97162
1558693628259 -115011
1558693629242 -115994
1558693630033 -116785
1558693631042 -101981
1558693633012 -103951
1558693634192 -105070
1558693637850 -124601
1558693639085 -109963
1558693643807 -114680
1558693644551 -115489
1558693645525 -116463
1558693650656 -121295
1558693653598 -124237
1558693654307 -139240
1558693655314 -126251
1558693656279 -127216
1558693657262 -128199
1558693662395 -133033
1558693665887 -136264
1558693668003 -152935
1558693673789 -144166
1558693681629 -152006
1558693685444 -170375
1558693686445 -156822
1558693687472 -172403
1558693688467 -159103
1558693692302 -177232
1558693693286 -178216
1558693695236 -180166
1558693702130 -170720
1558693702869 -185617
1558693703851 -186599
1558693704799 -175175
1558693709950 -178539
1558693709953 -178542
1558693710703 -193450
1558693712649 -195396
1558693712654 -195401
1558693722215 -190835
1558693722493 -191080
1558693723195 -191815
1558693724387 -207134
1558693728128 -210874
1558693731007 -199627
1558693734226 -202334
1558693735089 -203197
1558693735973 -218719
1558693739933 -208041
1558693743550 -212170
1558693745503 -214123
1558693745753 -228499
1558693746784 -214891
1558693748662 -227758
1558693753306 -221345
1558693759010 -227049
1558693762270 -230376
1558693776612 -244650
1558693776720 -255815
1558693778874 -245765
1558693779530 -247568
1558693779530 -247568
1558693780523 -248561
1558693786528 -253419
1558693787504 -254395
1558693791351 -270446
1558693793355 -272450
1558693793393 -272488
1558693793425 -260315
1558693794312 -273407
1558693796367 -263257
1558693796955 -264993
1558693799100 -272037
1558693800390 -267280
1558693801028 -266999
1558693803855 -269826
1558693805146 -272036
1558693807919 -280855
1558693807953 -280889
1558693812445 -278414
1558693812829 -279719
1558693814719 -287654
1558693815749 -282639
1558693818733 -285623
1558693818733 -285623
1558693823191 -276240
1558693823321 -283510
1558693824351 -284540
1558693825268 -285457
1558693827199 -287388
1558693827424 -294314
1558693829150 -289339
1558693832198 -292386
1558693833192 -293380
1558693836004 -296192
1558693836075 -288705
1558693838998 -291628
1558693839919 -300106
1558693840576 -275412
1558693841544 -276380
1558693844504 -279339
1558693848792 -286409
1558693849388 -271753
1558693851349 -273714
1558693852735 -290352
1558693855070 -277434
1558693855479 -293095
1558693856032 -278396
1558693856434 -294050
1558693859940 -282303
1558693860351 -270780
1558693863252 -298571
1558693866231 -276659
1558693869961 -305279
1558693870193 -280620
1558693877351 -277409
1558693880748 -278655
1558693882588 -278622
1558693884625 -282532
1558693885603 -283510
1558693886582 -284488
1558693887477 -283511
1558693888459 -284493
1558693889082 -289113
1558693890409 -286442
1558693892016 -275623
1558693897087 -293119
1558693899056 -295088
1558693899306 -297211
1558693900317 -298222
1558693902115 -298147
1558693902262 -267079
1558693908049 -291654
1558693910157 -274973
1558693910241 -275057
1558693913440 -280402
1558693915803 -280617
1558693917466 -313494
1558693918690 -283503
1558693920660 -285472
1558693921185 -288146
1558693922350 -277655
1558693923150 -290111
1558693926381 -290877
1558693931168 -286472
1558693932704 -286158
1558693934661 -288115
1558693938098 -287427
1558693939566 -293019
1558693943683 -298985
1558693943683 -298984
1558693944657 -299958
1558693945420 -298872
1558693946404 -299856
1558693946623 -301924
1558693946879 -296207
1558693950140 -303591
1558693952486 -307786
1558693955456 -310755
1558693962871 -302549
1558693964808 -285231
1558693965794 -286217
1558693966753 -287176
1558693969694 -290117
1558693969701 -290124
1558693974398 -294820
1558693978308 -298729
1558693980681 -293231
1558693982749 -293317
1558693984584 -297133
1558693986666 -297234
1558693987113 -281307
1558693989078 -283271
1558693991034 -285226
1558693991274 -303822
1558693994192 -306740
1558693999093 -311640
1558694000199 -296076
1558694001181 -297058
1558694004530 -298716
1558694005063 -300940
1558694005510 -299695
1558694008438 -302622
1558694008439 -302623
1558694011374 -305557
1558694015295 -309476
1558694015550 -301924
1558694016777 -284503
1558694018735 -286461
1558694022939 -288181
1558694032717 -297957
1558694034221 -301945
1558694036622 -278435
1558694041074 -308692
1558694041558 -283370
1558694044293 -286104
1558694044843 -312460
1558694048606 -309371
1558694051648 -294077
1558694053066 -294876
1558694057408 -289328
1558694058500 -300928
1558694058507 -300935
1558694058934 -300693
1558694058943 -300702
1558694060907 -302666
1558694064388 -306815
1558694068110 -288216
1558694068975 -300895
1558694071516 -291972
1558694071516 -291972
1558694072914 -304834
1558694075928 -296033
1558694077336 -297791
1558694079757 -311677
1558694079763 -311683
1558694080270 -300725
1558694083219 -303673
1558694083235 -303689
1558694084200 -304654
1558694087114 -307568
1558694090321 -288356
1558694091036 -286267
1558694094754 -289985
1558694099641 -294871
1558694101084 -299117
1558694101604 -296834
1558694102066 -300099
1558694103137 -297036
1558694104056 -302089
1558694104074 -302107
1558694104614 -299843
1558694105579 -300808
1558694108138 -301407
1558694111657 -306820
1558694114955 -308221
1558694116663 -309925
1558694122940 -293101
1558694123527 -297029
1558694125464 -298965
1558694125853 -296013
1558694125853 -296013
1558694127432 -300933
1558694129397 -302898
1558694130076 -297959
1558694137896 -305778
1558694139371 -285292
1558694143764 -311645
1558694143879 -298712
1558694146206 -292126
1558694146813 -301646
1558694151605 -295236
1558694154994 -292656
1558694155207 -301126
1558694156265 -302183
1558694159941 -281612
1558694160247 -303877
1558694164254 -301914
1558694165117 -308747
1558694168161 -305821
1558694168512 -290182
1558694168512 -290182
1558694171096 -279621
1558694171451 -293120
1558694175361 -297030
1558694175366 -297035
1558694176958 -285482
1558694177301 -298970
1558694179628 -298946
1558694180887 -289410
1558694181584 -300901
1558694185758 -294279
1558694186453 -305769
1558694187895 -309338
1558694190536 -299018
1558694195257 -314572
1558694196788 -293113
1558694200355 -282652
1558694205247 -287543
1558694206987 -296100
1558694212158 -282382
1558694216197 -286421
1558694218007 -300301
1558694219089 -301383
1558694228492 -284551
1558694229277 -288532
1558694229817 -300039
1558694231235 -290490
1558694233344 -289402
1558694235537 -305446
1558694237144 -293201
1558694238213 -297467
1558694238414 -308323
1558694239104 -295161
1558694240157 -299411
1558694241178 -300432
1558694241403 -311311
1558694242066 -298103
1558694242105 -298142
1558694245110 -301146
1558694246003 -302039
1558694246290 -286385
1558694251351 -291445
1558694254086 -294180
1558694256657 -294184
1558694257067 -297161
1558694257660 -295187
1558694261747 -301840
1558694262431 -279699
1558694265691 -276630
1558694273318 -298511
1558694278133 -303325
1558694279128 -296394
1558694281118 -298384
1558694282075 -299247
1558694284868 -302040
1558694285163 -296099
1558694288806 -305977
1558694294019 -276787
1558694295994 -278761
1558694295994 -278760
1558694296000 -278766
1558694296977 -279743
1558694299925 -282690
1558694301578 -296627
1558694303845 -286609
1558694305507 -300555
1558694306527 -301575
1558694308590 -291352
1558694310430 -305478
1558694311261 -306202
1558694318304 -313351
1558694322356 -305112
1558694325034 -294721
1558694327273 -291595
1558694331044 -295365
1558694333723 -278163
1558694334706 -279146
1558694336931 -301251
1558694337797 -303683
1558694338644 -283083
1558694340614 -285052
1558694343567 -288005
1558694346522 -290960
1558694347761 -295635
1558694354222 -298659
1558694354461 -302334
1558694356316 -292229
1558694359148 -303424
1558694359278 -295191
1558694361356 -309228
1558694362321 -310193
1558694364205 -300117
1558694364212 -300124
1558694365268 -313139
1558694367009 -290055
1558694367230 -289860
1558694368124 -304035
1558694369939 -305850
1558694375831 -311741
1558694376074 -298703
1558694378647 -301691
1558694379764 -315673
1558694381811 -304439
1558694384546 -307590
1558694385746 -308373
1558694386531 -292811
1558694387497 -293777
1558694387499 -293779
1558694389470 -295750
1558694392394 -298159
1558694392427 -298706
1558694395376 -301655
1558694402288 -303625
1558694406028 -295929
1558694406169 -311932
1558694413937 -303837
1558694417011 -292636
1558694417191 -290359
1558694418146 -291314
1558694420812 -284559
1558694420976 -294144
1558694422757 -286503
1558694424719 -288464
1558694428627 -304250
1558694430597 -306220
1558694436530 -309471
1558694441275 -305008
1558694447172 -310902
1558694448325 -296251
1558694449118 -294695
1558694450101 -295678
1558694453056 -298633
1558694458957 -304533
1558694459946 -305522
1558694460933 -279719
1558694461770 -280897
1558694462773 -281900
1558694463736 -282863
1558694463896 -309471
1558694466866 -285650
1558694469811 -288595
1558694470611 -316185
1558694476500 -297822
1558694477484 -298805
1558694479469 -298252
1558694480276 -298814
1558694481417 -300074
1558694483225 -301762
1558694483382 -302039
1558694489273 -307929
1558694491253 -281052
1558694492079 -313398
1558694494049 -289803
1558694494193 -283992
1558694497837 -293590
1558694506796 -296593
1558694508757 -298554
1558694511743 -301198
1558694516628 -306082
1558694520443 -287241
1558694521442 -288240
1558694525308 -288880
1558694525308 -288880
1558694526251 -297789
1558694526376 -289948
1558694527282 -298820
1558694531506 -277795
1558694533300 -296871
1558694535064 -281352
1558694535083 -281371
1558694541917 -308712
1558694543011 -283229
1558694543993 -284211
1558694544869 -311663
1558694545681 -291968
1558694547757 -287974
1558694549639 -295925
1558694550607 -296893
1558694553660 -293876
1558694556619 -296835
1558694558638 -291149
1558694561485 -293995
1558694563422 -295932
1558694563433 -295943
1558694565484 -279336
1558694569304 -301813
1558694573060 -296845
1558694574041 -297826
1558694574218 -306727
1558694577156 -309665
1558694583903 -316411
1558694583903 -282313
1558694586830 -292920
1558694586830 -292920
1558694587815 -293905
1558694588883 -302664
1558694589858 -303639
1558694594532 -292941
1558694597572 -284062
1558694599480 -297888
1558694599480 -297888
1558694603476 -289965
1558694605450 -291939
1558694605450 -291939
1558694605457 -291946
1558694611321 -297809
1558694611321 -297809
1558694615220 -300940
1558694617053 -303361
1558694618149 -295058
1558694619027 -305335
1558694626037 -302945
1558694630830 -290950
1558694637697 -297816
1558694638646 -302910
1558694639667 -299785
1558694641612 -292130
1558694643436 -303554
1558694644544 -295061
1558694649332 -292862
1558694653400 -303916
1558694654237 -297766
1558694659151 -302679
1558694660137 -303665
1558694660137 -303665
1558694661104 -311619
1558694661119 -304647
1558694663057 -303914
1558694663058 -303915
1558694663071 -313586
1558694667021 -287255
1558694669964 -290156
1558694669967 -290159
1558694671742 -297807
1558694673708 -299773
1558694673743 -299578
1558694674726 -300561
1558694676688 -302522
1558694677846 -298038
1558694679636 -305469
1558694682587 -308610
1558694682636 -302828
1558694683562 -309393
1558694684542 -310372
1558694684548 -304739
1558694685512 -311535
1558694685525 -311355
1558694690267 -292932
1558694690279 -292697
1558694690451 -310642
1558694691262 -293679
1558694691440 -311631
1558694694246 -296911
1558694700106 -302770
1558694700293 -290190
1558694701274 -291171
1558694702087 -304501
1558694703055 -305718
1558694704066 -293962
1558694711926 -301821
1558694712924 -302819
1558694713712 -291768
1558694716661 -294716
1558694720653 -298708
1558694720854 -310748
1558694722850 -300905
1558694724059 -313953
1558694729627 -289359
1558694733403 -285245
1558694737344 -297075
1558694742073 -293912
1558694744046 -295884
1558694748960 -300716
1558694749149 -308878
1558694750889 -285039
1558694751911 -303666
1558694752848 -286998
1558694753876 -305631
1558694755857 -315585
1558694756828 -308581
1558694758741 -292890
1558694760776 -290177
1558694761582 -287203
1558694762743 -292144
1558694763727 -293128
1558694774548 -303947
1558694775354 -300973
1558694778223 -282069
1558694780290 -309688
1558694783238 -312636
1558694784210 -284426
1558694785206 -314604
1558694789857 -293701
1558694790123 -296409
1558694791106 -297391
1558694791106 -297391
1558694793788 -297632
1558694796824 -297038
1558694800670 -304513
1558694805694 -311977
1558694812308 -295679
1558694813291 -296662
1558694814362 -290108
1558694815258 -298629
1558694815347 -291093
1558694820263 -296008
1558694824101 -290868
1558694826066 -292833
1558694831802 -298568
