1558693134138 -4137
1558693136359 -4763
1558693138255 -6659
1558693142838 -12837
1558693143134 -11538
1558693149867 -18271
1558693151823 -20227
1558693152405 -22403
1558693154571 -22975
1558693155241 -25239
1558693158204 -28074
1558693159481 -27885
1558693170138 -37338
1558693171124 -38324
1558693171505 -41323
1558693174456 -44274
1558693175968 -43168
1558693177236 -47054
1558693179756 -46956
1558693179773 -46973
1558693180137 -49659
1558693182084 -51606
1558693182709 -49909
1558693183025 -52547
1558693183980 -53502
1558693185001 -54523
1558693186744 -53944
1558693187875 -55075
1558693188666 -55866
1558693190911 -58111
1558693191832 -59032
1558693193693 -63212
1558693196506 -66025
1558693204991 -72191
1558693207004 -76521
1558693214591 -79582
1558693218431 -83422
1558693219386 -84377
1558693220604 -85956
1558693221328 -86318
1558693221328 -86318
1558693221578 -86930
1558693222284 -87274
1558693223275 -88265
1558693224204 -89194
1558693224204 -89194
1558693226153 -91143
1558693226159 -91149
1558693231219 -96561
1558693237062 -102403
1558693239513 -104160
1558693245304 -109951
1558693248184 -112830
1558693248794 -114135
1558693254936 -119582
1558693256459 -121800
1558693262323 -127664
1558693262326 -127667
1558693263304 -128645
1558693264293 -129634
1558693271122 -136463
1558693273177 -134492
1558693274875 -139417
1558693274882 -139424
1558693288581 -153122
1558693290566 -155107
1558693292517 -153831
1558693292553 -157094
1558693293553 -158094
1558693294442 -155756
1558693298260 -159571
1558693303149 -164460
1558693307014 -168324
1558693307975 -172515
1558693314633 -175943
1558693315618 -176928
1558693319683 -184222
1558693322492 -187031
1558693325390 -188484
1558693330319 -193413
1558693331272 -194366
1558693337122 -200216
1558693339732 -201040
1558693340737 -202045
1558693340737 -202045
1558693343971 -207065
1558693348749 -211842
1558693349489 -209651
1558693351467 -211628
1558693352623 -215716
1558693354293 -214454
1558693354578 -217671
1558693361427 -224520
1558693367717 -227878
1558693368255 -231348
1558693372585 -232746
1558693375913 -239006
1558693378412 -238573
1558693384074 -244235
1558693388949 -249110
1558693393348 -255901
1558693400189 -262742
1558693400189 -262742
1558693400588 -260748
1558693402143 -255208
1558693406321 -266481
1558693409172 -264173
1558693415004 -270004
1558693415004 -270004
1558693415971 -270970
1558693416653 -269716
1558693417936 -272935
1558693417949 -272948
1558693418619 -271682
1558693423553 -263113
1558693424515 -264075
1558693431353 -278945
1558693432309 -271867
1558693433436 -272994
1558693446894 -289660
1558693453542 -296307
1558693454511 -289500
1558693458399 -293388
1558693459360 -294348
1558693461316 -296304
1558693512985 -3587
1558693518017 -1544
1558693518836 -9438
1558693521926 -5453
1558693523849 -7376
1558693533345 -23946
1558693540240 -30840
1558693541194 -31794
1558693542233 -32833
1558693547987 -31512
1558693547993 -31518
1558693548020 -38619
1558693560606 -35018
1558693562509 -51039
1558693562596 -37008
1558693564403 -38815
1558693577931 -52341
1558693578140 -66670
1558693579119 -67649
1558693582808 -57217
1558693591723 -80253
1558693594344 -65715
1558693597544 -86073
1558693598202 -69572
1558693600488 -89017
1558693609911 -81280
1558693613628 -84997
1558693614062 -100633
1558693615004 -101574
1558693622799 -109369
1558693624255 -95623
1558693626733 -113303
1558693635415 -121961
1558693643516 -113396
1558693644486 -114366
1558693650021 -136565
1558693650023 -136567
1558693653228 -123108
1558693653766 -140310
1558693658659 -145202
1558693663544 -150087
1558693663545 -150088
1558693665699 -135578
1558693666481 -145915
1558693666676 -136554
1558693667461 -146895
1558693668610 -138488
1558693670554 -140432
1558693671526 -141404
1558693672501 -142379
1558693676099 -155533
1558693685880 -165312
1558693689825 -159084
1558693693694 -173126
1558693697609 -177040
1558693701483 -170741
1558693705269 -184700
1558693712977 -182234
1558693715052 -194483
1558693726575 -195831
1558693728360 -195974
1558693731274 -198888
1558693732264 -199878
1558693735212 -202826
1558693739324 -215536
1558693746194 -222405
1558693746985 -223196
1558693753826 -230037
1558693753826 -230037
1558693758316 -225928
1558693758316 -225928
1558693777588 -244494
1558693790223 -257129
1558693799041 -265946
1558693802787 -269692
1558693804677 -271582
1558693811461 -275885
1558693815341 -279764
1558693815341 -279764
1558693816115 -288896
1558693820894 -293675
1558693822847 -295628
1558693823799 -296580
1558693823890 -288312
1558693828739 -274585
1558693837484 -283329
1558693838412 -284446
1558693845259 -291103
1558693846093 -292126
1558693848025 -284647
1558693852885 -289507
1558693857719 -294340
1558693860634 -297254
1558693861606 -284639
1558693863706 -309737
1558693865477 -311508
1558693873295 -319324
1558693880897 -288529
1558693881862 -289494
1558693882103 -328129
1558693886002 -286465
1558693890593 -298223
1558693890593 -298223
1558693890596 -298226
1558693893663 -294125
1558693898552 -299014
1558693903321 -297298
1558693910299 -293684
1558693911008 -294393
1558693916015 -316474
1558693916999 -317458
1558693918929 -319388
1558693919451 -302835
1558693933602 -334057
1558693935555 -336010
1558693945490 -297055
1558693950053 -291390
1558693954948 -296283
1558693954952 -296287
1558693960672 -302005
1558693962020 -292431
1558693964594 -305925
1558693967510 -308840
1558693968490 -309820
1558693981182 -322240
1558693983146 -324203
1558693984922 -325978
1558693986877 -327933
1558693988840 -329895
1558693994715 -309656
1558693995680 -336733
1558693999572 -314512
1558694000547 -315487
1558694000584 -341635
1558694002491 -317431
1558694005476 -346525
1558694009297 -294344
1558694011178 -352225
1558694011247 -296294
1558694012145 -353192
1558694025844 -310536
1558694026819 -311511
1558694031517 -286645
1558694031739 -316430
1558694035454 -320144
1558694037405 -322095
1558694039087 -294214
1558694040054 -295181
1558694041022 -296148
1558694043341 -328031
1558694044940 -300066
1558694047181 -331870
1558694052078 -336767
1558694053060 -337748
1558694061687 -346374
1558694065169 -294202
1558694068539 -353223
1558694070506 -355190
1558694073899 -302930
1558694076862 -305893
1558694077357 -306059
1558694079741 -308771
1558694080106 -308808
1558694082649 -311679
1558694083061 -311763
1558694083069 -311771
1558694090252 -289489
1558694096732 -325432
1558694102645 -331345
1558694103438 -332138
1558694108416 -337115
1558694108717 -307952
1558694108777 -308012
1558694115274 -343972
1558694117298 -316531
1558694117298 -316531
1558694129651 -358307
1558694131611 -360266
1558694134619 -300981
1558694138524 -304885
1558694147262 -311736
1558694150202 -314676
1558694160790 -325262
1558694163631 -300067
1558694170573 -335044
1558694171382 -307816
1558694178989 -285480
1558694183844 -290334
1558694185067 -349533
1558694186047 -350512
1558694186052 -350517
1558694186756 -293246
1558694188698 -295187
1558694209429 -314779
1558694211310 -316660
1558694220163 -296852
1558694221261 -326530
1558694221261 -326530
1558694221437 -326705
1558694222918 -299606
1558694223804 -300492
1558694224683 -301371
1558694225903 -331171
1558694232661 -337928
1558694244611 -349875
1558694252308 -357569
1558694260018 -305034
1558694260018 -305034
1558694263967 -308983
1558694265093 -311825
1558694265100 -311832
1558694269086 -285863
1558694269970 -314985
1558694272795 -317810
1558694274709 -291485
1558694275666 -292441
1558694279612 -296387
1558694286417 -303191
1558694289352 -306126
1558694290358 -335370
1558694293261 -310034
1558694299054 -344065
1558694300028 -345039
1558694300028 -345039
1558694302001 -347011
1558694302981 -347991
1558694304847 -292802
1558694304948 -349958
1558694308755 -296709
1558694312819 -357826
1558694314611 -302564
1558694316569 -304522
1558694322506 -307378
1558694331375 -316246
1558694332036 -290029
1558694332343 -317213
1558694333323 -318193
1558694334033 -292026
1558694334969 -292962
1558694334969 -292962
1558694340207 -325076
1558694341190 -326059
1558694345969 -330838
1558694362674 -347540
1558694381551 -309542
1558694382190 -307744
1558694382532 -310523
1558694384159 -309713
1558694386124 -311678
1558694390887 -316440
1558694394821 -320374
1558694394821 -320374
1558694397765 -323317
1558694400960 -299044
1558694401915 -299998
1558694402893 -300976
1558694405844 -303927
1558694410563 -336113
1558694417573 -315654
1558694418381 -343931
1558694420380 -288674
1558694429087 -354633
1558694431050 -356595
1558694431068 -299361
1558694432049 -300342
1558694435982 -304274
1558694446630 -315447
1558694447552 -315842
1558694450565 -319382
1558694454493 -323309
1558694467176 -335990
1558694467176 -335990
1558694469094 -337908
1558694483855 -352664
1558694485498 -298739
1558694486313 -299554
1558694486317 -299558
1558694486317 -299558
1558694486322 -299563
1558694495104 -308343
1558694495105 -308344
1558694498463 -323808
1558694506325 -331669
1558694511128 -336472
1558694511599 -294819
1558694513538 -296758
1558694518404 -301623
1558694522870 -348212
1558694523301 -306519
1558694529337 -312554
1558694531507 -356848
1558694531507 -314724
1558694532012 -357353
1558694545332 -317991
1558694550270 -322929
1558694552216 -324874
1558694556152 -328810
1558694556152 -328810
1558694557960 -330618
1558694562960 -335617
1558694563102 -316371
1558694564068 -317337
1558694572714 -345369
1558694574793 -299130
1558694576645 -349299
1558694577725 -302061
1558694578699 -303035
1558694581482 -305818
1558694583405 -356058
1558694583405 -356057
1558694584407 -357059
1558694584449 -308784
1558694588311 -312646
1558694589295 -313629
1558694595156 -290320
1558694595173 -305800
1558694598125 -308751
1558694599114 -309740
1558694599114 -309740
1558694606820 -317445
1558694610632 -305794
1558694614549 -309711
1558694615684 -326246
1558694615684 -326246
1558694630017 -295047
1558694631010 -296040
1558694632981 -298011
1558694642075 -352630
1558694642077 -352632
1558694642729 -307757
1558694645653 -310681
1558694647612 -312640
1558694651520 -316547
1558694655686 -306739
1558694656259 -287419
1558694663094 -294253
1558694671892 -303050
1558694675353 -326403
1558694678194 -329244
1558694679165 -330215
1558694685023 -336072
1558694685023 -336072
1558694685024 -336073
1558694686007 -337056
1558694687367 -318523
1558694687977 -339026
1558694689944 -340993
1558694691922 -342970
1558694692936 -343984
1558694695918 -346966
1558694699787 -350834
1558694701865 -302882
1558694702850 -303867
1558694716351 -299024
1558694718483 -290301
1558694720310 -302982
1558694724423 -307095
1558694725302 -307974
1558694727412 -299229
1558694731116 -313787
1558694732933 -315603
1558694734954 -306770
1558694737823 -320433
1558694737884 -309700
1558694738862 -310677
1558694739795 -322404
1558694741759 -324368
1558694742743 -325352
1558694743743 -315558
1558694753416 -336024
1558694757337 -339944
1558694757338 -339945
1558694761177 -302884
1558694763134 -304841
1558694763134 -304841
1558694763244 -345849
1558694765088 -306795
1558694766063 -307770
1558694766063 -307769
1558694770125 -352728
1558694780785 -303782
1558694781541 -294252
1558694784718 -307714
1558694787409 -300120
1558694787670 -310666
1558694791606 -314601
1558694792591 -315586
1558694795541 -318536
1558694803250 -326244
1558694812102 -335095
1558694815054 -338047
