1558693126358 -2442
1558693130001 -5673
1558693132940 -8612
1558693137781 -13864
1558693138778 -14861
1558693140760 -16843
1558693143818 -11550
1558693147440 -23112
1558693156026 -31475
1558693158268 -33940
1558693160987 -36436
1558693163183 -30914
1558693164752 -40200
1558693165140 -32871
1558693166688 -42136
1558693167086 -34817
1558693173762 -49230
1558693186035 -61483
1558693187114 -62562
1558693187893 -55547
1558693192506 -67969
1558693193538 -61191
1558693194454 -62107
1558693195642 -71089
1558693197523 -72970
1558693198477 -73924
1558693199235 -66888
1558693199403 -74850
1558693201308 -76755
1558693202275 -77722
1558693203241 -78688
1558693203241 -78688
1558693205832 -81293
1558693205950 -73603
1558693206241 -81688
1558693211660 -87102
1558693212958 -86703
1558693213741 -81394
1558693219575 -87210
1558693219581 -93326
1558693225452 -93087
1558693227115 -102557
1558693229195 -96830
1558693230077 -105519
1558693233174 -106918
1558693234946 -110388
1558693235139 -108883
1558693236878 -112320
1558693239005 -112749
1558693241749 -115493
1558693245625 -119369
1558693251462 -125206
1558693252511 -120144
1558693254465 -122098
1558693259364 -126997
1558693264099 -139539
1558693267197 -134830
1558693267871 -139675
1558693269144 -136777
1558693272757 -144561
1558693273705 -149144
1558693276677 -152116
1558693284737 -149844
1558693286778 -151885
1558693289209 -161012
1558693291231 -163034
1558693303083 -168189
1558693303899 -175847
1558693308961 -174066
1558693310884 -175989
1558693312834 -177939
1558693314449 -186139
1558693314794 -179899
1558693327179 -199126
1558693328307 -193411
1558693331264 -196311
1558693331264 -196311
1558693332221 -197268
1558693334949 -206638
1558693336944 -208240
1558693340664 -212353
1558693340782 -212076
1558693341601 -213290
1558693343965 -209012
1558693345511 -217199
1558693347598 -218892
1558693349498 -221186
1558693349553 -220847
1558693352609 -217656
1558693354577 -219624
1558693354584 -219631
1558693357498 -222544
1558693361919 -231614
1558693363030 -234323
1558693363030 -234323
1558693363868 -233563
1558693363868 -233563
1558693364977 -236270
1558693368916 -240208
1558693372976 -238022
1558693374949 -237830
1558693375730 -247022
1558693376902 -239783
1558693378535 -248229
1558693379525 -249219
1558693380627 -247842
1558693381485 -251179
1558693383737 -246618
1558693387662 -250543
1558693388648 -251529
1558693389129 -258003
1558693389621 -252502
1558693391208 -258422
1558693391208 -258422
1558693392546 -255427
1558693396125 -263339
1558693399219 -262100
1558693400011 -267224
1558693401970 -269183
1558693407686 -276560
1558693407885 -275098
1558693416288 -285162
1558693421577 -271893
1558693424517 -274833
1558693427987 -296861
1558693431730 -300603
1558693435035 -302247
1558693437297 -287611
1558693437888 -304655
1558693438864 -305631
1558693443712 -310479
1558693444866 -280661
1558693447371 -285436
1558693449311 -287376
1558693450289 -288354
1558693452247 -290312
1558693452691 -288485
1558693455625 -291419
1558693461117 -327883
1558693473541 -311603
1558693475497 -313559
1558693481487 -326953
1558693485399 -330865
1558693486375 -331841
1558693487352 -332817
1558693507723 -353186
1558693507723 -353186
1558693507724 -353187
1558693508702 -354164
1558693511641 -357103
1558693517501 -362962
1558693518530 -6333
1558693522425 -12376
1558693523455 -11258
1558693527405 -15208
1558693530565 -20773
1558693532517 -22725
1558693533495 -23703
1558693533955 -23906
1558693534951 -24902
1558693536975 -24753
1558693537395 -27602
1558693544243 -34450
1558693544755 -32533
1558693547716 -35493
1558693548972 -39179
1558693549951 -40158
1558693553502 -43116
1558693555490 -43267
1558693566065 -55679
1558693567041 -56655
1558693567046 -54822
1558693569000 -58614
1558693581073 -71277
1558693581552 -71165
1558693583026 -73230
1558693592369 -77286
1558693592826 -83030
1558693592826 -83030
1558693593348 -78265
1558693596306 -81223
1558693599166 -84083
1558693600143 -86951
1558693603035 -89843
1558693604374 -92732
1558693612195 -100552
1558693613631 -100438
1558693613651 -100458
1558693615621 -100537
1558693618476 -105282
1558693620428 -107234
1558693625727 -114083
1558693630612 -118968
1558693630984 -117789
1558693631589 -119945
1558693632570 -120926
1558693632950 -119755
1558693634040 -118954
1558693635875 -122680
1558693642720 -127409
1558693642860 -126493
1558693648569 -133258
1558693650521 -135210
1558693652483 -136116
1558693652483 -137172
1558693653923 -142279
1558693654436 -139125
1558693655420 -139053
1558693657204 -141886
1558693657361 -140994
1558693659137 -143819
1558693662070 -146752
1558693662719 -151075
1558693663223 -146856
1558693667124 -150757
1558693667445 -155801
1558693668429 -156785
1558693669438 -157794
1558693674293 -161128
1558693674950 -158583
1558693675791 -159423
1558693676767 -160399
1558693677696 -162378
1558693677744 -161376
1558693680555 -165237
1558693680555 -165237
1558693681564 -166246
1558693683610 -167242
1558693686353 -171035
1558693686353 -171035
1558693686367 -171049
1558693687374 -172056
1558693692709 -179543
1558693696107 -179422
1558693697592 -184425
1558693698294 -173389
1558693699247 -174342
1558693703974 -179069
1558693714771 -189865
1558693715479 -198792
1558693716429 -199742
1558693717399 -200711
1558693720329 -203641
1558693721881 -206476
1558693725212 -208524
1558693735149 -210241
1558693736113 -211205
1558693737114 -212206
1558693737549 -222142
1558693739046 -214138
1558693740982 -216074
1558693743915 -218012
1558693743915 -218012
1558693746183 -230776
1558693746543 -225370
1558693754518 -228615
1558693755167 -233993
1558693756919 -241511
1558693758424 -232520
1558693759854 -244446
1558693765376 -239472
1558693765620 -246788
1558693766898 -245724
1558693768491 -249659
1558693769190 -243286
1558693772977 -247073
1558693775898 -249994
1558693778465 -257291
1558693781382 -260208
1558693784678 -258774
1558693785124 -266290
1558693786255 -263811
1558693786908 -268074
1558693788206 -265762
1558693789844 -271010
1558693791803 -272202
1558693792795 -273194
1558693793108 -270664
1558693793798 -274197
1558693794500 -265698
1558693797284 -268482
1558693800418 -271616
1558693802214 -273412
1558693808617 -286130
1558693810307 -290706
1558693810307 -290706
1558693812264 -292663
1558693812488 -290000
1558693818656 -289853
1558693819998 -297612
1558693820681 -280816
1558693829777 -307391
1558693829777 -307391
1558693835479 -313093
1558693836456 -314070
1558693837668 -292918
1558693838414 -316028
1558693840597 -295846
1558693844280 -321894
1558693846236 -323850
1558693848194 -325808
1558693851126 -328740
1558693851717 -296636
1558693853118 -308366
1558693854651 -299570
1558693857538 -302456
1558693859762 -337376
1558693866227 -288386
1558693867825 -323070
1558693871501 -349114
1558693872065 -294223
1558693873045 -295203
1558693875412 -344792
1558693875413 -344793
1558693876966 -299124
1558693876966 -299124
1558693880900 -303057
1558693880900 -303057
1558693881864 -304021
1558693883790 -305947
1558693884765 -306922
1558693885745 -293145
1558693885999 -355377
1558693886140 -292877
1558693894770 -301505
1558693897320 -304718
1558693898711 -368088
1558693906564 -313961
1558693906698 -376073
1558693906698 -313431
1558693908805 -378180
1558693913338 -382712
1558693914494 -321226
1558693915785 -304801
1558693916084 -322816
1558693917075 -323807
1558693918099 -354312
1558693919079 -355292
1558693920658 -309673
1558693920658 -309673
1558693922921 -329652
1558693924543 -313557
1558693928454 -284634
1558693929674 -365847
1558693935305 -291484
1558693937506 -373677
1558693943260 -349984
1558693944929 -301107
1558693950797 -306975
1558693952984 -389149
1558693960810 -362217
1558693960860 -319124
1558693961776 -363183
1558693962820 -321084
1558693967642 -369048
1558693973155 -292459
1558693975473 -376878
1558693977277 -335539
1558693978240 -379644
1558693978254 -336516
1558693979251 -380655
1558693980964 -300267
1558693982158 -340419
1558693983134 -341395
1558693983134 -341395
1558693983134 -341395
1558693987022 -345281
1558693990596 -309897
1558694001516 -338448
1558694005433 -342364
1558694006221 -295395
1558694007199 -296373
1558694011332 -364237
1558694015039 -351968
1558694015841 -305013
1558694016006 -352935
1558694016982 -353911
1558694017794 -306965
1558694018772 -307943
1558694023817 -360745
1558694026593 -285608
1558694027572 -286587
1558694027786 -380684
1558694031747 -384644
1558694033659 -386555
1558694035609 -388505
1558694038173 -297186
1558694042131 -301144
1558694044197 -327671
1558694045394 -398286
1558694046000 -305012
1558694046097 -329570
1558694047073 -330546
1558694052058 -340728
1558694056611 -299071
1558694058631 -342103
1558694058916 -347585
1558694064430 -306889
1558694065421 -307880
1558694066385 -308844
1558694066739 -355407
1558694067382 -309841
1558694067438 -350908
1558694074208 -282683
1558694074243 -357712
1558694075182 -283657
1558694077140 -285615
1558694077140 -285614
1558694081077 -330775
1558694083236 -371901
1558694085156 -373821
1558694088716 -297189
1558694088719 -297192
1558694090679 -340376
1558694091655 -341351
1558694092630 -342326
1558694097695 -361045
1558694102616 -365965
1558694104248 -312719
1558694106161 -355856
1558694108648 -371996
1558694109331 -297047
1558694113288 -301004
1558694115907 -365556
1558694115990 -303705
1558694125905 -389249
1558694125905 -389249
1558694126638 -316088
1558694128590 -318039
1558694130468 -296158
1558694131756 -395097
1558694133304 -322753
1558694133400 -299089
1558694133713 -366917
1558694133713 -366917
1558694135358 -301047
1558694136237 -325685
1558694139584 -372787
1558694140157 -329605
1558694140565 -373768
1558694141253 -306941
1558694143335 -376537
1558694147081 -312769
1558694147957 -337404
1558694147957 -337404
1558694149036 -314723
1558694149215 -382416
1558694151004 -316691
1558694153720 -343166
1558694158698 -294307
1558694158715 -294324
1558694161583 -297192
1558694162896 -396095
1558694165815 -399013
1558694166346 -355789
1558694167610 -400807
1558694167613 -400810
1558694168298 -357741
1558694169560 -402757
1558694175450 -353267
1558694177068 -312675
1558694182938 -293234
1558694185709 -344441
1558694187171 -364986
1558694193538 -352269
1558694194511 -353242
1558694194511 -353242
1558694195855 -373668
1558694197693 -307987
1558694197830 -375643
1558694197863 -375676
1558694198828 -376641
1558694201758 -379571
1558694201758 -379571
1558694204422 -314715
1558694205418 -315711
1558694210495 -388306
1558694211928 -370656
1558694212132 -293443
1558694212895 -371623
1558694215121 -296431
1558694217249 -298559
1558694221249 -302558
1558694223970 -332761
1558694226011 -347568
1558694227966 -349522
1558694230333 -339123
1558694234805 -356360
1558694240396 -291557
1558694245503 -367057
1558694247119 -355907
1558694249229 -300389
1558694250796 -359583
1558694254149 -375701
1558694256484 -365270
1558694259028 -380579
1558694259413 -309275
1558694261394 -311256
1558694263771 -359113
1558694264784 -315942
1558694265736 -361078
1558694267727 -363068
1558694273564 -295541
1558694275561 -370901
1558694275567 -370907
1558694275889 -325748
1558694278843 -328702
1558694280813 -330672
1558694280818 -330677
1558694283314 -305290
1558694283750 -333608
1558694285272 -307248
1558694285721 -335579
1558694286710 -336568
1558694288667 -338525
1558694290631 -340489
1558694292118 -387456
1558694292605 -342462
1558694294939 -290631
1558694294939 -290631
1558694296055 -391393
1558694297038 -392376
1558694297890 -293582
1558694297891 -293583
1558694298012 -393350
1558694298347 -348203
1558694300960 -396297
1558694303247 -353102
1558694311108 -330457
1558694311675 -307365
1558694313610 -358675
1558694314627 -310317
1558694315616 -311306
1558694319939 -339287
1558694322340 -284166
1558694326275 -288100
1558694327367 -372430
1558694327649 -346996
1558694328349 -373412
1558694328642 -347989
1558694330366 -375429
1558694332277 -377340
1558694332550 -351896
1558694334510 -353856
1558694344183 -363527
1558694345164 -364508
1558694346779 -308601
1558694348749 -310571
1558694349730 -311552
1558694354001 -317590
1558694354001 -317590
1558694355642 -287304
1558694355963 -319552
1558694355963 -319552
1558694357605 -289267
1558694358516 -354919
1558694358516 -354919
1558694362529 -294190
1558694365795 -329382
1558694366777 -330364
1558694369575 -333162
1558694369575 -333162
1558694375266 -371667
1558694382330 -345915
1558694394665 -294212
1558694394933 -312039
1558694396711 -363051
1558694396893 -313999
1558694404807 -321910
1558694406398 -372737
1558694412286 -378624
1558694412395 -311940
1558694413635 -330735
1558694413635 -330735
1558694415402 -381740
1558694419284 -385621
1558694421147 -387484
1558694427079 -393415
1558694427197 -344292
1558694428032 -394368
1558694432793 -399128
1558694432897 -313698
1558694433776 -400111
1558694436838 -291674
1558694437721 -344623
1558694441787 -358881
1558694442757 -359851
1558694443612 -350514
1558694444550 -299385
1558694447675 -317264
1558694455265 -362165
1558694459189 -366089
1558694459470 -329057
1558694467053 -297597
1558694473892 -304435
1558694476841 -307384
1558694477720 -384617
1558694479935 -349519
1558694480677 -361433
1558694482745 -313287
1558694484714 -315256
1558694485833 -355415
1558694487562 -368317
1558694488489 -319030
1558694488547 -369302
1558694488628 -311507
1558694490614 -313493
1558694491459 -292032
1558694496358 -296930
1558694496480 -319358
1558694497342 -297914
1558694503144 -383897
1558694505342 -328219
1558694506204 -306775
1558694507223 -307794
1558694511280 -334156
1558694516866 -317435
1558694516917 -397668
1558694516949 -339824
1558694517943 -340818
1558694520814 -296055
1558694520822 -296062
1558694520874 -401624
1558694520909 -343784
1558694521797 -297037
1558694522776 -298016
1558694522819 -353907
1558694525650 -356738
1558694525873 -348747
1558694525873 -348747
1558694527918 -350791
1558694537364 -312602
1558694538412 -369498
1558694541355 -334093
1558694545235 -290302
1558694546217 -291283
1558694546259 -377344
1558694548217 -340954
1558694552981 -384065
1558694552982 -384065
1558694554988 -386071
1558694561890 -354625
1558694562864 -355599
1558694562864 -393944
1558694562905 -393985
1558694565779 -358514
1558694567734 -360468
1558694570687 -363421
1558694572628 -317691
1558694573618 -318681
1558694574582 -367316
1558694574610 -319672
1558694579536 -294261
1558694580378 -382520
1558694580468 -373200
1558694580493 -295218
1558694581472 -318114
1558694582381 -384523
1558694587219 -301944
1558694589189 -303913
1558694597056 -311779
1558694597981 -334621
1558694598041 -312764
1558694600868 -403008
1558694601852 -403992
1558694607758 -409897
1558694613659 -361313
1558694619425 -356019
1558694623466 -312774
1558694626426 -315734
1558694630234 -311275
1558694631179 -294036
1558694632168 -295024
1558694635969 -317009
1558694637075 -299931
1558694637096 -384746
1558694643825 -324864
1558694643971 -306826
1558694643983 -391633
1558694645793 -393442
1558694646774 -327813
1558694647749 -395398
1558694648888 -311742
1558694649716 -397364
1558694649876 -312730
1558694650712 -331750
1558694653675 -334712
1558694660359 -341395
1558694667417 -300138
1558694673328 -306048
1558694678124 -369208
1558694678124 -369208
1558694679108 -311826
1558694679121 -311839
1558694680050 -312768
1558694683808 -334697
1558694689893 -380976
1558694691644 -342532
1558694691856 -294235
1558694692907 -295286
1558694693884 -296263
1558694694707 -385788
1558694697642 -366017
1558694701448 -352335
1558694701535 -369910
1558694702538 -370913
1558694704269 -355155
1558694705470 -307847
1558694705477 -373851
1558694707463 -375837
1558694708425 -310801
1558694708427 -310803
1558694709152 -360038
1558694711118 -362004
1558694718265 -291276
1558694726216 -299226
1558694727150 -395521
1558694730123 -303133
1558694730799 -321080
1558694731025 -304034
1558694731692 -321973
1558694733599 -323880
1558694734837 -403204
1558694741716 -314724
1558694743684 -316692
1558694745653 -318661
1558694747443 -361107
1558694747626 -290251
1558694748604 -291229
1558694750414 -293039
1558694751068 -341346
1558694753375 -367038
1558694754347 -296971
1558694754349 -296973
1558694756316 -298940
1558694758942 -349219
1558694758950 -349227
1558694768753 -359027
1558694773035 -315657
1558694776809 -299783
1558694780746 -303719
1558694783698 -306671
1558694784681 -307654
