1558693127333 -3775
1558693135062 -11504
1558693152341 -28782
1558693152370 -28811
1558693155210 -31651
1558693156147 -32588
1558693157171 -33612
1558693162051 -38492
1558693163905 -40346
1558693169748 -44926
1558693169748 -44926
1558693178347 -53525
1558693191320 -66497
1558693208281 -82206
1558693212198 -86123
1558693225750 -99674
1558693226700 -100624
1558693236471 -110395
1558693240393 -114317
1558693242165 -116089
1558693247074 -120998
1558693250975 -124899
1558693253923 -126732
1558693255849 -128658
1558693271344 -144153
1558693276215 -149024
1558693290747 -163555
1558693313193 -185521
1558693320839 -193165
1558693328674 -201000
1558693332594 -204920
1558693335522 -207848
1558693348040 -218962
1558693366465 -237386
1558693381114 -252035
1558693390744 -261034
1558693391728 -262018
1558693401495 -251097
1558693401508 -251110
1558693428693 -269553
1558693433561 -274421
1558693433613 -274473
1558693435524 -276383
1558693441224 -273244
1558693442224 -274244
1558693444151 -276171
1558693446105 -278125
1558693449029 -281048
1558693451960 -283979
1558693452946 -284965
1558693510007 -82
1558693511458 -1533
1558693514398 -4473
1558693532842 -22917
1558693536725 -26800
1558693538701 -28776
1558693540651 -30725
1558693541612 -31686
1558693548436 -38510
1558693552328 -42402
1558693552334 -42408
1558693560962 -50494
1558693564940 -54472
1558693573661 -63192
1558693574632 -64163
1558693581304 -70834
1558693581304 -70834
1558693590132 -79662
1558693610475 -97626
1558693611445 -98596
1558693612432 -99583
1558693613420 -100571
1558693618284 -105434
1558693627069 -114219
1558693633748 -120897
1558693643511 -130659
1558693647412 -134560
1558693653119 -140267
1558693657037 -143465
1558693662899 -149327
1558693665825 -152253
1558693667777 -154205
1558693673696 -160123
1558693685221 -171646
1558693689123 -175548
1558693699707 -183784
1558693710461 -194537
1558693712418 -196494
1558693721208 -205284
1558693722985 -207061
1558693729867 -213942
1558693739609 -223684
1558693740590 -224665
1558693742769 -226844
1558693748244 -230046
1558693757024 -238826
1558693759962 -241764
1558693761912 -243714
1558693768761 -250562
1558693772507 -254308
1558693778361 -260162
1558693780333 -262134
1558693781299 -263100
1558693781305 -263106
1558693797734 -266953
1558693809541 -268833
1558693810493 -269785
1558693812428 -271719
1558693815345 -274636
1558693816334 -275625
1558693818117 -277408
1558693818117 -277408
1558693824962 -284252
1558693828837 -276192
1558693851147 -285267
1558693852124 -286244
1558693855061 -289181
1558693862867 -296986
1558693862871 -296990
1558693865649 -299768
1558693868670 -290924
1558693878340 -300592
1558693884201 -306452
1558693889899 -282372
1558693900690 -293117
1558693909726 -302153
1558693916127 -308553
1558693919056 -311482
1558693921987 -273596
1558693930773 -282381
1558693934681 -286288
1558693938435 -290042
1558693939403 -291010
1558693941354 -292960
1558693942334 -293940
1558693951134 -302738
1558693955032 -306636
1558693967569 -296861
1558693982235 -311525
1558693984181 -313471
1558693987927 -284315
1558693988901 -285289
1558693995744 -292130
1558694005517 -301902
1558694017081 -313464
1558694024938 -295052
1558694028809 -298922
1558694049162 -289206
1558694049164 -289208
1558694051116 -291160
1558694055037 -295080
1558694069527 -309568
1558694075389 -315429
1558694078319 -288241
1558694084983 -294904
1558694094755 -304674
1558694097684 -307603
1558694099637 -309556
1558694101602 -311521
1558694101602 -311521
1558694105372 -315290
1558694111516 -297122
1558694122945 -308549
1558694130603 -316206
1558694132537 -318139
1558694145243 -300936
1558694148186 -303879
1558694151926 -307618
1558694156120 -311812
1558694169513 -295083
1558694170491 -296061
1558694173436 -299005
1558694175221 -300789
1558694188909 -314472
1558694191918 -317479
1558694192824 -318385
1558694194760 -290122
1558694196799 -292161
1558694205491 -300852
1558694206400 -301761
1558694207419 -302780
1558694227698 -293017
1558694230652 -295971
1558694235614 -300932
1558694252238 -317550
1558694255069 -291363
1558694261954 -298247
1558694268843 -305135
1558694270653 -306945
1558694272672 -308964
1558694283386 -290575
1558694283386 -290575
1558694295022 -302210
1558694316661 -293713
1558694317629 -294681
1558694317629 -294681
1558694324348 -301399
1558694346793 -293720
1558694348758 -295684
1558694349736 -296662
1558694352686 -299612
1558694356627 -303552
1558694359604 -306529
1558694370243 -294751
1558694380054 -304561
1558694381044 -305551
1558694391688 -316193
1558694403483 -301844
1558694409396 -307756
1558694414188 -312547
1558694425932 -290461
1558694429859 -294387
1558694432831 -297359
1558694439526 -304053
1558694445433 -309959
1558694480677 -315070
1558694490358 -294613
1558694491344 -295599
1558694505105 -309358
1558694509027 -313280
1558694536252 -284143
1558694539221 -287111
1558694573473 -292064
1558694575414 -294004
1558694578386 -296976
1558694579378 -297968
1558694580346 -298936
1558694582182 -300772
1558694591963 -310551
1558694610494 -298771
1558694626221 -314496
1558694649663 -312494
1558694651636 -314467
1558694663260 -304654
1558694672105 -313498
1558694678870 -290940
1558694683779 -295849
1558694695613 -307681
1558694698514 -310582
1558694703249 -315316
1558694711115 -293014
1558694715056 -296955
1558694719995 -301893
1558694723239 -305137
1558694731730 -313627
1558694742417 -298910
1558694745363 -301856
1558694754040 -310532
1558694755024 -311516
1558694758964 -315455
1558694772552 -303640
1558694778454 -309541
1558694782389 -313475
1558694784351 -315437
1558694785335 -316420
1558694787300 -318384
1558694793201 -294003
1558694803853 -304650
