1558693142665 -17119
1558693151221 -24637
1558693170666 -41458
1558693173442 -44234
1558693173488 -44280
1558693175387 -46179
1558693175421 -46213
1558693183055 -53837
1558693195767 -66548
1558693205251 -76032
1558693208142 -78923
1558693214929 -85709
1558693216870 -87650
1558693217843 -88623
1558693224477 -95257
1558693229328 -100108
1558693238073 -108853
1558693242958 -110103
1558693269025 -136168
1558693281796 -148938
1558693282746 -149888
1558693287724 -154866
1558693310864 -176410
1558693316559 -182104
1558693322436 -187981
1558693325346 -190891
1558693327300 -192845
1558693328272 -193816
1558693332302 -205254
1558693346716 -209820
1558693367014 -230118
1558693367016 -230120
1558693368007 -231111
1558693368983 -232087
1558693383628 -246731
1558693385382 -258334
1558693391279 -253818
1558693396184 -258723
1558693398121 -260660
1558693398121 -260660
1558693406027 -268549
1558693412639 -275161
1558693414569 -277090
1558693416537 -279058
1558693424405 -281648
1558693430198 -287440
1558693438879 -278905
1558693449736 -322688
1558693449805 -322757
1558693449816 -322767
1558693450690 -323641
1558693450693 -323644
1558693450729 -323680
1558693450903 -323828
1558693451084 -324009
1558693451645 -324570
1558693451730 -324655
1558693452739 -325663
1558693452833 -325757
1558693452875 -321762
1558693453307 -322194
1558693453452 -322339
1558693453666 -322553
1558693454006 -322893
1558693454076 -322963
1558693454333 -323220
1558693454411 -323298
1558693454528 -323415
1558693454662 -323548
1558693454746 -323632
1558693455452 -295476
1558693455502 -323179
1558693455739 -323416
1558693456380 -324057
1558693456456 -324133
1558693456952 -324625
1558693457843 -325514
1558693459273 -326493
1558693459370 -326590
1558693459431 -326651
1558693459493 -326712
1558693459721 -326940
1558693460049 -327252
1558693460179 -294378
1558693460237 -327440
1558693460291 -327494
1558693460660 -327862
1558693460753 -327955
1558693460769 -327971
1558693461111 -328313
1558693461112 -328314
1558693461265 -328467
1558693461771 -328972
1558693461863 -329064
1558693461931 -329132
1558693462001 -329202
1558693462065 -329266
1558693462067 -329268
1558693465054 -299251
1558693467008 -301147
1558693474512 -341704
1558693477441 -314313
1558693480382 -317253
1558693487055 -323926
1558693492920 -329790
1558693496829 -333698
1558693507420 -344288
1558693509415 -346283
1558693511890 -568
1558693516769 -5447
1558693517745 -6423
1558693518185 -355051
1558693521673 -10351
1558693523615 -12293
1558693534352 -24228
1558693536150 -24827
1558693540611 -30486
1558693542069 -30746
1558693542700 -32508
1558693543021 -31698
1558693546891 -35568
1558693550797 -39474
1558693551778 -40455
1558693554710 -43387
1558693555689 -45496
1558693556667 -45341
1558693556674 -46481
1558693557635 -47442
1558693558453 -47127
1558693561500 -51307
1558693563426 -53233
1558693566364 -56171
1558693569248 -59055
1558693570179 -58853
1558693577144 -66950
1558693582909 -68969
1558693586730 -65845
1558693593855 -79914
1558693596468 -75582
1558693598347 -77461
1558693600521 -86577
1558693601293 -87349
1558693606025 -85138
1558693608968 -88081
1558693615875 -101930
1558693621620 -100732
1558693622758 -108812
1558693624557 -103669
1558693625680 -111734
1558693626546 -105658
1558693627620 -113674
1558693635873 -121887
1558693636183 -122197
1558693637095 -115932
1558693641968 -120269
1558693644005 -130019
1558693650775 -129076
1558693652728 -131029
1558693664295 -142595
1558693678898 -157197
1558693680839 -159137
1558693690517 -168815
1558693697349 -167572
1558693699322 -169545
1558693702080 -172303
1558693716851 -197117
1558693717716 -187938
1558693717794 -198060
1558693718691 -188912
1558693721622 -191843
1558693726455 -206611
1558693728390 -208546
1558693731331 -211487
1558693732354 -212509
1558693733187 -203407
1558693736138 -206358
1558693737179 -207399
1558693740027 -210247
1558693740133 -220288
1558693742959 -213178
1558693747951 -228105
1558693752579 -222798
1558693755735 -235889
1558693755753 -235907
1558693759406 -229237
1558693771131 -240961
1558693772983 -242813
1558693777068 -253768
1558693778791 -248621
1558693791656 -268356
1558693792842 -269542
1558693793495 -263325
1558693797624 -274324
1558693799315 -269145
1558693799315 -269145
1558693800264 -270094
1558693803100 -279800
1558693803187 -273016
1558693803187 -273016
1558693805065 -274894
1558693805824 -282523
1558693807111 -283810
1558693816004 -285833
1558693820004 -296674
1558693820572 -283407
1558693823921 -300591
1558693826554 -303224
1558693826700 -303370
1558693826796 -303466
1558693827009 -303679
1558693827320 -290154
1558693827467 -304137
1558693828299 -291132
1558693829415 -306085
1558693831371 -308041
1558693833377 -296210
1558693837096 -299928
1558693840026 -292603
1558693844766 -297341
1558693850764 -319866
1558693858428 -300745
1558693858568 -327669
1558693860534 -329634
1558693861535 -330635
1558693862818 -331918
1558693863388 -305704
1558693865267 -307583
1558693866299 -308615
1558693867381 -336480
1558693869098 -284433
1558693869140 -284475
1558693874297 -343394
1558693875884 -291218
1558693881083 -315524
1558693882846 -317287
1558693890660 -325100
1558693894285 -309616
1558693894716 -329156
1558693901148 -335587
1558693916222 -350660
1558693917842 -352279
1558693918009 -352446
1558693918097 -352534
1558693922734 -310837
1558693924558 -312660
1558693924559 -312661
1558693926374 -297087
1558693926593 -314695
1558693928455 -316557
1558693933393 -321494
1558693934159 -304872
1558693936279 -324380
1558693938896 -296253
1558693939209 -327309
1558693941006 -329106
1558693941982 -330082
1558693946181 -334280
1558693948834 -336933
1558693966076 -305691
1558693967235 -355330
1558693968317 -356411
1558693971942 -311556
1558693975212 -363304
1558693977809 -287296
1558693980981 -308810
1558693987413 -296899
1558693990720 -318548
1558693992812 -320639
1558693992815 -320642
1558693995489 -323316
1558693996705 -324532
1558693999142 -308627
1558694000429 -328256
1558694003038 -312522
1558694004234 -332060
1558694006180 -334006
1558694007929 -295100
1558694007932 -295103
1558694010088 -337913
1558694011122 -338947
1558694014631 -301801
1558694015060 -342885
1558694024414 -311583
1558694028288 -289230
1558694028527 -356347
1558694029478 -357298
1558694036930 -297871
1558694037901 -298842
1558694041141 -334897
1558694041844 -302784
1558694043419 -337175
1558694045968 -339724
1558694050843 -344598
1558694059505 -353259
1558694064104 -299794
1558694064496 -358249
1558694067030 -302719
1558694076837 -312522
1558694077787 -313472
1558694079087 -313649
1558694079145 -313706
1558694087673 -322233
1558694089596 -324156
1558694092273 -297838
1558694095466 -330025
1558694096486 -331045
1558694100086 -305650
1558694107952 -342510
1558694112958 -292461
1558694115628 -295130
1558694115686 -295188
1558694116728 -351284
1558694121421 -300923
1558694122812 -301195
1558694122908 -301291
1558694123394 -302896
1558694123404 -302905
1558694140329 -318709
1558694146022 -324398
1558694147640 -299946
1558694153351 -305656
1558694166348 -344721
1558694172431 -350803
1558694173432 -351804
1558694177913 -308679
1558694179867 -310633
1558694180567 -303730
1558694182510 -305672
1558694183486 -306648
1558694184788 -315553
1558694191381 -284315
1558694192714 -323478
1558694198201 -291134
1558694200993 -293926
1558694202001 -332764
1558694204277 -335040
1558694205909 -298841
1558694211155 -341917
1558694213601 -344363
1558694213738 -344499
1558694214617 -307548
1558694216726 -309657
1558694222670 -285593
1558694222763 -285686
1558694228559 -359319
1558694231033 -293955
1558694231253 -362011
1558694232098 -325796
1558694234293 -327990
1558694239951 -302872
1558694240760 -334457
1558694241260 -334957
1558694241694 -335391
1558694244903 -307823
1558694253838 -347534
1558694255757 -349452
1558694259701 -353395
1558694267193 -360886
1558694267275 -300224
1558694270254 -303203
1558694274500 -368192
1558694275280 -321536
1558694279270 -325525
1558694280849 -313796
1558694283783 -283671
1558694284784 -284672
1558694287082 -333336
1558694290656 -290543
1558694291020 -337274
1558694292024 -338277
1558694293967 -340220
1558694302667 -348919
1558694303654 -349906
1558694307588 -353839
1558694310534 -356784
1558694315086 -297509
1558694316081 -298504
1558694318044 -300466
1558694321220 -313088
1558694321801 -304223
1558694323785 -306207
1558694334964 -326827
1558694335946 -327809
1558694336545 -302519
1558694337526 -303500
1558694339882 -331742
1558694340477 -306451
1558694342442 -308415
1558694342842 -334701
1558694344247 -310220
1558694354081 -295842
1558694364913 -306672
1558694366863 -308622
1558694368277 -330026
1558694369669 -311428
1558694372618 -314376
1558694375556 -317314
1558694375951 -337699
1558694377912 -339660
1558694381873 -343620
1558694385794 -347541
1558694390297 -298025
1558694391120 -298848
1558694392115 -299843
1558694396645 -358390
1558694398023 -305750
1558694400980 -308707
1558694404434 -366177
1558694408286 -370028
1558694416723 -294331
1558694421452 -299059
1558694421457 -299064
1558694423411 -301018
1558694423811 -325373
1558694433228 -310834
1558694438910 -340470
1558694455141 -356698
1558694460594 -308229
1558694460596 -308231
1558694461995 -320677
1558694462000 -320682
1558694463137 -321819
1558694479113 -293683
1558694481076 -295646
1558694481513 -340192
1558694484026 -298596
1558694494166 -352843
1558694502036 -360712
1558694502536 -282956
1558694507468 -287887
1558694512948 -323138
1558694513709 -323899
1558694514639 -324829
1558694515698 -325888
1558694515698 -325888
1558694524517 -334707
1558694530128 -310544
1558694530287 -310703
1558694535285 -345475
1558694538579 -288983
1558694539291 -349479
1558694539562 -289966
1558694542513 -292917
1558694544040 -354228
1558694545015 -355203
1558694545462 -295865
1558694545462 -295865
1558694547438 -297841
1558694557270 -307672
1558694558742 -321437
1558694560950 -323644
1558694563065 -313466
1558694576755 -308527
1558694584504 -316275
1558694586420 -318191
1558694586420 -318191
1558694589377 -303539
1558694591858 -354540
1558694592317 -306479
1558694597752 -360432
1558694598212 -312373
1558694602146 -287074
1558694606900 -291827
1558694607884 -292811
1558694607885 -292812
1558694620214 -331121
1558694623607 -308532
1558694625126 -336033
1558694629051 -339957
1558694630038 -340944
1558694637206 -294764
1558694638983 -349887
1558694642126 -299683
1558694645609 -356510
1558694646052 -303609
1558694646589 -357490
1558694649536 -330742
1558694665207 -346411
1558694668146 -349349
1558694670207 -351410
1558694680147 -312464
1558694682183 -314500
1558694683824 -365025
1558694690523 -371723
1558694693973 -296956
1558694696396 -326309
1558694700448 -330360
1558694701760 -304742
1558694702332 -332244
1558694702589 -305571
1558694706507 -309489
1558694708472 -311453
1558694709453 -312434
1558694713220 -343130
1558694713986 -343896
1558694716236 -346146
1558694716350 -289022
1558694717990 -347900
1558694722040 -351949
1558694723470 -296141
1558694725521 -298192
1558694730214 -302884
1558694733401 -363310
1558694733849 -363758
1558694733890 -306559
1558694734785 -364693
1558694734862 -307531
1558694736829 -309498
1558694737653 -310859
1558694742410 -315615
1558694745331 -318536
1558694749595 -291953
1558694750198 -323403
1558694750424 -292782
1558694752050 -325254
1558694756318 -298675
1558694757294 -299651
1558694760246 -302603
1558694764178 -306534
1558694770081 -312437
1558694783683 -301623
1558694784665 -302605
1558694784665 -302605
1558694788596 -306535
