1558693135497 -8609
1558693137441 -10553
1558693144307 -17419
1558693146288 -19400
1558693152909 -26021
1558693159834 -32945
1558693160774 -33885
1558693162693 -35804
1558693172528 -45621
1558693175262 -48355
1558693180073 -53166
1558693193862 -66954
1558693195771 -68863
1558693209200 -82290
1558693212146 -85236
1558693228570 -101659
1558693230522 -103611
1558693234445 -107534
1558693240308 -113397
1558693241283 -113976
1558693247957 -120650
1558693251871 -124563
1558693259666 -132358
1558693261616 -134308
1558693270242 -142933
1558693274155 -146846
1558693296498 -165434
1558693301340 -170275
1558693306226 -175161
1558693314042 -182977
1558693321700 -190635
1558693321702 -190637
1558693346931 -215809
1558693347904 -216782
1558693347904 -216782
1558693358663 -227541
1558693363545 -232422
1558693363545 -232422
1558693365323 -234200
1558693368253 -237130
1558693375087 -243964
1558693383879 -251590
1558693386821 -252255
1558693391539 -256972
1558693394458 -259891
1558693395434 -260867
1558693400325 -265757
1558693407168 -255280
1558693409115 -257227
1558693421664 -269774
1558693421668 -269778
1558693422683 -270792
1558693513341 -554
1558693526010 -13222
1558693536595 -23806
1558693549288 -36498
1558693559872 -47081
1558693584122 -71227
1558693587107 -74212
1558693588050 -75155
1558693598773 -85878
1558693620115 -107216
1558693623052 -107417
1558693623052 -107417
1558693632641 -117006
1558693650231 -134594
1558693662764 -147126
1558693668626 -152190
1558693673561 -157125
1558693676445 -160009
1558693687996 -171559
1558693698747 -182310
1558693699739 -183302
1558693709345 -192908
1558693717143 -200703
1558693718122 -201682
1558693723984 -207544
1558693732612 -210913
1558693740424 -218725
1558693743367 -221667
1558693744328 -222628
1558693748251 -226551
1558693750998 -229298
1558693763704 -241787
1558693766635 -244718
1558693767611 -245694
1558693777214 -255297
1558693778193 -256276
1558693780146 -258229
1558693785034 -263117
1558693786009 -264092
1558693801623 -273620
1558693808434 -280430
1558693815188 -272656
1558693818135 -275603
1558693820918 -278385
1558693821924 -279391
1558693846097 -290818
1558693858796 -294835
1558693867591 -280530
1558693870409 -283347
1558693875244 -288182
1558693883053 -295990
1558693894626 -268656
1558693896571 -270601
1558693897546 -271576
1558693899518 -273548
1558693909477 -283505
1558693915199 -289226
1558693918885 -292912
1558693920845 -294872
1558693925735 -299761
1558693926713 -300739
1558693954871 -287221
1558693956824 -289172
1558693977184 -309524
1558693978162 -310501
1558693984997 -293051
1558693986955 -295009
1558693998514 -306566
1558694016908 -294879
1558694029615 -307584
1558694040191 -291955
1558694044108 -295871
1558694046049 -297812
1558694073249 -295055
1558694106147 -300751
1558694117840 -312443
1558694121755 -296958
1558694127616 -302818
1558694134284 -309485
1558694143082 -318282
1558694152842 -296979
1558694160531 -304667
1558694166344 -310480
1558694173207 -317342
1558694185715 -300708
1558694194520 -309512
1558694219000 -303841
1558694224016 -308856
1558694230459 -315298
1558694231410 -316249
1558694232390 -317229
1558694238381 -294252
1558694245330 -301201
1558694247353 -303223
1558694249142 -305012
1558694260729 -316598
1558694270643 -292484
1558694273455 -295296
1558694280247 -302087
1558694296756 -318594
1558694300687 -295338
1558694303630 -298281
1558694317394 -312043
1558694320346 -314995
1558694332961 -294727
1558694350482 -312245
1558694352452 -314215
1558694354418 -316180
1558694363267 -294919
1558694369994 -301645
1558694372953 -304604
1558694378830 -310480
1558694381778 -313427
1558694389640 -296057
1558694395389 -301805
1558694396377 -302793
1558694401269 -307685
1558694407169 -313584
1558694408151 -314566
1558694412087 -318501
1558694417899 -294198
1558694421764 -298062
1558694430600 -306894
1558694432566 -308859
1558694435546 -311838
1558694444199 -290540
1558694447150 -293490
1558694451082 -297422
1558694452068 -298408
1558694472556 -292702
1558694484354 -304498
1558694487316 -307460
1558694490108 -310251
1558694497954 -318097
1558694510784 -302734
1558694513524 -305473
1558694515486 -307435
1558694519409 -311357
1558694522364 -314312
1558694527432 -319378
1558694529602 -291301
1558694536952 -298649
1558694547759 -309455
1558694571188 -302581
1558694586742 -318133
1558694590676 -291956
1558694596574 -297853
1558694607399 -308677
1558694609194 -310471
1558694618029 -292937
1558694625904 -300809
1558694626868 -301773
1558694628841 -303745
1558694631622 -306525
1558694631622 -306525
1558694635553 -310454
1558694638504 -313404
1558694650306 -294903
1558694659963 -304559
1558694662919 -307515
1558694663903 -308499
1558694667832 -312427
1558694668814 -313409
1558694671763 -316357
1558694697169 -311452
1558694700096 -314378
1558694701076 -315358
1558694704854 -302256
1558694710745 -308146
1558694715661 -313061
1558694721717 -319117
1558694723855 -291293
1558694726738 -294176
1558694732300 -299737
1558694735164 -302601
1558694757613 -299644
1558694760564 -302595
1558694768428 -310458
1558694769410 -311440
1558694774320 -316349
1558694779072 -290952
1558694779072 -290952
1558694780058 -291938
1558694787919 -299798
1558694794793 -306671
1558694799544 -311421
1558694815264 -296834
1558694815264 -296833
1558694821160 -302727
1558694821160 -302727
1558694824928 -306494
1558694833772 -315334
1558694836718 -287978
