1558693131660 -6667
1558693131672 -6679
1558693133635 -8642
1558693134395 -756
1558693135427 -1788
1558693138595 -13601
1558693139600 -14606
1558693144410 -19416
1558693148121 -23127
1558693157947 -32951
1558693160911 -35915
1558693162384 -28701
1558693167232 -33549
1558693168227 -34544
1558693180714 -47029
1558693182200 -56278
1558693182643 -48958
1558693183119 -57197
1558693183596 -49911
1558693185595 -51910
1558693189663 -55977
1558693190300 -64378
1558693190850 -57164
1558693192357 -66435
1558693193176 -67254
1558693195398 -61712
1558693196746 -70823
1558693203006 -69320
1558693212285 -86362
1558693212285 -86362
1558693215218 -89295
1558693223276 -86353
1558693223846 -97921
1558693225176 -88253
1558693226787 -100862
1558693228927 -92003
1558693230708 -104783
1558693231676 -105751
1558693233767 -96843
1558693243259 -117334
1558693244458 -107534
1558693248113 -122188
1558693253029 -116102
1558693254017 -117090
1558693257930 -132005
1558693263743 -137817
1558693264721 -138795
1558693271407 -145414
1558693273357 -147364
1558693278237 -152244
1558693279213 -153220
1558693281136 -144209
1558693288807 -151880
1558693288998 -163005
1558693289782 -152855
1558693292805 -166812
1558693299576 -173583
1558693303277 -164952
1558693309355 -179047
1558693313276 -182968
1558693316957 -178631
1558693317937 -179611
1558693317995 -187687
1558693322660 -184330
1558693342226 -203246
1558693343188 -204208
1558693345205 -214894
1558693348899 -209918
1558693356710 -217729
1558693364550 -225569
1558693364617 -233317
1558693373167 -234186
1558693374150 -235169
1558693378264 -246964
1558693381199 -249899
1558693385895 -246340
1558693385899 -246344
1558693392741 -253186
1558693394517 -254962
1558693396473 -256918
1558693400585 -269283
1558693405525 -271252
1558693408384 -274111
1558693410197 -270641
1558693414092 -279819
1558693416040 -276484
1558693418985 -284712
1558693419959 -285686
1558693420786 -281230
1558693422934 -288661
1558693422950 -288677
1558693429545 -271066
1558693429547 -271068
1558693431495 -273015
1558693436486 -278006
1558693439385 -280904
1558693440315 -281834
1558693441308 -307034
1558693446198 -311924
1558693449112 -314838
1558693449927 -291445
1558693456944 -308835
1558693463613 -315503
1558693467524 -319413
1558693481046 -332934
1558693484959 -336846
1558693488865 -340751
1558693489842 -341728
1558693489842 -341728
1558693500584 -331803
1558693500584 -331802
1558693505310 -336528
1558693509222 -340439
1558693523881 -355095
1558693524036 -1534
1558693526964 -4462
1558693528916 -6414
1558693530574 -361786
1558693534476 -365686
1558693534478 -365688
1558693541899 -32850
1558693547332 -24686
1558693557304 -48255
1558693561212 -52163
1558693562983 -40336
1558693569037 -59988
1558693573916 -64867
1558693573920 -64871
1558693582566 -70376
1558693585575 -73385
1558693590421 -78231
1558693592392 -80202
1558693592392 -80202
1558693592963 -70315
1558693594898 -72250
1558693597284 -85094
1558693604067 -91877
1558693604071 -91881
1558693607838 -95647
1558693608812 -96621
1558693609815 -97624
1558693611745 -99554
1558693613713 -101522
1558693621138 -91878
1558693621498 -109307
1558693621503 -109312
1558693623482 -111291
1558693624427 -112236
1558693630137 -117784
1558693635069 -122716
1558693639716 -110456
1558693643456 -114194
1558693645757 -133403
1558693646736 -134382
1558693652465 -140110
1558693662214 -149859
1558693667724 -135961
1558693675545 -143781
1558693684558 -172201
1558693688101 -156336
1558693689475 -173035
1558693690055 -158290
1558693695298 -178858
1558693695925 -164160
1558693697240 -180800
1558693697900 -166134
1558693701788 -170022
1558693702769 -170947
1558693707833 -191392
1558693709631 -177809
1558693709631 -177809
1558693712712 -196271
1558693714336 -182513
1558693715321 -183498
1558693715684 -199242
1558693717261 -185438
1558693720194 -188371
1558693723141 -191318
1558693724285 -207843
1558693728197 -211754
1558693729011 -195899
1558693738650 -205538
1558693740572 -207460
1558693742865 -226347
1558693751323 -218210
1558693753462 -236943
1558693755436 -238917
1558693759950 -226837
1558693762257 -245736
1558693762886 -229773
1558693767144 -250623
1558693767144 -250623
1558693767795 -234682
1558693774666 -241544
1558693780521 -247398
1558693780535 -247412
1558693782493 -249370
1558693792425 -275904
1558693800277 -283756
1558693810573 -267913
1558693811525 -268865
1558693811525 -268865
1558693812884 -290072
1558693813794 -290982
1558693813794 -290982
1558693817708 -294896
1558693819309 -276648
1558693823229 -280567
1558693823445 -300633
1558693830027 -272895
1558693835736 -278603
1558693838996 -316156
1558693844719 -305120
1558693851409 -275851
1558693855475 -315875
1558693855485 -315885
1558693860026 -272720
1558693864906 -277600
1558693867032 -327430
1558693871762 -284455
1558693875667 -288359
1558693876641 -289333
1558693880748 -341143
1558693891299 -310414
1558693900132 -319246
1558693900996 -297259
1558693903215 -322329
1558693907266 -286050
1558693911618 -290397
1558693921284 -300057
1558693923247 -289113
1558693923460 -342571
1558693927972 -293837
1558693929924 -295789
1558693931264 -303881
1558693932207 -304824
1558693933188 -305804
1558693934162 -306778
1558693937094 -309710
1558693937744 -287456
1558693940862 -313477
1558693951619 -324233
1558693951619 -324233
1558693956492 -329105
1558693960441 -333053
1558693966099 -338710
1558693968852 -307764
1558693970011 -342620
1558693971785 -310696
1558693976502 -295032
1558693976846 -349453
1558693979447 -297976
1558693980772 -307778
1558693987254 -305782
1558693989423 -316427
1558693993356 -320360
1558693996054 -289387
1558693997246 -324249
1558693997269 -324272
1558694001162 -328165
1558694011538 -304869
1558694015457 -281573
1558694016427 -282543
1558694017409 -283525
1558694019363 -285479
1558694026039 -292154
1558694026039 -292154
1558694028972 -295086
1558694028972 -295086
1558694029311 -356307
1558694030954 -297068
1558694030967 -297081
1558694034851 -300965
1558694034851 -300965
1558694037775 -303066
1558694037939 -333843
1558694040890 -336794
1558694042883 -338787
1558694043827 -339730
1558694045759 -341662
1558694050354 -288451
1558694051628 -347531
1558694070071 -365971
1558694072021 -367921
1558694076588 -293730
1558694077853 -318509
1558694082580 -323235
1558694084555 -325210
1558694090385 -331039
1558694091218 -284482
1558694091218 -284482
1558694092205 -285469
1558694100161 -340813
1558694101813 -295076
1558694103100 -343752
1558694104927 -345578
1558694106752 -300014
1558694109899 -302873
1558694109899 -302873
1558694111144 -351793
1558694114820 -355467
1558694117301 -310273
1558694117600 -358246
1558694118578 -359223
1558694125429 -311674
1558694128196 -314440
1558694131123 -317366
1558694134051 -320293
1558694134889 -302064
1558694137819 -304993
1558694141858 -328096
1558694146475 -287442
1558694149396 -290363
1558694149700 -335935
1558694154708 -340941
1558694157363 -298329
1558694163897 -304721
1558694163897 -304721
1558694166858 -307681
1558694169764 -292114
1558694175750 -314396
1558694176729 -315375
1558694177597 -299946
1558694177597 -299946
1558694180662 -319307
1558694181624 -320269
1558694190164 -290190
1558694191484 -330128
1558694192159 -292185
1558694198054 -298079
1558694206868 -306892
1558694207078 -345720
1558694208798 -308821
1558694208871 -347513
1558694210702 -289384
1558694210788 -349429
1558694217627 -296308
1558694218986 -357625
1558694220897 -359535
1558694223528 -302208
1558694223659 -304155
1558694224375 -303055
1558694225362 -305858
1558694228138 -306818
1558694230126 -308805
1558694230126 -308805
1558694233959 -290360
1558694235121 -315616
1558694243949 -324442
1558694250699 -307098
1558694252566 -282744
1558694266096 -296272
1558694268079 -298254
1558694277830 -307684
1558694281770 -311623
1558694285834 -336037
1558694287503 -291453
1558694287799 -338002
1558694288487 -292437
1558694300422 -350623
1558694306359 -356521
1558694308292 -358454
1558694311930 -295507
1558694312249 -362411
1558694312914 -296491
1558694316874 -300451
1558694317870 -301447
1558694322768 -306341
1558694322877 -321696
1558694326703 -289909
1558694328779 -327597
1558694329679 -292885
1558694330679 -293884
1558694331757 -330575
1558694333704 -332521
1558694334398 -297603
1558694336379 -299583
1558694339600 -338417
1558694340587 -339403
1558694341585 -340401
1558694343360 -342176
1558694345217 -283164
1558694346191 -284137
1558694349159 -287105
1558694349159 -287105
1558694349167 -287113
1558694350247 -349062
1558694354189 -353004
1558694356158 -354972
1558694357142 -355956
1558694361096 -359910
1558694366694 -304464
1558694369763 -308526
1558694371630 -309400
1558694373702 -312465
1558694374703 -313466
1558694382549 -321311
1558694386504 -325265
1558694388170 -300862
1558694393101 -305792
1558694394065 -306756
1558694398987 -288283
1558694401079 -339838
1558694406001 -344759
1558694409945 -348701
1558694412608 -301901
1558694417757 -356511
1558694422540 -361292
1558694423522 -332096
1558694430129 -290353
1558694432376 -340949
1558694432376 -340949
1558694433364 -341937
1558694444892 -305113
1558694448926 -357497
1558694449815 -283964
1558694449908 -358479
1558694452864 -361434
1558694453849 -362419
1558694455825 -364395
1558694459491 -293638
1558694475325 -323528
1558694477286 -325489
1558694479251 -327454
1558694481949 -289844
1558694481949 -289844
1558694483188 -331390
1558694483905 -291799
1558694491786 -299676
1558694491871 -340072
1558694497712 -305600
1558694500508 -308395
1558694500508 -308395
1558694503679 -351878
1558694518171 -300754
1558694525939 -308361
1558694529289 -348330
1558694532332 -351373
1558694544563 -302921
1558694547619 -366658
1558694549617 -368656
1558694549617 -368656
1558694551562 -370600
1558694557462 -318405
1558694560282 -321225
1558694568126 -329030
1558694568126 -329030
1558694573027 -333931
1558694576962 -337866
1558694577946 -338850
1558694582623 -299055
1558694583693 -344597
1558694592535 -353439
1558694603358 -311584
1558694604085 -296089
1558694606050 -298054
1558694606142 -314368
1558694606142 -314368
1558694610078 -318303
1558694612939 -304942
1558694614007 -322232
1558694615894 -280520
1558694615979 -324203
1558694616876 -281501
1558694616885 -281510
1558694619904 -328128
1558694619905 -328129
1558694621873 -330097
1558694624592 -289216
1558694627524 -292148
1558694629490 -294114
1558694633513 -341735
1558694640322 -304944
1558694643133 -307755
1558694644329 -352549
1558694645312 -353531
1558694646049 -283299
1558694650234 -358451
1558694651964 -289213
1558694651968 -289217
1558694652947 -290196
1558694656893 -294142
1558694658850 -296098
1558694663787 -301035
1558694664752 -302000
1558694665811 -343821
1558694668517 -305622
1558694668761 -346771
1558694668761 -346771
1558694670504 -307609
1558694673676 -351685
1558694676624 -354633
1558694676624 -354633
1558694678412 -287299
1558694687276 -365283
1558694688188 -297071
1558694690979 -299861
1558694698847 -289199
1558694699078 -307842
1558694701867 -310631
1558694703780 -294131
1558694703849 -312613
1558694704842 -313605
1558694710652 -301002
1558694714654 -323415
1558694721651 -330411
1558694725704 -293609
1558694726575 -335334
1558694728420 -296325
1558694729312 -297216
1558694734112 -302016
1558694735146 -343901
1558694737107 -345861
1558694748915 -357664
1558694750722 -359470
1558694752635 -302827
1558694755578 -305770
1558694765238 -291991
1558694768194 -294947
1558694769177 -295930
1558694783926 -287235
1558694797534 -300841
1558694810160 -313466
