1558693128094 -4314
1558693128109 -4329
1558693133027 -845
1558693135934 -12153
1558693138847 -6665
1558693139853 -7671
1558693141795 -9613
1558693145655 -21874
1558693147549 -15367
1558693149424 -21300
1558693151285 -26593
1558693153390 -25266
1558693154263 -29570
1558693156134 -23952
1558693158190 -30065
1558693165800 -41107
1558693165846 -33664
1558693169739 -37557
1558693172588 -47895
1558693174512 -49819
1558693174618 -42436
1558693174637 -42455
1558693175579 -43392
1558693177295 -48675
1558693181139 -52519
1558693182263 -44581
1558693184082 -59389
1558693184170 -46488
1558693185083 -60390
1558693187184 -62490
1558693192201 -54518
1558693196726 -68106
1558693199828 -62144
1558693202381 -76804
1558693203348 -77771
1558693204327 -78750
1558693206122 -77502
1558693209918 -81298
1558693211385 -73700
1558693212842 -84222
1558693213052 -87475
1558693214746 -86126
1558693216934 -91357
1558693218613 -84945
1558693222496 -88828
1558693223473 -89805
1558693227196 -93528
1558693228435 -102857
1558693232085 -98417
1558693232312 -106734
1558693232764 -94762
1558693233285 -107707
1558693234260 -108682
1558693234747 -96745
1558693235946 -102278
1558693240083 -111456
1558693240798 -107129
1558693241897 -113270
1558693242513 -104511
1558693242513 -104511
1558693243832 -115205
1558693244495 -106493
1558693249704 -121077
1558693251339 -117670
1558693256183 -122514
1558693259946 -121935
1558693261040 -127206
1558693261906 -123895
1558693262980 -129146
1558693263383 -134754
1558693263951 -130117
1558693265819 -127808
1558693266863 -133029
1558693268112 -139482
1558693268806 -134972
1558693270754 -136919
1558693270754 -136919
1558693274477 -140642
1558693275447 -141611
1558693276943 -148313
1558693277909 -149278
1558693285309 -146084
1558693294102 -154877
1558693305121 -175059
1558693307059 -176997
1558693308030 -177968
1558693315146 -177756
1558693315706 -185643
1558693320541 -190478
1558693322531 -192467
1558693325978 -186602
1558693326938 -187562
1558693328548 -191156
1558693333401 -196009
1558693334241 -204177
1558693335355 -197962
1558693336999 -205436
1558693338684 -199307
1558693338684 -199307
1558693339246 -201853
1558693339934 -208371
1558693347807 -210414
1558693348797 -210834
1558693352219 -212841
1558693355619 -224055
1558693356114 -216736
1558693358546 -226982
1558693359065 -219687
1558693361986 -222607
1558693369026 -231062
1558693369098 -237532
1558693380393 -240175
1558693380691 -242727
1558693381402 -241184
1558693386511 -248547
1558693392961 -252743
1558693397037 -259043
1558693398807 -258589
1558693401743 -261525
1558693401899 -263905
1558693401899 -263905
1558693415681 -284105
1558693418208 -277989
1558693418621 -287045
1558693420204 -282209
1558693424133 -270827
1558693424501 -292925
1558693429912 -276605
1558693431319 -299742
1558693434319 -302443
1558693437816 -280678
1558693437843 -280705
1558693441393 -288085
1558693444307 -290998
1558693445808 -313932
1558693447386 -290247
1558693449337 -292198
1558693464802 -297958
1558693466756 -299912
1558693469099 -311903
1558693480663 -323466
1558693489456 -332257
1558693492390 -335191
1558693515702 -3584
1558693518559 -5297
1558693522444 -70
1558693525862 -3487
1558693529314 -16051
1558693536885 -23622
1558693537033 -24914
1558693537860 -24596
1558693538824 -25560
1558693538966 -26847
1558693540948 -28829
1558693544647 -31383
1558693550461 -37197
1558693550688 -38569
1558693553619 -41500
1558693555319 -38614
1558693557002 -34625
1558693560914 -38536
1558693562258 -50138
1558693565242 -53122
1558693569095 -56975
1558693570074 -57954
1558693571495 -49116
1558693571668 -54418
1558693573985 -61864
1558693574425 -51607
1558693574962 -62841
1558693588168 -65350
1558693590483 -78362
1558693591077 -68259
1558693593822 -71004
1558693594798 -71980
1558693594805 -77553
1558693595343 -83222
1558693596781 -73963
1558693597733 -74915
1558693599662 -82410
1558693600635 -83383
1558693602581 -85329
1558693603555 -86303
1558693607571 -84752
1558693610462 -87643
1558693611165 -93912
1558693612136 -94883
1558693613782 -101641
1558693615058 -97805
1558693617964 -94599
1558693620062 -97219
1558693623788 -100422
1558693626738 -103372
1558693627432 -115291
1558693630836 -107993
1558693632378 -109012
1558693634734 -111891
1558693635114 -122973
1558693635354 -111988
1558693636037 -123896
1558693637995 -125854
1558693638975 -126834
1558693641405 -118562
1558693645316 -122473
1558693645971 -122605
1558693654127 -131283
1558693659018 -136174
1558693663244 -151102
1558693666207 -142838
1558693666667 -137472
1558693668628 -139433
1558693669602 -140407
1558693673129 -149760
1558693676454 -147258
1558693676454 -147258
1558693677874 -154505
1558693681396 -152200
1558693682648 -159279
1558693683311 -154115
1558693683543 -160174
1558693684283 -155087
1558693684608 -171367
1558693691355 -162676
1558693692299 -163620
1558693693390 -180148
1558693694262 -165583
1558693694385 -181143
1558693695849 -166652
1558693698125 -169446
1558693698289 -185047
1558693700222 -186979
1558693700744 -171546
1558693702814 -174135
1558693706897 -193654
1558693707663 -178983
1558693707663 -178983
1558693707872 -194629
1558693709616 -180936
1558693713285 -184086
1558693713285 -184086
1558693715245 -186046
1558693721110 -191911
1558693723181 -194500
1558693724482 -211237
1558693726285 -211214
1558693727883 -199202
1558693731770 -203088
1558693734695 -206013
1558693735666 -206984
1558693738564 -209284
1558693739958 -224886
1558693741484 -212204
1558693742451 -211623
1558693744849 -229777
1558693745885 -230813
1558693748760 -233688
1558693752253 -222972
1558693758793 -227964
1558693763256 -248152
1558693764674 -233845
1558693765643 -234814
1558693765657 -234828
1558693766252 -251148
1558693767544 -236715
1558693768695 -239414
1558693770662 -241381
1558693773644 -244363
1558693778069 -247239
1558693780483 -249035
1558693784178 -252730
1558693785835 -255004
1558693788090 -256642
1558693790694 -259863
1558693792659 -261828
1558693794617 -262904
1558693800878 -269430
1558693802107 -287001
1558693806980 -291874
1558693807550 -275852
1558693808187 -276474
1558693810912 -295806
1558693811456 -279758
1558693812432 -280733
1558693812845 -297739
1558693812871 -296122
1558693820290 -288591
1558693821256 -289557
1558693825383 -308634
1558693827059 -289326
1558693827295 -295581
1558693831810 -294076
1558693835076 -303362
1558693838001 -306287
1558693839923 -308209
1558693841939 -325190
1558693844507 -306772
1558693847698 -330948
1558693848427 -310691
1558693853380 -321226
1558693853533 -336283
1558693858234 -326080
1558693858234 -326080
1558693861915 -302875
1558693866257 -349006
1558693867826 -307577
1558693871016 -353765
1558693873621 -313371
1558693873642 -313392
1558693873684 -301000
1558693874589 -314339
1558693876536 -316286
1558693879442 -319191
1558693883257 -285523
1558693885261 -325009
1558693885596 -368345
1558693890488 -373236
1558693891892 -331639
1558693899125 -348145
1558693902725 -342470
1558693902725 -342470
1558693905779 -345523
1558693910701 -312860
1558693910701 -312860
1558693911078 -360096
1558693911226 -360244
1558693911576 -294582
1558693913422 -296427
1558693913571 -315729
1558693914378 -297383
1558693917345 -297283
1558693920888 -303892
1558693924181 -304117
1558693926360 -375376
1558693928899 -308835
1558693933788 -313723
1558693933788 -313723
1558693937389 -320196
1558693939695 -293402
1558693939859 -316328
1558693945528 -299234
1558693945717 -322184
1558693945717 -322184
1558693946690 -323156
1558693947650 -324116
1558693949447 -303152
1558693952536 -329000
1558693956658 -339462
1558693957432 -333894
1558693958076 -311780
1558693958427 -334889
1558693959424 -335886
1558693960383 -336839
1558693961018 -314721
1558693962384 -345186
1558693966053 -342507
1558693971767 -325456
1558693974872 -351323
1558693977796 -354246
1558693979833 -311627
1558693980728 -357177
1558693982673 -359121
1558693985644 -317437
1558693986457 -318250
1558693987241 -317616
1558693988370 -364816
1558693989392 -321185
1558693990339 -366785
1558693993101 -323475
1558693993275 -369720
1558693993275 -325067
1558693996041 -311743
1558693996041 -311743
1558693996042 -311744
1558693996176 -327968
1558694001025 -332816
1558694005871 -337661
1558694006843 -338633
1558694006938 -383378
1558694007920 -384360
1558694008907 -385347
1558694010716 -387155
1558694013490 -345279
1558694013634 -390072
1558694015429 -347217
1558694016400 -348188
1558694016550 -392987
1558694018510 -394946
1558694021267 -353053
1558694022234 -354020
1558694023215 -302733
1558694026024 -307845
1558694028956 -310776
1558694031924 -313744
1558694033176 -359949
1558694033736 -313253
1558694034835 -316655
1558694034835 -316655
1558694037759 -319578
1558694038592 -318108
1558694039578 -319094
1558694041729 -293403
1558694044655 -296329
1558694045452 -297126
1558694046338 -325853
1558694048285 -327800
1558694056859 -336373
1558694060095 -311767
1558694061071 -312743
1558694061184 -387953
1558694062697 -342210
1558694065958 -317629
1558694066073 -349266
1558694068026 -351219
1558694068026 -351219
1558694070725 -322395
1558694071003 -354195
1558694073657 -301000
1558694075330 -295321
1558694078234 -298225
1558694080174 -300165
1558694081763 -364954
1558694081966 -301956
1558694084867 -304857
1558694085464 -368654
1558694087427 -370617
1558694091668 -311657
1558694094256 -377445
1558694096526 -316514
1558694097185 -380374
1558694099139 -382328
1558694106885 -390072
1558694107101 -327088
1558694108170 -328157
1558694109915 -314927
1558694110190 -339891
1558694115540 -320551
1558694117286 -322297
1558694121205 -300013
1558694121462 -351161
1558694122590 -342574
1558694123432 -353131
1558694125110 -303918
1558694125366 -355065
1558694127363 -357062
1558694128308 -358007
1558694130194 -350175
1558694130194 -350175
1558694131942 -310749
1558694131942 -310749
1558694136025 -297084
1558694137807 -316614
1558694139772 -318578
1558694141601 -320367
1558694144768 -305826
1558694144769 -305827
1558694145742 -306800
1558694146708 -376404
1558694147685 -377381
1558694148422 -327187
1558694148442 -327207
1558694149643 -310700
1558694153288 -314263
1558694153406 -346289
1558694157503 -350385
1558694166817 -313388
1558694167791 -314362
1558694170723 -317293
1558694170989 -363870
1558694171821 -332874
1558694171988 -364868
1558694178451 -339501
1558694178452 -339502
1558694179529 -326098
1558694180394 -341443
1558694180514 -327083
1558694181371 -342420
1558694182474 -329043
1558694189469 -382347
1558694191183 -311645
1558694191447 -384325
1558694191502 -384379
1558694193988 -315272
1558694199013 -319474
1558694199262 -366719
1558694203929 -324390
1558694209761 -300157
1558694213431 -303827
1558694214225 -335506
1558694214225 -335506
1558694214430 -304826
1558694216618 -307014
1558694219614 -310009
1558694219872 -387326
1558694220860 -311255
1558694221357 -342637
1558694222576 -312971
1558694222706 -390160
1558694226236 -393689
1558694227718 -348997
1558694231542 -352821
1558694232517 -353795
1558694234030 -401482
1558694239392 -304871
1558694245753 -306071
1558694245943 -357265
1558694251020 -316497
1558694251936 -317413
1558694252563 -363884
1558694253456 -364777
1558694257355 -317671
1558694257355 -317671
1558694257393 -368714
1558694258283 -318599
1558694258579 -324055
1558694259286 -370606
1558694259552 -325028
1558694262285 -373605
1558694263462 -328938
1558694264178 -375497
1558694267399 -332874
1558694273025 -310998
1558694283532 -321504
1558694286481 -324452
1558694287735 -353205
1558694288711 -354180
1558694289452 -348314
1558694298313 -315960
1558694302231 -319877
1558694303054 -361914
1558694303210 -320418
1558694304200 -321846
1558694306991 -365851
1558694307968 -366828
1558694311023 -328230
1558694311023 -328230
1558694311901 -306203
1558694313955 -331161
1558694317861 -312162
1558694319660 -336865
1558694320794 -315095
1558694322739 -317040
1558694322739 -317040
1558694324566 -341771
1558694325543 -342748
1558694326534 -343738
1558694327502 -344706
1558694329497 -346701
1558694330487 -347691
1558694330487 -347691
1558694332413 -346764
1558694338298 -302494
1558694341244 -305440
1558694342003 -359203
1558694343953 -312917
1558694345045 -359395
1558694346882 -315846
1558694351087 -315282
1558694351905 -366254
1558694363713 -327684
1558694365283 -334245
1558694366261 -335223
1558694367655 -308497
1558694368225 -337186
1558694368634 -309476
1558694369641 -310483
1558694370183 -339144
1558694374103 -343064
1558694374568 -315409
1558694378475 -319315
1558694388583 -357541
1558694389561 -358518
1558694400774 -381800
1558694401279 -306694
1558694402740 -322233
1558694405688 -386713
1558694407688 -327180
1558694409099 -314511
1558694410613 -330104
1558694411575 -343092
1558694412852 -318262
1558694416487 -348004
1558694416487 -348004
1558694417630 -313810
1558694420510 -316690
1558694420712 -326119
1558694422237 -353753
1558694422626 -328032
1558694426534 -331938
1558694427509 -332913
1558694429134 -325312
1558694430441 -335844
1558694431422 -336824
1558694432038 -363553
1558694434994 -366508
1558694434997 -366511
1558694436151 -341551
1558694437943 -369457
1558694439762 -371276
1558694439762 -371276
1558694439958 -315736
1558694440942 -316720
1558694442711 -374224
1558694442711 -374224
1558694445651 -377164
1558694445875 -321652
1558694445875 -321652
1558694447625 -379138
1558694447836 -323613
1558694448599 -380112
1558694448603 -380115
1558694454549 -330325
1558694456515 -332291
1558694456677 -304299
1558694457502 -308026
1558694457656 -305277
1558694458488 -309012
1558694461405 -309026
1558694462435 -312958
1558694464448 -314971
1558694466390 -316913
1558694472031 -360052
1558694472143 -319762
1558694474096 -321715
1558694474230 -324752
1558694475965 -363985
1558694477030 -324649
1558694478009 -325628
1558694478922 -366942
1558694480947 -328565
1558694483723 -331341
1558694484890 -313170
1558694485875 -314155
1558694486859 -315139
1558694489614 -337231
1558694490584 -378602
1558694494531 -382548
1558694496420 -344035
1558694501373 -348655
1558694503264 -350872
1558694503346 -350628
1558694503346 -350628
1558694504411 -302530
1558694506194 -353801
1558694506304 -353585
1558694507982 -355589
1558694509306 -307424
1558694510973 -358579
1558694515812 -303532
1558694516943 -364223
1558694516943 -364223
1558694518163 -316280
1558694521875 -369154
1558694527961 -375239
1558694528987 -376265
1558694531583 -319291
1558694531687 -319395
1558694532702 -320410
1558694535527 -382804
1558694539410 -334023
1558694539653 -307622
1558694541066 -328772
1558694542347 -336960
1558694542598 -310567
1558694543014 -330720
1558694546367 -314335
1558694546920 -334625
1558694547354 -315322
1558694552784 -340488
1558694552786 -340490
1558694552787 -340491
1558694554154 -348766
1558694555151 -349763
1558694555237 -323204
1558694557513 -345216
1558694559170 -300886
1558694561461 -349162
1558694561479 -349180
1558694562893 -357504
1558694566319 -354019
1558694569018 -310733
1558694569252 -356951
1558694573155 -360852
1558694573764 -315478
1558694574649 -369258
1558694582641 -324338
1558694583736 -304799
1558694584712 -305775
1558694587647 -308710
1558694589484 -331180
1558694590575 -311638
1558694591181 -359550
1558694591571 -312633
1558694592438 -334133
1558694596453 -317515
1558694597193 -324140
1558694599383 -320445
1558694602314 -323375
1558694603125 -324186
1558694607741 -376107
1558694608018 -316485
1558694609002 -317469
1558694609966 -331026
1558694611723 -380089
1558694614624 -382989
1558694615821 -336881
1558694616873 -325339
1558694617582 -385947
1558694618545 -386910
1558694618671 -327136
1558694620644 -329109
1558694621634 -330099
1558694624462 -392825
1558694627387 -348443
1558694627526 -305740
1558694629336 -350391
1558694630485 -308699
1558694639141 -304763
1558694642057 -307679
1558694642961 -354989
1558694643944 -355972
1558694643996 -309618
1558694651671 -317292
1558694654755 -366778
1558694655572 -321192
1558694666317 -331936
1558694666547 -314474
1558694667293 -332912
1558694670357 -351932
1558694671306 -352881
1558694674254 -355828
1558694688841 -370409
1558694689170 -306925
1558694689986 -307741
1558694690967 -308722
1558694692625 -358238
1558694693007 -310762
1558694697700 -379265
1558694705730 -323483
1558694714418 -331970
1558694717189 -338437
1558694722464 -309836
1558694730923 -352170
1558694731889 -353135
1558694733145 -320513
1558694733270 -334915
1558694736078 -323444
1558694739635 -360880
1558694740091 -341733
1558694740825 -294964
1558694740830 -294968
1558694742583 -363828
1558694752244 -373488
1558694754210 -375453
1558694755584 -309720
1558694762403 -312481
1558694764048 -356347
1558694764276 -318411
1558694764276 -318411
1558694767290 -317367
1558694770053 -320130
1558694777055 -302827
1558694777055 -302827
1558694777881 -327957
1558694782762 -332837
1558694786735 -312506
1558694787647 -337722
1558694787647 -337722
1558694793619 -319389
