1558693126300 -2521
1558693127329 -3860
1558693132676 -1949
1558693134864 -11394
1558693136891 -13421
1558693139563 -8836
1558693140775 -16995
1558693141743 -17963
1558693142714 -18014
1558693143676 -18976
1558693144659 -19959
1558693149145 -25628
1558693149155 -25638
1558693150157 -26640
1558693151127 -27222
1558693151147 -27242
1558693152299 -27598
1558693153085 -29180
1558693159841 -29114
1558693163685 -39780
1558693163867 -39166
1558693165596 -34868
1558693165671 -41765
1558693165671 -41765
1558693170393 -46487
1558693171405 -40677
1558693172504 -38915
1558693173406 -39817
1558693178121 -54212
1558693181022 -47433
1558693183128 -58426
1558693183936 -60027
1558693184953 -51364
1558693189272 -63710
1558693189272 -63710
1558693191981 -68071
1558693193638 -69728
1558693194709 -61119
1558693195709 -70147
1558693195709 -62119
1558693198495 -73957
1558693199592 -66002
1558693201264 -76726
1558693201332 -67742
1558693203379 -77817
1558693207089 -82551
1558693208172 -74582
1558693209150 -75560
1558693209150 -75560
1558693209206 -83644
1558693210182 -84620
1558693211950 -87412
1558693212099 -78509
1558693214060 -88498
1558693215841 -91303
1558693216808 -92270
1558693217953 -84358
1558693217956 -84361
1558693218588 -94050
1558693218588 -94050
1558693219720 -94158
1558693227340 -102801
1558693227584 -93989
1558693229282 -104743
1558693230257 -105718
1558693232208 -107669
1558693235141 -110602
1558693235306 -106637
1558693237066 -112527
1558693241756 -117217
1558693242735 -116416
1558693243704 -117385
1558693245885 -117216
1558693255365 -129042
1558693257339 -131016
1558693259575 -130906
1558693259681 -125359
1558693263599 -129277
1558693266855 -140532
1558693267829 -141506
1558693275060 -146391
1558693281062 -151042
1558693281489 -155164
1558693282926 -152905
1558693288081 -161756
1558693289047 -162722
1558693289048 -162723
1558693290841 -154531
1558693294542 -164521
1558693297524 -161214
1558693297855 -169745
1558693298825 -170715
1558693299334 -169313
1558693299799 -171689
1558693301292 -171271
1558693302301 -172280
1558693302390 -165871
1558693305673 -177563
1558693310574 -182464
1558693311556 -183446
1558693312050 -182029
1558693313138 -176619
1558693315309 -187199
1558693315825 -185804
1558693316774 -186753
1558693317038 -180518
1558693318008 -181488
1558693321768 -185248
1558693322642 -192621
1558693322643 -192622
1558693323641 -193587
1558693324595 -194541
1558693329977 -201867
1558693331551 -195031
1558693333875 -205765
1558693336438 -199918
1558693340579 -212450
1558693348002 -210493
1558693349900 -218317
1558693350390 -222261
1558693352780 -221197
1558693352880 -215371
1558693357799 -220286
1558693359635 -228052
1558693363644 -226131
1558693365329 -233745
1558693365329 -233745
1558693370696 -242567
1558693376569 -245445
1558693377066 -245481
1558693378146 -240632
1558693385962 -248448
1558693386942 -249428
1558693387679 -256085
1558693394620 -257106
1558693396581 -259067
1558693398879 -267754
1558693402344 -270503
1558693405826 -274701
1558693406405 -268890
1558693407317 -269802
1558693407317 -269802
1558693408492 -277367
1558693410999 -279158
1558693411970 -280129
1558693412934 -281093
1558693415132 -277573
1558693416936 -279377
1558693417812 -285971
1558693419273 -288148
1558693419769 -287928
1558693421247 -290122
1558693421832 -269683
1558693422887 -270738
1558693423198 -292073
1558693424189 -293064
1558693424666 -292825
1558693424666 -292825
1558693425126 -294001
1558693433501 -301659
1558693436595 -284445
1558693436763 -289450
1558693443133 -311291
1558693444044 -312202
1558693447959 -316117
1558693452853 -304370
1558693459987 -312671
1558693460765 -296053
1558693461496 -313012
1558693461957 -314641
1558693462922 -315606
1558693469765 -306971
1558693475625 -312831
1558693476601 -313806
1558693482834 -334348
1558693483283 -320485
1558693493591 -345102
1558693498926 -336123
1558693502388 -332598
1558693502675 -339871
1558693509379 -9
1558693514608 -3688
1558693518489 -7569
1558693525578 -16207
1558693525696 -355901
1558693528310 -17390
1558693528501 -19130
1558693529508 -20137
1558693530459 -21088
1558693533382 -363584
1558693534334 -364536
1558693534970 -24050
1558693535320 -365522
1558693536293 -366494
1558693536936 -26016
1558693538110 -28737
1558693538922 -28728
1558693539091 -29718
1558693541859 -30939
1558693542123 -32750
1558693543049 -33676
1558693544956 -35583
1558693545937 -36564
1558693547684 -36763
1558693549540 -39346
1558693550475 -40281
1558693554735 -45362
1558693556337 -46143
1558693556339 -46145
1558693565956 -55762
1558693569014 -55133
1558693570221 -58740
1558693570972 -57091
1558693573784 -63588
1558693573898 -60017
1558693574138 -62657
1558693577114 -65633
1558693579023 -67542
1558693581615 -71419
1558693584748 -73267
1558693587535 -73654
1558693587748 -76267
1558693590425 -76544
1558693591253 -77318
1558693593208 -79273
1558693593348 -79467
1558693594322 -80441
1558693595508 -84027
1558693597117 -83182
1558693597117 -83182
1558693597468 -85987
1558693598076 -84141
1558693602327 -90846
1558693604057 -90003
1558693607079 -93687
1558693608832 -94894
1558693612703 -98647
1558693615509 -101571
1558693619432 -105493
1558693622704 -109311
1558693624305 -110366
1558693629377 -115983
1558693630131 -116074
1558693631149 -117209
1558693632144 -118204
1558693633104 -119164
1558693634042 -119985
1558693635097 -121157
1558693637947 -123890
1558693639802 -125862
1558693639910 -125853
1558693640130 -119342
1558693643712 -129724
1558693644786 -130729
1558693646977 -126189
1558693653478 -139490
1558693654473 -140484
1558693657574 -136785
1558693658326 -144268
1558693659524 -138735
1558693660499 -139710
1558693665056 -151066
1558693665173 -145522
1558693666140 -146489
1558693668097 -148446
1558693669125 -149474
1558693672009 -152358
1558693672233 -151444
1558693672973 -158983
1558693675923 -156271
1558693677762 -163772
1558693680043 -159254
1558693681971 -161182
1558693684574 -164922
1558693686533 -166881
1558693686533 -166881
1558693686768 -163210
1558693688476 -168823
1558693690650 -167092
1558693693359 -173706
1558693693582 -170024
1558693694268 -174545
1558693695309 -175656
1558693696526 -172968
1558693699301 -175742
1558693701057 -181334
1558693703200 -179641
1558693707109 -183550
1558693710046 -186486
1558693710792 -191138
1558693714745 -194549
1558693715598 -195875
1558693720444 -200721
1558693722593 -199032
1558693723394 -203671
1558693723579 -200018
1558693724553 -200992
1558693727305 -207582
1558693727311 -207588
1558693730316 -210593
1558693731034 -211311
1558693732014 -212283
1558693734987 -215256
1558693735966 -216235
1558693739011 -218813
1558693742145 -214627
1558693742146 -214628
1558693744851 -224653
1558693745736 -225889
1558693745736 -225889
1558693745874 -225676
1558693747696 -227849
1558693748605 -228407
1558693749583 -229385
1558693752527 -232328
1558693754690 -227172
1558693757287 -237439
1558693757401 -237202
1558693760236 -240388
1558693763259 -240249
1558693763502 -235984
1558693764534 -237016
1558693766175 -246327
1558693768146 -245136
1558693770210 -242691
1558693771936 -248926
1558693772969 -253120
1558693777766 -254756
1558693777800 -257951
1558693778000 -250481
1558693778632 -258783
1558693778632 -258783
1558693778988 -250208
1558693781910 -253130
1558693783863 -255083
1558693785815 -257035
1558693790360 -270511
1558693794525 -265744
1558693798431 -264965
1558693800336 -277038
1558693801417 -267951
1558693804893 -281595
1558693807891 -284593
1558693808879 -285581
1558693809024 -286013
1558693809871 -286572
1558693811153 -277685
1558693813123 -279655
1558693813722 -290423
1558693813722 -290423
1558693814831 -291390
1558693816029 -265032
1558693822728 -271730
1558693824454 -301013
1558693825419 -301978
1558693827549 -276551
1558693829493 -278495
1558693833521 -282522
1558693837098 -300849
1558693841980 -305730
1558693843840 -320541
1558693845986 -283545
1558693847787 -324488
1558693848688 -312437
1558693849864 -287422
1558693856483 -320231
1558693861600 -299157
1558693865162 -327722
1558693867139 -329699
1558693870328 -268001
1558693871098 -333657
1558693871988 -335734
1558693871988 -335734
1558693874171 -271844
1558693874171 -271843
1558693874770 -337329
1558693880671 -343229
1558693882948 -280620
1558693884679 -306308
1558693885541 -348098
1558693885887 -283558
1558693886510 -349067
1558693886861 -284532
1558693887611 -309239
1558693890418 -352974
1558693891395 -353951
1558693899193 -320820
1558693900436 -298105
1558693904250 -341047
1558693904559 -302228
1558693905743 -303412
1558693909320 -330946
1558693911001 -347794
1558693911149 -332774
1558693914794 -336419
1558693916857 -289424
1558693921414 -358204
1558693922498 -318416
1558693922710 -295276
1558693922712 -295278
1558693927250 -364037
1558693927370 -323287
1558693930527 -303092
1558693930529 -303094
1558693935197 -331114
1558693937157 -333073
1558693941879 -337795
1558693942108 -314671
1558693944807 -340722
1558693946039 -297070
1558693946701 -356406
1558693949706 -345620
1558693958392 -368096
1558693958727 -309756
1558693958729 -309758
1558693959498 -355410
1558693959498 -355410
1558693962507 -313536
1558693965217 -374920
1558693966196 -375899
1558693970920 -380622
1558693971040 -295121
1558693971269 -294306
1558693973231 -296267
1558693977139 -300175
1558693977140 -300176
1558693977901 -301979
1558693980715 -390414
1558693981693 -391392
1558693983987 -307022
1558693987519 -311593
1558693988544 -320572
1558693988729 -311763
1558693990457 -314530
1558693991434 -315507
1558693992429 -316501
1558693992463 -324490
1558693995558 -293325
1558694003382 -301149
1558694005339 -303105
1558694007055 -331122
1558694011808 -335874
1558694013766 -337831
1558694018638 -342701
1558694019493 -351516
1558694021467 -353490
1558694024774 -292403
1558694026697 -294326
1558694026697 -294326
1558694029381 -353441
1558694029634 -297262
1558694030277 -333133
1558694032314 -356372
1558694035089 -359146
1558694035131 -337985
1558694036063 -360120
1558694040023 -342875
1558694041969 -334041
1558694045843 -337914
1558694048656 -351505
1558694049637 -352485
1558694051708 -343779
1558694051709 -343780
1558694055514 -358360
1558694056611 -348681
1558694060352 -352422
1558694062310 -354379
1558694062564 -300042
1558694064142 -366985
1558694068181 -360250
1558694069027 -349446
1558694070028 -350447
1558694071138 -363206
1558694071380 -308857
1558694074282 -311758
1558694074893 -355311
1558694078820 -359238
1558694081750 -318968
1558694085654 -366071
1558694089402 -369818
1558694090501 -327717
1558694090744 -295279
1558694091478 -328694
1558694092459 -329675
1558694099543 -304075
1558694101134 -381548
1558694102489 -307020
1558694104312 -308843
1558694112457 -286857
1558694113079 -350292
1558694113448 -287848
1558694114325 -288725
1558694116743 -353956
1558694121884 -296283
1558694123818 -298217
1558694127578 -301977
1558694131502 -305900
1558694138939 -366940
1558694141059 -348511
1558694143964 -351415
1558694145783 -373781
1558694148102 -299175
1558694153621 -381615
1558694155722 -363168
1558694155821 -357593
1558694161279 -363050
1558694166153 -367924
1558694167266 -324256
1558694170062 -371832
1558694172181 -329170
1558694180798 -337786
1558694181794 -383563
1558694181794 -383563
1558694183954 -289386
1558694190606 -347593
1558694193374 -395141
1558694194347 -396114
1558694195330 -397097
1558694196502 -353488
1558694199297 -348546
1558694199463 -356449
1558694201248 -350496
1558694201267 -350515
1558694204175 -361160
1558694205442 -310871
1558694209048 -306889
1558694209876 -359123
1558694212911 -310751
1558694214106 -287486
1558694214776 -364022
1558694222997 -296375
1558694223896 -321735
1558694226674 -300052
1558694227471 -376715
1558694228443 -377687
1558694229625 -303003
1558694231186 -380430
1558694232289 -330127
1558694235532 -308909
1558694236494 -309871
1558694240182 -338018
1558694241040 -390282
1558694243965 -336884
1558694248242 -297256
1558694250264 -299278
1558694251149 -300163
1558694252080 -301094
1558694252767 -345684
1558694254491 -347408
1558694257586 -355417
1558694257868 -306881
1558694258846 -307859
1558694259369 -352285
1558694260349 -353265
1558694261359 -354275
1558694270333 -338065
1558694272165 -365079
1558694274077 -366990
1558694276018 -343749
1558694277001 -344732
1558694281700 -374610
1558694283892 -351622
1558694285860 -353590
1558694288543 -355349
1558694289198 -312053
1558694292142 -314996
1558694292744 -360473
1558694293458 -360263
1558694293936 -316790
1558694294442 -361247
1558694299462 -367190
1558694299462 -367190
1558694299849 -293531
1558694300350 -367155
1558694303127 -369931
1558694303127 -369931
1558694304381 -372107
1558694310665 -304345
1558694311266 -323734
1558694311689 -305369
1558694316575 -310254
1558694316575 -310254
1558694318155 -330622
1558694320332 -314011
1558694322816 -389617
1558694322908 -335374
1558694323807 -390608
1558694323807 -390608
1558694327227 -298354
1558694328216 -299343
1558694328553 -340008
1558694330814 -343279
1558694332143 -303269
1558694332744 -345209
1558694341337 -352790
1558694343402 -355864
1558694345271 -356724
1558694346741 -317864
1558694350025 -361477
1558694350683 -292044
1558694354612 -295972
1558694356581 -297941
1558694358881 -370332
1558694359543 -300903
1558694362088 -321088
1558694365442 -306801
1558694366756 -378205
1558694367244 -308603
1558694370208 -311566
1558694374754 -333753
1558694375441 -339281
1558694378648 -337646
1558694379637 -338635
1558694383318 -347157
1558694387253 -351092
1558694388887 -301077
1558694389701 -301891
1558694390689 -302879
1558694394620 -306809
1558694397578 -309767
1558694398555 -310743
1558694400558 -312746
1558694405489 -317677
1558694406438 -318625
1558694410944 -331798
1558694413671 -377506
1558694422588 -343441
1558694423974 -306014
1558694427255 -363102
1558694434399 -355250
1558694435134 -370980
1558694436130 -371976
1558694441116 -361965
1558694442015 -377860
1558694442503 -294398
1558694445785 -381629
1558694446770 -382614
1558694449973 -319666
1558694453665 -389508
1558694457589 -393430
1558694458572 -339006
1558694458837 -328529
1558694459227 -311120
1558694461195 -313088
1558694462011 -313904
1558694467470 -347903
1558694467485 -347918
1558694468507 -338198
1558694472834 -295725
1558694473428 -343118
1558694476114 -356546
1558694478738 -301628
1558694479065 -359496
1558694480317 -350006
1558694480713 -303603
1558694481034 -361465
1558694496882 -317031
1558694498257 -287085
1558694498848 -318997
1558694499241 -288069
1558694500823 -320971
1558694504480 -354760
1558694505742 -325890
1558694507108 -295935
1558694508692 -328839
1558694510910 -299736
1558694511521 -331668
1558694511537 -331684
1558694516786 -305611
1558694527339 -347480
1558694529353 -349494
1558694530148 -380425
1558694530483 -350623
1558694533986 -384262
1558694535387 -301788
1558694536312 -302713
1558694540229 -306629
1558694540823 -327661
1558694543502 -393776
1558694545470 -347076
1558694551061 -317460
1558694553019 -285286
1558694556293 -357897
1558694557552 -344387
1558694557789 -290056
1558694560360 -347195
1558694565183 -366786
1558694570919 -372521
1558694571551 -303816
1558694576784 -378385
1558694577771 -379372
1558694578756 -380357
1558694580726 -382327
1558694581235 -313499
1558694581248 -313512
1558694584661 -386261
1558694585744 -332350
1558694589103 -295943
1558694592356 -341459
1558694593030 -299869
1558694594329 -343431
1558694595309 -344411
1558694599948 -306787
1558694606642 -313480
1558694607626 -314464
1558694608213 -354818
1558694609083 -358183
1558694612579 -290232
1558694613530 -291183
1558694614111 -360716
1558694616080 -362685
1558694620415 -298065
1558694621709 -370808
1558694623365 -301014
1558694623706 -372805
1558694623714 -372813
1558694627886 -325272
1558694628595 -377692
1558694629579 -378676
1558694633054 -310699
1558694634605 -331990
1558694635591 -332975
1558694636468 -358422
1558694637294 -359248
1558694637957 -315600
1558694640911 -318554
1558694641904 -293179
1558694642475 -339859
1558694642475 -339859
1558694646405 -343788
1558694646813 -298088
1558694647137 -369089
1558694650755 -302029
1558694654279 -351661
1558694656500 -307773
1558694656970 -378921
1558694658048 -355430
1558694661003 -358384
1558694661727 -383677
1558694664402 -315674
1558694667645 -389594
1558694668882 -366262
1558694670300 -295140
1558694671250 -296090
1558694674778 -320515
1558694676485 -344828
1558694679538 -325274
1558694682915 -307754
1558694682924 -307763
1558694683373 -351715
1558694688389 -334124
1558694689374 -335109
1558694690358 -336093
1558694692096 -360437
1558694693099 -361440
1558694695093 -363434
1558694695333 -341067
1558694697968 -366308
1558694698250 -343984
1558694701423 -296953
1558694704955 -350687
1558694706927 -352659
1558694707908 -353639
1558694712560 -380898
1558694713814 -359543
1558694714821 -360550
1558694715196 -310724
1558694716205 -311733
1558694717163 -312691
1558694718737 -334166
1558694721507 -340157
1558694724963 -340391
1558694728030 -296142
1558694730445 -349094
1558694730966 -299078
1558694733737 -301848
1558694736675 -304786
1558694739939 -358587
1558694743879 -362526
1558694744139 -359565
1558694744546 -312656
1558694747496 -315606
1558694748795 -367442
1558694751265 -300811
1558694760120 -309663
1558694762090 -311632
1558694763070 -312612
1558694765040 -314581
1558694778646 -303797
1558694789465 -314615
1558694799134 -293990
1558694804056 -298911
