1558693131871 -17
1558693142575 -10721
1558693146506 -14651
1558693150308 -18453
1558693157942 -25774
1558693161829 -29661
1558693165676 -33506
1558693167584 -35414
1558693169557 -37387
1558693171606 -39436
1558693180077 -47907
1558693192894 -60724
1558693195748 -63577
1558693197650 -65479
1558693198613 -66442
1558693228416 -90740
1558693251712 -114035
1558693257595 -119918
1558693268365 -130348
1558693280964 -142946
1558693286918 -148899
1558693288695 -150676
1558693290710 -152691
1558693293700 -155681
1558693301261 -163241
1558693318856 -179640
1558693324542 -185324
1558693328453 -189235
1558693329443 -190225
1558693329443 -190225
1558693329443 -190225
1558693333370 -194152
1558693339228 -200009
1558693341202 -201983
1558693352730 -213510
1558693353710 -214490
1558693368389 -228984
1558693377011 -237605
1558693400320 -260914
1558693401306 -261900
1558693403260 -263854
1558693408153 -268747
1558693414007 -274601
1558693414988 -275581
1558693415973 -276566
1558693425576 -285606
1558693430466 -290496
1558693435525 -295555
1558693439325 -299355
1558693446914 -294526
1558693453757 -301368
1558693461592 -300688
1558693468258 -295778
1558693479993 -307510
1558693515585 -40
1558693519145 -3600
1558693525983 -10437
1558693526965 -11419
1558693527941 -12395
1558693532103 -16557
1558693532930 -17384
1558693541474 -25927
1558693547337 -31790
1558693547337 -31789
1558693549289 -33741
1558693554177 -38628
1558693555153 -39604
1558693557109 -41560
1558693558100 -42551
1558693575518 -59969
1558693575520 -59971
1558693591020 -64158
1558693593946 -67084
1558693613339 -86477
1558693624087 -97225
1558693639561 -111303
1558693645432 -117174
1558693649336 -121078
1558693651305 -123046
1558693658946 -130687
1558693673700 -145441
1558693685185 -156926
1558693687145 -158886
1558693687151 -158892
1558693691061 -162802
1558693697891 -169631
1558693699857 -171597
1558693702793 -174533
1558693704756 -174491
1558693705561 -175296
1558693712404 -182139
1558693713417 -183152
1558693716317 -186052
1558693718271 -188005
1558693718271 -188005
1558693719246 -188980
1558693729872 -199605
1558693737703 -207436
1558693758027 -227758
1558693764922 -234653
1558693766838 -236569
1558693767814 -237189
1558693767820 -237195
1558693769772 -239147
1558693772721 -242096
1558693779376 -248749
1558693784264 -253636
1558693788168 -257540
1558693796033 -265404
1558693796981 -266352
1558693799005 -268376
1558693806610 -273876
1558693807665 -274931
1558693808592 -275858
1558693809582 -276848
1558693811599 -278865
1558693816388 -283654
1558693819343 -286609
1558693824042 -291308
1558693832996 -300262
1558693835757 -303022
1558693838688 -305953
1558693841610 -308875
1558693867896 -335056
1558693869909 -337069
1558693869909 -337069
1558693880420 -327161
1558693891144 -337883
1558693893108 -339847
1558693909900 -356637
1558693913593 -360328
1558693919233 -321167
1558693920162 -322095
1558693927988 -329920
1558693953233 -355162
1558693959122 -325291
1558693960074 -326242
1558693960074 -326242
1558693985339 -351503
1558693997900 -364062
1558694011570 -322308
1558694021191 -331928
1558694028024 -338760
1558694037798 -348531
1558694040608 -351341
1558694041622 -352354
1558694049386 -304887
1558694052322 -307822
1558694056219 -311719
1558694089132 -344627
1558694108886 -312844
1558694142590 -346543
1558694142594 -346547
1558694145512 -349465
1558694158120 -332052
1558694165873 -339802
1558694166863 -340791
1558694167850 -341778
1558694170762 -344689
1558694175653 -349578
1558694207750 -327086
1558694219670 -339004
1558694230898 -350231
1558694236878 -356210
1558694259084 -322301
1558694260060 -323277
1558694266970 -330184
1558694275720 -338930
1558694276530 -339739
1558694279478 -342686
1558694279478 -342686
1558694283374 -346580
1558694299836 -333014
1558694303748 -336925
1558694305729 -338906
1558694307681 -340858
1558694312590 -345766
1558694318491 -351667
1558694327175 -360349
1558694329144 -362318
1558694342912 -324470
1558694355540 -337096
1558694356528 -338084
1558694358488 -340044
1558694375069 -356622
1558694397514 -316035
1558694401444 -319964
1558694403424 -321944
1558694404438 -322958
1558694405429 -323949
1558694411279 -329798
1558694421938 -340455
1558694427836 -346348
1558694432766 -351277
1558694450310 -321062
1558694452263 -323014
1558694458171 -328922
1558694459156 -329906
1558694460137 -330887
1558694462110 -332860
1558694466041 -336791
1558694472759 -343508
1558694479647 -350395
1558694485545 -356292
1558694490462 -332246
1558694492265 -334049
1558694492265 -334049
1558694501117 -342899
1558694526695 -368473
1558694526695 -368473
1558694536375 -321696
1558694546051 -331370
1558694565585 -350902
1558694565615 -350932
1558694569522 -354793
1558694576374 -361642
1558694580329 -311439
1558694608675 -339781
1558694621307 -352411
1558694624287 -355390
1558694627199 -358301
1558694642784 -344723
1558694644747 -346685
1558694653613 -355550
1558694667208 -369143
1558694674093 -315511
1558694691665 -333080
1558694694644 -336059
1558694697582 -338997
1558694707224 -348637
1558694740502 -333116
1558694743452 -336066
1558694744435 -337049
1558694749357 -341970
1558694763948 -356557
1558694768864 -310654
1558694772798 -314588
1558694778539 -320328
1558694790343 -332131
