1558693128550 -3414
1558693129651 -4514
1558693131402 -6265
1558693132018 -8460
1558693136053 -12495
1558693141815 -18257
1558693155195 -31636
1558693157166 -33607
1558693158170 -34611
1558693159491 -29797
1558693163905 -40346
1558693164293 -34596
1558693167788 -44229
1558693177732 -48035
1558693180688 -50991
1558693181285 -56463
1558693182247 -57424
1558693182660 -52963
1558693188337 -63514
1558693195791 -70968
1558693198065 -68366
1558693198665 -73842
1558693199595 -74772
1558693206386 -80311
1558693209706 -77587
1558693209719 -77600
1558693210727 -78608
1558693212205 -86130
1558693224749 -98674
1558693227125 -94960
1558693232573 -106497
1558693234540 -108464
1558693237864 -105698
1558693246503 -114337
1558693247480 -115314
1558693249438 -117272
1558693251969 -124778
1558693254344 -119417
1558693254879 -127688
1558693255307 -120380
1558693262683 -135492
1558693263136 -128209
1558693266437 -139246
1558693279163 -151972
1558693280209 -153018
1558693287539 -152610
1558693292249 -155642
1558693298026 -161419
1558693299489 -171818
1558693301446 -173775
1558693301974 -165367
1558693306341 -178670
1558693306860 -170252
1558693314967 -187295
1558693320338 -183728
1558693324743 -197069
1558693326230 -189620
1558693336954 -199376
1558693337293 -209619
1558693338274 -210600
1558693339754 -202175
1558693342664 -205085
1558693343161 -215487
1558693351024 -221946
1558693358349 -220770
1558693358349 -220770
1558693377685 -239734
1558693378200 -249121
1558693395636 -265925
1558693396121 -258170
1558693399034 -261083
1558693400516 -250118
1558693400989 -263038
1558693401965 -264014
1558693407860 -269908
1558693414999 -264599
1558693417455 -279503
1558693417971 -267571
1558693419890 -269490
1558693423373 -271623
1558693424358 -272608
1558693429175 -277424
1558693430147 -278396
1558693431613 -272473
1558693435499 -276358
1558693438872 -287120
1558693439323 -271344
1558693443228 -275248
1558693449027 -281046
1558693458165 -298113
1558693465011 -294777
1558693467943 -297708
1558693468921 -298686
1558693511512 -13
1558693514408 -4483
1558693517929 -6430
1558693520879 -9380
1558693521876 -10377
1558693529067 -19142
1558693531620 -20120
1558693536346 -24846
1558693536740 -26815
1558693538304 -26804
1558693539290 -27790
1558693544525 -34599
1558693545149 -33649
1558693546481 -36555
1558693547107 -35607
1558693553955 -42455
1558693558675 -47173
1558693563566 -52064
1558693563916 -53448
1558693564652 -53150
1558693564652 -53150
1558693565529 -54027
1558693566822 -56354
1558693576270 -64768
1558693577246 -65744
1558693578225 -66723
1558693579206 -67704
1558693582284 -71814
1558693582949 -71447
1558693583938 -72436
1558693589842 -78339
1558693593723 -82220
1558693597619 -86116
1558693601850 -91378
1558693603477 -91715
1558693604597 -94125
1558693606585 -93736
1558693614454 -101605
1558693618277 -105427
1558693625115 -112265
1558693632483 -120720
1558693637372 -125609
1558693639601 -126750
1558693644481 -131629
1558693644483 -131631
1558693647153 -135390
1558693654101 -141249
1558693654101 -141249
1558693658716 -146953
1558693658986 -145414
1558693661940 -148368
1558693662899 -149327
1558693663603 -151840
1558693668489 -156726
1558693672696 -159123
1558693685210 -171635
1558693690813 -170048
1558693695984 -180061
1558693697920 -181997
1558693698644 -177878
1558693700685 -184762
1558693701657 -185734
1558693705322 -184556
1558693707277 -186511
1558693713145 -192378
1558693717293 -201369
1558693720227 -204303
1558693722915 -201108
1558693727885 -211960
1558693728619 -206812
1558693730629 -208822
1558693735488 -213680
1558693754853 -233044
1558693756044 -237846
1558693757024 -238826
1558693759741 -237932
1558693762675 -240866
1558693762888 -244690
1558693764690 -242881
1558693766603 -244794
1558693766603 -244794
1558693766795 -248596
1558693767564 -245755
1558693767782 -249583
1558693769518 -247709
1558693770537 -252338
1558693772507 -254308
1558693774254 -244553
1558693776415 -258216
1558693785972 -256270
1558693788903 -259201
1558693791837 -262135
1558693794811 -265109
1558693796604 -266902
1558693802526 -272824
1558693805559 -274777
1558693807392 -277690
1558693810529 -269821
1558693821046 -280336
1558693822036 -281326
1558693823817 -290089
1558693824826 -291098
1558693830620 -296892
1558693831607 -297878
1558693832873 -280228
1558693833689 -299960
1558693840566 -274688
1558693841377 -307647
1558693844143 -310413
1558693844305 -278427
1558693846259 -280380
1558693853099 -287219
1558693857975 -292095
1558693858814 -325081
1558693858817 -325083
1558693861755 -303038
1558693861889 -296008
1558693868532 -309814
1558693869611 -291865
1558693873319 -314600
1558693876247 -317528
1558693880163 -321443
1558693888947 -330226
1558693890877 -283350
1558693891716 -332994
1558693894654 -335932
1558693897583 -338861
1558693898560 -339838
1558693906945 -299372
1558693907726 -300153
1558693910623 -303050
1558693912461 -353734
1558693915229 -307655
1558693919948 -316303
1558693923852 -320206
1558693928713 -325067
1558693929796 -281404
1558693932642 -328995
1558693935570 -331923
1558693941259 -337611
1558693951053 -347404
1558693954060 -305664
1558693955032 -306636
1558693956911 -353260
1558693969492 -325140
1558693975371 -331018
1558693980206 -335853
1558693983157 -338803
1558693985106 -340752
1558693986887 -342532
1558693987925 -317215
1558693987926 -284314
1558693990852 -287239
1558693993729 -349372
1558693997699 -294085
1558694000635 -297021
1558694001553 -357193
1558694003511 -359148
1558694006502 -302887
1558694009263 -305647
1558694012197 -308581
1558694016103 -312486
1558694022909 -322316
1558694031739 -331145
1558694031775 -301888
1558694038421 -308533
1558694041336 -340740
1558694046193 -345597
1558694046225 -316336
1558694047201 -317312
1558694050174 -290218
1558694055013 -354414
1558694055037 -295080
1558694059743 -299786
1558694059744 -299787
1558694061699 -301741
1558694063627 -302906
1558694064603 -303882
1558694064603 -303881
1558694065629 -305671
1558694069498 -308775
1558694071484 -310760
1558694071523 -311564
1558694073423 -312698
1558694074399 -313674
1558694074425 -314465
1558694079279 -318552
1558694080099 -290020
1558694080099 -290020
1558694092805 -302725
1558694096706 -335973
1558694100626 -310545
1558694102603 -341867
1558694105383 -344646
1558694109417 -295023
1558694113395 -352656
1558694122951 -308555
1558694131571 -317174
1558694138437 -318558
1558694140374 -320495
1558694143292 -298985
1558694143309 -323429
1558694144269 -299962
1558694148205 -328325
1558694149160 -304853
1558694158836 -338954
1558694161692 -317383
1558694164654 -344771
1558694177435 -357548
1558694178146 -303713
1558694187003 -307785
1558694187968 -308749
1558694190907 -316469
1558694196871 -317651
1558694198778 -319558
1558694201554 -322334
1558694203503 -324280
1558694205452 -300813
1558694206542 -327319
1558694209365 -304725
1558694228726 -349498
1558694229680 -294999
1558694230667 -351439
1558694231631 -352402
1558694242547 -307861
1558694245469 -313798
1558694252238 -317550
1558694258837 -327164
1558694259932 -296226
1558694261795 -330122
1558694262758 -331085
1558694271624 -307916
1558694273616 -309908
1558694275512 -311803
1558694277473 -313764
1558694279313 -347635
1558694280451 -287641
1558694281275 -349596
1558694282403 -289593
1558694282412 -289601
1558694285341 -292530
1558694292097 -301298
1558694295054 -304255
1558694295994 -303182
1558694296003 -303191
1558694299924 -307111
1558694304852 -312038
1558694307790 -314976
1558694307790 -314976
1558694311597 -320796
1558694313694 -290747
1558694315533 -324731
1558694317629 -294681
1558694322387 -299438
1558694331245 -308295
1558694333190 -310240
1558694337134 -314183
1558694339103 -316152
1558694339952 -349144
1558694344831 -291758
1558694345812 -292739
1558694346793 -293720
1558694350722 -297648
1558694352578 -324718
1558694355642 -302567
1558694357497 -329636
1558694358481 -330619
1558694362420 -334557
1558694364400 -336536
1558694365474 -312398
1558694366284 -313208
1558694371126 -343260
1558694374210 -298718
1558694379967 -352097
1558694380054 -304561
1558694390783 -319972
1558694395642 -294004
1558694399479 -328665
1558694406444 -304804
1558694413243 -342423
1558694418157 -316516
1558694421023 -285553
1558694424892 -354068
1558694427862 -357037
1558694433792 -298320
1558694434731 -321335
1558694439527 -304054
1558694440508 -305035
1558694441495 -306022
1558694443461 -307988
1558694447356 -333959
1558694448344 -334947
1558694448385 -312911
1558694451336 -315861
1558694458174 -344775
1558694461982 -296378
1558694463136 -349737
1558694464931 -299326
1558694464931 -299326
1558694465875 -352475
1558694475717 -313601
1558694475757 -310151
1558694479650 -317534
1558694481618 -319501
1558694482641 -317034
1558694483585 -321468
1558694485550 -323433
1558694486537 -324420
1558694489358 -293613
1558694494242 -332124
1558694496249 -300503
1558694498180 -336061
1558694504124 -308377
1558694513784 -294269
1558694515759 -296244
1558694520640 -358518
1558694521671 -302155
1558694523628 -304111
1558694524613 -305096
1558694527744 -327922
1558694534430 -314912
1558694535303 -315785
1558694535303 -315785
1558694543097 -343270
1558694548019 -348192
1558694556915 -304802
1558694557850 -358023
1558694561700 -361873
1558694561727 -309613
1558694565608 -365780
1558694570522 -315548
1558694571453 -316479
1558694576369 -321394
1558694577357 -322382
1558694582182 -300772
1558694583143 -301733
1558694589978 -335001
1558694590963 -335986
1558694590980 -309569
1558694593933 -338956
1558694593942 -338965
1558694595949 -314537
1558694599862 -344884
1558694600813 -345835
1558694601793 -346815
1558694602780 -347802
1558694610491 -298768
1558694613435 -301711
1558694619355 -312448
1558694625236 -313511
1558694629000 -291834
1558694629002 -291836
1558694632966 -326058
1558694637853 -330944
1558694642782 -335872
1558694645722 -308554
1558694653615 -346704
1558694653630 -346719
1558694654407 -317238
1558694661289 -302683
1558694662269 -303663
1558694665248 -307712
1558694666228 -307622
1558694668192 -310656
1558694675055 -316447
1558694678902 -321364
1558694679820 -291890
1558694682838 -325299
1558694686701 -298770
1558694686726 -329187
1558694687686 -299755
1558694689653 -301722
1558694689676 -332137
1558694693681 -305749
1558694700476 -312544
1558694701278 -313345
1558694704259 -316324
1558694711143 -353599
1558694712095 -293994
1558694716109 -358563
1558694718007 -299906
1558694719993 -301891
1558694722185 -306098
1558694727003 -308900
1558694728774 -310671
1558694728931 -312843
1558694729858 -313770
1558694729911 -313823
1558694732660 -314557
1558694736541 -293035
1558694736547 -293041
1558694742459 -326370
1558694746393 -330303
1558694755024 -311515
1558694756009 -312500
1558694756063 -339972
1558694757971 -314462
1558694759015 -342923
1558694760916 -292006
1558694760983 -344890
1558694766883 -350788
1558694767803 -298892
1558694770747 -301835
1558694773770 -312551
1558694777538 -316318
1558694778454 -309541
1558694780421 -311508
1558694784351 -315437
1558694785407 -324186
1558694788281 -289086
1558694806802 -307598
1558694808771 -309566
