1558693132538 -1864
1558693134833 -10035
1558693135728 -11511
1558693135807 -11009
1558693136719 -12526
1558693139578 -15361
1558693139641 -14843
1558693144390 -20173
1558693145403 -21186
1558693147341 -22543
1558693149946 -25729
1558693150993 -26799
1558693152233 -27434
1558693152936 -28742
1558693154782 -24108
1558693155848 -31049
1558693156760 -32566
1558693158871 -34072
1558693160853 -36054
1558693166429 -35715
1558693167367 -42869
1558693168487 -43687
1558693172434 -47634
1558693173044 -48546
1558693173274 -42560
1558693174361 -43620
1558693174958 -50460
1558693175893 -51395
1558693176124 -45410
1558693177889 -47175
1558693182888 -52147
1558693185546 -61149
1558693186916 -56175
1558693190119 -59378
1558693190834 -66335
1558693191165 -60424
1558693195128 -70731
1558693196061 -71664
1558693196150 -71651
1558693197557 -66815
1558693197595 -66853
1558693199829 -75432
1558693200341 -69599
1558693202745 -78246
1558693207569 -83070
1558693208908 -78166
1558693213774 -83032
1558693213774 -83032
1558693216297 -89794
1558693216297 -89794
1558693217591 -86874
1558693218143 -91534
1558693219053 -92550
1558693221982 -95373
1558693222960 -96351
1558693223410 -92693
1558693223479 -92393
1558693224892 -98283
1558693224895 -98286
1558693225424 -94338
1558693226229 -95143
1558693229113 -95688
1558693229747 -103244
1558693230135 -99049
1558693234627 -108123
1558693236916 -103491
1558693236920 -105834
1558693237510 -111004
1558693242751 -111665
1558693246087 -119581
1558693249032 -122416
1558693249388 -118301
1558693249461 -116036
1558693251443 -118018
1558693251943 -125159
1558693251943 -125159
1558693251943 -125221
1558693251967 -125245
1558693254859 -128137
1558693256798 -130014
1558693257165 -120817
1558693257804 -131082
1558693259248 -125822
1558693259249 -125823
1558693259712 -132990
1558693261667 -134945
1558693263019 -126671
1558693267284 -140498
1558693267909 -131561
1558693275715 -142159
1558693277701 -144145
1558693278011 -151289
1558693279466 -143118
1558693281452 -145104
1558693287465 -151116
1558693288263 -151914
1558693288527 -160391
1558693288552 -161829
1558693290253 -153904
1558693292232 -155883
1558693293204 -156855
1558693293460 -166737
1558693293488 -166765
1558693301166 -172853
1558693302154 -174017
1558693305863 -172304
1558693307986 -179673
1558693317422 -181037
1558693317615 -184056
1558693318394 -182009
1558693321383 -193244
1558693321401 -193088
1558693323324 -195185
1558693324091 -187706
1558693324288 -190728
1558693325273 -191713
1558693325273 -191713
1558693326038 -189653
1558693327014 -190629
1558693327222 -193662
1558693328192 -194632
1558693328211 -199898
1558693330202 -196642
1558693331145 -197585
1558693332070 -203574
1558693333864 -197479
1558693336769 -208273
1558693338726 -210412
1558693341653 -213231
1558693350356 -212537
1558693352331 -223834
1558693353287 -224790
1558693353314 -224891
1558693357139 -219320
1558693357184 -228761
1558693358182 -229759
1558693360084 -222265
1558693360879 -231094
1558693363823 -235400
1558693364193 -229848
1558693368712 -240287
1558693371856 -237511
1558693375559 -237738
1558693376465 -248040
1558693376545 -238724
1558693376786 -242441
1558693379413 -250988
1558693379703 -245358
1558693381470 -243649
1558693381470 -243649
1558693382282 -253857
1558693385968 -255906
1558693386004 -257579
1558693388474 -252368
1558693388902 -258840
1558693389872 -259810
1558693389905 -259747
1558693390864 -260706
1558693393202 -257096
1558693393773 -263614
1558693397662 -267503
1558693398093 -261987
1558693402010 -265904
1558693404725 -266897
1558693405525 -275366
1558693408856 -272750
1558693409166 -279007
1558693409850 -273744
1558693411096 -271482
1558693411584 -273755
1558693414025 -283866
1558693414476 -276647
1558693416523 -280417
1558693416896 -268476
1558693420194 -282161
1558693424401 -288295
1558693425638 -277217
1558693426288 -290182
1558693426649 -296489
1558693429561 -299401
1558693431186 -295079
1558693435252 -299145
1558693437209 -280372
1558693439148 -308862
1558693439160 -308874
1558693441841 -305307
1558693443019 -286181
1558693443970 -313684
1558693444954 -314668
1558693445430 -307396
1558693445691 -309157
1558693451296 -292454
1558693453245 -294403
1558693456448 -319914
1558693457397 -288099
1558693457419 -303560
1558693458397 -321863
1558693460082 -301239
1558693460359 -323824
1558693461068 -302225
1558693463820 -304977
1558693463821 -304978
1558693466153 -312293
1558693467021 -307210
1558693467728 -308885
1558693469684 -310840
1558693469955 -310143
1558693470935 -311123
1558693473867 -314055
1558693473925 -320063
1558693482386 -323540
1558693486394 -332531
1558693487366 -333503
1558693490037 -331188
1558693491250 -337386
1558693492278 -332463
1558693496877 -338026
1558693508901 -349082
1558693510457 -1292
1558693511368 -2203
1558693511792 -2561
1558693514256 -4461
1558693514296 -5131
1558693514721 -5490
1558693516249 -7084
1558693517232 -8067
1558693518595 -9364
1558693523000 -13204
1558693526398 -17167
1558693527996 -18819
1558693528824 -19028
1558693530296 -21065
1558693531729 -22552
1558693533122 -23880
1558693534694 -25516
1558693534694 -25516
1558693534995 -25753
1558693535144 -22983
1558693537080 -24919
1558693537414 -27610
1558693540826 -31583
1558693543920 -31758
1558693544694 -35450
1558693547121 -35870
1558693547858 -35696
1558693548100 -36849
1558693549070 -37819
1558693550506 -41262
1558693550757 -38595
1558693551976 -40725
1558693552949 -41698
1558693555645 -43483
1558693558126 -48882
1558693559399 -47236
1558693559592 -48340
1558693561369 -49206
1558693564371 -52208
1558693565791 -53771
1558693568337 -57085
1558693569303 -58051
1558693569303 -58051
1558693573188 -61935
1558693575029 -62865
1558693576576 -67332
1558693577517 -65496
1558693579024 -67771
1558693585701 -73537
1558693586163 -76918
1558693588611 -76447
1558693589122 -77100
1558693591960 -80405
1558693593994 -81972
1558693594971 -82949
1558693595956 -83934
1558693598288 -85870
1558693599733 -88178
1558693601243 -89017
1558693601673 -90118
1558693601814 -89669
1558693602219 -89993
1558693605412 -93857
1558693606372 -94817
1558693607526 -95381
1558693607865 -95445
1558693611426 -99280
1558693612810 -100583
1558693616340 -104194
1558693617688 -105461
1558693619974 -108419
1558693620234 -108088
1558693620623 -108396
1558693621451 -109030
1558693624148 -112001
1558693627596 -116041
1558693630498 -118943
1558693630499 -118944
1558693630990 -117113
1558693635157 -122930
1558693636690 -124542
1558693636695 -124547
1558693637066 -124839
1558693638268 -126533
1558693638762 -124885
1558693639243 -127508
1558693639244 -127509
1558693645068 -133333
1558693645563 -131686
1558693647011 -135276
1558693648483 -134606
1558693650383 -137454
1558693654156 -140277
1558693654156 -140277
1558693655113 -142184
1558693655137 -141258
1558693656569 -144834
1558693658422 -146194
1558693659015 -146086
1558693659386 -147158
1558693659477 -147742
1558693659980 -146101
1558693662898 -149018
1558693662924 -149993
1558693663376 -151622
1558693666288 -154534
1558693666834 -153903
1558693667199 -146675
1558693667746 -153866
1558693671725 -158794
1558693676839 -165083
1558693678830 -167074
1558693681799 -161245
1558693682702 -170946
1558693685576 -173820
1558693686050 -172169
1558693689169 -176235
1558693691876 -177995
1558693693419 -172864
1558693696010 -183076
1558693698324 -177769
1558693699968 -188212
1558693699969 -188213
1558693701432 -187551
1558693701917 -190161
1558693705811 -194055
1558693706604 -193641
1558693706929 -186373
1558693712117 -196634
1558693712610 -198263
1558693713092 -197609
1558693715049 -199566
1558693716026 -200543
1558693716975 -201492
1558693718916 -203433
1558693719402 -205055
1558693721591 -201034
1558693722557 -202000
1558693723133 -208785
1558693728924 -215960
1558693728924 -215960
1558693730870 -217906
1558693732365 -216880
1558693734298 -218813
1558693735785 -221436
1558693736768 -222419
1558693739175 -223690
1558693740647 -219298
1558693740966 -219049
1558693742068 -226583
1558693744501 -230152
1558693744867 -222950
1558693746777 -231291
1558693748307 -226957
1558693749610 -227693
1558693750167 -235210
1558693754544 -239058
1558693754544 -239057
1558693756441 -234523
1558693757420 -235502
1558693760347 -238429
1558693761024 -239673
1558693762991 -241640
1558693765002 -243651
1558693770145 -248227
1558693770639 -249288
1558693771092 -249174
1558693774894 -252975
1558693775600 -254249
1558693776754 -258095
1558693777500 -256149
1558693778171 -263213
1558693778665 -260006
1558693778749 -249130
1558693780112 -265154
1558693781093 -266135
1558693782689 -253070
1558693787888 -272929
1558693788531 -258912
1558693792183 -269314
1558693794961 -272092
1558693796974 -278314
1558693797184 -267565
1558693798233 -268614
1558693800516 -285557
1558693801912 -281546
1558693801980 -281614
1558693803160 -273540
1558693803402 -288443
1558693806002 -276382
1558693806248 -291289
1558693808707 -288341
1558693813513 -293147
1558693813545 -290675
1558693813871 -284251
1558693814559 -291689
1558693817193 -296827
1558693818754 -298997
1558693820226 -297356
1558693820679 -300922
1558693820679 -300922
1558693822090 -301724
1558693825938 -305571
1558693826918 -306551
1558693827404 -307647
1558693833962 -285546
1558693836093 -306473
1558693838555 -304919
1558693839041 -282827
1558693839769 -291352
1558693839872 -283658
1558693845472 -297054
1558693847439 -299021
1558693847695 -309484
1558693851027 -317389
1558693852325 -303907
1558693852987 -319349
1558693853303 -304882
1558693853303 -304882
1558693854525 -316313
1558693856217 -307795
1558693859150 -310728
1558693859778 -326139
1558693861261 -305044
1558693863113 -314691
1558693864948 -308729
1558693865234 -327020
1558693865448 -331809
1558693865846 -317423
1558693865974 -309754
1558693867909 -311689
1558693870007 -331793
1558693871928 -333713
1558693872275 -338634
1558693872744 -316523
1558693873650 -325226
1558693875152 -341510
1558693878590 -295165
1558693880012 -312586
1558693880742 -342526
1558693886338 -330112
1558693888606 -321179
1558693890052 -333824
1558693891528 -324100
1558693893257 -292982
1558693894032 -310605
1558693894916 -263442
1558693896366 -328938
1558693897907 -314479
1558693899118 -298842
1558693899304 -331875
1558693911035 -343605
1558693911476 -280000
1558693913634 -330163
1558693914304 -282827
1558693916345 -332873
1558693916649 -349217
1558693917550 -317272
1558693918298 -334825
1558693918582 -293250
1558693919326 -335852
1558693919603 -294271
1558693923430 -323151
1558693923903 -292425
1558693927770 -296290
1558693929724 -298244
1558693930202 -304868
1558693932966 -320412
1558693933609 -302127
1558693933924 -321370
1558693934906 -322351
1558693942762 -342478
1558693944533 -331977
1558693946081 -314595
1558693948008 -316521
1558693950938 -319450
1558693950938 -319450
1558693951574 -305421
1558693952883 -321394
1558693954307 -341750
1558693956294 -330956
1558693957264 -331926
1558693958226 -345669
1558693960981 -348423
1558693963898 -338558
1558693965084 -318929
1558693966054 -319899
1558693966310 -334816
1558693971172 -339677
1558693972910 -326754
1558693973612 -348269
1558693976802 -330646
1558693977984 -308726
1558693978809 -332653
1558693982679 -313420
1558693983686 -314427
1558693984140 -300040
1558693985587 -316328
1558693987544 -318285
1558693990461 -321201
1558693996288 -327027
1558693996752 -312650
1558693999669 -315567
1558694000182 -330921
1558694000182 -330921
1558694001085 -299855
1558694002582 -318479
1558694003071 -333809
1558694004854 -335592
1558694007278 -323174
1558694008738 -339476
1558694009539 -336829
1558694009892 -308661
1558694010192 -326088
1558694010706 -341443
1558694012142 -328037
1558694014087 -329982
1558694014431 -341720
1558694014434 -341722
1558694017357 -344645
1558694017357 -344644
1558694018951 -334845
1558694019324 -346611
1558694019429 -350164
1558694020412 -351146
1558694021283 -348569
1558694022830 -338723
1558694025739 -341630
1558694026313 -325080
1558694029091 -356375
1558694033378 -349266
1558694034959 -333725
1558694035304 -351192
1558694036906 -335671
1558694041136 -357021
1558694042156 -358041
1558694042636 -321444
1558694044043 -303914
1558694044765 -343528
1558694045981 -305852
1558694046534 -314646
1558694046952 -306823
1558694047503 -315615
1558694051327 -330134
1558694051417 -319528
1558694052124 -330931
1558694052399 -320510
1558694052623 -312493
1558694053601 -313471
1558694055178 -323289
1558694056435 -355195
1558694063001 -331110
1558694063787 -342592
1558694066236 -326104
1558694066236 -326104
1558694068642 -347446
1558694070860 -338964
1558694070860 -338964
1558694072917 -315458
1558694075443 -354237
1558694076250 -355044
1558694076791 -336657
1558694077671 -345772
1558694078649 -346750
1558694084361 -352460
1558694091321 -351180
1558694093264 -353123
1558694093264 -353123
1558694094219 -336757
1558694096170 -338708
1558694097052 -314643
1558694099007 -316597
1558694099984 -317574
1558694100976 -318566
1558694101056 -343593
1558694102340 -325091
1558694102770 -320360
1558694102777 -320367
1558694103778 -321368
1558694104340 -327091
1558694105272 -328023
1558694107749 -313684
1558694108945 -351479
1558694109953 -352487
1558694111379 -334129
1558694111985 -354518
1558694112872 -355405
1558694121413 -304688
1558694122325 -339912
1558694122391 -305666
1558694123320 -340907
1558694127054 -344640
1558694127280 -310554
1558694131027 -314301
1558694131306 -354048
1558694131814 -337745
1558694137141 -297282
1558694140730 -358312
1558694140730 -358312
1558694141063 -301203
1558694145413 -351341
1558694147573 -319535
1558694147665 -307804
1558694150107 -356034
1558694153336 -336607
1558694153336 -336607
1558694154268 -315623
1558694157368 -329326
1558694157539 -317649
1558694157590 -317699
1558694158065 -319419
1558694159868 -321222
1558694164038 -335994
1558694164082 -347350
1558694165008 -336963
1558694165152 -325260
1558694166118 -326226
1558694166618 -327971
1558694167015 -350282
1558694167989 -351256
1558694168055 -328163
1558694168918 -340872
1558694168967 -352233
1558694171868 -343821
1558694176588 -348539
1558694176640 -336746
1558694178570 -306612
1558694180047 -341399
1558694181473 -353423
1558694181501 -341605
1558694181509 -309551
1558694183472 -311514
1558694183937 -345288
1558694184404 -356352
1558694184408 -356356
1558694184418 -344521
1558694189367 -316539
1558694190291 -350392
1558694191403 -319444
1558694192335 -320376
1558694192335 -320375
1558694192705 -354054
1558694196222 -323393
1558694196296 -324336
1558694199184 -327224
1558694199400 -326667
1558694201013 -329052
1558694201822 -306872
1558694203927 -331097
1558694203927 -331097
1558694204221 -331487
1558694204221 -331487
1558694204991 -333030
1558694204991 -333030
1558694207893 -335932
1558694210681 -337850
1558694210988 -338253
1558694213590 -340758
1558694214952 -342217
1558694216762 -343930
1558694217677 -344845
1558694217677 -344845
1558694221626 -348890
1558694222749 -350013
1558694225482 -352746
1558694228119 -355285
1558694230134 -358167
1558694231717 -336763
1558694233948 -303884
1558694235174 -362436
1558694236670 -341715
1558694236963 -306899
1558694238878 -308814
1558694240904 -321365
1558694243861 -324321
1558694244336 -349379
1558694246325 -351367
1558694251344 -356384
1558694254045 -303075
1558694255334 -335793
1558694257288 -327221
1558694257303 -327236
1558694266931 -334737
1558694267942 -335748
1558694268123 -338055
1558694268571 -317599
1558694269917 -337723
1558694270113 -350570
1558694270995 -340926
1558694272525 -321553
1558694272915 -340720
1558694274788 -344719
1558694274804 -355259
1558694275372 -324399
1558694275779 -356234
1558694279628 -347431
1558694280596 -348399
1558694280705 -304836
1558694281228 -330255
1558694282205 -331231
1558694282533 -350335
1558694282643 -352571
1558694285587 -355514
1558694286125 -335151
1558694286125 -335151
1558694287398 -355199
1558694287399 -355199
1558694290844 -339869
1558694292140 -307974
1558694293118 -308952
1558694295099 -310932
1558694298672 -347694
1558694301167 -315866
1558694302883 -318715
1558694304853 -320685
1558694305857 -321689
1558694306813 -322645
1558694309040 -323738
1558694311993 -336119
1558694312975 -327673
1558694314146 -307312
1558694318719 -333416
1558694319037 -312202
1558694320989 -314154
1558694322652 -337348
1558694323928 -317092
1558694323932 -317096
1558694326576 -350699
1558694328811 -321974
1558694329594 -353716
1558694330128 -345956
1558694330571 -345266
1558694334681 -327844
1558694337447 -330609
1558694337743 -353568
1558694338418 -331580
1558694338418 -331580
1558694339364 -310082
1558694339694 -355518
1558694340676 -356500
1558694341352 -334514
1558694350446 -306405
1558694354350 -310309
1558694354930 -325647
1558694355329 -311288
1558694356308 -312266
1558694356992 -350149
1558694357880 -328596
1558694360222 -316180
1558694360222 -316180
1558694360856 -331571
1558694362819 -332604
1558694364774 -335489
1558694364951 -320908
1558694365610 -335395
1558694365746 -336461
1558694366903 -322860
1558694367711 -338426
1558694370531 -341245
1558694371519 -304821
1558694373456 -344170
1558694374743 -330699
1558694374751 -330707
1558694375415 -346128
1558694376426 -346209
1558694376669 -332625
1558694378397 -348180
1558694378623 -334578
1558694382252 -315554
1558694385253 -355963
1558694385286 -355068
1558694385301 -341254
1558694386235 -356944
1558694387259 -343212
1558694388203 -358912
1558694391152 -361859
1558694391168 -347119
1558694392008 -361788
1558694393824 -327042
1558694394805 -328023
1558694395782 -329000
1558694397872 -312402
1558694399878 -313541
1558694399980 -355927
1558694400968 -356915
1558694400968 -356915
1558694401812 -316342
1558694402791 -317320
1558694402826 -316488
1558694404813 -319342
1558694407744 -321406
1558694409627 -310534
1558694410573 -311480
1558694411646 -326174
1558694413510 -327171
1558694414229 -347444
1558694416659 -330320
1558694417253 -350468
1558694417304 -350512
1558694425238 -326143
1558694425268 -339795
1558694426234 -340761
1558694431148 -345674
1558694433870 -334774
1558694434099 -348624
1558694437795 -338698
1558694440819 -355342
1558694443643 -344545
1558694444751 -359272
1558694446271 -331275
1558694446273 -331277
1558694447744 -301149
1558694451623 -305946
1558694453415 -354314
1558694455897 -340900
1558694457838 -342841
1558694458571 -311974
1558694458815 -343818
1558694462054 -329174
1558694462762 -347764
1558694463717 -348718
1558694464266 -318587
1558694464711 -349712
1558694465672 -350673
1558694466965 -334083
1558694468250 -321652
1558694468885 -336002
1558694469151 -323471
1558694469227 -322629
1558694469904 -337021
1558694470223 -323625
1558694470558 -355557
1558694473775 -340890
1558694474143 -327544
1558694475728 -342842
1558694477407 -308347
1558694478992 -333311
1558694479188 -310128
1558694480162 -311101
1558694480448 -347560
1558694482012 -335412
1558694482403 -349514
1558694487306 -354415
1558694489721 -343120
1558694491637 -345954
1558694492598 -346915
1558694493577 -347893
1558694493649 -347047
1558694495621 -349018
1558694495799 -326736
1558694498511 -352826
1558694501452 -355765
1558694501523 -354918
1558694505705 -318339
1558694507391 -338327
1558694508329 -303463
1558694508343 -339278
1558694509618 -322252
1558694511596 -324229
1558694511596 -324229
1558694516454 -329087
1558694519066 -321821
1558694519963 -315096
1558694520964 -316097
1558694521033 -323788
1558694522032 -352964
1558694522914 -318046
1558694522915 -318047
1558694523303 -335935
1558694524881 -320013
1558694526014 -328768
1558694526348 -338980
1558694527903 -301055
1558694528201 -340832
1558694528913 -302064
1558694529914 -303065
1558694533750 -306901
1558694538481 -311631
1558694538577 -341329
1558694540446 -335576
1558694541429 -336559
1558694541429 -336559
1558694541531 -344283
1558694542512 -345264
1558694544480 -347232
1558694550398 -353149
1558694550398 -353149
1558694552245 -347372
1558694552246 -347373
1558694554226 -349352
1558694554253 -320074
1558694562096 -317215
1558694569626 -342631
1558694571865 -326980
1558694572554 -345558
1558694576559 -342377
1558694579622 -315474
1558694580588 -316440
1558694584431 -350248
1558694584447 -350264
1558694585146 -358145
1558694585397 -321248
1558694585437 -321288
1558694591234 -327084
1558694593204 -329054
1558694595843 -314572
1558694596297 -351405
1558694599248 -354356
1558694600232 -355340
1558694607689 -317512
1558694608921 -307701
1558694608921 -307701
1558694610621 -320443
1558694610744 -346590
1558694611777 -347622
1558694612313 -331040
1558694612587 -322409
1558694612710 -348555
1558694613680 -349525
1558694614533 -324355
1558694614665 -350509
1558694616477 -326299
1558694622696 -321474
1558694624516 -360357
1558694625487 -305586
1558694627068 -336888
1558694627752 -346476
1558694627752 -346475
1558694629419 -328196
1558694630401 -310499
1558694630689 -349412
1558694634594 -353315
1558694635874 -345691
1558694636141 -316238
1558694638524 -357244
1558694638852 -348668
1558694642414 -305908
1558694643029 -323125
1558694645642 -355456
1558694645972 -326068
1558694646169 -309663
1558694647128 -345897
1558694651063 -349832
1558694652855 -332950
1558694652872 -351641
1558694653006 -316499
1558694655642 -335737
1558694657782 -356551
1558694659579 -339673
1558694661112 -310666
1558694664514 -344607
1558694666028 -315582
1558694667964 -317517
1558694668435 -348527
1558694668950 -318503
1558694669600 -316571
1558694670423 -350514
1558694671424 -334914
1558694675498 -322469
1558694677280 -357368
1558694680059 -360147
1558694682093 -313213
1558694684001 -315121
1558694690096 -337064
1558694690279 -339828
1558694690879 -321998
1558694696709 -360191
1558694698947 -345914
1558694699604 -302858
1558694701738 -348705
1558694702832 -352376
1558694702835 -352379
1558694703522 -334639
1558694704783 -354326
1558694705761 -355304
1558694710359 -313612
1558694710361 -313613
1558694710645 -360186
1558694711334 -314586
1558694718023 -321269
1558694718027 -321273
1558694718301 -312456
1558694719015 -322261
1558694732873 -307575
1558694733959 -328112
1558694734055 -336023
1558694735629 -338872
1558694737976 -339944
1558694738540 -341781
1558694738725 -313427
1558694738833 -332985
1558694739705 -314406
1558694739810 -333962
1558694740497 -343738
1558694742575 -336726
1558694742897 -344864
1558694749539 -324239
1558694749541 -324241
1558694750602 -352568
1558694751343 -326043
1558694756252 -350399
1558694757241 -331940
1558694760164 -354309
1558694762152 -336850
1558694763137 -337835
1558694764887 -359031
1558694775637 -314524
1558694775637 -314524
1558694779546 -318431
1558694783455 -322339
1558694785410 -324293
1558694787366 -326248
1558694789158 -328040
1558694790136 -329017
