1558693123901 -324
1558693123979 -402
1558693123979 -402
1558693127401 -3824
1558693136112 -12535
1558693139811 -12290
1558693139849 -12328
1558693140786 -13265
1558693140786 -13265
1558693142684 -15163
1558693144598 -17077
1558693151375 -23854
1558693151416 -27838
1558693160175 -36597
1558693161893 -34371
1558693162095 -37278
1558693162770 -35248
1558693164933 -40116
1558693165655 -38133
1558693171667 -46849
1558693173606 -48788
1558693174446 -46924
1558693175501 -50683
1558693176424 -51606
1558693179144 -51566
1558693181098 -53520
1558693188433 -63615
1558693189364 -64546
1558693193085 -68267
1558693196758 -71939
1558693198682 -73863
1558693205466 -79352
1558693207390 -81276
1558693208369 -82255
1558693215212 -89098
1558693221874 -95759
1558693227748 -101633
1558693230703 -104588
1558693232785 -105204
1558693235658 -108077
1558693237525 -111410
1558693245191 -118007
1558693250127 -121095
1558693250129 -121097
1558693250129 -121097
1558693252894 -123862
1558693255909 -128724
1558693257912 -130726
1558693260601 -131569
1558693262736 -135550
1558693263721 -136535
1558693271385 -144199
1558693273156 -144124
1558693274297 -147111
1558693275274 -148088
1558693277250 -150064
1558693277829 -148797
1558693278218 -151032
1558693278218 -151032
1558693283662 -154630
1558693285720 -156688
1558693290478 -161446
1558693291374 -162342
1558693293341 -164302
1558693294348 -165309
1558693297157 -168118
1558693299073 -170034
1558693301817 -172778
1558693302764 -173725
1558693308337 -180659
1558693310488 -181449
1558693312251 -184573
1558693318226 -184858
1558693324787 -197107
1558693329710 -196341
1558693331651 -198282
1558693339281 -210204
1558693340269 -211192
1558693345247 -211877
1558693350960 -217590
1558693352019 -222942
1558693352019 -222942
1558693364552 -231181
1558693369417 -240339
1558693379189 -249480
1558693379903 -245649
1558693387818 -258108
1558693392548 -258294
1558693394317 -260063
1558693400150 -265896
1558693402469 -272759
1558693402480 -272770
1558693407969 -273715
1558693409903 -275649
1558693413750 -276744
1558693417941 -278568
1558693418903 -279530
1558693420449 -283443
1558693421423 -284417
1558693425722 -269227
1558693428665 -272169
1558693436420 -279923
1558693440797 -279919
1558693443589 -282711
1558693448029 -282965
1558693449006 -283941
1558693454869 -289804
1558693459097 -298217
1558693459097 -298217
1558693476424 -315541
1558693477395 -316512
1558693488893 -328006
1558693515377 -5478
1558693516030 -3490
1558693517005 -4465
1558693520891 -8351
1558693524201 -14301
1558693524796 -12255
1558693528091 -18191
1558693529103 -19203
1558693529646 -17105
1558693532572 -20030
1558693549880 -37117
1558693557656 -44892
1558693563345 -43462
1558693565303 -45420
1558693567215 -47331
1558693573682 -63188
1558693574012 -54127
1558693575957 -56072
1558693576604 -66110
1558693577573 -67079
1558693578873 -58988
1558693579851 -59966
1558693580840 -60955
1558693581307 -70813
1558693590129 -79635
1558693590417 -70531
1558693594311 -74425
1558693596006 -85294
1558693597205 -77319
1558693597243 -77357
1558693597262 -77376
1558693604962 -85066
1558693608525 -97813
1558693610636 -90739
1558693611601 -91704
1558693612581 -92684
1558693613456 -102744
1558693616353 -105641
1558693620339 -100442
1558693622295 -102398
1558693623182 -112469
1558693625132 -114419
1558693627088 -116375
1558693627145 -107248
1558693627891 -117178
1558693629844 -119131
1558693629879 -109982
1558693630862 -110965
1558693632797 -112900
1558693633755 -123042
1558693637654 -117469
1558693639614 -128901
1558693640588 -127806
1558693642508 -122323
1558693642508 -122323
1558693645468 -132686
1558693645468 -132686
1558693646385 -124018
1558693646441 -133659
1558693648415 -135632
1558693649385 -136602
1558693651252 -128884
1558693660949 -148166
1558693663872 -151089
1558693671482 -149112
1558693671700 -158917
1558693677396 -164613
1558693688154 -175357
1558693694009 -180187
1558693694980 -181158
1558693699512 -170285
1558693706548 -192725
1558693708091 -178863
1558693709491 -195668
1558693711001 -181773
1558693711001 -181773
1558693711433 -197610
1558693717806 -188577
1558693720721 -191492
1558693721210 -207387
1558693722170 -208347
1558693723952 -210129
1558693723952 -210129
1558693725438 -196209
1558693728850 -215026
1558693731259 -202029
1558693731777 -217953
1558693738637 -224813
1558693743496 -227848
1558693751160 -235512
1558693754435 -224068
1558693755059 -239411
1558693761236 -230869
1558693764189 -233822
1558693772740 -242372
1558693773471 -257822
1558693775667 -245299
1558693783268 -267619
1558693787141 -254332
1558693788118 -255309
1558693789129 -256320
1558693793010 -260200
1558693794109 -262279
1558693795910 -264080
1558693796851 -265021
1558693799853 -268023
1558693800747 -267936
1558693805542 -272731
1558693807604 -275774
1558693808580 -275768
1558693808610 -276780
1558693811473 -279643
1558693813398 -280586
1558693822987 -276487
1558693823971 -277470
1558693827764 -295933
1558693830777 -284275
1558693833722 -301891
1558693834598 -302767
1558693837624 -280538
1558693842353 -310522
1558693859670 -315579
1558693859922 -283325
1558693872163 -328070
1558693879915 -335820
1558693881872 -337777
1558693884771 -340675
1558693887692 -343596
1558693889889 -293874
1558693900198 -287647
1558693900198 -287647
1558693910786 -285668
1558693911080 -298528
1558693913756 -301203
1558693918476 -305923
1558693920019 -294899
1558693920999 -295879
1558693921972 -296852
1558693922355 -309801
1558693924897 -299777
1558693927213 -314659
1558693930126 -317571
1558693936619 -311497
1558693937434 -312312
1558693941612 -329053
1558693942599 -330039
1558693948181 -298193
1558693949153 -299165
1558693956009 -306020
1558693956970 -306981
1558693958145 -345579
1558693958922 -308932
1558693964785 -316348
1558693965605 -290135
1558693973515 -325077
1558693976429 -327991
1558693977402 -328964
1558693979297 -303825
1558693981226 -305754
1558693988894 -340455
1558693989868 -341428
1558693996676 -348235
1558694001527 -353086
1558694004515 -296020
1558694013028 -328977
1558694015946 -331894
1558694018860 -334808
1558694019991 -311494
1558694020795 -336742
1558694020797 -336744
1558694023707 -339654
1558694023906 -315409
1558694028582 -344528
1558694030529 -346475
1558694032298 -348244
1558694033504 -290986
1558694035219 -351165
1558694035440 -292921
1558694040076 -356021
1558694040325 -297806
1558694042351 -299831
1558694043298 -300778
1558694044253 -301733
1558694049793 -305867
1558694055454 -311527
1558694056420 -312493
1558694058363 -314436
1558694059696 -287211
1558694060307 -316380
1558694061649 -289164
1558694062253 -318325
1558694067527 -295041
1558694070043 -326114
1558694070461 -297974
1558694076878 -332948
1558694078791 -334861
1558694083999 -311511
1558694089819 -287183
1558694093730 -291094
1558694096116 -352182
1558694105329 -302691
1558694113715 -307144
1558694117320 -310749
1558694118975 -290115
1558694119950 -291090
1558694121213 -314642
1558694121920 -293060
1558694124833 -295972
1558694125100 -318528
1558694128583 -299722
1558694132492 -303630
1558694132701 -326128
1558694134647 -328074
1558694136398 -307536
1558694137388 -308526
1558694139337 -310474
1558694139499 -332925
1558694144198 -315334
1558694144198 -315334
1558694149242 -342666
1558694150063 -291115
1558694150065 -291117
1558694152942 -346365
1558694155945 -296996
1558694156120 -349542
1558694161617 -302667
1558694172387 -306066
1558694178052 -311730
1558694179046 -289970
1558694181009 -291933
1558694184857 -318534
1558694193708 -304630
1558694193713 -304635
1558694194685 -305607
1558694195545 -329221
1558694196591 -330267
1558694197405 -331081
1558694198487 -309409
1558694206354 -288290
1558694209023 -342697
1558694213839 -347511
1558694213841 -347513
1558694216894 -350565
1558694220076 -353746
1558694220264 -302198
1558694221385 -303318
1558694222735 -356404
1558694222735 -356404
1558694229233 -304945
1558694233103 -308815
1558694233533 -315461
1558694238508 -286423
1558694240542 -288457
1558694243409 -291323
1558694245712 -321422
1558694249696 -325405
1558694251644 -327353
1558694263853 -311764
1558694270632 -288425
1558694274723 -350426
1558694278612 -354314
1558694285444 -308974
1558694288258 -306049
1558694288387 -311917
1558694293110 -316639
1558694295079 -318608
1558694296924 -314713
1558694298887 -316676
1558694304806 -292645
1558694305842 -329369
1558694307733 -295572
1558694308722 -296561
1558694310674 -298513
1558694310700 -334227
1558694311663 -299501
1558694316582 -304420
1558694318353 -341879
1558694321290 -344815
1558694332141 -289851
1558694333027 -356548
1558694335952 -313102
1558694337068 -294777
1558694338049 -295758
1558694340007 -297716
1558694341677 -318826
1558694342634 -319783
1558694345738 -303446
1558694346545 -323693
1558694347546 -324694
1558694349665 -307373
1558694351438 -328586
1558694351635 -309342
1558694364961 -342107
1558694367189 -294783
1558694373127 -300721
1558694383532 -301031
1558694393584 -292002
1558694397051 -314548
1558694398050 -315547
1558694399997 -317493
1558694401429 -299846
1558694401429 -299846
1558694402415 -300832
1558694404916 -322412
1558694413551 -331045
1558694414577 -332071
1558694417562 -335056
1558694419055 -289457
1558694424256 -341747
1558694426212 -343703
1558694428166 -345656
1558694430121 -347610
1558694438812 -356298
1558694439762 -298305
1558694444357 -314756
1558694449275 -297150
1558694451238 -299113
1558694452216 -300091
1558694452216 -300091
1558694459129 -317670
1558694462902 -310775
1558694463063 -321603
1558694466833 -314706
1558694467958 -326498
1558694469922 -328461
1558694470731 -292625
1558694473674 -295567
1558694476616 -298509
1558694477705 -336243
1558694490258 -348792
1558694491239 -349773
1558694493153 -315043
1558694494163 -352696
1558694501013 -296658
1558694513565 -331430
1558694514531 -332396
1558694516580 -312223
1558694517460 -335324
1558694519529 -288911
1558694521499 -290881
1558694533063 -350925
1558694536863 -354724
1558694542958 -312337
1558694545648 -303764
1558694546647 -304762
1558694559509 -299609
1558694564442 -304542
1558694566392 -306491
1558694568364 -308463
1558694572861 -330973
1558694579205 -299757
1558694579575 -337686
1558694582000 -302552
1558694586387 -344497
1558694586867 -307418
1558694589321 -347430
1558694590806 -311357
1558694591276 -349384
1558694595185 -353292
1558694596694 -296368
1558694599694 -299367
1558694600089 -299168
1558694602605 -302278
1558694603581 -303254
1558694607742 -306820
1558694608331 -308003
1558694612297 -311969
1558694612306 -311978
1558694612644 -311721
1558694616191 -282085
1558694617173 -283067
1558694617538 -316615
1558694618160 -284054
1558694622086 -287979
1558694624375 -323451
1558694628817 -294709
1558694632755 -298647
1558694638918 -337991
1558694649444 -315333
1558694649445 -288927
1558694650446 -349515
1558694651420 -350489
1558694654200 -293682
1558694659233 -358299
1558694660090 -299571
1558694663039 -302520
1558694665099 -311679
1558694676636 -287002
1558694679593 -289958
1558694685466 -332043
1558694685466 -332043
1558694685476 -295841
1558694686447 -333024
1558694686449 -333026
1558694692354 -338930
1558694699971 -346546
1558694705836 -352409
1558694710883 -294781
1558694719519 -302052
1558694720799 -304695
1558694722650 -305182
1558694723425 -305957
1558694724799 -308695
1558694727503 -310033
1558694729274 -311803
1558694729328 -311857
1558694730291 -312820
1558694731541 -315436
1558694735314 -288991
1558694736957 -319483
1558694737937 -320463
1558694742170 -295846
1558694749498 -332020
1558694751446 -333967
1558694751832 -305506
1558694753408 -335928
1558694763176 -345693
1558694766572 -298037
1558694770503 -301968
1558694785079 -316542
1558694785079 -316542
1558694787045 -318508
1558694789993 -299376
1558694796715 -306097
