1558693135132 -10372
1558693159946 -31875
1558693171536 -43465
1558693189068 -60402
1558693189068 -60402
1558693189953 -61287
1558693195504 -66838
1558693197412 -68746
1558693203961 -75295
1558693206883 -78217
1558693208787 -80121
1558693208794 -80128
1558693220332 -91666
1558693220332 -91666
1558693239554 -105916
1558693242454 -108816
1558693245360 -111722
1558693267532 -133894
1558693273229 -139591
1558693273242 -139603
1558693277140 -143296
1558693284975 -151131
1558693287851 -154006
1558693290722 -156877
1558693299249 -165404
1558693306045 -172133
1558693323371 -186302
1558693326301 -189231
1558693334096 -197026
1558693336965 -199894
1558693338898 -201827
1558693343787 -206716
1558693347526 -210455
1558693350460 -213388
1558693357202 -219803
1558693371626 -234226
1558693374526 -237126
1558693386170 -248767
1558693391832 -254429
1558693392812 -255409
1558693406495 -269089
1558693421775 -284368
1558693428570 -288521
1558693444917 -285023
1558693449002 -319610
1558693449201 -319809
1558693449779 -289885
1558693449986 -320594
1558693450729 -321336
1558693450746 -290852
1558693450762 -321369
1558693450768 -321375
1558693451377 -321696
1558693451813 -322129
1558693452142 -322458
1558693453306 -323529
1558693453347 -323570
1558693453599 -323822
1558693454006 -324227
1558693454412 -324631
1558693454458 -324677
1558693454679 -324897
1558693454757 -324975
1558693455643 -325760
1558693455650 -325767
1558693456499 -326616
1558693456502 -326619
1558693456583 -296688
1558693456610 -326727
1558693457019 -327135
1558693457020 -327136
1558693457354 -327470
1558693457471 -327587
1558693457486 -327602
1558693457581 -327697
1558693457734 -327849
1558693459015 -327948
1558693459172 -328105
1558693459191 -328124
1558693459201 -328134
1558693459306 -328239
1558693459589 -328522
1558693459601 -328534
1558693459825 -328758
1558693459921 -328854
1558693460058 -326725
1558693460476 -300581
1558693460774 -327440
1558693461109 -327775
1558693461274 -327940
1558693461356 -328022
1558693461439 -301543
1558693461787 -296220
1558693463820 -298252
1558693483217 -317642
1558693495901 -330322
1558693517666 -8404
1558693518643 -9381
1558693519618 -10356
1558693519626 -10364
1558693525735 -11232
1558693526727 -12223
1558693527736 -18474
1558693537097 -27835
1558693539171 -24666
1558693548108 -38846
1558693549845 -35340
1558693550749 -41487
1558693553729 -39223
1558693557611 -43105
1558693558427 -46520
1558693561410 -49503
1558693562334 -50427
1558693563271 -48665
1558693572317 -60408
1558693573050 -61141
1558693573954 -59347
1558693578815 -64207
1558693580802 -66194
1558693582713 -68105
1558693583685 -69077
1558693584474 -69866
1558693587461 -72853
1558693587519 -72911
1558693590330 -75722
1558693594731 -82820
1558693597276 -85365
1558693598096 -83487
1558693599361 -87450
1558693606844 -92235
1558693611538 -85514
1558693612048 -99028
1558693612906 -99886
1558693617734 -104713
1558693619719 -106698
1558693623679 -110658
1558693625659 -112638
1558693626816 -113795
1558693629005 -102978
1558693631760 -105733
1558693635634 -109607
1558693635684 -122662
1558693638095 -125073
1558693638147 -125125
1558693655701 -142631
1558693657591 -144520
1558693667510 -141370
1558693676911 -155676
1558693677232 -151091
1558693677886 -156651
1558693678198 -152057
1558693680098 -153957
1558693681538 -160303
1558693682937 -156796
1558693685742 -164506
1558693690642 -169406
1558693690664 -164523
1558693692497 -171260
1558693693576 -167435
1558693695405 -174168
1558693697461 -171320
1558693699415 -167999
1558693700157 -178920
1558693703135 -171719
1558693705013 -183775
1558693709649 -188411
1558693712851 -181434
1558693717705 -186288
1558693719646 -188229
1558693724504 -193086
1558693728236 -196818
1558693736010 -204591
1558693736246 -213215
1558693737881 -214850
1558693739875 -208456
1558693741027 -217995
1558693741830 -210411
1558693747661 -216242
1558693752348 -220928
1558693752348 -220928
1558693752645 -229612
1558693757194 -225774
1558693757514 -234481
1558693770284 -242657
1558693774532 -243090
1558693778415 -246973
1558693779922 -252295
1558693783310 -251835
1558693787646 -260019
1558693788668 -261041
1558693789613 -261986
1558693791575 -263929
1558693805464 -277818
1558693814223 -282747
1558693820902 -289426
1558693822342 -294695
1558693824084 -296437
1558693824770 -293294
1558693826779 -299132
1558693826780 -299133
1558693827627 -296151
1558693828403 -278607
1558693836351 -304874
1558693837183 -287385
1558693838172 -288374
1558693839120 -289322
1558693842179 -310702
1558693849784 -317617
1558693852844 -303044
1558693857555 -325388
1558693861501 -311700
1558693862699 -312898
1558693864372 -314571
1558693868155 -308565
1558693868155 -308565
1558693868155 -308565
1558693871990 -312399
1558693875001 -325198
1558693886669 -336861
1558693887506 -327913
1558693894169 -334575
1558693897258 -308541
1558693900719 -312002
1558693917129 -328411
1558693917318 -308698
1558693927024 -318403
1558693928381 -339660
1558693930352 -341630
1558693934238 -345515
1558693946853 -276690
1558693946862 -276699
1558693954049 -345424
1558693954597 -284433
1558693958902 -350275
1558693960477 -290312
1558693961823 -353195
1558693966512 -357882
1558693969337 -299171
1558693970140 -299974
1558693970401 -323896
1558693971146 -300979
1558693971364 -324859
1558693972067 -301900
1558693972360 -325855
1558693973301 -326795
1558693975265 -328759
1558693981072 -334565
1558693983994 -337487
1558693984011 -313842
1558693984574 -314404
1558693984949 -338442
1558693986738 -340231
1558693996576 -326305
1558693998325 -328053
1558694000349 -353840
1558694001320 -354811
1558694001325 -354816
1558694003150 -332877
1558694005189 -358680
1558694007063 -336788
1558694016683 -307714
1558694017653 -308684
1558694019592 -310623
1558694023491 -314521
1558694024497 -315527
1558694024756 -354475
1558694027411 -357129
1558694028337 -319367
1558694028337 -319367
1558694029307 -320336
1558694032230 -323259
1558694033282 -306925
1558694034102 -307745
1558694036926 -327954
1558694038007 -311650
1558694038882 -329910
1558694039851 -330879
1558694040828 -331856
1558694045300 -318942
1558694049536 -340563
1558694050536 -341563
1558694056426 -330066
1558694060057 -351079
1558694061309 -334948
1558694062985 -354006
1558694065900 -356921
1558694067177 -340816
1558694067832 -358852
1558694068802 -359822
1558694069813 -300963
1558694074014 -347651
1558694075962 -349598
1558694077232 -350868
1558694077544 -308693
1558694077924 -351560
1558694082258 -313406
1558694090473 -303808
1558694090981 -322128
1558694098277 -311611
1558694100234 -313568
1558694101679 -332825
1558694102188 -315522
1558694109631 -340776
1558694117666 -330998
1558694118976 -350118
1558694120940 -352082
1558694126738 -357878
1558694129291 -342621
1558694131236 -344565
1558694137276 -308690
1558694146971 -318383
1558694148963 -316585
1558694153623 -325035
1558694161009 -328630
1558694161010 -328631
1558694161071 -328692
1558694164300 -335710
1558694169160 -340569
1558694170195 -337815
1558694173305 -340925
1558694174135 -341754
1558694174963 -342582
1558694177815 -345434
1558694190440 -302936
1558694191396 -303892
1558694193427 -310310
1558694196290 -308785
1558694199766 -316648
1558694202949 -315443
1558694204850 -317344
1558694209209 -326091
1558694210627 -323120
1558694210826 -327708
1558694211006 -327887
1558694211077 -327958
1558694212117 -328998
1558694215608 -328100
1558694218296 -335176
1558694219702 -332193
1558694221712 -334203
1558694222781 -335272
1558694223449 -335939
1558694224244 -336734
1558694225134 -337624
1558694229929 -342417
1558694230950 -347829
1558694238954 -355829
1558694245637 -358120
1558694247355 -359837
1558694255746 -320533
1558694255874 -320661
1558694257710 -322497
1558694266930 -331716
1558694269584 -318457
1558694274937 -339722
1558694275197 -324068
1558694275923 -340708
1558694277867 -342651
1558694282827 -347611
1558694285798 -350581
1558694291667 -356448
1558694293448 -358228
1558694297392 -362171
1558694301381 -309945
1558694306518 -315082
1558694307265 -315829
1558694322852 -331413
1558694322852 -331413
1558694323936 -332497
1558694326881 -335442
1558694328642 -314870
1558694330555 -339115
1558694331844 -340404
1558694332453 -318680
1558694332620 -341180
1558694335574 -344133
1558694340253 -326478
1558694341093 -327318
1558694341295 -349852
1558694346958 -333181
1558694347960 -334182
1558694351149 -359702
1558694352804 -339024
1558694354090 -303334
1558694356054 -305298
1558694357700 -343919
1558694358027 -307271
1558694367699 -316942
1558694369728 -318971
1558694370262 -356476
1558694375150 -306308
1558694376599 -325841
1558694376620 -325862
1558694377089 -308247
1558694381972 -313129
1558694390155 -339395
1558694392155 -341395
1558694392557 -323713
1558694396481 -327636
1558694404277 -335431
1558694406231 -337385
1558694407947 -357182
1558694412908 -344061
1558694421000 -314019
1558694425621 -302758
1558694429351 -322368
1558694429539 -306676
1558694438157 -315293
1558694440105 -317240
1558694441082 -318217
1558694444947 -337963
1558694444987 -322122
1558694447922 -325056
1558694448875 -341890
1558694449854 -342869
1558694450826 -343841
1558694451829 -344844
