1558693124575 -593
1558693125079 -390
1558693126918 -2935
1558693132093 -7403
1558693137298 -13315
1558693145977 -21994
1558693147705 -23722
1558693149466 -24770
1558693153408 -28303
1558693153408 -28303
1558693153525 -29542
1558693158377 -34393
1558693158377 -34393
1558693162927 -37821
1558693170726 -45620
1558693170751 -46066
1558693175568 -50461
1558693176488 -51381
1558693182226 -57119
1558693183138 -58031
1558693200475 -75789
1558693200475 -75789
1558693205341 -75253
1558693206343 -76255
1558693208225 -78136
1558693208229 -78140
1558693209204 -79115
1558693210154 -83827
1558693210164 -80075
1558693219697 -93370
1558693220848 -90759
1558693221644 -95317
1558693224745 -94656
1558693229416 -103089
1558693235251 -108923
1558693238204 -106504
1558693242105 -110405
1558693242105 -110405
1558693246744 -120416
1558693247716 -121388
1558693254514 -127477
1558693255627 -123927
1558693259365 -132328
1558693262271 -135234
1558693267951 -140914
1558693269892 -142855
1558693276724 -149686
1558693289154 -162116
1558693293670 -158279
1558693301806 -173816
1558693302263 -166872
1558693306626 -178636
1558693309556 -181566
1558693309556 -181566
1558693314925 -179533
1558693316176 -188186
1558693317858 -182466
1558693321774 -186382
1558693322746 -187354
1558693324532 -189140
1558693334307 -197762
1558693334625 -206634
1558693341295 -212680
1558693347824 -211279
1558693348052 -219437
1558693351967 -223352
1558693356812 -228197
1558693357781 -229166
1558693361513 -224968
1558693369256 -240592
1558693370228 -241564
1558693370228 -241564
1558693376985 -240439
1558693377029 -248365
1558693382860 -246314
1558693383672 -255008
1558693390689 -254143
1558693391431 -246256
1558693392647 -255022
1558693394336 -249160
1558693396295 -251119
1558693399313 -261688
1558693403078 -257901
1558693405115 -259938
1558693407143 -269148
1558693408124 -270129
1558693408765 -263587
1558693415551 -260937
1558693416521 -261907
1558693418492 -263878
1558693421643 -283647
1558693423403 -268788
1558693425273 -270658
1558693429451 -284745
1558693430431 -285725
1558693431402 -286696
1558693433104 -269863
1558693437781 -274538
1558693439283 -287790
1558693512544 -2498
1558693514339 -341710
1558693514491 -4445
1558693514866 -548
1558693514869 -551
1558693521726 -7408
1558693524644 -10326
1558693525182 -15135
1558693526169 -16122
1558693530497 -16179
1558693535709 -25661
1558693538154 -23836
1558693539129 -24811
1558693541113 -26795
1558693544023 -29705
1558693545384 -35336
1558693551205 -41156
1558693558813 -48763
1558693563428 -48302
1558693571220 -56094
1558693577254 -66868
1558693583935 -68637
1558693585888 -75501
1558693588759 -73459
1558693591698 -81311
1558693597498 -87109
1558693598450 -88061
1558693602337 -89390
1558693603312 -88011
1558693609042 -93741
1558693618790 -103488
1558693619767 -104465
1558693620635 -107688
1558693622585 -109638
1558693630519 -105555
1558693635297 -110332
1558693640133 -115168
1558693641831 -128881
1558693642090 -117124
1558693648932 -123965
1558693650890 -125923
1558693652363 -138912
1558693652840 -127873
1558693670280 -145312
1558693678424 -164972
1558693682875 -156278
1558693685218 -171766
1558693695898 -179531
1558693697485 -170887
1558693698479 -171881
1558693710283 -193915
1558693715136 -198768
1558693719806 -193155
1558693719806 -193155
1558693720782 -194131
1558693722742 -206373
1558693722743 -206374
1558693729619 -213250
1558693736267 -209616
1558693740160 -213509
1558693741184 -224815
1558693743094 -216443
1558693763377 -245669
1558693765476 -234091
1558693765476 -234091
1558693769049 -251341
1558693770982 -253274
1558693771981 -254273
1558693775862 -258154
1558693788718 -257332
1558693788718 -257332
1558693793176 -258422
1558693793176 -258422
1558693806841 -272085
1558693808222 -276835
1558693810718 -275962
1558693811113 -279726
1558693817932 -286545
1558693817948 -286561
1558693824097 -274804
1558693825590 -280560
1558693829443 -284412
1558693834761 -285466
1558693835717 -286422
1558693839213 -294181
1558693846062 -287220
1558693849805 -290963
1558693852058 -250694
1558693853993 -252629
1558693856644 -297801
1558693859829 -258464
1558693861538 -302694
1558693868442 -296207
1558693869447 -297212
1558693870260 -298025
1558693872151 -299915
1558693875058 -302822
1558693876039 -303803
1558693876039 -303803
1558693877141 -275774
1558693889720 -301846
1558693891570 -290199
1558693904487 -282838
1558693908426 -286775
1558693909358 -283716
1558693909358 -283716
1558693914162 -288518
1558693916924 -291279
1558693922490 -269173
1558693925559 -299911
1558693927516 -301867
1558693929469 -303819
1558693930236 -276914
1558693930240 -276918
1558693932173 -278850
1558693934110 -280786
1558693938837 -285510
1558693945949 -295677
1558693949486 -296151
1558693950473 -297138
1558693951441 -298105
1558693954344 -301006
1558693961573 -311299
1558693961577 -286418
1558693963537 -288377
1558693966290 -291130
1558693973609 -286456
1558693981932 -306770
1558693986810 -311647
1558693987786 -312623
1558693998385 -296982
1558694002293 -300889
1558694003263 -301859
1558694008148 -306743
1558694013860 -312455
1558694014862 -313456
1558694015992 -302752
1558694015992 -302752
1558694018905 -305664
1558694020698 -285406
1558694023629 -288336
1558694023767 -310526
1558694038167 -296007
1558694038167 -296007
1558694042104 -299943
1558694043051 -300890
1558694044997 -309702
1558694047877 -305715
1558694048887 -313591
1558694052801 -300089
1558694056469 -314306
1558694057684 -304971
1558694058662 -305949
1558694061451 -308737
1558694063420 -310706
1558694069257 -316543
1558694076710 -304758
1558694077652 -305699
1558694079029 -301937
1558694079029 -301937
1558694079595 -307642
1558694081566 -309613
1558694082947 -305854
1558694084473 -312519
1558694088640 -311546
1558694093199 -291290
1558694096107 -294198
1558694099020 -297111
1558694106670 -304760
1558694111194 -303052
1558694111938 -310027
1558694118317 -286472
1558694119260 -287415
1558694119753 -311610
1558694120233 -288387
1558694121730 -313587
1558694122702 -314559
1558694133282 -296955
1558694139155 -302827
1558694141455 -309607
1558694146965 -310635
1558694148942 -312611
1558694155015 -293248
1558694161658 -299890
1558694165545 -303776
1558694168318 -304767
1558694169431 -307662
1558694169432 -307663
1558694174141 -312371
1558694177098 -313545
1558694178985 -291322
1558694179955 -292291
1558694187713 -300048
1558694202454 -313666
1558694205187 -316398
1558694207131 -289469
1558694208125 -293082
1558694208149 -293106
1558694208970 -291308
1558694213787 -296124
1558694215873 -298210
1558694216903 -299240
1558694219175 -304131
1558694219889 -302226
1558694221233 -306189
1558694224528 -306864
1558694224528 -306864
1558694227469 -312424
1558694230400 -315354
1558694236157 -288612
1558694242879 -295333
1558694251716 -304168
1558694253755 -308805
1558694255486 -307938
1558694256431 -308883
1558694259375 -311826
1558694264575 -289488
1558694266094 -285709
1558694268586 -293498
1558694270045 -289659
1558694278178 -303089
1558694283096 -308006
1558694285586 -305198
1558694285586 -305198
1558694286044 -310954
1558694293236 -312847
1558694304569 -299349
1558694321301 -316079
1558694321417 -307360
1558694323365 -309308
1558694324079 -288715
1558694334901 -299536
1558694335883 -300518
1558694341764 -299653
1558694342740 -300629
1558694350474 -315107
1558694353489 -311376
1558694354463 -312350
1558694358388 -284456
1558694359329 -293935
1558694359351 -285419
1558694360326 -286394
1558694364254 -298860
1558694364254 -298860
1558694365054 -291121
1558694376773 -302839
1558694378836 -313440
1558694383619 -309684
1558694385721 -290199
1558694386393 -292226
1558694387357 -293190
1558694391625 -296103
1558694397126 -302958
1558694398337 -302814
1558694403978 -309809
1558694405258 -309734
1558694406913 -312744
1558694408175 -312650
1558694408176 -312651
1558694412609 -303946
1558694412612 -303949
1558694416199 -291556
1558694417661 -308998
1558694426282 -291648
1558694427259 -292625
1558694431621 -306976
1558694431976 -297342
1558694435907 -301272
1558694436537 -311892
1558694437530 -312885
1558694440473 -315827
1558694441454 -316808
1558694444237 -285679
1558694444688 -310051
1558694447631 -312994
1558694448174 -289615
1558694449155 -290596
1558694456241 -291668
1558694458189 -293616
1558694459167 -294593
1558694464895 -306334
1558694471618 -313056
1558694471870 -307294
1558694474794 -310218
1558694479488 -290822
1558694481447 -292781
1558694482428 -293762
1558694483412 -294745
1558694485379 -296712
1558694490296 -299605
1558694491117 -302449
1558694494067 -305399
1558694498017 -309348
1558694509675 -290076
1558694513744 -290937
1558694523356 -303755
1558694526458 -303650
1558694527225 -307623
1558694530606 -307797
1558694535289 -312479
1558694537839 -318236
1558694552320 -302663
1558694560697 -304963
1558694564421 -308686
1558694566364 -310629
1558694567981 -318322
1558694572846 -293080
1558694573243 -289163
1558694573822 -294055
1558694581129 -297048
1558694583136 -299055
1558694583462 -303694
1558694587337 -307569
1558694587338 -307570
1558694589292 -309524
1558694591770 -307688
1558694592226 -312457
1558694593200 -313380
1558694597108 -287265
1558694597672 -313589
1558694598655 -314572
1558694603565 -319481
1558694604763 -294918
1558694611272 -305451
1558694611272 -305451
1558694622179 -312332
1558694625047 -290145
1558694630967 -296064
1558694632953 -293103
1558694636675 -301771
1558694640603 -305699
1558694647422 -307569
1558694649377 -309524
1558694652310 -312457
1558694656358 -291130
1558694661101 -292144
1558694664061 -298832
1558694667946 -298988
1558694673635 -304676
1558694675590 -306630
1558694685360 -316398
1558694687471 -299616
1558694697904 -302682
1558694699851 -304629
1558694702233 -314376
1558694706983 -319125
1558694709930 -291884
1558694715491 -291166
1558694717268 -292943
1558694733399 -315350
1558694734364 -316315
1558694737329 -319279
1558694738757 -314429
1558694739731 -285289
1558694741252 -301741
1558694744191 -304680
1558694747383 -292940
1558694750324 -295880
1558694756807 -317294
1558694756807 -317294
1558694757789 -318276
1558694761058 -306613
1558694762036 -307591
1558694766640 -300718
1558694767623 -301701
1558694768718 -314272
1558694776534 -295995
1558694778493 -297954
1558694778493 -297954
1558694787284 -306744
1558694789098 -293061
1558694793960 -313419
1558694794993 -298955
1558694797943 -301905
1558694808597 -312557
1558694808598 -312558
1558694809578 -313538
