1558693126747 -2669
1558693128444 -3708
1558693130597 -6519
1558693131360 -6624
1558693136336 -11600
1558693136375 -12297
1558693137268 -12532
1558693137268 -12532
1558693139209 -14040
1558693139239 -14503
1558693139305 -14569
1558693140750 -10513
1558693144026 -19887
1558693144106 -19370
1558693152750 -28014
1558693153527 -29386
1558693154451 -29281
1558693154451 -29281
1558693154526 -30385
1558693155190 -24948
1558693157359 -32189
1558693157666 -32930
1558693159363 -35222
1558693160296 -35126
1558693161311 -37170
1558693161343 -36804
1558693163855 -32580
1558693165441 -40700
1558693166967 -41797
1558693167383 -42642
1558693167574 -36299
1558693167932 -42762
1558693168361 -43620
1558693169862 -44517
1558693170358 -45617
1558693171845 -46500
1558693172535 -41259
1558693172702 -47357
1558693174663 -50124
1558693177430 -52085
1558693177473 -52934
1558693178932 -51437
1558693181252 -43395
1558693181357 -56817
1558693181364 -56824
1558693181904 -54409
1558693183164 -45307
1558693185174 -47313
1558693186265 -61725
1558693188389 -63849
1558693197655 -72309
1558693198688 -60826
1558693200513 -75973
1558693202225 -74730
1558693202423 -77883
1558693203200 -75705
1558693204506 -66644
1558693205352 -78869
1558693206482 -68620
1558693208187 -82841
1558693209063 -81568
1558693210200 -83717
1558693212319 -74456
1558693213976 -88622
1558693215909 -88414
1558693217861 -90365
1558693218773 -92290
1558693218989 -81126
1558693220617 -93281
1558693222675 -96192
1558693223579 -94378
1558693224612 -98129
1558693225597 -99114
1558693227539 -101056
1558693228461 -99259
1558693228764 -89475
1558693229481 -102998
1558693229748 -90459
1558693230340 -103004
1558693230409 -101177
1558693230447 -103964
1558693231328 -103992
1558693232677 -93388
1558693233352 -106869
1558693233652 -94363
1558693234648 -95359
1558693236270 -107037
1558693237251 -108018
1558693239084 -111747
1558693240358 -101068
1558693242006 -114669
1558693242135 -112902
1558693242913 -116429
1558693246791 -120307
1558693254025 -114735
1558693255546 -128676
1558693255658 -126423
1558693256656 -127421
1558693257407 -129944
1558693257493 -130623
1558693261517 -132282
1558693261517 -132282
1558693263324 -136454
1558693264611 -125321
1558693267938 -140474
1558693269179 -139943
1558693270849 -143385
1558693271130 -141894
1558693272107 -142871
1558693272417 -133076
1558693274373 -135032
1558693274832 -147962
1558693276326 -136985
1558693276815 -149945
1558693279656 -152192
1558693279742 -152872
1558693281939 -152703
1558693282926 -150363
1558693283606 -155483
1558693286667 -159203
1558693288355 -160891
1558693289850 -150507
1558693290575 -158011
1558693296434 -163870
1558693297983 -169857
1558693297989 -169863
1558693299935 -171809
1558693300893 -172767
1558693301808 -172143
1558693303543 -164200
1558693304791 -176665
1558693309255 -169912
1558693314128 -174785
1558693315273 -185607
1558693316748 -184183
1558693321074 -191408
1558693323588 -191022
1558693324056 -195501
1558693325021 -196466
1558693325934 -196268
1558693325934 -196268
1558693325946 -196280
1558693325993 -197438
1558693327503 -194937
1558693328476 -195910
1558693332385 -199819
1558693332792 -204236
1558693334737 -206181
1558693337430 -197116
1558693338399 -208733
1558693343286 -202972
1558693345251 -216695
1558693346201 -216534
1558693346236 -205920
1558693348163 -219607
1558693351096 -221429
1558693351813 -219247
1558693352039 -222372
1558693353731 -221162
1558693355903 -226236
1558693355984 -215668
1558693356821 -216505
1558693356886 -227219
1558693359759 -219443
1558693362609 -232525
1558693364481 -234814
1558693364542 -234458
1558693371356 -241271
1558693373282 -243197
1558693374206 -244539
1558693375228 -245143
1558693376142 -245640
1558693382029 -251921
1558693383874 -250268
1558693383874 -250268
1558693389590 -255984
1558693389631 -259523
1558693390854 -250404
1558693391827 -251377
1558693394445 -247555
1558693394470 -260864
1558693394757 -254307
1558693399646 -259196
1558693400340 -266734
1558693401324 -267718
1558693401324 -267718
1558693404398 -263947
1558693408176 -273503
1558693409263 -268812
1558693409907 -266831
1558693410861 -267785
1558693412763 -265870
1558693417647 -258301
1558693417647 -258301
1558693418602 -264135
1558693418629 -259283
1558693419577 -265110
1558693420005 -279554
1558693422531 -268064
1558693422564 -263218
1558693422564 -263218
1558693423501 -269034
1558693426357 -271889
1558693431252 -276780
1558693433337 -273989
1558693435117 -269071
1558693435117 -275769
1558693437211 -302537
1558693438892 -272846
1558693439147 -293991
1558693439431 -298979
1558693439823 -273777
1558693440102 -294946
1558693445672 -277580
1558693447603 -279511
1558693448183 -307499
1558693448573 -280480
1558693450524 -282431
1558693451824 -306666
1558693458766 -318082
1558693459734 -319050
1558693460081 -291984
1558693461692 -321008
1558693462405 -317246
1558693463639 -322955
1558693463640 -322956
1558693465355 -320195
1558693466315 -321155
1558693467291 -322131
1558693468268 -323108
1558693475198 -334513
1558693477065 -331903
1558693477151 -336466
1558693483985 -310531
1558693492536 -327094
1558693494493 -329050
1558693494739 -321283
1558693496691 -323235
1558693497425 -331982
1558693497668 -324212
1558693499477 -326021
1558693502314 -336870
1558693504347 -330890
1558693506300 -332843
1558693508994 -343550
1558693511312 -1506
1558693516175 -6369
1558693524271 -14200
1558693524915 -15105
1558693526233 -16162
1558693529150 -19079
1558693529782 -19972
1558693530052 -20707
1558693531256 -16759
1558693533945 -24599
1558693535152 -20655
1558693537874 -28528
1558693543540 -33468
1558693546452 -36380
1558693547485 -38138
1558693548081 -38268
1558693548392 -38320
1558693548685 -34187
1558693551605 -37107
1558693552283 -42210
1558693552932 -43119
1558693554215 -44142
1558693554306 -44958
1558693555185 -45112
1558693558427 -43929
1558693562491 -51248
1558693563160 -48662
1558693570765 -61416
1558693571976 -57478
1558693574881 -47231
1558693577815 -50165
1558693581109 -70771
1558693584436 -72593
1558693584504 -56854
1558693585459 -73616
1558693585459 -73616
1558693585988 -75650
1558693587435 -75591
1558693587435 -75591
1558693589895 -79557
1558693594415 -83168
1558693595045 -83201
1558693595709 -85370
1558693596397 -85150
1558693596691 -86352
1558693597633 -87294
1558693598206 -70065
1558693601874 -90029
1558693602102 -73961
1558693606043 -77902
1558693606214 -95875
1558693606898 -95648
1558693607195 -96856
1558693608820 -97570
1558693609803 -81662
1558693612054 -99076
1558693612054 -99076
1558693613487 -101641
1558693615005 -102027
1558693619498 -107076
1558693621440 -108997
1558693622435 -109992
1558693622476 -94334
1558693624681 -111702
1558693625169 -112310
1558693630370 -117391
1558693631969 -119526
1558693634022 -105880
1558693634236 -121257
1558693634964 -122105
1558693635023 -106881
1558693635260 -122281
1558693641618 -128758
1558693644955 -131975
1558693646880 -133460
1558693648489 -134616
1558693648687 -120545
1558693652632 -124490
1558693653535 -140114
1558693655398 -125010
1558693657088 -143215
1558693657327 -126939
1558693663877 -150004
1558693663937 -151074
1558693664157 -133769
1558693664846 -150973
1558693669131 -155709
1558693669162 -155740
1558693671037 -140649
1558693672620 -158746
1558693674761 -161338
1558693675368 -161494
1558693677667 -164244
1558693677667 -164244
1558693678687 -165264
1558693679246 -165372
1558693686052 -172178
1558693688220 -172552
1558693688450 -158062
1558693692350 -161962
1558693692843 -177294
1558693694237 -180813
1558693698247 -167856
1558693699177 -168786
1558693699939 -184270
1558693701891 -186222
1558693702401 -186852
1558693704349 -188800
1558693704894 -174503
1558693706290 -190740
1558693708594 -192925
1558693716972 -201421
1558693718570 -188179
1558693719548 -189157
1558693721242 -204849
1558693726914 -210521
1558693734056 -203664
1558693736025 -205633
1558693738253 -222702
1558693742852 -212460
1558693744587 -226567
1558693745831 -213017
1558693745858 -230307
1558693747522 -229502
1558693749705 -216891
1558693752619 -237068
1558693752978 -235723
1558693755432 -222617
1558693757476 -239182
1558693758809 -241554
1558693760391 -242096
1558693760753 -243497
1558693761726 -244470
1558693763221 -230405
1558693763308 -245013
1558693764326 -246031
1558693768528 -251272
1558693776766 -258471
1558693779487 -256845
1558693780464 -257822
1558693780464 -257822
1558693781607 -263312
1558693782966 -265710
1558693783407 -260765
1558693785518 -267223
1558693786828 -266160
1558693787478 -254661
1558693788476 -255659
1558693789439 -256622
1558693790716 -270048
1558693791388 -258570
1558693792189 -269546
1558693792408 -259590
1558693794090 -272800
1558693794139 -271496
1558693800449 -279781
1558693801066 -278422
1558693804054 -271233
1558693804085 -271264
1558693807727 -285083
1558693808961 -276140
1558693812643 -279659
1558693812643 -289999
1558693816279 -283294
1558693817674 -285599
1558693817674 -284852
1558693817706 -284884
1558693819642 -287567
1558693821216 -288231
1558693821388 -298744
1558693821591 -289516
1558693823080 -280620
1558693828891 -286430
1558693831997 -309353
1558693832371 -285889
1558693832860 -290398
1558693838597 -271251
1558693838971 -305843
1558693839757 -317112
1558693839969 -293485
1558693839969 -293485
1558693840373 -273027
1558693842318 -274972
1558693843289 -275943
1558693843657 -320391
1558693845235 -277888
1558693847680 -314551
1558693848554 -325288
1558693851555 -318426
1558693854964 -287616
1558693856338 -294495
1558693857169 -333903
1558693857369 -324240
1558693860117 -336851
1558693861192 -299348
1558693862219 -300375
1558693866881 -269250
1558693867416 -300066
1558693868938 -271306
1558693869952 -312446
1558693870389 -286484
1558693870819 -273187
1558693876564 -329078
1558693879105 -295198
1558693881482 -283848
1558693882966 -299059
1558693883416 -335930
1558693883591 -326083
1558693889621 -292210
1558693890581 -293170
1558693893206 -335697
1558693894497 -297085
1558693897104 -339594
1558693897381 -299969
1558693898082 -340572
1558693900364 -302951
1558693900764 -303126
1558693902126 -344616
1558693902229 -344719
1558693902992 -355502
1558693903825 -288849
1558693903904 -356414
1558693905929 -290953
1558693906236 -348725
1558693907496 -289948
1558693909056 -361565
1558693909501 -291952
1558693912053 -294504
1558693915541 -320495
1558693915740 -298190
1558693916695 -299145
1558693919447 -324401
1558693926790 -276993
1558693930178 -332797
1558693930996 -335948
1558693930996 -335948
1558693931964 -336916
1558693936054 -338672
1558693936344 -286545
1558693942704 -347655
1558693943708 -346324
1558693945656 -348272
1558693952456 -297329
1558693955384 -300257
1558693956233 -361181
1558693956355 -301228
1558693958212 -312640
1558693958371 -301054
1558693959538 -309734
1558693961042 -305914
1558693962095 -316523
1558693962095 -316523
1558693967292 -282818
1558693967947 -322374
1558693968923 -323349
1558693970218 -285744
1558693972700 -327126
1558693974080 -289605
1558693975794 -318474
1558693975794 -318474
1558693977990 -293515
1558693979547 -291554
1558693980917 -296441
1558693981448 -293454
1558693983223 -295229
1558693985568 -328247
1558693985593 -301117
1558693986142 -298148
1558693986562 -329241
1558693986576 -302100
1558693988079 -300085
1558693988079 -300085
1558693988317 -342741
1558693989058 -301063
1558693991252 -345675
1558693996292 -311814
1558693998758 -310762
1558694001176 -286738
1558694004053 -289615
1558694004584 -295337
1558694004768 -316547
1558694004942 -347616
1558694009665 -321443
1558694012623 -324401
1558694012690 -298250
1558694013615 -317885
1558694016083 -306835
1558694017494 -321763
1558694018480 -304039
1558694019008 -309759
1558694019454 -323723
1558694021402 -306961
1558694025164 -336940
1558694025164 -336940
1558694026106 -337882
1558694026295 -330563
1558694028714 -291424
1558694032447 -295156
1558694045107 -307814
1558694047472 -310586
1558694047472 -310586
1558694053656 -294207
1558694054111 -314571
1558694056584 -297134
1558694057223 -320336
1558694057402 -310600
1558694058202 -321315
1558694059957 -286724
1558694060464 -301014
1558694062134 -315331
1558694063109 -316306
1558694064817 -291583
1558694067725 -294490
1558694067988 -321184
1558694070970 -324166
1558694072915 -326111
1558694076014 -286635
1558694076468 -303232
1558694077297 -304061
1558694077593 -340702
1558694077773 -330968
1558694080191 -306954
1558694080191 -306954
1558694082486 -345593
1558694083121 -309884
1558694087503 -298120
1558694088363 -341556
1558694094059 -323206
1558694094303 -304918
1558694095745 -293488
1558694097958 -327105
1558694098185 -308798
1558694099103 -352294
1558694099105 -352296
1558694100946 -311558
1558694104055 -357244
1558694106810 -335955
1558694106867 -314750
1558694110429 -308169
1558694110947 -318830
1558694112688 -341833
1558694113842 -321724
1558694113842 -295628
1558694120881 -288647
1558694121431 -329312
1558694121841 -289607
1558694123203 -352346
1558694128482 -296247
1558694133336 -301100
1558694133953 -318024
1558694136906 -344785
1558694137706 -321777
1558694137706 -321777
1558694139653 -296318
1558694141790 -349669
1558694142599 -326669
1558694143575 -327645
1558694144510 -301121
1558694144724 -352602
1558694145481 -302092
1558694151150 -307761
1558694153084 -309695
1558694154618 -303100
1558694154720 -297424
1558694155718 -298422
1558694156464 -340532
1558694158299 -342367
1558694158967 -290517
1558694162791 -294340
1558694162791 -294340
1558694163180 -311661
1558694163762 -295311
1558694163765 -295314
1558694165710 -297259
1558694168020 -316500
1558694168623 -300172
1558694169974 -318454
1558694169978 -318458
1558694171074 -313775
1558694171380 -302928
1558694171940 -320419
1558694174292 -305840
1558694177205 -308752
1558694178598 -314579
1558694178692 -287698
1558694179598 -328076
1558694181538 -317518
1558694184001 -294298
1558694184480 -332958
1558694185453 -333931
1558694185494 -294498
1558694186462 -295466
1558694188861 -299157
1558694195061 -331040
1558694195224 -343698
1558694197091 -306094
1558694197258 -345732
1558694197534 -307828
1558694204369 -285760
1558694207289 -288680
1558694207289 -288680
1558694207843 -316845
1558694208820 -357290
1558694216591 -318509
1558694216758 -318521
1558694217605 -319523
1558694217930 -319693
1558694218720 -320637
1558694218960 -300349
1558694219076 -300465
1558694220953 -302341
1558694221553 -300551
1558694223630 -325547
1558694228989 -307987
1558694232036 -333797
1558694234952 -336867
1558694235059 -336820
1558694235886 -314884
1558694239893 -341808
1558694242885 -344645
1558694246860 -348619
1558694247597 -292780
1558694247837 -349751
1558694248924 -304253
1558694250558 -295741
1558694252459 -297641
1558694253602 -355515
1558694255271 -300453
1558694256185 -301367
1558694256597 -311925
1558694258258 -310637
1558694258334 -360246
1558694258550 -283906
1558694260299 -317595
1558694262226 -314605
1558694263443 -288798
1558694265127 -317505
1558694266230 -323525
1558694266824 -312004
1558694267228 -324523
1558694269225 -294579
1558694270192 -327487
1558694271117 -323495
1558694274091 -331385
1558694274091 -331385
1558694275014 -300367
1558694275703 -328080
1558694276568 -291954
1558694276963 -302316
1558694277544 -292930
1558694278522 -293908
1558694279541 -294927
1558694279831 -337124
1558694280512 -295898
1558694281849 -307201
1558694282830 -308182
1558694284396 -299781
1558694285362 -300747
1558694285702 -342995
1558694285702 -342994
1558694285764 -311116
1558694288469 -340844
1558694288469 -340844
1558694292038 -307421
1558694292594 -349886
1558694293016 -308399
1558694294402 -301284
1558694294980 -310363
1558694295953 -311336
1558694296367 -348741
1558694300450 -357740
1558694301829 -284330
1558694302068 -354440
1558694302420 -359710
1558694304773 -287273
1558694306069 -309875
1558694306154 -313034
1558694306154 -313034
1558694310036 -291970
1558694310038 -291972
1558694311990 -293923
1558694312570 -295069
1558694313870 -317675
1558694314362 -296861
1558694314761 -296694
1558694318799 -322603
1558694319956 -327390
1558694325535 -307467
1558694327061 -334494
1558694327081 -309578
1558694327081 -309578
1558694327483 -331286
1558694327677 -335110
1558694331451 -335254
1558694332379 -314310
1558694333562 -340994
1558694335531 -342963
1558694337097 -296456
1558694337676 -286314
1558694338294 -342096
1558694338654 -287292
1558694339052 -298410
1558694342563 -291201
1558694342956 -302314
1558694346351 -312405
1558694346501 -295138
1558694349435 -298072
1558694352352 -300988
1558694354693 -288359
1558694357793 -361590
1558694357795 -305237
1558694357988 -324040
1558694358208 -306843
1558694366650 -314091
1558694366844 -289566
1558694367225 -300890
1558694370776 -336826
1558694373114 -306778
1558694374418 -321858
1558694374703 -297424
1558694375648 -298369
1558694376321 -323761
1558694379471 -345520
1558694380250 -327689
1558694381521 -304241
1558694382495 -305215
1558694386155 -333593
1558694390097 -337535
1558694392255 -311723
1558694392490 -297220
1558694393114 -315833
1558694393255 -312723
1558694398000 -302214
1558694398156 -317624
1558694405697 -353131
1558694408621 -356054
1558694411771 -331237
1558694412754 -332220
1558694415656 -293825
1558694416895 -297460
1558694418849 -299414
1558694419489 -297657
1558694421607 -341072
1558694425225 -303392
1558694427172 -305339
1558694427337 -346801
1558694430444 -311007
1558694430444 -311007
1558694432240 -312803
1558694432272 -304158
1558694433238 -305123
1558694435005 -322288
1558694435992 -323275
1558694437946 -325229
1558694438184 -310069
1558694440062 -298444
1558694442017 -300399
1558694443074 -314958
1558694443074 -314958
1558694443074 -314958
1558694444949 -303331
1558694446866 -318749
1558694449809 -321692
1558694449809 -321692
1558694451547 -338828
1558694453400 -301751
1558694455360 -303711
1558694457455 -344734
1558694460404 -347682
1558694461412 -290038
1558694461413 -290039
1558694462377 -349654
1558694464354 -351631
1558694465941 -314291
1558694468262 -296887
1558694468262 -296887
1558694468875 -288234
1558694469231 -297856
1558694469896 -289255
1558694470470 -342350
1558694473250 -345129
1558694475224 -347102
1558694476936 -321437
1558694479004 -307627
1558694482101 -323802
1558694483734 -312356
1558694488281 -307637
1558694489983 -331682
1558694491581 -336080
1558694491581 -291198
1558694492549 -292166
1558694493500 -337998
1558694493528 -293145
1558694494495 -338993
1558694495478 -295095
1558694499639 -341337
1558694500421 -344919
1558694502590 -344288
1558694504332 -348829
1558694504556 -346253
1558694508992 -308604
1558694509488 -351185
1558694510676 -300064
1558694511475 -353171
1558694518423 -307809
1558694519143 -360838
1558694520900 -313078
1558694521118 -312382
1558694521723 -296193
1558694522840 -315018
1558694525282 -314664
1558694525282 -314664
1558694527356 -316738
1558694528161 -319424
1558694528915 -321092
1558694530202 -321465
1558694531920 -324097
1558694534958 -296206
1558694534958 -326220
1558694534994 -296242
1558694535873 -297121
1558694536454 -328630
1558694537826 -299073
1558694539405 -331581
1558694540376 -332552
1558694541097 -315564
1558694543054 -287435
1558694545539 -336800
1558694551438 -342698
1558694552656 -297035
1558694554287 -289297
1558694555139 -347313
1558694555293 -290303
1558694556107 -348280
1558694558323 -349582
1558694559520 -303898
1558694563288 -305832
1558694565080 -300089
1558694565819 -357989
1558694566353 -310731
1558694568021 -310564
1558694569727 -361896
1558694571242 -315619
1558694571886 -306894
1558694572660 -306568
1558694573849 -308856
1558694576616 -311623
1558694579590 -292266
1558694583780 -298016
1558694584754 -298990
1558694585341 -319248
1558694587677 -330217
1558694591283 -303957
1558694592265 -304939
1558694593237 -305911
1558694597341 -339880
1558694598335 -340873
1558694600231 -314464
1558694601206 -315439
1558694607748 -286537
1558694608051 -298883
1558694609708 -288497
1558694612010 -302840
1558694614903 -305732
1558694616841 -327103
1558694618808 -329069
1558694619792 -330053
1558694620507 -354407
1558694620773 -331034
1558694622558 -313384
1558694622558 -313384
1558694623458 -357357
1558694624449 -358347
1558694624719 -334979
1558694625419 -359317
1558694625700 -335959
1558694629358 -363255
1558694629629 -339887
1558694631065 -309851
1558694631594 -341852
1558694635531 -345785
1558694635531 -345785
1558694637897 -286527
1558694638049 -320194
1558694638191 -302851
1558694645199 -355453
1558694651433 -300061
1558694652793 -334935
1558694654041 -316385
1558694655338 -303965
1558694660521 -299138
1558694661497 -300114
1558694662743 -325086
1558694663451 -302067
1558694664438 -346579
1558694664704 -327046
1558694668361 -350501
1558694671586 -333927
1558694673275 -355414
1558694674256 -356394
1558694674539 -336880
1558694676504 -338845
1558694678008 -316623
1558694684804 -289387
1558694685360 -347700
1558694686465 -308858
1558694687161 -349500
1558694688423 -310815
1558694688713 -293295
1558694688845 -310557
1558694689129 -351468
1558694690108 -352447
1558694690667 -295249
1558694690670 -295252
1558694693112 -306713
1558694694790 -316500
1558694698341 -302922
1558694699304 -303885
1558694699991 -289460
1558694700925 -314525
1558694701257 -305838
1558694701949 -291418
1558694706833 -320432
1558694708118 -312697
1558694709332 -331040
1558694712569 -326167
1558694714243 -335950
1558694714554 -328152
1558694715636 -305103
1558694716617 -306084
1558694717596 -307063
1558694719458 -333055
1558694721448 -310915
1558694722611 -336208
1558694724680 -314146
1558694725740 -304056
1558694725849 -304165
1558694725849 -304165
1558694727336 -291542
1558694728658 -306974
1558694730282 -294488
1558694734338 -312652
1558694734756 -356451
1558694741885 -306089
1558694743884 -326070
1558694744568 -309530
1558694744568 -309530
1558694744868 -327054
1558694745903 -294104
1558694746538 -311500
1558694750520 -314722
1558694751754 -333939
1558694752752 -300951
1558694753458 -283593
1558694754435 -284570
1558694754436 -284570
1558694754705 -302904
1558694762255 -292389
1558694764474 -312669
1558694774088 -296017
1558694782889 -304817
1558694792506 -314432
1558694793222 -296144
