1558693126481 -1785
1558693126536 -1840
1558693127671 -3530
1558693127920 -3686
1558693128647 -4506
1558693128899 -4665
1558693129630 -5489
1558693131204 -6508
1558693133538 -9396
1558693135220 -10524
1558693136104 -12441
1558693136809 -12575
1558693137705 -13471
1558693139729 -15495
1558693139948 -16285
1558693140381 -5608
1558693140425 -5652
1558693142010 -17314
1558693142385 -18243
1558693142670 -18436
1558693142700 -18466
1558693143595 -19361
1558693144254 -20112
1558693146595 -22931
1558693148370 -24706
1558693151024 -16251
1558693151327 -27092
1558693151375 -27711
1558693151601 -26904
1558693152297 -28630
1558693152590 -27893
1558693152590 -27893
1558693154255 -30587
1558693155166 -30931
1558693155166 -30931
1558693156467 -31770
1558693157695 -22922
1558693158124 -34454
1558693161513 -36816
1558693161720 -26947
1558693163451 -28678
1558693164853 -39936
1558693167839 -43459
1558693168251 -40590
1558693171644 -47264
1558693173053 -45392
1558693173625 -49245
1558693177450 -53070
1558693178428 -54047
1558693179284 -54366
1558693179999 -43953
1558693180769 -53107
1558693182761 -55099
1558693189390 -64472
1558693189874 -53828
1558693190589 -66206
1558693191566 -67183
1558693192820 -56774
1558693192820 -65157
1558693194568 -66904
1558693195009 -70624
1558693196316 -68652
1558693196922 -72537
1558693200489 -75571
1558693201739 -77354
1558693203392 -78473
1558693203392 -78473
1558693204122 -68076
1558693204687 -80302
1558693204694 -80309
1558693205975 -69929
1558693208795 -84260
1558693208813 -72767
1558693208947 -79917
1558693210211 -84915
1558693210585 -86199
1558693211892 -82862
1558693213852 -84821
1558693215069 -89770
1558693215789 -86757
1558693216418 -92031
1558693216599 -80552
1558693217809 -92510
1558693218357 -93046
1558693220467 -84420
1558693220737 -95438
1558693220742 -95443
1558693221720 -96420
1558693222127 -96816
1558693222256 -95768
1558693222416 -86369
1558693223267 -96779
1558693223465 -94433
1558693224210 -97722
1558693224437 -95405
1558693225410 -96378
1558693226078 -100767
1558693226307 -87760
1558693226308 -87761
1558693227366 -98333
1558693228959 -103648
1558693229322 -100289
1558693230956 -105645
1558693233005 -106516
1558693233007 -106518
1558693235003 -108514
1558693235329 -110029
1558693235941 -97394
1558693239853 -101304
1558693240078 -111044
1558693242476 -117163
1558693243479 -118166
1558693246525 -120036
1558693248341 -123028
1558693248634 -110085
1558693251571 -113020
1558693251673 -126371
1558693252249 -126936
1558693252249 -126936
1558693252430 -125941
1558693253391 -126902
1558693257139 -131826
1558693258304 -131815
1558693260225 -121674
1558693261053 -129986
1558693262030 -130963
1558693264148 -137352
1558693266105 -127310
1558693268068 -142758
1558693270011 -131216
1558693271781 -144983
1558693272622 -141555
1558693272761 -145963
1558693273996 -141294
1558693274858 -149547
1558693274960 -142258
1558693276962 -144260
1558693277690 -138894
1558693278482 -147415
1558693278661 -151863
1558693279648 -152850
1558693281619 -154821
1558693281669 -142873
1558693281857 -149155
1558693283553 -144757
1558693284631 -159320
1558693287398 -156331
1558693288450 -149654
1558693291086 -160018
1558693291086 -160018
1558693292447 -153651
1558693292477 -159775
1558693293457 -160755
1558693296288 -157492
1558693297080 -170215
1558693297251 -158455
1558693298021 -171156
1558693298872 -167804
1558693299163 -160367
1558693301213 -168477
1558693306698 -172297
1558693307816 -180949
1558693309682 -184370
1558693309785 -182918
1558693311635 -186323
1558693311742 -172944
1558693317297 -182896
1558693317307 -191995
1558693318400 -191533
1558693319371 -192504
1558693321304 -194437
1558693321508 -181781
1558693322214 -187813
1558693324161 -189760
1558693324267 -197400
1558693325140 -190739
1558693326104 -191703
1558693329044 -199933
1558693329402 -196090
1558693329408 -196096
1558693330209 -190481
1558693331152 -191424
1558693333064 -206196
1558693333079 -206211
1558693334271 -200958
1558693335881 -201479
1558693338758 -211890
1558693338935 -199207
1558693339744 -212876
1558693340654 -211542
1558693341577 -212465
1558693341577 -207175
1558693341686 -214818
1558693343841 -204113
1558693344621 -217753
1558693346807 -207079
1558693348441 -214039
1558693349798 -216485
1558693350791 -217478
1558693351527 -224658
1558693352513 -212783
1558693353489 -213759
1558693353665 -220352
1558693354641 -221328
1558693355284 -220880
1558693355648 -222335
1558693356383 -216653
1558693358234 -229121
1558693358342 -231473
1558693361953 -227549
1558693362035 -235166
1558693362043 -235174
1558693363014 -236145
1558693363219 -223489
1558693363219 -223489
1558693364258 -230945
1558693364891 -230487
1558693365862 -236749
1558693366157 -226427
1558693366843 -237730
1558693369772 -240165
1558693373761 -245630
1558693374038 -239360
1558693374738 -246607
1558693378924 -244246
1558693381522 -247117
1558693382623 -242893
1558693382623 -242893
1558693383614 -243884
1558693383814 -249136
1558693384284 -254676
1558693385783 -251105
1558693386223 -251818
1558693386528 -246798
1558693387565 -252887
1558693389526 -254848
1558693390218 -262087
1558693394354 -254438
1558693400884 -266112
1558693400912 -271304
1558693402015 -262099
1558693402990 -263074
1558693406001 -266085
1558693406234 -271556
1558693406844 -262519
1558693409878 -269961
1558693411539 -281931
1558693413515 -269189
1558693414778 -280099
1558693415398 -280626
1558693415398 -280626
1558693416389 -281617
1558693416680 -276763
1558693417369 -282597
1558693417660 -277743
1558693418408 -263679
1558693419473 -279556
1558693420313 -285541
1558693420688 -285962
1558693423425 -283508
1558693424291 -292764
1558693426196 -271466
1558693428136 -296609
1558693428251 -288334
1558693429123 -297596
1558693429132 -263727
1558693432206 -280946
1558693433938 -268533
1558693434919 -290332
1558693437147 -285886
1558693437169 -285908
1558693439988 -288726
1558693442672 -298084
1558693447862 -299692
1558693449820 -301650
1558693449820 -301650
1558693450801 -302631
1558693453365 -292216
1558693457168 -325640
1558693458095 -296945
1558693460411 -312239
1558693464974 -333446
1558693465296 -317124
1558693465904 -304753
1558693468836 -299819
1558693477028 -328854
1558693479485 -312600
1558693481441 -314556
1558693485353 -318467
1558693486332 -319446
1558693487310 -320424
1558693490243 -323356
1558693498067 -331179
1558693498067 -331179
1558693512185 -2400
1558693514767 -4539
1558693517072 -7286
1558693519921 -9523
1558693520003 -10217
1558693520262 -10378
1558693523833 -13434
1558693525866 -16077
1558693529194 -7437
1558693529463 -19233
1558693531656 -21257
1558693533615 -23216
1558693534070 -12313
1558693534159 -23929
1558693535572 -25173
1558693541375 -31583
1558693542340 -31941
1558693543942 -33711
1558693544282 -33019
1558693545615 -23814
1558693553355 -43469
1558693553362 -43476
1558693553429 -31628
1558693553437 -31636
1558693556657 -45385
1558693558334 -36533
1558693559311 -37509
1558693560840 -50441
1558693562964 -51420
1558693564711 -53446
1558693566141 -44339
1558693568557 -57292
1558693568558 -57293
1558693569484 -59083
1558693569811 -58267
1558693572429 -62028
1558693574782 -51305
1558693576049 -64776
1558693576644 -65099
1558693579261 -68860
1558693580676 -57199
1558693585999 -74732
1558693585999 -74732
1558693586125 -75723
1558693587972 -74078
1558693588255 -76709
1558693588557 -65079
1558693590468 -66990
1558693596483 -85208
1558693597688 -83793
1558693598691 -86297
1558693600647 -88253
1558693607039 -95763
1558693609905 -86425
1558693610410 -96514
1558693612212 -99817
1558693612881 -101605
1558693613165 -99269
1558693614880 -103604
1558693615120 -101224
1558693616099 -102203
1558693616099 -102203
1558693618076 -105680
1558693619034 -105138
1558693619723 -105875
1558693620014 -106118
1558693620994 -107097
1558693621316 -108018
1558693621417 -92331
1558693623639 -109791
1558693624235 -110937
1558693624336 -95250
1558693626368 -97282
1558693626859 -112962
1558693627292 -98206
1558693627840 -113943
1558693628272 -99186
1558693628360 -114512
1558693629923 -116623
1558693629924 -116624
1558693629924 -116624
1558693630796 -116899
1558693632190 -103104
1558693632272 -118423
1558693632877 -119577
1558693635235 -121386
1558693637048 -107961
1558693639001 -109914
1558693640795 -111708
1558693641374 -128966
1558693642352 -129944
1558693643075 -129225
1558693645948 -132098
1558693645948 -132098
1558693646926 -133076
1558693647534 -134233
1558693647643 -118555
1558693647902 -134052
1558693647902 -134052
1558693648211 -134319
1558693648880 -135030
1558693649189 -135297
1558693649191 -135152
1558693649191 -135152
1558693649858 -136008
1558693650165 -136273
1558693650474 -137173
1558693650487 -137186
1558693650592 -121504
1558693651580 -122492
1558693652269 -138968
1558693655872 -141980
1558693658809 -144770
1558693660083 -146781
1558693660366 -131277
1558693660366 -131277
1558693660458 -146599
1558693662320 -133231
1558693664122 -135033
1558693664122 -135033
1558693664661 -150768
1558693664678 -150639
1558693664680 -150641
1558693665111 -136022
1558693665964 -150812
1558693666075 -136986
1558693666635 -152596
1558693667049 -137960
1558693668590 -154551
1558693669294 -155435
1558693670237 -156378
1558693671829 -156677
1558693672177 -158318
1558693673885 -158733
1558693673950 -144375
1558693675956 -162097
1558693675956 -162097
1558693677528 -162375
1558693678854 -149279
1558693679397 -165354
1558693680191 -166298
1558693681393 -167350
1558693681890 -168015
1558693683109 -169066
1558693684081 -170038
1558693685363 -170210
1558693687383 -172230
1558693687478 -157901
1558693688289 -173136
1558693689906 -174419
1558693690255 -175101
1558693693300 -163723
1558693693866 -179822
1558693693866 -179822
1558693694210 -179056
1558693698705 -183217
1558693699034 -183880
1558693700497 -185009
1558693701104 -171526
1558693703774 -188620
1558693704036 -174458
1558693704404 -188916
1558693705383 -189895
1558693707951 -178373
1558693709362 -195318
1558693710971 -197095
1558693714527 -194682
1558693717185 -197537
1558693718162 -198514
1558693719770 -205894
1558693720374 -200529
1558693724502 -210626
1558693724765 -209257
1558693727944 -208295
1558693729692 -214184
1558693730371 -198975
1558693730661 -215153
1558693731687 -212038
1558693731934 -212088
1558693733913 -214067
1558693733920 -214074
1558693735308 -221432
1558693739769 -219923
1558693741116 -226809
1558693744047 -229740
1558693744659 -224813
1558693747253 -231744
1558693751341 -231495
1558693752943 -234392
1558693753293 -233447
1558693753666 -239357
1558693755636 -241327
1558693758477 -227079
1558693759178 -239332
1558693760148 -240302
1558693760870 -241219
1558693764803 -244604
1558693765231 -233833
1558693767611 -248953
1558693770541 -251883
1558693772714 -250336
1558693773310 -254652
1558693773698 -251320
1558693774027 -242112
1558693774081 -259772
1558693774081 -259772
1558693774294 -255636
1558693777944 -263634
1558693779171 -260513
1558693780527 -250433
1558693782643 -250728
1558693782863 -268553
1558693783627 -251712
1558693784184 -263984
1558693784184 -263984
1558693784187 -263987
1558693784561 -252646
1558693786010 -267352
1558693787350 -257255
1558693788495 -256580
1558693789081 -268881
1558693790430 -258515
1558693793282 -263186
1558693794386 -262471
1558693795994 -275794
1558693796385 -264470
1558693797391 -276218
1558693799685 -279318
1558693800960 -280760
1558693803689 -283489
1558693804498 -284131
1558693806205 -285032
1558693807201 -286027
1558693807835 -266072
1558693808988 -270860
1558693809917 -271789
1558693811105 -289931
1558693811105 -289931
1558693811131 -289957
1558693815990 -294816
1558693818380 -260229
1558693823629 -302455
1558693824215 -266063
1558693825603 -304429
1558693826126 -267974
1558693828407 -275953
1558693829059 -270907
1558693830203 -277749
1558693832531 -311357
1558693833834 -288600
1558693834964 -276811
1558693835316 -314142
1558693835924 -277771
1558693838459 -295112
1558693844529 -299293
1558693844567 -276692
1558693844884 -274995
1558693844893 -275004
1558693849810 -318238
1558693850786 -319214
1558693851207 -305970
1558693853160 -307923
1558693855136 -309899
1558693855494 -285603
1558693855891 -297925
1558693860566 -328993
1558693864479 -332905
1558693864898 -319660
1558693865682 -307715
1558693868977 -323738
1558693869522 -311554
1558693871770 -291343
1558693872118 -288494
1558693876257 -278540
1558693876480 -331239
1558693876991 -293367
1558693882351 -337108
1558693883327 -338084
1558693884849 -319390
1558693884849 -319390
1558693885831 -320372
1558693886019 -288301
1558693889350 -274891
1558693891719 -294000
1558693891719 -294000
1558693892108 -304141
1558693892122 -277663
1558693895042 -307075
1558693896859 -308892
1558693898352 -272050
1558693899316 -273014
1558693900354 -274051
1558693904484 -339022
1558693906872 -309151
1558693907927 -310206
1558693909482 -344020
1558693911696 -323727
1558693914932 -349469
1558693915121 -290184
1558693915848 -350385
1558693915848 -350385
1558693916011 -291074
1558693916415 -301953
1558693916771 -290466
1558693916811 -351348
1558693916811 -351348
1558693916999 -292062
1558693922287 -307824
1558693923114 -335143
1558693923658 -277973
1558693924572 -278887
1558693924788 -299850
1558693926741 -301802
1558693934012 -283544
1558693937330 -319567
1558693940122 -322359
1558693940137 -322374
1558693942063 -324300
1558693943037 -325274
1558693943037 -325274
1558693944011 -326248
1558693944173 -292048
1558693944990 -327227
1558693945152 -293027
1558693945989 -328225
1558693946414 -299175
1558693948510 -298040
1558693952276 -305037
1558693954763 -336998
1558693954927 -302800
1558693955915 -303788
1558693956183 -308943
1558693956528 -295192
1558693957188 -309948
1558693958497 -297161
1558693959478 -298142
1558693962494 -344728
1558693964400 -346633
1558693964995 -317754
1558693966929 -287441
1558693967482 -315353
1558693970837 -291348
1558693971223 -353454
1558693973636 -326394
1558693975322 -278572
1558693975913 -303979
1558693976704 -297214
1558693977713 -298223
1558693978545 -331302
1558693981449 -334205
1558693982769 -289479
1558693983428 -336184
1558693987302 -307811
1558693989268 -309776
1558693990768 -294016
1558693992053 -344806
1558693996951 -349702
1558693996959 -349710
1558693997296 -304004
1558693998578 -301825
1558694000223 -306931
1558694002176 -286551
1558694003335 -313711
1558694003923 -298196
1558694003923 -298196
1558694003923 -298196
1558694004452 -307698
1558694006413 -309658
1558694007381 -310626
1558694008032 -292406
1558694010628 -304900
1558694012109 -293003
1558694012971 -323345
1558694013100 -293994
1558694017810 -302183
1558694025661 -336019
1558694026760 -307652
1558694028402 -282620
1558694030571 -340927
1558694031046 -333263
1558694033328 -287545
1558694036375 -317265
1558694036886 -339102
1558694037208 -291424
1558694037345 -318235
1558694039672 -341887
1558694041764 -305902
1558694042289 -293207
1558694044097 -354448
1558694045090 -355441
1558694045519 -347731
1558694046504 -348716
1558694047483 -349695
1558694047803 -302018
1558694051506 -315643
1558694051716 -305930
1558694052361 -354571
1558694052986 -303902
1558694053688 -278731
1558694054459 -284544
1558694059183 -289267
1558694059214 -315659
1558694059667 -310582
1558694062107 -292190
1558694062143 -318587
1558694062615 -313530
1558694062961 -319405
1558694064060 -294143
1558694064910 -321354
1558694065040 -295123
1558694066390 -291431
1558694066406 -326259
1558694067845 -324288
1558694067966 -298048
1558694072167 -297207
1558694072312 -332162
1558694073356 -294182
1558694074330 -295155
1558694077005 -302007
1558694078937 -303939
1558694080918 -340765
1558694081905 -341752
1558694082480 -312560
1558694083502 -313582
1558694083549 -339990
1558694084814 -286533
1558694085784 -287502
1558694086763 -288481
1558694087753 -347598
1558694088345 -292315
1558694091669 -351512
1558694092743 -313566
1558694093440 -295157
1558694094418 -296135
1558694094418 -296135
1558694096046 -352485
1558694096565 -356407
1558694098007 -354446
1558694098008 -354447
1558694103542 -294189
1558694105328 -295975
1558694106814 -310781
1558694109004 -309082
1558694109458 -326570
1558694111907 -311984
1558694112776 -312853
1558694113335 -303981
1558694113335 -330446
1558694113839 -313916
1558694115056 -332167
1558694116006 -333117
1558694117014 -307659
1558694117511 -291386
1558694117910 -335021
1558694120340 -320368
1558694125228 -325256
1558694125554 -284592
1558694127185 -327213
1558694127305 -301179
1558694129080 -302954
1558694129080 -302954
1558694138761 -338789
1558694140253 -357358
1558694147080 -317594
1558694147666 -291388
1558694148658 -292380
1558694148879 -307685
1558694150603 -294325
1558694154599 -354626
1558694157538 -301259
1558694162554 -297267
1558694168921 -308920
1558694169410 -339921
1558694170428 -308670
1558694171885 -311884
1558694173851 -313849
1558694174307 -344817
1558694174339 -312581
1558694174792 -314790
1558694178624 -292201
1558694180984 -351492
1558694181029 -290284
1558694181648 -321645
1558694183948 -293202
1558694183949 -293203
1558694184888 -355394
1558694185492 -299068
1558694185857 -296322
1558694188344 -328340
1558694188809 -328900
1558694188809 -328900
1558694189361 -329357
1558694189361 -329357
1558694189796 -329887
1558694189807 -329898
1558694190888 -300139
1558694191339 -331335
1558694192439 -306014
1558694193370 -306945
1558694194343 -307918
1558694196220 -336215
1558694199165 -312739
1558694199165 -312739
1558694199455 -283668
1558694202078 -342070
1558694204361 -288573
1558694204361 -344450
1558694205114 -318688
1558694205114 -318688
1558694205351 -345440
1558694205468 -345557
1558694207086 -290675
1558694207426 -291637
1558694207426 -316671
1558694207832 -347822
1558694208778 -348767
1558694208978 -292567
1558694210204 -294199
1558694210230 -294225
1558694212124 -352212
1558694212145 -296140
1558694213093 -353181
1558694213120 -297115
1558694213911 -298121
1558694214902 -298490
1558694215132 -355220
1558694218042 -302252
1558694219352 -359439
1558694223100 -307094
1558694223246 -307240
1558694223780 -307367
1558694224837 -308830
1558694227323 -311887
1558694227503 -311089
1558694228600 -368686
1558694229593 -369679
1558694232479 -288508
1558694232983 -317546
1558694234451 -314712
1558694234451 -288318
1558694235399 -318984
1558694237478 -317738
1558694238331 -292709
1558694239953 -324515
1558694242177 -298205
1558694243334 -323594
1558694243350 -297216
1558694251283 -305148
1558694253421 -337979
1558694253433 -337991
1558694253956 -307821
1558694255405 -339963
1558694256356 -340913
1558694256815 -311191
1558694256947 -310811
1558694259304 -343860
1558694259845 -313709
1558694261300 -345855
1558694263237 -347791
1558694264770 -288508
1558694264770 -288508
1558694266225 -350778
1558694266225 -350778
1558694266750 -290488
1558694267212 -351764
1558694267675 -291946
1558694269558 -299339
1558694271188 -355739
1558694273509 -303263
1558694273544 -297280
1558694276386 -300122
1558694278358 -302094
1558694278820 -311880
1558694281321 -285837
1558694281771 -314830
1558694285070 -289586
1558694285187 -309455
1558694287174 -337027
1558694289174 -312908
1558694290133 -339985
1558694294862 -319129
1558694298791 -292911
1558694299777 -293897
1558694300781 -350632
1558694300810 -300231
1558694301765 -351616
1558694304720 -354570
1558694306710 -356560
1558694307653 -301772
1558694309640 -359490
1558694309644 -359494
1558694310642 -310062
1558694311479 -294648
1558694312155 -345210
1558694313595 -313015
1558694315511 -309629
1558694316081 -349136
1558694316503 -310621
1558694316552 -315971
1558694318513 -317932
1558694318518 -317937
1558694320306 -293508
1558694322307 -279227
1558694323265 -296467
1558694323265 -296467
1558694323288 -280208
1558694324206 -288344
1558694327160 -291297
1558694327714 -360765
1558694330186 -303387
1558694331115 -295252
1558694331982 -288901
1558694332112 -305312
1558694335028 -299164
1558694338013 -327950
1558694338989 -312188
1558694340487 -318243
1558694340958 -314157
1558694342456 -320212
1558694342731 -306866
1558694342809 -299702
1558694343718 -307853
1558694345719 -335655
1558694345760 -302653
1558694348657 -338592
1558694349696 -306588
1558694351149 -328904
1558694351605 -315739
1558694351615 -341550
1558694352135 -329890
1558694353589 -296838
1558694354455 -287086
1558694358475 -288547
1558694359487 -302735
1558694361462 -291533
1558694361479 -351413
1558694363394 -293465
1558694363405 -306652
1558694366370 -309617
1558694368233 -300862
1558694369141 -312387
1558694371112 -314358
1558694371816 -349567
1558694372091 -302161
1558694374636 -352386
1558694376051 -336475
1558694376579 -354329
1558694378018 -338442
1558694378544 -356293
1558694380852 -299921
1558694381936 -298925
1558694382907 -299896
1558694384444 -302897
1558694385862 -315930
1558694387748 -306816
1558694387847 -348270
1558694389819 -350241
1558694391591 -308579
1558694393661 -312729
1558694395636 -293350
1558694397076 -315527
1558694397583 -295297
1558694398475 -315462
1558694398564 -296278
1558694399560 -297274
1558694401425 -288247
1558694404425 -364846
1558694406393 -366813
1558694407355 -294176
1558694408248 -305961
1558694408891 -327341
1558694409313 -296134
1558694413257 -373676
1558694413824 -332273
1558694416185 -316110
1558694418104 -318570
1558694418104 -318570
1558694419049 -305868
1558694422916 -293835
1558694424466 -342860
1558694424862 -311680
1558694427416 -345809
1558694428399 -346792
1558694428835 -329299
1558694430373 -348766
1558694430772 -292378
1558694434646 -308115
1558694434746 -335210
1558694435297 -353689
1558694436661 -298267
1558694437596 -290696
1558694438502 -300107
1558694438527 -309444
1558694442188 -360579
1558694443501 -296601
1558694445401 -345863
1558694448332 -319247
1558694448906 -308191
1558694449280 -310884
1558694449891 -309176
1558694452283 -352744
1558694453274 -353735
1558694454822 -314106
1558694455185 -316788
1558694455185 -316788
1558694455803 -315087
1558694457764 -317047
1558694459734 -319017
1558694460099 -291623
1558694460099 -291623
1558694460158 -360617
1558694461128 -301886
1558694461704 -320987
1558694464014 -291838
1558694464860 -296383
1558694464894 -305651
1558694465903 -337998
1558694466938 -339032
1558694469813 -301336
1558694469938 -297762
1558694475654 -303477
1558694475732 -347823
1558694476629 -304452
1558694476654 -308176
1558694477611 -305357
