1558693133845 -2728
1558693136801 -5684
1558693138722 -7605
1558693154096 -22978
1558693157014 -25896
1558693173607 -42489
1558693182129 -48815
1558693191208 -57894
1558693192212 -58898
1558693193149 -59835
1558693194897 -61583
1558693196865 -63551
1558693200668 -67354
1558693203437 -70123
1558693207345 -74031
1558693208332 -75018
1558693210273 -76959
1558693227713 -93311
1558693232611 -98209
1558693240429 -106026
1558693247300 -112896
1558693249066 -114662
1558693254907 -120502
1558693263712 -129306
1558693269570 -135164
1558693274296 -138222
1558693275269 -139195
1558693281186 -145112
1558693283114 -147040
1558693288025 -151950
1558693292926 -156851
1558693301501 -165425
1558693305426 -169350
1558693308356 -171651
1558693309332 -172627
1558693312274 -175569
1558693317150 -180445
1558693323838 -187132
1558693328720 -192014
1558693331653 -194947
1558693346144 -209436
1558693352024 -215316
1558693353951 -217243
1558693356905 -220197
1558693362761 -225287
1558693374314 -236839
1558693381169 -243694
1558693391752 -254265
1558693405508 -267930
1558693411315 -273737
1558693417001 -264661
1558693448101 -288074
1558693452996 -292969
1558693514077 -4363
1558693514077 -4363
1558693522893 -13178
1558693535414 -25697
1558693535415 -25698
1558693550076 -38727
1558693550076 -38727
1558693551055 -39706
1558693552031 -40682
1558693553009 -41660
1558693568483 -57132
1558693595717 -81784
1558693599593 -85660
1558693609212 -95279
1558693612140 -98207
1558693619956 -105974
1558693652042 -138059
1558693664579 -150595
1558693665556 -151572
1558693674356 -160372
1558693678103 -164119
1558693682097 -168113
1558693685925 -166201
1558693685925 -166201
1558693691780 -172056
1558693696669 -176945
1558693700412 -180688
1558693701387 -181663
1558693703348 -183624
1558693710190 -190465
1558693717030 -197305
1558693727612 -207887
1558693727612 -207887
1558693727612 -207887
1558693738423 -218696
1558693745203 -225476
1558693747970 -228243
1558693756768 -232442
1558693763613 -239240
1558693775216 -250842
1558693776155 -251781
1558693779094 -254720
1558693798538 -271628
1558693808319 -281408
1558693808364 -281453
1558693814151 -287240
1558693818050 -291139
1558693821817 -294906
1558693824786 -297875
1558693831538 -304627
1558693836430 -309519
1558693843110 -308631
1558693850933 -316453
1558693854862 -320382
1558693858749 -324268
1558693876177 -341694
1558693880092 -311526
1558693882047 -313480
1558693906631 -338062
1558693906741 -338172
1558693914163 -345593
1558693918855 -350284
1558693920822 -352250
1558693926678 -288318
1558693936444 -298082
1558693939209 -300846
1558693939209 -300846
1558693941161 -302798
1558693943114 -304751
1558693950948 -312584
1558693950954 -312590
1558693953868 -315503
1558693953868 -315503
1558693969364 -330995
1558693979141 -340769
1558693984969 -346594
1558694005330 -331624
1558694009077 -335371
1558694045117 -317399
1558694049975 -322257
1558694051907 -324188
1558694052883 -325164
1558694054842 -327123
1558694063493 -335773
1558694082862 -355139
1558694102433 -318433
1558694103392 -319392
1558694107186 -323185
1558694131403 -347399
1558694157844 -325216
1558694162496 -329867
1558694173247 -340617
1558694194589 -299032
1558694198583 -303025
1558694229489 -333927
1558694241283 -345717
1558694241283 -345717
1558694250019 -354450
1558694251094 -355525
1558694253743 -358173
1558694257668 -301843
1558694258632 -302807
1558694263513 -307687
1558694263514 -307688
1558694265470 -309644
1558694270479 -314652
1558694276108 -320281
1558694277094 -321267
1558694277095 -321267
1558694282014 -326186
1558694294638 -338808
1558694295617 -339787
1558694305448 -349615
1558694309415 -353581
1558694310367 -354532
1558694320033 -308957
1558694322005 -310929
1558694332816 -321738
1558694339708 -328629
1558694357247 -346166
1558694361220 -350137
1558694366097 -354958
1558694369864 -358725
1558694378710 -312262
1558694382644 -316195
1558694400174 -333723
1558694407049 -340597
1558694407049 -340597
1558694410983 -344530
1558694421654 -355198
1558694425568 -359111
1558694425571 -359114
1558694429499 -303806
1558694432456 -306762
1558694433437 -307743
1558694434423 -308729
1558694439161 -313466
1558694453908 -328211
1558694456861 -331164
1558694456861 -331164
1558694462620 -336922
1558694471450 -345750
1558694476359 -350657
1558694478326 -352623
1558694488982 -308039
1558694498810 -317865
1558694499791 -318846
1558694510513 -329566
1558694515373 -334425
1558694521265 -340315
1558694523234 -342283
1558694545698 -316182
1558694549659 -320143
1558694565210 -335692
1558694565217 -335699
1558694577984 -348464
1558694580941 -351421
1558694588631 -359108
1558694589608 -360084
1558694592560 -363036
1558694599476 -305658
1558694604360 -310541
1558694604361 -310542
1558694605343 -311524
1558694612084 -318264
1558694616972 -323151
1558694618935 -325114
1558694620899 -327078
1558694642374 -348549
1558694648277 -354450
1558694659914 -315379
1558694660898 -316363
1558694677458 -332921
1558694678484 -333947
1558694691230 -346692
1558694692266 -347728
1558694695242 -350703
1558694709736 -308582
1558694710721 -309567
1558694713666 -312512
1558694714653 -313499
1558694714654 -313500
1558694717605 -316450
1558694731334 -330178
1558694745953 -344795
1558694749725 -348565
1558694764467 -363302
1558694768403 -303832
1558694768403 -303832
1558694769385 -304814
1558694781021 -316448
1558694792810 -328236
1558694794777 -330203
1558694796743 -332169
1558694800514 -335939
1558694808375 -343799
