1558693128715 -3726
1558693130815 -904
1558693131660 -6671
1558693133769 -3822
1558693141510 -16520
1558693144911 -14964
1558693144911 -14964
1558693148109 -23119
1558693149065 -24075
1558693154992 -30002
1558693155748 -25546
1558693155901 -30911
1558693156937 -26735
1558693158854 -28652
1558693164696 -39706
1558693165557 -35355
1558693168606 -42612
1558693171263 -41060
1558693173430 -47436
1558693175375 -49381
1558693181852 -51649
1558693182793 -52590
1558693197268 -67064
1558693198099 -67891
1558693203794 -73375
1558693205718 -75299
1558693206690 -76271
1558693206704 -76285
1558693208581 -78162
1558693209550 -79131
1558693212491 -82071
1558693214208 -88212
1558693215182 -89186
1558693216332 -85912
1558693219222 -88802
1558693223870 -93450
1558693224784 -98787
1558693225842 -95422
1558693226788 -96368
1558693231626 -101205
1558693233597 -103285
1558693243253 -112941
1558693249070 -118757
1558693250042 -119729
1558693251014 -120701
1558693252008 -121695
1558693260421 -125421
1558693262727 -132413
1558693264683 -134369
1558693272822 -137821
1558693287428 -148760
1558693291819 -160530
1558693293992 -155323
1558693294945 -156276
1558693295906 -157237
1558693296882 -158213
1558693298798 -160129
1558693300519 -169229
1558693301496 -170206
1558693302489 -171199
1558693303650 -164981
1558693305404 -174114
1558693305588 -166919
1558693305590 -166921
1558693315022 -183732
1558693316112 -177441
1558693316975 -185685
1558693318954 -187664
1558693322843 -191548
1558693324851 -186156
1558693329730 -191035
1558693331666 -192971
1558693335559 -196864
1558693341242 -202547
1558693345120 -206425
1558693345162 -213866
1558693346102 -207407
1558693353848 -215153
1558693354936 -223640
1558693364373 -225678
1558693369437 -235166
1558693374300 -240029
1558693375286 -241015
1558693377255 -242983
1558693379921 -240081
1558693385886 -251614
1558693388838 -254566
1558693389480 -249629
1558693395308 -255457
1558693405085 -265233
1558693406107 -266255
1558693406462 -272190
1558693407973 -266035
1558693409758 -267820
1558693410167 -275894
1558693412137 -277864
1558693414587 -272648
1558693417501 -275562
1558693418946 -277326
1558693424798 -283177
1558693427223 -285282
1558693428716 -279409
1558693433224 -282026
1558693439724 -288525
1558693440282 -290970
1558693444178 -274600
1558693447116 -277537
1558693454923 -285343
1558693457695 -288115
1558693459927 -294399
1558693466485 -296904
1558693467464 -297882
1558693468671 -303142
1558693509900 -55
1558693511423 -1578
1558693512397 -2552
1558693520204 -10359
1558693528037 -18191
1558693529023 -19177
1558693537328 -15108
1558693540607 -30760
1558693544131 -21911
1558693544943 -22722
1558693545913 -23692
1558693551320 -41472
1558693553685 -31464
1558693565808 -54234
1558693566334 -44112
1558693566797 -55223
1558693567772 -56198
1558693570700 -59126
1558693571005 -48073
1558693574606 -63030
1558693581287 -69711
1558693581291 -69715
1558693583246 -71670
1558693589540 -66608
1558693590508 -67576
1558693592050 -80473
1558693594977 -83400
1558693595176 -72244
1558693599862 -88284
1558693603748 -92170
1558693604602 -93024
1558693607499 -95921
1558693608484 -96906
1558693612656 -89723
1558693614383 -102804
1558693616390 -87224
1558693619227 -107648
1558693621239 -92073
1558693623186 -94020
1558693624140 -94974
1558693626100 -112827
1558693627850 -114577
1558693627851 -114578
1558693631783 -118510
1558693632757 -119484
1558693633861 -104694
1558693633861 -104694
1558693647393 -134119
1558693648293 -119126
1558693657015 -127848
1558693666554 -137386
1558693666778 -153502
1558693669711 -156435
1558693678342 -163046
1558693679185 -149874
1558693685983 -156671
1558693693005 -177708
1558693699679 -184382
1558693706220 -176903
1558693716762 -187445
1558693717720 -186284
1558693719219 -203922
1558693721176 -205878
1558693722147 -206849
1558693730414 -198977
1558693735086 -203649
1558693736677 -221379
1558693743802 -212364
1558693747228 -231929
1558693750611 -219173
1558693752548 -221110
1558693756023 -240724
1558693758223 -226785
1558693760904 -245605
1558693763103 -231665
1558693766117 -234679
1558693776385 -256689
1558693776712 -245274
1558693778337 -258641
1558693780288 -260592
1558693781390 -249555
1558693782372 -250537
1558693783238 -263542
1558693783367 -251532
1558693787216 -255381
1558693790061 -260830
1558693790132 -258297
1558693792122 -260287
1558693792996 -263765
1558693795028 -263192
1558693795051 -263215
1558693801716 -272483
1558693803652 -261869
1558693806556 -264772
1558693811457 -269673
1558693818117 -276332
1558693833625 -281534
1558693834710 -279332
1558693835459 -283367
1558693836640 -268589
1558693836643 -268592
1558693839575 -271524
1558693843321 -275269
1558693847124 -276744
1558693848105 -277725
1558693848201 -280148
1558693868437 -280339
1558693879841 -291742
1558693882257 -303696
1558693884688 -273985
1558693884688 -273985
1558693886158 -293826
1558693886638 -275934
1558693890887 -298554
1558693892847 -300514
1558693893440 -282735
1558693895779 -303445
1558693898704 -306370
1558693901736 -309402
1558693915655 -282777
1558693915672 -282794
1558693918092 -289260
1558693921475 -288596
1558693929073 -296193
1558693929080 -296200
1558693930789 -301956
1558693936850 -303969
1558693937813 -304932
1558693940395 -311561
1558693942348 -313514
1558693950280 -298892
1558693951142 -292182
1558693952221 -300833
1558693954158 -302769
1558693956102 -304713
1558693960969 -309580
1558693961725 -302763
1558693962945 -293379
1558693963685 -304723
1558693963890 -294324
1558693965635 -306673
1558693966808 -297242
1558693972474 -313511
1558693979281 -309713
1558693981208 -290486
1558693981273 -292181
1558693990922 -300199
1558693997714 -308614
1558694002598 -313496
1558694006517 -287303
1558694010195 -290529
1558694013129 -293462
1558694015086 -295419
1558694015086 -295419
1558694017803 -298136
1558694024652 -304984
1558694025894 -306678
1558694035294 -315624
1558694039449 -290265
1558694044321 -295136
1558694045814 -296184
1558694048726 -299095
1558694048726 -299095
1558694049187 -300002
1558694067025 -283689
1558694074799 -291462
1558694074799 -291461
1558694080133 -300777
1558694081114 -301758
1558694082594 -299256
1558694091161 -307821
1558694097961 -289483
1558694107420 -298888
1558694110971 -302491
1558694112638 -304158
1558694116161 -307628
1558694120047 -291173
1558694121115 -312586
1558694121115 -312586
1558694124937 -296060
1558694125971 -283714
1558694135517 -306637
1558694140393 -298134
1558694147253 -296107
1558694156137 -313876
1558694158897 -290503
1558694160774 -309623
1558694161739 -310587
1558694166631 -285361
1558694172304 -303908
1558694173270 -304874
1558694176240 -294969
1558694184767 -286479
1558694185030 -303758
1558694185030 -303758
1558694189664 -291375
1558694191654 -293365
1558694192901 -311628
1558694193855 -312582
1558694195451 -297161
1558694206291 -308000
1558694216548 -310867
1558694224602 -300359
1558694229312 -305068
1558694230301 -306057
1558694231092 -306848
1558694232059 -307815
1558694238800 -305082
1558694240800 -307082
1558694242783 -309065
1558694243772 -310054
1558694250730 -300410
1558694253498 -303178
1558694254301 -303981
1558694254302 -303982
1558694254322 -299768
1558694254322 -299768
1558694256256 -305935
1558694267141 -312586
1558694267153 -312598
1558694270021 -289789
1558694282515 -302281
1558694287387 -307152
1558694287573 -313735
1558694288375 -308140
1558694288381 -308145
1558694289536 -315698
1558694297157 -287933
1558694297236 -294635
1558694298139 -288915
1558694298219 -295618
1558694305831 -296606
1558694307752 -298527
1558694308052 -305450
1558694311003 -308401
1558694311988 -309385
1558694312972 -310369
1558694332470 -298915
1558694340329 -306773
1558694346078 -312521
1558694351425 -312243
1558694359839 -297084
1558694366074 -300947
1558694370965 -305837
1558694379598 -314469
1558694382529 -283597
1558694386202 -297227
1558694401775 -312799
1558694401918 -302984
1558694410716 -311781
1558694413604 -295474
1558694418533 -300402
1558694423235 -305103
1558694425237 -296347
1558694436052 -297452
1558694437930 -309039
1558694440860 -311968
1558694441791 -303190
1558694442811 -313919
1558694448643 -310041
1558694450610 -312007
1558694452432 -301345
1558694452576 -313973
1558694454387 -303300
1558694456336 -305249
1558694458291 -307204
1558694459464 -294754
1558694462250 -297539
1558694465183 -300472
1558694471823 -292696
1558694472790 -293663
1558694473043 -308331
1558694479633 -300505
1558694479633 -300505
1558694484526 -305397
1558694484526 -305397
1558694486659 -295688
1558694490598 -299627
1558694498467 -307495
1558694506846 -297941
1558694514045 -292713
1558694517439 -308532
1558694530554 -291632
1558694532165 -310828
1558694532959 -311622
1558694540395 -300589
1558694540734 -301810
1558694541714 -302790
1558694548260 -308452
1558694554169 -314359
1558694555162 -297783
1558694556386 -284452
1558694563258 -291323
1558694567811 -310427
1558694568942 -297007
1558694578596 -294927
1558694578702 -306765
1558694580661 -308724
1558694581387 -297717
1558694582411 -298741
1558694583368 -299698
1558694587342 -289164
1558694597119 -298939
1558694600051 -299809
1558694603965 -305784
1558694604942 -306761
1558694609826 -311644
1558694610701 -310457
1558694616514 -288402
1558694618465 -290352
1558694618558 -293912
1558694619443 -291330
1558694621516 -296870
1558694626288 -298174
1558694634120 -306005
1558694634131 -309483
1558694637069 -312421
1558694637863 -309747
1558694645689 -291299
1558694646906 -295887
1558694654484 -300093
1558694659217 -304825
1558694660199 -305807
1558694661167 -306775
1558694661498 -310477
1558694663132 -308739
1558694669003 -286473
1558694671321 -295879
1558694674275 -298832
1558694679749 -297217
1558694680995 -305551
1558694682030 -306586
1558694682030 -306586
1558694683488 -300956
1558694683489 -300957
1558694684467 -301935
1558694686422 -303842
1558694688854 -313409
1558694689357 -306777
1558694693355 -310774
1558694694798 -295932
1558694701096 -300935
1558694708358 -309490
1558694711304 -312436
1558694711677 -311514
1558694714627 -314464
1558694715239 -316370
1558694717544 -317381
1558694719502 -298950
1558694730037 -301834
1558694736704 -308500
1558694740858 -290382
1558694745742 -295266
1558694750625 -300148
1558694761115 -298872
1558694762188 -311709
1558694766101 -315622
1558694768979 -306735
1558694772945 -293310
1558694774900 -295265
1558694775702 -313456
1558694775875 -296240
1558694776683 -314437
1558694782553 -302917
1558694783566 -291022
1558694784508 -304872
1558694789396 -309759
1558694789469 -296924
1558694794287 -314649
1558694798196 -318558
