1558693134207 -10486
1558693140097 -16374
1558693143900 -20177
1558693144880 -21157
1558693146728 -23005
1558693152521 -28793
1558693155390 -31662
1558693157374 -33646
1558693158387 -34659
1558693163156 -39428
1558693163156 -39428
1558693168982 -45254
1558693170818 -47090
1558693183397 -59668
1558693183397 -59668
1558693197870 -74126
1558693222908 -99163
1558693227762 -103982
1558693229700 -105920
1558693241198 -117417
1558693245107 -121326
1558693261681 -137898
1558693261683 -137900
1558693263649 -139866
1558693277202 -153418
1558693282135 -158342
1558693287976 -164183
1558693304372 -180554
1558693305344 -181526
1558693309277 -185458
1558693310244 -186425
1558693312220 -188401
1558693312991 -189165
1558693312991 -189165
1558693319845 -196018
1558693320820 -196993
1558693324721 -200882
1558693340240 -216384
1558693342176 -218319
1558693346098 -222237
1558693346098 -222237
1558693355863 -231993
1558693365476 -241593
1558693368415 -244529
1558693370355 -246440
1558693374259 -250342
1558693386803 -262876
1558693388766 -264838
1558693390717 -266787
1558693406441 -273935
1558693412117 -279611
1558693414997 -282490
1558693424768 -292261
1558693449049 -288513
1558693470394 -309855
1558693474301 -313761
1558693478212 -317671
1558693480003 -319462
1558693488799 -328257
1558693490754 -330211
1558693543035 -33784
1558693550811 -38859
1558693555704 -43752
1558693558464 -46512
1558693570201 -58249
1558693573137 -61185
1558693581783 -69831
1558693585745 -73793
1558693607057 -94574
1558693625622 -113138
1558693634244 -121760
1558693651708 -139222
1558693668297 -155533
1558693672203 -159439
1558693689633 -176868
1558693706109 -193343
1558693707072 -194306
1558693708043 -195277
1558693713905 -201139
1558693717816 -205050
1558693719771 -203603
1558693721726 -205558
1558693753662 -237492
1558693756593 -240423
1558693756594 -240423
1558693770146 -253479
1558693771094 -254427
1558693781847 -265180
1558693783801 -267134
1558693784773 -268106
1558693789661 -272994
1558693796402 -279735
1558693803327 -286660
1558693805168 -288501
1558693805168 -288501
1558693810127 -293443
1558693812090 -295406
1558693813038 -296354
1558693818734 -302050
1558693820695 -304010
1558693836256 -305755
1558693838215 -307714
1558693849774 -319272
1558693859553 -329049
1558693862535 -332030
1558693871183 -340677
1558693873078 -310363
1558693876006 -313290
1558693876992 -314276
1558693876997 -314281
1558693877959 -315243
1558693881887 -319171
1558693882843 -320126
1558693884796 -322079
1558693894450 -331732
1558693895384 -332666
1558693899309 -336590
1558693910371 -347651
1558693932375 -336889
1558693933355 -337868
1558693940063 -344576
1558693942964 -347476
1558693943939 -348451
1558693946872 -351384
1558693951765 -356276
1558693960434 -314412
1558693968221 -322198
1558693980938 -334913
1558693984687 -338661
1558693985670 -339644
1558693990551 -344525
1558693992557 -346530
1558694008977 -325649
1558694014819 -331491
1558694018712 -335383
1558694028494 -345164
1558694033234 -349903
1558694034202 -350871
1558694034206 -350875
1558694040065 -356733
1558694048858 -319454
1558694050812 -321408
1558694060432 -331027
1558694072218 -342811
1558694077072 -347664
1558694087647 -358236
1558694091558 -335550
1558694094485 -338476
1558694105110 -349100
1558694116816 -360804
1558694118769 -362756
1558694120722 -364709
1558694131312 -375296
1558694133263 -377247
1558694144993 -332941
1558694161463 -349411
1558694174982 -362929
1558694188658 -326115
1558694189684 -327141
1558694199302 -336758
1558694207215 -344670
1558694208135 -345590
1558694212942 -350396
1558694217095 -354548
1558694218132 -355585
1558694221079 -358531
1558694226473 -334919
1558694235342 -343787
1558694238296 -346741
1558694239299 -347743
1558694239299 -347743
1558694240288 -348732
1558694248142 -356585
1558694249041 -357484
1558694252879 -361322
1558694253818 -362261
1558694256760 -365202
1558694257740 -366182
1558694265604 -322066
1558694287253 -343712
1558694287253 -343712
1558694290027 -346486
1558694297727 -354184
1558694297728 -354185
1558694303626 -360082
1558694304609 -361065
1558694307558 -364013
1558694314439 -341023
1558694319193 -345775
1558694323131 -349712
1558694330038 -356616
1558694331025 -357603
1558694336902 -363478
1558694336905 -363481
1558694341679 -368253
1558694346568 -373141
1558694349522 -376093
1558694349524 -376095
1558694365256 -343544
1558694369020 -347308
1558694373955 -352242
1558694376892 -355179
1558694383778 -362064
1558694385743 -364028
1558694387708 -365993
1558694393461 -371745
1558694406229 -333835
1558694407217 -334823
1558694410177 -337783
1558694416087 -343692
1558694420838 -348442
1558694424749 -352353
1558694428679 -356282
1558694437384 -364986
1558694443269 -336864
1558694444252 -337847
1558694444252 -337847
1558694445234 -338829
1558694447199 -340794
1558694450148 -343742
1558694470649 -364241
1558694472612 -366203
1558694473595 -367186
1558694474577 -368168
1558694475562 -369153
1558694480476 -374065
1558694486220 -323620
1558694489162 -326562
1558694505883 -343280
1558694507850 -345246
1558694515563 -352957
1558694519487 -356879
1558694521465 -358857
1558694529503 -320319
1558694530552 -321368
1558694536056 -326871
1558694544888 -335702
1558694548816 -339630
1558694554733 -345546
1558694569318 -360129
1558694585852 -324177
1558694587820 -326145
1558694594709 -333033
1558694600610 -338933
1558694601596 -339919
1558694612260 -350581
1558694626027 -336953
1558694631744 -342670
1558694645517 -356440
1558694647485 -358408
1558694651434 -362356
1558694665031 -375950
1558694666042 -322077
1558694674873 -330907
1558694678663 -334696
1558694687479 -343511
1558694688461 -344493
1558694691415 -347446
1558694696361 -352390
1558694709941 -313503
1558694715847 -319409
1558694716838 -320399
1558694721909 -325469
1558694724940 -328500
1558694733396 -336955
1558694736325 -339883
1558694737315 -340873
1558694745183 -348740
1558694750916 -354472
1558694759754 -314522
1558694760737 -315505
1558694762703 -317470
1558694767620 -322386
1558694769586 -324352
