1558693130808 -982
1558693130833 -1006
1558693131401 -6267
1558693131523 -1740
1558693133760 -3924
1558693136569 -6786
1558693136835 -6989
1558693138482 -8699
1558693140134 -7423
1558693140244 -15110
1558693142237 -17103
1558693142871 -12993
1558693142981 -10270
1558693146197 -16413
1558693146863 -16813
1558693146992 -21858
1558693147957 -22823
1558693151027 -21243
1558693151686 -26552
1558693153638 -28504
1558693153763 -23979
1558693158659 -28874
1558693158979 -28929
1558693159512 -34377
1558693160142 -30092
1558693163039 -32989
1558693163334 -38199
1558693164188 -31477
1558693170164 -40453
1558693170286 -40500
1558693170996 -38285
1558693171272 -41486
1558693174953 -42242
1558693175874 -43162
1558693180856 -51069
1558693182539 -45019
1558693182548 -45028
1558693183198 -53146
1558693185494 -47974
1558693186383 -56331
1558693187705 -57993
1558693191567 -61485
1558693191567 -54047
1558693197095 -67383
1558693199182 -61044
1558693199968 -70256
1558693202069 -63931
1558693202895 -73183
1558693202978 -73099
1558693203974 -73840
1558693203974 -74095
1558693204898 -66760
1558693207745 -78033
1558693208762 -78545
1558693210763 -72625
1558693210780 -80901
1558693212727 -74589
1558693214645 -84766
1558693215604 -85387
1558693216569 -86352
1558693217566 -79428
1558693218457 -86619
1558693218466 -88248
1558693218469 -88251
1558693218523 -88643
1558693218528 -88648
1558693220476 -82337
1558693222406 -92526
1558693222434 -84295
1558693224356 -94138
1558693224375 -86234
1558693227113 -97233
1558693228092 -98212
1558693231030 -99191
1558693232940 -103060
1558693236985 -106581
1558693239869 -101728
1558693239881 -109477
1558693240845 -102704
1558693249604 -119199
1558693252370 -117404
1558693253447 -123042
1558693254320 -119354
1558693262235 -131629
1558693263862 -133830
1558693264148 -133542
1558693265064 -130097
1558693265110 -134504
1558693265807 -135775
1558693268801 -133834
1558693270010 -130884
1558693271026 -140420
1558693271964 -132838
1558693272939 -133813
1558693273915 -134788
1558693274383 -144350
1558693275815 -145209
1558693277300 -147266
1558693277757 -147151
1558693279588 -144620
1558693280293 -150259
1558693283144 -153110
1558693288445 -157838
1558693290945 -160911
1558693291404 -152276
1558693293891 -163857
1558693294427 -163820
1558693295147 -160178
1558693296623 -166588
1558693298521 -168486
1558693300083 -165678
1558693300087 -165682
1558693301065 -166657
1558693302060 -167652
1558693303956 -164509
1558693304853 -168262
1558693305810 -169219
1558693305858 -166411
1558693309733 -173142
1558693311777 -177368
1558693313653 -177062
1558693315465 -178874
1558693315481 -178890
1558693316417 -179826
1558693318620 -184211
1558693318953 -188918
1558693322469 -188060
1558693322653 -192586
1558693324372 -189963
1558693326243 -186794
1558693328478 -198411
1558693329452 -199385
1558693330121 -193529
1558693330155 -190706
1558693330155 -190706
1558693331129 -191679
1558693333357 -203290
1558693336000 -196550
1558693336966 -197516
1558693336986 -202533
1558693339726 -203134
1558693342650 -205051
1558693347577 -209978
1558693347577 -208126
1558693349562 -211963
1558693349755 -219687
1558693350569 -212970
1558693350732 -220664
1558693353455 -213306
1558693355599 -225531
1558693362217 -222067
1558693365149 -224999
1558693366123 -225973
1558693366123 -225973
1558693367037 -236969
1558693367784 -233331
1558693369718 -235265
1558693369845 -232245
1558693370041 -229891
1558693370915 -240847
1558693371655 -237202
1558693371826 -231676
1558693373765 -236165
1558693375514 -241060
1558693375745 -235595
1558693377680 -240080
1558693378231 -243777
1558693384550 -244400
1558693384550 -244400
1558693385945 -249638
1558693386491 -246341
1558693387469 -247319
1558693389251 -251651
1558693389429 -259212
1558693390226 -252626
1558693392166 -254218
1558693394154 -254004
1558693394158 -263941
1558693397550 -261243
1558693399298 -262991
1558693400002 -262054
1558693400252 -263945
1558693403956 -273739
1558693404953 -264802
1558693404982 -274765
1558693405931 -267983
1558693405968 -275751
1558693406929 -276712
1558693407894 -277677
1558693408813 -270865
1558693408831 -268663
1558693411783 -271615
1558693412754 -282537
1558693412754 -282537
1558693413544 -275596
1558693413707 -273539
1558693417470 -287253
1558693418437 -275189
1558693418604 -282296
1558693420546 -284236
1558693421369 -278120
1558693421405 -281236
1558693423391 -283222
1558693423413 -283244
1558693423413 -293195
1558693425287 -276453
1558693426242 -282993
1558693427212 -283963
1558693427212 -283963
1558693431145 -282311
1558693432141 -283307
1558693434268 -285433
1558693435861 -295965
1558693436821 -296925
1558693440605 -290704
1558693440934 -292098
1558693445642 -292770
1558693445659 -285341
1558693448577 -288258
1558693449535 -284935
1558693449535 -284935
1558693450520 -285920
1558693450546 -316697
1558693453444 -288843
1558693455429 -295109
1558693458765 -298901
1558693459154 -294553
1558693459155 -294554
1558693461278 -300957
1558693466474 -306609
1558693467437 -299093
1558693467963 -297937
1558693471870 -301844
1558693474029 -305684
1558693474030 -305685
1558693474802 -304775
1558693474821 -311202
1558693480783 -312437
1558693503015 -339389
1558693505949 -342323
1558693516962 -1529
1558693519949 -6436
1558693520790 -25
1558693521807 -6373
1558693522812 -7378
1558693524948 -15697
1558693525816 -12303
1558693528093 -7327
1558693528870 -19619
1558693532016 -11250
1558693532698 -19184
1558693534332 -18898
1558693534641 -21127
1558693539446 -30194
1558693541802 -17233
1558693542344 -28829
1558693543258 -29743
1558693544337 -35085
1558693544568 -19999
1558693544568 -19999
1558693545216 -31701
1558693545529 -20960
1558693547268 -38016
1558693547492 -22923
1558693549446 -24877
1558693553454 -38016
1558693553454 -38016
1558693554011 -37660
1558693554011 -37659
1558693554107 -42237
1558693554433 -38995
1558693555417 -39979
1558693556262 -31692
1558693556882 -45012
1558693557333 -41895
1558693558296 -42858
1558693558902 -42550
1558693559186 -34616
1558693559257 -43819
1558693561183 -34287
1558693565089 -40519
1558693568818 -44247
1558693571537 -59666
1558693571752 -47181
1558693573403 -57050
1558693574384 -58031
1558693576624 -52053
1558693576624 -52053
1558693579340 -52444
1558693581269 -54373
1558693585066 -73193
1558693585465 -60893
1558693587432 -62860
1558693588888 -61926
1558693588933 -72579
1558693589915 -73561
1558693589993 -78120
1558693591917 -80043
1558693594083 -65161
1558693595830 -83956
1558693602319 -75356
1558693602889 -73966
1558693603558 -87193
1558693607158 -80194
1558693608373 -95297
1558693609350 -96274
1558693609351 -96275
1558693613172 -96807
1558693613817 -86853
1558693616105 -99740
1558693616105 -99740
1558693616657 -89693
1558693620108 -107031
1558693620303 -91378
1558693624033 -110956
1558693625194 -96269
1558693625319 -98354
1558693625889 -109523
1558693630700 -117622
1558693636915 -107989
1558693637458 -121092
1558693644319 -120292
1558693646520 -116722
1558693650170 -126143
1558693651419 -121621
1558693652046 -138967
1558693652132 -128104
1558693653127 -124911
1558693655074 -131046
1558693656938 -135711
1558693658811 -134783
1558693659704 -131487
1558693662805 -141578
1558693664944 -135145
1558693664949 -135150
1558693666450 -138233
1558693667415 -139198
1558693667695 -146467
1558693669650 -148422
1558693670630 -149402
1558693674197 -145980
1558693675697 -145897
1558693676337 -155109
1558693678907 -150690
1558693682163 -158133
1558693682742 -154525
1558693685133 -163904
1558693689046 -167817
1558693690022 -168793
1558693691409 -163187
1558693693937 -172707
1558693694825 -166608
1558693698742 -170525
1558693700048 -169766
1558693700934 -171132
1558693705690 -175407
1558693709342 -181125
1558693711567 -180476
1558693713516 -182425
1558693714214 -185996
1558693715292 -191965
1558693715330 -185046
1558693715337 -185053
1558693718216 -194889
1558693719106 -190888
1558693719106 -190888
1558693720133 -189849
1558693723022 -194804
1558693723921 -200594
1558693727686 -197401
1558693731545 -201260
1558693731653 -203435
1558693731653 -203435
1558693737816 -206723
1558693738346 -208061
1558693740700 -209607
1558693742506 -219177
1558693746972 -216686
1558693749724 -219110
1558693750682 -220068
1558693751677 -221063
1558693753565 -222951
1558693753985 -225764
1558693756917 -228696
1558693763020 -231926
1558693763021 -231927
1558693763759 -235538
1558693765232 -234617
1558693768043 -237428
1558693770923 -240308
1558693772820 -240634
1558693778264 -246957
1558693779670 -247484
1558693781197 -249890
1558693781293 -253668
1558693782347 -251731
1558693782466 -250280
1558693785256 -252505
1558693785370 -253184
1558693786340 -254154
1558693787146 -254395
1558693787311 -255125
1558693790039 -257288
1558693790085 -262459
1558693791006 -258255
1558693791978 -259227
1558693792058 -264432
1558693792208 -260022
1558693792936 -260185
1558693793221 -261035
1558693794850 -266073
1558693795845 -267068
1558693796774 -267997
1558693796856 -265548
1558693799751 -268443
1558693800183 -267996
1558693800717 -269409
1558693803037 -270850
1558693804553 -273245
1558693804553 -273245
1558693804936 -272749
1558693805573 -276796
1558693808300 -275548
1558693808515 -277207
1558693808571 -279794
1558693811674 -279487
1558693812161 -279409
1558693813355 -281834
1558693819453 -287266
1558693821649 -288897
1558693826924 -298146
1558693827812 -296290
1558693829769 -298247
1558693834042 -291255
1558693836030 -303193
1558693836611 -305089
1558693836701 -284528
1558693836989 -304152
1558693837832 -295045
1558693837854 -295067
1558693838806 -296018
1558693841497 -309975
1558693844533 -311696
1558693845425 -313903
1558693846475 -313638
1558693850327 -317490
1558693855127 -302951
1558693856982 -325459
1558693857212 -299946
1558693857223 -299957
1558693859943 -327105
1558693860892 -329369
1558693861124 -303858
1558693863932 -311755
1558693864893 -312716
1558693866783 -316538
1558693867498 -307062
1558693869106 -288582
1558693870932 -290408
1558693872564 -320385
1558693873442 -323196
1558693876180 -315743
1558693876757 -296232
1558693878619 -298094
1558693881360 -329178
1558693882254 -332006
1558693886387 -305861
1558693887135 -336886
1558693889303 -308776
1558693890076 -339827
1558693890968 -309197
1558693890968 -309197
1558693892423 -331984
1558693896269 -335830
1558693896753 -346503
1558693898709 -348458
1558693899086 -302985
1558693900182 -339742
1558693900821 -319048
1558693905851 -355599
1558693906070 -324297
1558693909622 -289603
1558693909969 -313866
1558693914480 -294460
1558693916517 -300137
1558693917124 -297104
1558693917126 -297106
1558693917216 -335441
1558693918195 -336420
1558693919070 -299049
1558693922168 -323394
1558693923957 -303936
1558693926027 -327252
1558693928905 -330130
1558693930102 -313720
1558693930916 -316472
1558693931882 -317438
1558693932868 -318424
1558693932997 -316460
1558693934807 -320362
1558693939342 -340565
1558693939554 -325108
1558693942237 -343459
1558693945712 -312806
1558693945725 -312819
1558693948253 -328228
1558693953222 -338775
1558693959103 -344655
1558693959970 -339942
1558693960898 -346450
1558693961874 -347426
1558693961874 -347426
1558693964278 -320472
1558693966188 -322381
1558693969698 -355248
1558693970948 -324268
1558693971652 -357201
1558693975828 -332020
1558693975828 -332020
1558693977522 -322343
1558693977653 -301964
1558693978392 -317550
1558693978489 -323310
1558693978647 -302958
1558693979467 -324287
1558693979603 -303914
1558693984355 -340546
1558693986220 -325377
1558693986271 -342462
1558693988985 -328142
1558693989166 -345356
1558693991043 -335862
1558693994981 -351170
1558693995243 -319487
1558693997784 -336940
1558693997865 -354054
1558693998829 -308168
1558694000831 -345649
1558694003751 -348568
1558694014626 -305857
1558694018519 -309749
1558694020232 -313652
1558694021092 -310711
1558694022271 -313501
1558694022271 -313501
1558694024266 -315496
1558694024743 -334078
1558694028557 -337891
1558694029515 -338849
1558694032062 -323291
1558694038029 -347361
1558694038635 -332053
1558694039537 -329153
1558694040934 -350264
1558694041483 -331099
1558694043433 -333049
1558694046552 -303900
1558694047523 -304871
1558694048411 -341828
1558694049479 -306826
1558694051335 -344751
1558694054299 -304590
1558694057165 -307456
1558694059251 -316597
1558694060869 -350483
1558694060947 -354362
1558694062956 -313246
1558694064775 -354387
1558694067710 -357321
1558694068685 -358296
1558694069670 -299068
1558694070855 -302949
1558694074739 -306833
1558694076740 -308833
1558694077416 -327704
1558694079624 -311716
1558694080602 -312694
1558694082369 -311765
1558694082573 -314665
1558694083597 -315689
1558694085929 -336215
1558694088087 -317482
1558694088423 -320375
1558694089074 -318469
1558694092000 -321395
1558694092064 -322265
1558694092188 -324139
1558694093663 -343946
1558694094033 -324234
1558694094927 -324321
1558694095115 -327066
1558694095583 -345865
1558694095974 -326174
1558694098905 -329105
1558694098905 -329105
1558694099994 -301884
1558694100397 -350677
1558694100982 -302872
1558694102170 -352450
1558694120489 -311282
1558694124276 -326163
1558694127039 -356421
1558694127099 -357292
1558694128183 -311589
1558694131761 -316329
1558694133068 -316473
1558694133781 -303937
1558694135739 -305895
1558694135739 -305895
1558694137627 -322194
1558694137957 -321362
1558694138605 -323172
1558694142540 -333329
1558694142595 -312750
1558694146443 -331009
1558694148571 -312526
1558694149431 -319584
1558694150336 -334902
1558694151239 -321391
1558694153264 -337829
1558694154447 -324598
1558694154447 -324598
1558694159737 -350520
1558694165813 -350376
1558694166792 -351355
1558694171681 -356244
1558694173091 -305589
1558694178704 -298150
1558694178830 -311327
1558694179794 -312291
1558694181295 -311697
1558694184320 -354459
1558694184575 -304020
1558694187157 -317558
1558694188500 -320996
1558694189372 -308817
1558694190323 -309768
1558694193321 -325816
1558694194265 -326760
1558694195081 -308806
1558694196044 -326444
1558694197141 -329635
1558694197231 -316675
1558694198032 -330526
1558694198032 -330526
1558694198891 -312615
1558694198997 -329397
1558694201098 -320541
1558694202736 -333135
1558694203848 -317572
1558694204766 -335165
1558694204766 -318490
1558694205757 -336155
1558694206036 -325479
1558694207735 -321458
1558694208549 -338947
1558694208684 -322407
1558694208898 -305642
1558694214496 -328218
1558694220451 -352938
1558694222743 -319483
1558694224233 -337953
1558694228897 -359290
1558694230927 -344644
1558694231179 -303045
1558694233845 -347561
1558694234779 -310778
1558694235807 -311806
1558694236870 -350585
1558694237772 -313770
1558694239791 -353505
1558694242700 -318698
1558694243831 -315692
1558694246686 -322683
1558694247625 -302224
1558694247784 -319644
1558694249604 -325601
1558694255187 -331183
1558694257454 -330476
1558694257466 -330488
1558694258211 -299965
1558694259106 -313703
1558694259190 -300944
1558694263098 -304850
1558694264986 -340981
1558694268074 -309823
1558694269002 -344996
1558694270988 -346981
1558694272035 -313783
1558694272981 -314728
1558694273823 -346842
1558694274746 -347764
1558694275582 -330167
1558694276598 -352589
1558694277526 -332111
1558694277811 -319556
1558694278794 -320539
1558694280762 -296294
1558694281547 -357533
1558694285374 -339958
1558694288306 -305726
1558694288405 -316715
1558694288463 -303994
1558694290283 -344866
1558694292415 -307946
1558694292973 -310393
1558694292974 -310394
1558694293234 -347815
1558694293316 -321625
1558694295890 -313309
1558694296035 -350615
1558694301022 -329330
1558694302910 -357438
1558694306857 -303084
1558694307965 -323220
1558694310788 -307014
1558694314799 -343105
1558694316782 -345088
1558694320772 -313956
1558694320779 -313963
1558694320964 -338379
1558694324844 -342257
1558694326805 -344218
1558694327760 -345173
1558694327760 -345173
1558694328650 -321833
1558694333393 -301303
1558694334544 -351954
1558694335218 -331441
1558694340265 -308175
1558694341249 -309158
1558694343162 -319041
1558694343895 -340117
1558694345128 -321006
1558694347863 -344084
1558694348822 -345043
1558694349148 -317051
1558694353746 -349966
1558694353791 -315715
1558694355743 -317667
1558694356709 -318633
1558694356823 -298549
1558694360782 -336654
1558694361420 -323343
1558694362355 -324278
1558694362678 -338549
1558694366243 -328166
1558694367652 -309376
1558694369159 -331081
1558694370615 -312338
1558694372311 -306481
1558694373059 -334981
1558694374377 -350244
1558694377476 -319101
1558694377887 -339808
1558694382238 -323862
1558694385065 -319233
1558694388013 -322181
1558694389076 -305719
1558694389816 -323984
1558694391092 -312406
1558694392025 -308668
1558694392788 -326955
1558694393076 -314389
1558694393837 -310480
1558694394823 -311466
1558694399950 -321262
1558694403676 -320318
1558694406683 -305395
1558694407686 -306398
1558694407686 -306398
1558694408510 -342675
1558694408520 -342685
1558694408598 -325239
1558694409515 -343679
1558694410485 -344649
1558694411555 -328195
1558694414296 -348459
1558694418467 -321918
1558694418616 -317327
1558694419593 -318303
1558694420238 -354399
1558694423090 -357250
1558694423384 -322094
1558694425126 -328576
1558694425168 -341806
1558694429094 -345731
1558694429120 -302859
1558694433055 -306794
1558694434996 -351630
1558694435025 -308763
1558694435645 -339093
1558694437973 -311711
1558694438736 -312607
1558694440479 -343925
1558694440655 -314525
1558694441628 -315498
1558694443599 -317469
1558694445649 -307007
1558694445649 -307007
1558694447545 -321268
1558694448598 -309956
1558694450490 -324213
1558694453432 -327155
1558694454529 -299067
1558694458751 -302835
1558694458751 -302835
1558694461298 -335020
1558694461677 -305761
1558694462375 -323731
1558694464611 -308694
1558694466059 -339780
1558694470291 -314827
1558694472943 -346663
1558694474004 -335359
1558694474911 -348631
1558694476003 -320538
1558694476880 -350600
1558694479834 -353553
1558694479914 -341268
1558694482860 -326940
1558694482892 -312009
1558694484860 -313977
1558694485576 -359294
1558694485766 -329845
1558694486804 -348156
1558694489509 -311641
1558694490497 -312629
1558694490772 -319888
1558694491492 -313624
1558694491492 -313624
1558694492724 -321840
1558694494429 -316561
1558694494691 -323806
1558694497472 -304407
1558694498395 -342468
1558694498448 -305383
1558694500351 -344422
1558694502415 -301364
1558694504274 -326404
1558694509177 -331307
1558694514046 -320979
1558694515201 -314148
1558694521539 -306176
1558694522887 -321657
1558694523854 -330786
1558694523870 -322640
1558694525920 -324690
1558694530468 -315103
1558694531065 -353191
1558694532791 -354917
1558694532924 -339855
1558694535674 -342604
1558694535689 -317876
1558694536653 -318839
1558694538448 -345378
1558694540590 -305612
1558694545251 -313318
1558694545252 -313319
1558694548535 -333166
1558694551153 -319220
1558694551253 -316273
1558694553200 -315425
1558694553200 -315425
1558694553214 -318234
1558694554214 -319234
1558694558146 -323166
1558694559112 -321336
1558694559872 -327938
1558694560128 -325147
1558694561986 -324210
1558694562857 -330922
1558694562960 -325184
1558694566020 -300955
1558694566026 -300961
1558694566026 -300961
1558694567768 -335833
1558694568000 -302934
1558694568797 -331020
1558694575367 -326334
1558694576570 -344634
1558694577656 -339878
1558694578637 -340859
1558694580590 -342811
1558694583173 -334138
1558694585538 -320262
1558694586254 -354315
1558694587009 -337974
1558694588463 -323187
1558694589445 -324168
1558694590193 -358252
1558694592147 -360206
1558694593215 -305411
1558694594208 -356427
1558694596179 -308374
1558694597149 -359367
1558694598132 -360350
1558694598502 -349464
1558694600111 -322501
1558694600111 -312306
1558694601994 -310725
1558694602003 -310734
1558694603059 -325449
1558694605281 -356241
1558694605762 -314493
1558694606005 -318199
1558694607977 -330366
1558694611116 -362075
1558694612895 -306761
1558694616663 -339051
1558694616827 -310692
1558694617661 -340049
1558694621581 -343969
1558694622566 -316431
1558694622591 -326912
1558694623548 -317412
1558694624542 -328863
1558694626478 -330799
1558694627405 -336133
1558694627405 -336133
1558694630433 -324296
1558694633389 -307650
1558694640037 -348762
1558694641106 -315365
1558694644760 -349078
1558694644949 -353673
1558694646913 -355636
1558694646999 -314617
1558694649870 -358592
1558694650854 -359576
1558694650943 -318560
1558694652893 -327150
1558694652904 -320521
1558694657664 -325280
1558694659542 -317475
1558694660291 -306461
1558694660291 -306461
1558694661746 -309631
1558694662746 -310631
1558694663207 -309377
1558694663728 -311613
1558694665537 -333152
1558694671780 -317949
1558694673403 -341017
1558694673717 -319885
1558694674367 -322251
1558694675301 -333232
1558694678345 -300042
1558694678359 -300056
1558694682155 -349768
1558694683424 -329591
1558694683426 -329593
1558694684957 -342886
1558694685943 -343872
1558694686031 -353643
1558694687305 -333471
1558694688141 -309837
1558694688982 -356593
1558694689877 -347805
1558694689941 -311637
1558694690222 -336388
1558694691028 -337194
1558694696861 -318434
1558694698820 -305807
1558694699777 -321349
1558694703514 -361437
1558694705544 -312530
1558694705544 -312530
1558694707643 -302935
1558694708497 -315482
1558694709616 -304907
1558694711399 -357559
1558694712371 -358531
1558694716374 -323358
1558694718307 -313597
1558694721381 -316671
1558694722107 -312513
1558694725212 -315618
1558694727471 -334416
1558694728344 -335289
1558694730287 -325521
1558694730997 -337170
1558694731062 -338007
1558694733604 -324008
1558694733846 -340019
1558694736033 -331267
1558694739814 -346759
1558694740801 -347745
1558694748926 -339328
1558694750382 -356552
1558694754530 -320446
1558694755512 -321428
1558694757660 -348060
1558694758468 -307770
1558694759452 -308754
1558694760306 -311668
1558694761252 -310554
1558694765222 -316583
1558694765222 -316583
1558694766171 -315472
1558694767192 -357589
1558694769156 -320517
1558694770104 -319404
1558694771125 -322486
1558694777975 -301929
1558694786702 -338061
1558694787650 -311603
1558694792606 -343964
1558694793551 -317503
1558694794536 -318488
1558694794569 -345926
1558694799455 -293120
1558694800438 -294103
1558694804370 -298033
1558694805355 -299018
