1558693131510 -3147
1558693131512 -3149
1558693132492 -9019
1558693133491 -10018
1558693140354 -11991
1558693140737 -17263
1558693146079 -17716
1558693148665 -25191
1558693155490 -27126
1558693155675 -31748
1558693160734 -36807
1558693161775 -37848
1558693163231 -34867
1558693171976 -43612
1558693172985 -44621
1558693175801 -47379
1558693185074 -60524
1558693188152 -63602
1558693188449 -60026
1558693193951 -69401
1558693194889 -70339
1558693204438 -76013
1558693205409 -76984
1558693212170 -83744
1558693212340 -87789
1558693214098 -85672
1558693219201 -94650
1558693221149 -94889
1558693221825 -93399
1558693222795 -94369
1558693224133 -97873
1558693224561 -96135
1558693225533 -97107
1558693226109 -99849
1558693227040 -100780
1558693227987 -101727
1558693231317 -102891
1558693236747 -110487
1558693240023 -106295
1558693243913 -110185
1558693247446 -121186
1558693258162 -131901
1558693259276 -133015
1558693266140 -132409
1558693269035 -135304
1558693269842 -141652
1558693278582 -144815
1558693279572 -145805
1558693283167 -154977
1558693290264 -152896
1558693295750 -167560
1558693306591 -169223
1558693307119 -178928
1558693309515 -172147
1558693310002 -179563
1558693310002 -179563
1558693312432 -175064
1558693315829 -185390
1558693317725 -187286
1558693325864 -188496
1558693330130 -199690
1558693332050 -201610
1558693333995 -203555
1558693336566 -198593
1558693338513 -200540
1558693341672 -211232
1558693342636 -212196
1558693343200 -205227
1558693347099 -209126
1558693351041 -213068
1558693359733 -221743
1558693359841 -229401
1558693362662 -224672
1558693369274 -231283
1558693370244 -232253
1558693370440 -239116
1558693372369 -241045
1558693375082 -243758
1558693375104 -237113
1558693378020 -240029
1558693382881 -244890
1558693390491 -252499
1558693390511 -259186
1558693391461 -253469
1558693394376 -256384
1558693400963 -261276
1558693402148 -264095
1558693412586 -264878
1558693416572 -266666
1558693419506 -269600
1558693419518 -269612
1558693420498 -270592
1558693423433 -273526
1558693429722 -281964
1558693431148 -281240
1558693433764 -278066
1558693439757 -276511
1558693448829 -281475
1558693450417 -287170
1558693453348 -290101
1558693512351 -16
1558693512935 -600
1558693512995 -24
1558693518408 -5437
1558693525241 -12269
1558693526437 -14101
1558693533981 -21009
1558693535905 -23569
1558693535905 -23569
1558693536765 -23792
1558693537717 -24744
1558693537845 -25508
1558693544512 -31539
1558693546493 -33473
1558693550334 -37360
1558693556115 -43095
1558693562793 -44582
1558693566559 -53538
1558693573310 -60288
1558693576396 -58184
1558693577162 -64140
1558693581260 -63047
1558693586692 -73669
1558693619804 -96963
1558693627591 -104748
1558693628548 -105705
1558693629689 -114250
1558693631309 -108466
1558693633248 -110405
1558693635237 -112394
1558693635502 -120062
1558693636437 -120997
1558693638361 -122921
1558693638362 -122922
1558693640065 -117222
1558693647996 -131458
1558693653625 -137087
1558693655479 -132635
1558693658363 -135519
1558693658462 -141924
1558693660303 -137458
1558693660386 -143848
1558693663217 -140372
1558693669096 -152557
1558693673005 -156466
1558693674889 -145908
1558693685288 -168749
1558693691275 -162292
1558693692242 -163259
1558693693004 -176464
1558693694204 -165221
1558693697085 -168102
1558693698785 -182245
1558693699583 -183043
1558693702748 -173764
1558693715019 -198478
1558693716000 -199459
1558693717907 -201366
1558693717908 -201367
1558693718292 -187576
1558693723543 -207002
1558693724119 -193403
1558693726436 -209895
1558693726870 -196154
1558693728357 -211816
1558693736095 -214766
1558693736590 -205874
1558693739927 -218597
1558693740473 -209757
1558693741854 -220524
1558693742822 -221492
1558693742822 -221492
1558693743790 -222460
1558693746301 -215585
1558693746301 -215585
1558693757801 -227084
1558693759054 -237724
1558693762664 -231947
1558693765641 -233891
1558693765641 -233891
1558693767727 -246397
1558693771426 -250096
1558693779139 -257809
1558693784924 -263593
1558693791672 -270341
1558693793475 -272144
1558693794628 -262877
1558693796408 -264657
1558693796408 -273967
1558693802265 -279824
1558693805119 -270134
1558693814753 -281354
1558693817465 -284066
1558693820360 -286961
1558693827991 -294591
1558693829913 -296513
1558693832948 -299547
1558693836055 -287964
1558693838587 -305185
1558693842291 -308889
1558693846139 -312736
1558693847618 -284700
1558693849038 -315635
1558693855358 -292439
1558693862567 -306427
1558693863384 -307244
1558693863420 -307280
1558693867839 -291156
1558693870777 -294093
1558693876557 -275983
1558693878557 -277983
1558693878811 -322669
1558693885511 -329368
1558693887284 -331141
1558693888203 -287628
1558693891122 -334978
1558693891935 -291359
1558693892091 -299491
1558693896920 -304319
1558693899825 -307224
1558693903841 -287869
1558693904000 -288028
1558693904970 -312368
1558693907029 -291056
1558693910666 -294693
1558693912323 -319720
1558693915200 -299226
1558693917028 -324425
1558693922879 -276995
1558693923879 -277995
1558693925670 -333065
1558693928561 -335956
1558693929523 -336918
1558693929667 -283782
1558693935495 -289610
1558693942855 -310122
1558693944089 -298203
1558693946729 -313996
1558693948941 -303054
1558693951565 -318831
1558693959639 -294359
1558693968219 -302938
1558693975043 -309761
1558693975481 -342744
1558693979342 -305381
1558693981834 -298318
1558693982799 -299283
1558694000157 -289648
1558694000157 -289648
1558694004016 -293506
1558694004018 -293508
1558694006003 -332037
1558694008713 -298202
1558694015654 -341686
1558694017459 -306947
1558694022389 -302515
1558694028017 -308142
1558694030116 -294466
1558694033833 -313957
1558694033833 -298183
1558694033833 -298183
1558694034780 -314904
1558694040624 -304973
1558694042622 -306970
1558694044429 -324551
1558694056993 -291400
1558694067408 -301594
1558694068632 -303038
1558694072550 -306955
1558694075899 -310084
1558694077390 -311795
1558694085542 -319725
1558694086506 -320689
1558694086931 -292314
1558694088430 -322613
1558694089392 -323575
1558694097909 -332091
1558694107221 -312601
1558694112388 -287991
1558694119108 -303465
1558694125642 -301243
1558694131500 -315855
1558694131500 -315855
1558694134219 -309819
1558694135193 -310793
1558694138241 -322595
1558694141062 -287681
1558694142094 -326448
1558694143063 -327416
1558694144823 -329176
1558694144916 -291534
1558694144916 -291534
1558694146853 -293471
1558694149653 -334005
1558694153501 -300118
1558694153501 -300118
1558694158395 -342745
1558694158471 -305087
1558694161284 -307900
1558694169724 -307156
1558694173587 -311018
1558694176463 -313893
1558694180568 -297222
1558694184180 -321606
1558694190019 -327443
1558694195148 -311800
1558694195619 -333040
1558694200868 -285757
1558694204779 -289668
1558694206412 -343829
1558694208638 -293526
1558694214986 -322608
1558694218666 -303553
1558694221653 -306539
1558694224538 -332159
1558694225426 -333046
1558694227935 -312821
1558694230211 -337831
1558694230844 -315729
1558694232799 -301096
1558694239819 -347437
1558694241761 -349379
1558694243699 -351317
1558694243726 -351344
1558694244708 -352325
1558694259135 -307553
1558694261000 -299560
1558694264833 -313250
1558694267867 -306425
1558694271691 -310246
1558694272648 -321063
1558694272648 -311202
1558694274508 -313062
1558694274531 -322946
1558694275464 -323878
1558694281292 -329703
1558694282323 -294789
1558694283231 -331642
1558694287917 -336327
1558694287917 -336327
1558694292093 -304557
1558694292093 -304557
1558694292905 -305369
1558694295836 -308300
1558694297626 -346036
1558694298617 -347027
1558694299560 -347970
1558694299564 -347974
1558694305381 -298417
1558694307565 -290110
1558694308546 -291090
1558694309525 -292069
1558694319780 -312814
1558694323059 -305601
1558694325010 -307552
1558694333176 -326208
1558694335129 -328161
1558694341904 -334935
1558694351240 -303818
1558694351600 -344627
1558694354179 -306757
1558694354505 -347531
1558694355485 -348510
1558694360042 -312619
1558694360162 -286985
1558694361151 -287974
1558694364075 -290897
1558694367928 -294749
1558694369683 -292307
1558694370657 -293281
1558694373570 -296194
1558694377620 -304440
1558694378462 -301085
1558694380372 -307191
1558694382309 -309128
1558694388074 -310696
1558694393942 -320715
1558694396870 -289682
1558694398826 -291637
1558694400819 -293630
1558694403637 -330410
1558694405462 -332235
1558694411236 -338009
1558694422878 -295252
1558694430486 -302859
1558694431451 -303824
1558694431453 -303826
1558694435342 -307714
1558694437648 -304349
1558694437648 -304348
1558694438265 -310637
1558694442500 -309200
1558694447949 -320319
1558694452636 -325006
1558694457168 -297789
1558694459125 -299746
1558694462348 -334715
1558694462348 -334715
1558694465248 -337614
1558694469123 -341487
1558694472651 -313270
1558694475755 -298281
1558694476554 -291151
1558694477532 -292129
1558694482420 -297015
1558694483233 -297827
1558694487150 -301743
1558694487394 -309919
1558694490324 -312848
1558694493223 -315747
1558694500833 -323356
1558694507604 -330126
1558694512466 -334987
1558694514396 -336916
1558694515375 -337895
1558694516311 -301864
1558694516332 -338852
1558694521183 -343701
1558694523934 -346451
1558694526960 -310224
1558694533016 -288475
1558694533016 -288475
1558694538488 -321750
1558694540596 -296054
1558694545274 -328535
1558694550383 -305840
1558694550938 -334199
1558694556778 -340038
1558694560021 -315477
1558694562656 -345915
1558694562988 -296012
1558694568403 -303557
1558694582804 -317956
1558694585343 -288534
1558694586242 -289433
1558694588195 -291386
1558694589174 -292364
1558694592488 -327639
1558694593081 -296271
1558694602685 -305874
1558694615453 -289472
1558694615631 -350777
1558694619342 -295703
1558694620311 -296672
1558694622235 -298596
1558694626009 -300026
1558694627086 -303446
1558694628056 -304416
1558694628927 -302944
1558694629999 -306359
1558694631864 -305881
1558694631950 -308310
1558694647294 -323652
1558694655057 -331414
1558694658101 -301970
1558694660057 -303925
1558694662983 -306851
1558694663625 -339980
1558694663968 -307835
1558694664599 -340953
1558694666901 -310768
1558694667505 -343858
1558694670447 -346799
1558694673329 -349680
1558694677203 -353553
1558694677487 -291169
1558694678513 -292195
1558694680141 -297835
1558694683041 -300734
1558694684967 -302660
1558694685306 -298987
1558694686286 -299967
1558694687721 -305414
1558694691172 -304853
1558694694159 -307839
1558694696488 -314179
1558694700789 -314469
1558694700793 -314473
1558694703233 -320923
1558694703238 -320928
1558694705187 -322877
1558694708085 -325775
1558694712526 -296211
1558694713512 -297197
1558694714702 -332391
1558694722299 -305983
1558694722299 -305983
1558694723538 -307222
1558694731344 -349027
1558694746413 -299997
1558694746414 -299998
1558694753369 -311240
1558694754240 -307823
1558694754240 -307823
1558694755215 -308798
1558694756193 -309776
1558694759002 -316873
1558694764996 -288441
1558694766760 -324629
1558694771675 -295120
1558694794001 -287264
