1558693125504 -6920
1558693127247 -8663
1558693127294 -8710
1558693130075 -11491
1558693138894 -20310
1558693150337 -31753
1558693159103 -40518
1558693160122 -41537
1558693170590 -51994
1558693174504 -55908
1558693175455 -56859
1558693181250 -62654
1558693183158 -64562
1558693186201 -67574
1558693187218 -68591
1558693187284 -68657
1558693198657 -80030
1558693198682 -80054
1558693212165 -93537
1558693213912 -95284
1558693220732 -102104
1558693239022 -120322
1558693257490 -138789
1558693258461 -139760
1558693272868 -154167
1558693282640 -163939
1558693290225 -171524
1558693295144 -176427
1558693296084 -177367
1558693304780 -186063
1558693305728 -187011
1558693308468 -189750
1558693322105 -203356
1558693325007 -206258
1558693332616 -213867
1558693332622 -213873
1558693334572 -215823
1558693335536 -216787
1558693343282 -224532
1558693344257 -225507
1558693345225 -226475
1558693346214 -227277
1558693364507 -245555
1558693375227 -256270
1558693389740 -270751
1558693389740 -270749
1558693391685 -272693
1558693397553 -278550
1558693398531 -279527
1558693401469 -282464
1558693408141 -289125
1558693429465 -310427
1558693431420 -312381
1558693446105 -327022
1558693451801 -301328
1558693452777 -302304
1558693452777 -302304
1558693453743 -303269
1558693456683 -306209
1558693469387 -318910
1558693472319 -321842
1558693473134 -322657
1558693488777 -338296
1558693491708 -341226
1558693510266 -137
1558693510815 -685
1558693511791 -1661
1558693518633 -8503
1558693529414 -19282
1558693540020 -29887
1558693546825 -36692
1558693557448 -46051
1558693565281 -53883
1558693567193 -55795
1558693568169 -56771
1558693582699 -71301
1558693591551 -80153
1558693593457 -82059
1558693602228 -88718
1558693615755 -102244
1558693620642 -107131
1558693639046 -125533
1558693640999 -127486
1558693643942 -130428
1558693653565 -139044
1558693656488 -141967
1558693660401 -145879
1558693674104 -159581
1558693675897 -161374
1558693681868 -167345
1558693684698 -170174
1558693686657 -172133
1558693690549 -176025
1558693691541 -177017
1558693691553 -177029
1558693696425 -175860
1558693700146 -179581
1558693701119 -180554
1558693702102 -181537
1558693705038 -184473
1558693718726 -198159
1558693720677 -200110
1558693735228 -213355
1558693748721 -226806
1558693754574 -232659
1558693756519 -234604
1558693765388 -243473
1558693785688 -263772
1558693795408 -273492
1558693815894 -292583
1558693842059 -313618
1558693846843 -318401
1558693865370 -336924
1558693868215 -309492
1558693872049 -313326
1558693873028 -314304
1558693885721 -326996
1558693889647 -330921
1558693894385 -335659
1558693905597 -346869
1558693909542 -350813
1558693916703 -322010
1558693920632 -325937
1558693925496 -330799
1558693927431 -332733
1558693928405 -333707
1558693945872 -351166
1558693951714 -357006
1558693954648 -333016
1558693974036 -352401
1558693999308 -346568
1558694001248 -348508
1558694015750 -363008
1558694019646 -366904
1558694020647 -367904
1558694022585 -369842
1558694042963 -353334
1558694043918 -354289
1558694061352 -371720
1558694069176 -379543
1558694070167 -380534
1558694074063 -384429
1558694082703 -356045
1558694084663 -358005
1558694092465 -365806
1558694105043 -378382
1558694115790 -389127
1558694117731 -391067
1558694118689 -392025
1558694119666 -393002
1558694120645 -393980
1558694123588 -396922
1558694127500 -344687
1558694129290 -346477
1558694135152 -352338
1558694149829 -367013
1558694150828 -368012
1558694155699 -372883
1558694172160 -344658
1558694180787 -353284
1558694180787 -353284
1558694184678 -357174
1558694189599 -362094
1558694202234 -374726
1558694222069 -369129
1558694226472 -373531
1558694242239 -389296
1558694255786 -347376
1558694276279 -367867
1558694277266 -368853
1558694280231 -371818
1558694284150 -375737
1558694290046 -381632
1558694291033 -382619
1558694294802 -386387
1558694296770 -388355
1558694302668 -342152
1558694304635 -344118
1558694311520 -351003
1558694313488 -352970
1558694314472 -353954
1558694316441 -355923
1558694322174 -361655
1558694348561 -357933
1558694349541 -358913
1558694350522 -359894
1558694351506 -360878
1558694357411 -366782
1558694359377 -368748
1558694365282 -374652
1558694367081 -376451
1558694368064 -377433
1558694371019 -380388
1558694381834 -391202
1558694382818 -392185
1558694393488 -350081
1558694397408 -354001
1558694400363 -356955
1558694416088 -372678
1558694425772 -382361
1558694428723 -357590
1558694429711 -358578
1558694437575 -366439
1558694441344 -370207
1558694442329 -371191
1558694460029 -388884
1558694463819 -392673
1558694475611 -346320
1558694479550 -350258
1558694481510 -352218
1558694481512 -352220
1558694494141 -364847
1558694504971 -375676
1558694504971 -375676
1558694506930 -377635
1558694525463 -341759
1558694532544 -348839
1558694542017 -358311
1558694547909 -364201
1558694548892 -365184
1558694555778 -372069
1558694559554 -344638
1558694559554 -344638
1558694585940 -371021
1558694587902 -372982
1558694587902 -372982
1558694607420 -366125
1558694607420 -366125
1558694608395 -367100
1558694611351 -370055
1558694614307 -373011
1558694618223 -376927
1558694621178 -379881
1558694625115 -383818
1558694632831 -391533
1558694638757 -397458
1558694658208 -370548
1558694659192 -371532
1558694665094 -377434
1558694667069 -379408
1558694676892 -389230
1558694676893 -389231
1558694688530 -344778
1558694693490 -349738
1558694694480 -350728
1558694699344 -355592
1558694699344 -355592
1558694704105 -360353
1558694723012 -379259
1558694723999 -380246
1558694727828 -384075
1558694738355 -347754
1558694741317 -350714
1558694744261 -353657
1558694747211 -356606
1558694750982 -360375
