1558693124537 -1039
1558693128183 -4685
1558693134027 -10528
1558693136980 -13481
1558693136980 -13481
1558693139843 -16344
1558693147341 -23842
1558693149243 -25744
1558693155991 -32492
1558693159971 -36472
1558693159971 -36472
1558693163711 -40212
1558693165664 -42165
1558693169540 -44506
1558693169555 -44521
1558693179013 -53979
1558693185911 -60877
1558693191870 -66835
1558693203978 -78943
1558693207835 -82800
1558693228918 -103471
1558693244226 -118779
1558693265329 -138004
1558693271140 -143815
1558693274064 -146739
1558693276009 -148684
1558693279987 -152662
1558693304061 -176584
1558693305964 -178487
1558693306978 -179501
1558693309861 -182384
1558693313580 -186103
1558693321347 -193870
1558693326236 -198758
1558693327197 -199719
1558693328158 -200680
1558693329178 -201700
1558693336733 -207281
1558693342554 -213102
1558693357127 -227674
1558693358111 -228658
1558693371532 -242078
1558693377356 -247902
1558693385937 -256262
1558693394694 -250075
1558693395697 -251078
1558693406432 -261811
1558693408149 -263528
1558693410091 -265470
1558693413007 -259739
1558693413969 -260701
1558693426584 -273314
1558693428526 -265679
1558693436230 -273382
1558693440022 -277173
1558693440023 -277174
1558693510257 -77
1558693528254 -18073
1558693537820 -27639
1558693547519 -37338
1558693571613 -61360
1558693575500 -65246
1558693579385 -69130
1558693582141 -71886
1558693585052 -74797
1558693594769 -84513
1558693608210 -97953
1558693609194 -98937
1558693610198 -99941
1558693616954 -103755
1558693632341 -119141
1558693641078 -127876
1558693664236 -150960
1558693675760 -162475
1558693680721 -167436
1558693685459 -172173
1558693698133 -184846
1558693704743 -188257
1558693704750 -188264
1558693711541 -195055
1558693724974 -208486
1558693727888 -211400
1558693732747 -216259
1558693734698 -218210
1558693744400 -227911
1558693752975 -236359
1558693759773 -243157
1558693763657 -247041
1558693764681 -248065
1558693765649 -249033
1558693781009 -264392
1558693796450 -279833
1558693800460 -283843
1558693805143 -284388
1558693832288 -293176
1558693844647 -305534
1558693868894 -329777
1558693874606 -307469
1558693877516 -310379
1558693880455 -313317
1558693880455 -313317
1558693887227 -320088
1558693889001 -321862
1558693901722 -334581
1558693904854 -337713
1558693905804 -338663
1558693911476 -344334
1558693920903 -306801
1558693920911 -306809
1558693921898 -307796
1558693927693 -313590
1558693928662 -314559
1558693938217 -324112
1558693943078 -328973
1558693953767 -339606
1558693969152 -316124
1558693971085 -318057
1558693977899 -324870
1558693984518 -331488
1558693986475 -333445
1558693995212 -342180
1558694009616 -356580
1558694012560 -305846
1558694012581 -305867
1558694017388 -310673
1558694025197 -318481
1558694036680 -329962
1558694041556 -334838
1558694048320 -341600
1558694049286 -342566
1558694051230 -344509
1558694053012 -346291
1558694071499 -314592
1558694081016 -324107
1558694108196 -351281
1558694110368 -353453
1558694111421 -354505
1558694114018 -310746
1558694128309 -325035
1558694136082 -332807
1558694139965 -336690
1558694141904 -338629
1558694146766 -343490
1558694151458 -348181
1558694155598 -352320
1558694164089 -309732
1558694182406 -328047
1558694193097 -338736
1558694213316 -310516
1558694215340 -312539
1558694233575 -330772
1558694237596 -334792
1558694246246 -343441
1558694249251 -346446
1558694258827 -356018
1558694262770 -309002
1558694269490 -315721
1558694274311 -320541
1558694280172 -326401
1558694287983 -334210
1558694305417 -351638
1558694323831 -316152
1558694325792 -318113
1558694330723 -323043
1558694330736 -323056
1558694331657 -323977
1558694332623 -324943
1558694340274 -332592
1558694352986 -345300
1558694355915 -348228
1558694357870 -350181
1558694363573 -355882
1558694376288 -306762
1558694376294 -306768
1558694379212 -309685
1558694384929 -315402
1558694402511 -332981
1558694403497 -333967
1558694410190 -340658
1558694418171 -348636
1558694420011 -350475
1558694420034 -350498
1558694420034 -350498
1558694422875 -353338
1558694422876 -353339
1558694424834 -355297
1558694428737 -359198
1558694431673 -302397
1558694432495 -303219
1558694444219 -314941
1558694446173 -316895
1558694454989 -325710
1558694460677 -331397
1558694461665 -332385
1558694469474 -340193
1558694470458 -341176
1558694480061 -350775
1558694484953 -355666
1558694487873 -358585
1558694490831 -305493
1558694496676 -311337
1558694503514 -318173
1558694505326 -319985
1558694506308 -320967
1558694513151 -327809
1558694517038 -331696
1558694525902 -340558
1558694541325 -355975
1558694549127 -304944
1558694554849 -310666
1558694567583 -323398
1558694575193 -331007
1558694582075 -337888
1558694598666 -354474
1558694604357 -360163
1558694608262 -304803
1558694614138 -310678
1558694617069 -313609
1558694628634 -325172
1558694645238 -341774
1558694656806 -353338
1558694660712 -357243
1558694707304 -348446
1558694713214 -354353
1558694720944 -362080
1558694733573 -314572
1558694741376 -322374
1558694750969 -331966
1558694750969 -331966
1558694754871 -335867
1558694758778 -339773
1558694763670 -344663
1558694772298 -353288
1558694785005 -335756
1558694785984 -336735
1558694793641 -344391
1558694796572 -347321
1558694798529 -349278
1558694803417 -354165
1558694811240 -361980
