1558693125526 -1738
1558693129620 -4609
1558693132470 -7459
1558693134750 -10961
1558693135442 -10431
1558693141576 -17787
1558693143221 -18209
1558693145440 -21651
1558693146428 -22639
1558693150281 -25592
1558693152086 -27397
1558693152774 -27762
1558693155622 -30606
1558693158894 -34205
1558693159609 -34384
1558693164620 -39931
1558693172267 -47041
1558693175305 -50616
1558693178778 -53530
1558693183811 -59121
1558693185872 -61182
1558693187958 -63268
1558693189184 -64494
1558693193744 -68164
1558693200134 -74553
1558693200135 -74554
1558693200135 -74554
1558693201104 -75523
1558693203047 -77466
1558693207890 -82309
1558693207893 -82312
1558693214700 -89119
1558693215672 -90091
1558693217454 -92205
1558693220198 -90988
1558693223157 -93947
1558693224233 -98652
1558693231072 -105491
1558693232023 -106442
1558693233937 -108356
1558693237819 -109188
1558693244634 -116001
1558693245433 -116222
1558693248370 -118313
1558693251296 -122085
1558693258128 -128070
1558693261068 -131857
1558693264001 -134790
1558693264979 -135767
1558693266899 -136840
1558693274593 -145053
1558693279484 -149944
1558693281482 -151942
1558693283347 -153287
1558693283415 -153875
1558693284327 -154267
1558693288278 -158738
1558693288278 -158738
1558693296951 -167409
1558693298886 -169344
1558693303683 -172106
1558693304648 -173071
1558693311583 -182041
1558693314525 -184983
1558693321190 -191647
1558693324137 -192425
1558693328884 -197306
1558693329858 -198280
1558693329858 -198280
1558693330833 -199255
1558693332961 -201249
1558693337829 -206116
1558693337836 -206123
1558693338641 -206928
1558693352322 -220609
1558693354294 -222581
1558693355263 -223550
1558693358193 -226480
1558693360877 -229298
1558693361111 -229398
1558693369509 -237667
1558693376332 -244459
1558693382175 -250302
1558693383154 -251281
1558693386083 -254209
1558693390809 -258935
1558693394714 -252318
1558693398889 -267122
1558693402525 -260128
1558693402525 -260128
1558693413384 -262627
1558693415030 -266522
1558693415342 -264584
1558693419270 -268512
1558693427697 -270784
1558693440201 -283286
1558693442633 -280998
1558693448421 -286785
1558693455815 -290172
1558693456797 -291154
1558693463881 -294537
1558693467788 -298443
1558693513683 -1680
1558693514632 -2629
1558693517519 -5516
1558693521911 -9435
1558693526702 -14225
1558693542801 -30798
1558693544083 -31606
1558693550909 -38432
1558693559222 -45963
1558693559510 -46582
1558693562438 -49509
1558693564165 -50906
1558693564481 -51552
1558693567313 -54384
1558693568021 -54761
1558693570240 -57311
1558693572241 -59312
1558693579026 -66097
1558693580972 -68042
1558693586485 -73222
1558693587750 -74820
1558693591350 -78087
1558693601302 -88371
1558693602064 -88800
1558693604242 -91310
1558693606185 -93253
1558693607023 -94091
1558693610921 -95295
1558693613910 -98284
1558693614635 -99591
1558693614837 -99211
1558693616764 -101138
1558693621629 -106003
1558693636918 -121872
1558693637079 -121453
1558693642804 -127758
1558693642966 -127340
1558693644730 -129684
1558693646841 -131214
1558693648656 -133598
1558693649635 -134577
1558693654351 -139293
1558693657294 -142236
1558693658406 -141955
1558693660338 -143887
1558693661187 -143613
1558693664134 -146560
1558693664233 -147782
1558693666182 -149731
1558693669055 -151481
1558693673041 -155467
1558693676861 -159286
1558693681793 -165341
1558693682687 -166235
1558693690436 -173984
1558693692322 -174746
1558693695300 -178846
1558693701913 -184336
1558693702891 -185314
1558693707773 -190196
1558693712693 -191028
1558693724407 -203536
1558693729140 -208269
1558693732035 -210369
1558693737930 -216263
1558693739835 -218168
1558693753401 -232528
1558693759280 -238406
1558693759287 -238413
1558693763184 -242310
1558693764204 -243330
1558693767022 -244807
1558693772727 -250512
1558693772799 -250157
1558693773790 -251148
1558693779539 -257324
1558693780522 -258307
1558693780638 -257996
1558693781479 -259264
1558693784397 -262182
1558693789267 -267052
1558693790371 -267729
1558693791351 -268709
1558693799968 -277752
1558693800151 -277508
1558693801120 -278477
1558693802987 -280344
1558693805894 -283251
1558693805910 -283267
1558693813725 -291082
1558693818410 -294818
1558693818617 -295085
1558693835766 -312173
1558693837726 -314133
1558693841840 -302835
1558693843827 -304822
1558693844646 -305641
1558693845361 -304137
1558693851496 -312490
1558693854131 -312906
1558693855112 -313887
1558693864856 -323629
1558693871517 -330288
1558693871517 -330288
1558693874447 -333218
1558693875748 -336739
1558693876714 -337705
1558693886150 -273301
1558693886480 -314508
1558693891839 -278989
1558693893165 -321193
1558693897068 -325095
1558693902191 -330217
1558693903807 -290955
1558693907969 -295116
1558693914840 -342865
1558693918990 -306135
1558693920946 -308090
1558693924284 -312240
1558693927212 -315168
1558693936980 -324934
1558693937548 -324642
1558693937957 -325911
1558693939778 -327732
1558693946611 -334564
1558693948110 -335204
1558693951496 -339448
1558693952996 -340090
1558693962232 -350182
1558693965983 -353932
1558693970403 -315854
1558693972362 -317813
1558693974293 -319744
1558693975756 -308664
1558693976732 -309640
1558693976733 -309640
1558693981639 -314544
1558693982092 -327542
1558693984560 -317463
1558693985536 -318439
1558693988768 -334217
1558693990718 -336167
1558693993197 -326100
1558693995158 -328061
1558693998525 -343972
1558694000479 -345926
1558694001034 -333937
1558694001034 -333937
1558694006884 -339786
1558694007862 -340764
1558694008838 -341740
1558694008839 -341741
1558694013581 -346483
1558694016490 -349392
1558694019818 -319568
1558694028607 -328356
1558694029584 -329332
1558694032141 -314550
1558694034073 -316482
1558694035288 -335036
1558694044083 -343829
1558694045083 -344829
1558694052842 -352586
1558694060487 -320245
1558694061466 -321224
1558694062460 -322218
1558694065414 -325171
1558694076792 -302982
1558694083787 -343542
1558694085698 -345453
1558694088318 -314506
1558694094464 -354217
1558694102298 -314956
1558694108874 -335059
1558694111868 -338053
1558694114036 -326692
1558694117469 -343652
1558694127239 -353418
1558694128217 -354396
1558694128459 -341110
1558694140001 -352647
1558694141740 -319411
1558694158438 -312115
1558694165020 -342687
1558694165997 -343664
1558694173043 -326716
1558694175924 -329596
1558694179529 -357192
1558694179674 -333343
1558694180681 -334350
1558694181638 -335307
1558694185530 -339198
1558694186369 -311575
1558694187361 -312567
1558694187500 -341168
1558694188424 -313630
1558694189338 -314543
1558694193336 -347004
1558694194296 -347964
1558694195271 -348939
1558694198141 -323345
1558694199133 -324337
1558694200141 -325345
1558694208825 -312021
1558694211732 -314928
1558694212610 -337812
1558694226140 -351340
1558694228151 -331344
1558694228180 -331373
1558694235948 -361145
1558694236029 -339221
1558694237042 -340234
1558694237942 -299986
1558694238007 -341199
1558694238964 -342156
1558694242941 -346133
1558694243897 -347088
1558694243897 -347088
1558694249741 -352931
1558694259174 -321215
1558694260333 -306327
1558694262346 -308339
1558694263279 -309272
1558694265249 -311242
1558694267051 -329091
1558694274907 -320899
1558694276653 -338691
1558694280818 -326809
1558694283751 -329742
1558694284498 -346534
1558694284745 -330735
1558694285485 -347520
1558694287443 -349478
1558694290393 -352427
1558694291376 -353410
1558694292598 -338587
1558694296384 -342372
1558694299307 -345294
1558694301052 -307856
1558694303015 -309819
1558694303015 -309819
1558694306190 -352175
1558694308925 -315728
1558694311081 -357064
1558694314028 -303918
1558694325471 -332271
1558694325636 -315524
1558694328579 -318467
1558694328583 -318471
1558694334328 -341127
1558694344012 -350808
1558694345978 -352773
1558694352838 -359631
1558694357848 -347731
1558694362667 -313081
1558694364659 -315072
1558694367527 -357407
1558694367593 -318006
1558694379235 -329646
1558694382180 -332591
1558694387109 -337519
1558694400741 -351147
1558694401681 -352087
1558694403654 -354059
1558694412520 -306771
1558694414558 -308809
1558694417428 -352033
1558694419323 -353927
1558694425142 -319391
1558694429990 -312228
1558694431029 -325277
1558694431957 -314194
1558694433973 -328220
1558694437859 -320095
1558694440634 -322870
1558694440697 -334944
1558694441613 -323849
1558694441613 -323849
1558694448562 -342807
1558694452425 -334659
1558694457411 -351653
1558694459282 -341515
1558694459385 -353626
1558694464166 -358406
1558694470059 -309877
1558694471018 -310836
1558694472986 -312803
1558694475935 -315752
1558694476918 -316735
1558694479872 -319688
1558694480737 -303018
1558694487431 -309711
1558694487575 -327390
1558694494465 -334280
1558694500222 -322501
1558694502162 -324441
1558694504131 -326409
1558694507065 -329343
1558694509030 -331307
1558694510242 -350053
1558694512810 -335087
1558694516915 -356724
1558694518877 -358685
1558694521840 -361647
1558694521852 -329551
1558694524576 -346849
1558694524787 -332485
1558694536194 -358463
1558694540349 -348045
1558694540349 -348045
1558694548932 -321737
1558694548935 -321740
1558694550199 -357893
1558694553134 -360827
1558694555117 -362810
1558694556084 -363776
1558694559884 -367575
1558694563545 -336348
1558694565487 -338290
1558694572358 -345160
1558694574299 -347101
1558694582504 -329863
1558694585340 -332698
1558694585895 -358693
1558694587857 -305052
1558694590178 -337536
1558694590178 -337536
1558694595737 -312931
1558694598040 -345397
1558694600615 -317808
1558694601607 -318800
1558694601987 -349343
1558694606886 -354241
1558694615613 -302761
1558694618122 -335313
1558694618525 -305672
1558694619510 -306657
1558694619510 -306657
1558694624034 -341224
1558694625409 -312555
1558694626392 -313538
1558694626393 -313539
1558694628356 -315502
1558694634094 -321239
1558694636601 -353788
1558694641531 -358716
1558694649819 -336962
1558694661453 -348593
1558694665394 -352533
1558694665897 -330412
1558694667354 -354492
1558694683923 -319240
1558694685877 -321194
1558694686861 -322178
1558694690794 -326110
1558694690794 -326110
1558694693836 -329152
1558694694221 -358730
1558694694237 -358746
1558694694797 -330112
1558694701875 -309945
1558694705384 -340698
1558694708738 -316807
1558694714632 -322700
1558694715612 -323680
1558694717189 -352501
1558694720570 -328637
1558694721659 -329726
1558694727390 -335456
1558694733758 -314460
1558694737679 -318380
1558694740000 -348064
1558694740984 -349047
1558694742597 -323297
1558694743580 -324280
1558694744565 -325265
1558694751607 -359666
1558694753573 -303116
1558694760452 -309994
1558694762414 -311956
1558694762414 -311955
1558694763077 -343775
1558694773047 -322587
1558694775698 -356393
1558694778933 -328472
1558694780898 -330437
1558694785527 -320125
1558694789459 -324057
1558694790442 -325040
1558694795612 -345148
1558694798389 -347924
1558694800352 -349886
