1558693141973 -16853
1558693141992 -16872
1558693143873 -18753
1558693166982 -41861
1558693175598 -50477
1558693187401 -57389
1558693195064 -65052
1558693204531 -74517
1558693205523 -75509
1558693211320 -81306
1558693212299 -82285
1558693222821 -92807
1558693227659 -97645
1558693227659 -97645
1558693229611 -99597
1558693236404 -106390
1558693241271 -109527
1558693247926 -116182
1558693247926 -116182
1558693253789 -122045
1558693258679 -126935
1558693263544 -131800
1558693264519 -132775
1558693290774 -155397
1558693306181 -170804
1558693309114 -173737
1558693312042 -176665
1558693327515 -192137
1558693336307 -199759
1558693342981 -206433
1558693347859 -211311
1558693347859 -211311
1558693393437 -256887
1558693397339 -259715
1558693400269 -262645
1558693402221 -264596
1558693420651 -271061
1558693422626 -273035
1558693425491 -275900
1558693428433 -278841
1558693431359 -276011
1558693444851 -281667
1558693519748 -5449
1558693523626 -9327
1558693527582 -13282
1558693531428 -17128
1558693532419 -18119
1558693539069 -24768
1558693547882 -33581
1558693548846 -34545
1558693564354 -49051
1558693567220 -51917
1558693570154 -54851
1558693571132 -55829
1558693576017 -60713
1558693581868 -66564
1558693583838 -68534
1558693612788 -87856
1558693622576 -97641
1558693624508 -99573
1558693629385 -104450
1558693632180 -107245
1558693634105 -109170
1558693638015 -113054
1558693639968 -115007
1558693643879 -118918
1558693644859 -119898
1558693657394 -132432
1558693662269 -137306
1558693668132 -143169
1558693670105 -145142
1558693681727 -156763
1558693681801 -156837
1558693683589 -158625
1558693692388 -165736
1558693693367 -166715
1558693699214 -172562
1558693702142 -175490
1558693712724 -186071
1558693713716 -187063
1558693714708 -188055
1558693715729 -189076
1558693719561 -192908
1558693722492 -195839
1558693731117 -204462
1558693740907 -214252
1558693742838 -216183
1558693746768 -220113
1558693749686 -223031
1558693764228 -237573
1558693765221 -238566
1558693777664 -246282
1558693780621 -249239
1558693786462 -255080
1558693796272 -264889
1558693802000 -270511
1558693803971 -272482
1558693822302 -290812
1558693834995 -295898
1558693836915 -297818
1558693841783 -302685
1558693847514 -308415
1558693857260 -318160
1558693860193 -321093
1558693862202 -323102
1558693867030 -327929
1558693878652 -310183
1558693879579 -311110
1558693885442 -316972
1558693887375 -318905
1558693887375 -318905
1558693898944 -330472
1558693910062 -341584
1558693912757 -344270
1558693912805 -344318
1558693919313 -350823
1558693920272 -319790
1558693924164 -323681
1558693924164 -323681
1558693934904 -334419
1558693938830 -338345
1558693948423 -347936
1558693955263 -354775
1558693960319 -359829
1558693964057 -302752
1558693965843 -304538
1558693968781 -307476
1558693971699 -310393
1558693982449 -321142
1558693987327 -326019
1558693989123 -327815
1558694012422 -351110
1558694012422 -351110
1558694013383 -352070
1558694021181 -306137
1558694022152 -307107
1558694028982 -313936
1558694046426 -331377
1558694054238 -339188
1558694055189 -340139
1558694056177 -341126
1558694062839 -347785
1558694063813 -348759
1558694064784 -349730
1558694067715 -352660
1558694088055 -310398
1558694109602 -331942
1558694118178 -340517
1558694120127 -342465
1558694124035 -346329
1558694142431 -308393
1558694151240 -317201
1558694161803 -327763
1558694165714 -331673
1558694165714 -331673
1558694175486 -341444
1558694179215 -345173
1558694183123 -349079
1558694185076 -351032
1558694206485 -312429
1558694216316 -322216
1558694218624 -324524
1558694218624 -324524
1558694221441 -327340
1558694223297 -329196
1558694225082 -330981
1558694227787 -333685
1558694229720 -335618
1558694232614 -338511
1558694238596 -344491
1558694238596 -344491
1558694240554 -346448
1558694255082 -300816
1558694257994 -303728
1558694259961 -305695
1558694260973 -306707
1558694284367 -330097
1558694291231 -336960
1558694297963 -343689
1558694307786 -353508
1558694309749 -355471
1558694311711 -357431
1558694311716 -357436
1558694315654 -298387
1558694342995 -325724
1558694349714 -332443
1558694362492 -345218
1558694372159 -354881
1558694374154 -356875
1558694379030 -301551
1558694384925 -307445
1558694396570 -319088
1558694406385 -328902
1558694407380 -329897
1558694418137 -340653
1558694421935 -344450
1558694443380 -313466
1558694460084 -330168
1558694462059 -332142
1558694471734 -341816
1558694472703 -342785
1558694477603 -347684
1558694490222 -360298
1558694498089 -312033
1558694501026 -314970
1558694519537 -333478
1558694524452 -338393
1558694528553 -342493
1558694539040 -352977
1558694547864 -294774
1558694558679 -305588
1558694561523 -308432
1558694568337 -315245
1558694568340 -315248
1558694582146 -329052
1558694584870 -331775
1558694585851 -332756
1558694588807 -335711
1558694595714 -342616
1558694614188 -311309
1558694615206 -312327
1558694630928 -328047
1558694636619 -333737
1558694639567 -336685
1558694647431 -344547
1558694661025 -358137
1558694662007 -320856
1558694669875 -328723
1558694673792 -332639
1558694677733 -336580
1558694678725 -337572
1558694690335 -349180
1558694692368 -351213
1558694693337 -352182
1558694702127 -360970
1558694709825 -303452
1558694714742 -308368
1558694716710 -310336
1558694722865 -316490
1558694731417 -324976
1558694738158 -331715
1558694749952 -343507
1558694751910 -345464
1558694765500 -359049
1558694770416 -300658
1558694780086 -310327
1558694785977 -316217
1558694791876 -322115
1558694794824 -325063
1558694796788 -327027
1558694802522 -332759
1558694806452 -336687
1558694808417 -338651
1558694808417 -338651
