1558693124853 -459
1558693126318 -1922
1558693130952 -713
1558693133818 -3579
1558693133826 -3587
1558693138692 -8452
1558693139693 -9453
1558693141581 -11341
1558693142581 -12341
1558693143503 -13262
1558693147518 -23121
1558693148293 -18052
1558693149291 -24894
1558693155867 -25625
1558693163633 -25758
1558693163633 -25758
1558693170804 -45560
1558693177439 -52195
1558693184072 -46195
1558693184278 -59034
1558693187421 -62177
1558693189153 -51276
1558693190500 -65255
1558693192598 -67353
1558693194844 -56966
1558693195913 -70668
1558693197734 -59856
1558693206369 -68459
1558693209224 -71314
1558693210528 -85135
1558693214127 -76216
1558693218015 -80091
1558693222103 -96710
1558693223719 -85795
1558693225010 -99617
1558693227956 -102563
1558693231552 -92267
1558693231875 -106481
1558693232545 -93260
1558693233807 -108413
1558693234810 -109416
1558693235763 -110369
1558693237728 -112334
1558693239381 -100096
1558693240349 -101064
1558693245229 -105944
1558693245360 -119963
1558693248980 -109695
1558693252194 -121527
1558693252900 -113613
1558693255823 -116536
1558693258063 -127396
1558693259026 -128358
1558693259727 -120440
1558693261661 -122374
1558693267526 -128239
1558693275194 -135907
1558693288205 -157536
1558693294904 -163775
1558693299455 -160120
1558693301707 -170577
1558693303639 -172509
1558693304346 -164012
1558693310223 -169889
1558693314121 -173787
1558693325956 -194753
1558693330611 -190277
1558693334505 -194171
1558693335477 -195143
1558693335487 -195153
1558693337412 -197078
1558693338389 -198055
1558693339460 -208256
1558693344113 -203779
1558693345335 -214131
1558693360715 -220258
1558693361683 -221226
1558693365442 -224984
1558693371321 -230863
1558693375444 -241154
1558693378145 -237686
1558693378145 -237686
1558693379368 -245078
1558693381093 -240634
1558693387916 -247456
1558693390694 -250234
1558693395817 -261526
1558693398527 -258067
1558693411308 -268483
1558693413021 -272559
1558693416917 -276455
1558693417124 -274298
1558693420073 -277247
1558693420857 -280394
1558693422010 -279184
1558693430604 -290141
1558693435640 -281151
1558693439255 -298570
1558693440406 -285916
1558693458777 -318091
1558693459763 -319077
1558693461746 -298680
1558693477184 -336498
1558693485818 -345132
1558693485818 -345132
1558693488750 -348062
1558693491679 -350991
1558693495589 -354901
1558693495590 -354902
1558693497545 -356857
1558693499498 -358810
1558693504386 -363698
1558693513033 -372344
1558693513621 -2443
1558693517903 -377214
1558693521431 -10253
1558693521854 -372500
1558693525358 -14180
1558693526317 -15139
1558693528259 -17081
1558693533045 -21865
1558693533938 -22758
1558693537290 -387934
1558693539269 -389913
1558693547645 -36465
1558693550540 -39360
1558693552934 -403576
1558693553321 -42141
1558693554287 -43107
1558693557659 -408300
1558693565045 -43673
1558693566001 -54820
1558693566976 -55795
1558693567955 -56774
1558693569911 -58730
1558693571690 -50318
1558693571887 -60706
1558693577568 -66387
1558693581453 -60080
1558693585425 -71382
1558693587426 -66053
1558693591283 -77239
1558693593243 -79199
1558693593243 -79199
1558693593279 -79235
1558693598111 -84067
1558693601842 -80469
1558693603794 -89750
1558693604764 -83391
1558693607706 -93661
1558693608688 -94643
1558693612590 -98545
1558693617483 -103437
1558693619434 -105388
1558693621387 -107341
1558693628037 -113991
1558693630983 -109558
1558693631958 -110533
1558693635864 -114438
1558693638817 -117369
1558693641593 -120145
1558693647453 -126005
1558693647593 -126167
1558693652298 -130872
1558693652335 -130886
1558693655294 -133845
1558693659201 -137752
1558693662126 -140677
1558693670881 -149455
1558693671730 -150281
1558693685429 -161403
1558693689182 -165156
1558693690154 -166128
1558693694197 -172768
1558693696932 -175503
1558693698939 -174912
1558693700843 -179414
1558693703820 -182391
1558693708739 -184712
1558693716365 -192338
1558693720199 -198613
1558693723194 -198875
1558693734899 -213312
1558693737727 -213407
1558693739751 -218164
1558693745523 -221203
1558693746485 -222165
1558693746486 -222166
1558693751312 -229725
1558693751317 -229730
1558693756268 -231948
1558693760017 -235696
1558693763950 -239629
1558693778526 -255170
1558693782398 -253393
1558693783424 -260067
1558693786270 -257265
1558693800948 -277589
1558693801860 -278501
1558693801986 -272977
1558693803894 -274885
1558693805746 -282387
1558693808698 -279689
1558693809628 -280619
1558693809688 -280679
1558693813520 -284510
1558693817255 -293896
1558693823273 -294262
1558693825130 -301770
1558693827062 -303702
1558693830902 -301227
1558693833964 -310587
1558693834828 -305153
1558693835798 -306123
1558693836831 -313454
1558693840556 -317179
1558693841523 -318146
1558693847563 -317887
1558693855210 -325534
1558693855232 -331729
1558693865808 -342304
1558693873626 -350122
1558693879476 -348156
1558693885335 -354015
1558693887269 -355949
1558693896896 -373370
1558693899017 -367696
1558693899997 -368676
1558693900871 -369550
1558693900871 -369550
1558693904031 -372710
1558693907914 -358015
1558693909817 -359918
1558693910563 -360663
1558693911558 -361658
1558693911796 -380475
1558693913576 -363675
1558693914565 -364664
1558693920349 -389028
1558693927038 -377133
1558693930962 -381055
1558693931917 -382010
1558693932907 -401585
1558693939756 -381030
1558693943645 -384918
1558693946576 -387849
1558693948357 -360868
1558693948361 -360872
1558693954234 -395506
1558693959908 -372418
1558693960321 -401592
1558693965790 -378299
1558693968713 -381221
1558693978524 -419793
1558693981236 -393743
1558693982425 -375592
1558693985357 -378523
1558693987114 -351854
1558693987302 -380468
1558693990244 -383410
1558693995898 -360637
1558693995898 -360637
1558693998887 -392052
1558693998895 -392060
1558694004687 -369425
1558694007452 -372189
1558694007452 -372189
1558694007452 -372189
1558694011373 -376109
1558694013542 -406705
1558694015280 -380016
1558694017443 -410605
1558694018203 -382938
1558694020164 -384899
1558694020173 -384908
1558694043439 -369723
1558694045481 -408557
1558694052323 -415398
1558694054028 -380311
1558694056221 -419295
1558694064754 -391034
1558694066703 -392983
1558694073680 -385199
1558694080491 -392010
1558694087340 -398859
1558694091082 -402601
1558694091942 -359896
1558694094984 -406503
1558694100587 -368540
1558694100587 -368540
1558694102809 -414327
1558694104553 -372505
1558694113764 -374051
1558694114388 -382338
1558694115448 -375735
1558694133912 -394197
1558694136845 -397129
1558694138651 -398935
1558694144377 -385885
1558694153006 -394511
1558694155544 -390006
1558694158043 -340679
1558694164870 -399331
1558694169760 -404220
1558694175308 -357942
1558694175315 -357949
1558694178236 -360869
1558694181189 -363822
1558694181498 -415957
1558694186223 -420681
1558694192118 -426575
1558694194043 -428500
1558694194855 -377486
1558694195040 -429497
1558694199643 -382273
1558694212464 -386831
1558694213257 -369650
1558694220329 -376721
1558694225031 -381422
1558694225031 -381422
1558694225894 -382285
1558694232974 -407338
1558694244670 -390318
1558694245706 -391354
1558694246310 -354195
1558694246666 -392314
1558694246666 -392314
1558694253088 -360973
1558694254998 -362882
1558694259042 -404688
1558694260891 -368775
1558694262847 -370730
1558694264828 -372711
1558694269618 -377501
1558694274475 -382357
1558694274475 -382357
1558694288217 -392130
1558694290189 -341398
1558694293105 -397017
1558694303859 -407770
1558694305646 -409556
1558694305794 -357001
1558694307590 -411500
1558694307590 -411500
1558694310666 -361873
1558694314424 -365630
1558694316398 -420307
1558694322255 -426163
1558694322297 -373502
1558694323275 -374480
1558694328133 -380993
1558694331877 -384736
1558694336062 -355166
1558694339822 -358925
1558694356545 -375646
1558694357127 -409983
1558694366200 -385300
1558694367877 -420731
1558694369148 -388247
1558694371784 -396185
1558694376033 -343336
1558694381930 -349232
1558694389318 -413716
1558694389323 -413721
1558694390289 -414687
1558694390610 -357911
1558694392259 -416657
1558694394223 -418621
1558694396526 -363827
1558694400123 -424520
1558694400970 -425367
1558694401426 -368726
1558694401932 -426329
1558694405389 -372688
1558694418730 -398118
1558694432726 -377711
1558694434530 -379515
1558694435528 -380513
1558694436500 -381485
1558694441404 -386388
1558694450259 -395242
1558694450779 -430163
1558694457128 -402109
1558694472696 -361069
1558694478594 -366966
1558694482084 -410123
1558694487277 -375648
1558694487980 -416018
1558694489242 -377613
1558694508482 -384311
1558694509467 -385295
1558694511728 -343975
1558694514626 -346872
1558694518310 -394137
1558694518559 -350805
1558694518563 -350808
1558694521103 -396930
1558694522097 -397924
1558694525034 -400859
1558694526071 -401895
1558694529289 -405113
1558694534994 -410817
1558694540020 -372261
1558694543950 -376190
1558694543950 -376190
1558694547883 -350051
1558694548861 -351029
1558694550833 -353000
1558694556332 -405736
1558694557319 -406723
1558694561549 -363710
1558694564221 -413624
1558694568966 -418369
1558694569357 -371514
1558694572295 -374450
1558694572892 -422294
1558694575239 -377390
1558694576225 -378376
1558694577205 -379356
1558694579994 -382143
1558694580758 -430159
1558694580981 -383129
1558694581997 -384145
1558694582012 -384159
1558694588637 -387462
1558694588841 -390979
1558694590806 -346559
1558694592771 -348523
1558694601471 -357222
1558694602469 -358220
1558694605407 -361158
1558694608141 -406963
1558694609125 -407947
1558694612107 -410928
1558694613060 -411881
1558694615225 -370974
1558694621107 -376856
1558694622088 -377836
1558694628815 -384562
1558694629785 -385532
1558694635519 -383683
1558694638647 -345639
1558694646180 -394343
1558694646519 -353510
1558694648142 -396304
1558694649126 -397288
1558694649128 -397290
1558694652237 -359227
1558694659942 -408103
1558694659943 -408104
1558694667977 -374965
1558694670918 -377906
1558694675665 -382651
1558694678515 -396956
1558694679465 -397906
1558694681420 -399861
1558694682628 -367014
1558694683526 -367912
1558694686472 -370857
1558694690404 -374789
1558694693122 -411561
1558694695080 -413519
1558694705840 -424278
1558694705841 -424278
1558694706956 -391339
1558694710758 -429195
1558694720757 -352412
1558694726755 -400383
1558694730567 -362221
1558694730567 -362221
1558694732413 -364067
1558694733251 -406878
1558694734312 -365966
1558694735186 -408813
1558694735303 -366957
1558694736985 -410612
1558694739937 -413563
1558694744854 -418480
1558694745935 -377587
1558694751833 -383485
1558694751837 -383488
1558694752730 -426355
1558694752824 -384475
1558694753796 -385447
1558694763627 -342594
1558694776243 -355208
1558694777225 -356190
1558694780174 -359139
1558694782136 -361101
1558694790983 -369947
1558694791963 -370926
1558694792783 -371746
