1558693132978 -2740
1558693133527 -724
1558693134966 -4728
1558693136600 -3797
1558693138124 -12646
1558693139338 -15945
1558693139372 -15979
1558693139476 -6673
1558693142053 -16575
1558693143178 -19784
1558693143288 -10485
1558693143288 -10485
1558693143593 -5715
1558693145105 -21711
1558693145612 -7733
1558693146854 -21376
1558693147173 -14370
1558693148879 -25358
1558693150081 -17278
1558693152541 -27063
1558693153786 -29734
1558693156397 -30919
1558693158672 -34620
1558693160573 -36521
1558693164900 -27020
1558693169790 -31909
1558693169790 -31909
1558693172940 -48887
1558693175675 -37794
1558693176113 -43309
1558693179625 -55572
1558693180535 -51034
1558693180536 -51035
1558693182476 -52975
1558693182797 -49980
1558693183430 -53929
1558693185282 -47376
1558693186831 -54013
1558693192486 -68433
1558693198087 -60180
1558693200691 -76372
1558693203698 -65790
1558693204583 -80264
1558693205695 -67787
1558693205973 -73155
1558693220313 -82404
1558693220488 -87670
1558693221467 -88643
1558693221800 -97481
1558693223731 -99412
1558693225682 -101363
1558693227181 -89774
1558693227595 -103275
1558693228873 -96226
1558693230846 -98199
1558693232419 -108099
1558693232863 -93565
1558693234357 -110037
1558693234833 -95535
1558693236279 -111959
1558693237238 -112918
1558693237754 -98456
1558693242533 -109886
1558693243391 -110744
1558693247759 -121099
1558693249315 -110016
1558693249703 -123043
1558693250182 -117535
1558693251159 -118512
1558693252153 -119506
1558693252248 -112949
1558693252248 -112949
1558693252616 -125956
1558693253593 -126933
1558693254108 -121461
1558693256156 -116857
1558693256339 -118929
1558693257036 -122364
1558693258975 -124303
1558693258975 -124303
1558693259954 -125282
1558693262890 -128218
1558693266913 -127614
1558693268588 -133916
1558693268869 -129570
1558693271802 -132465
1558693275790 -149129
1558693279702 -141519
1558693282633 -144450
1558693283259 -148543
1558693283604 -145421
1558693284569 -157908
1558693287301 -152585
1558693290126 -155410
1558693294862 -160146
1558693294882 -158080
1558693296325 -158141
1558693297760 -160958
1558693297878 -157556
1558693297985 -170580
1558693301010 -162826
1558693301810 -161488
1558693304597 -167795
1558693306729 -179324
1558693308652 -168330
1558693309483 -172680
1558693309813 -171628
1558693311459 -174656
1558693311572 -171250
1558693311763 -173578
1558693312420 -175617
1558693316274 -188869
1558693318226 -190821
1558693318428 -178106
1558693320533 -181452
1558693323141 -182819
1558693323979 -187175
1558693323986 -187182
1558693324132 -183810
1558693324312 -185231
1558693325283 -186202
1558693325993 -198588
1558693326091 -185769
1558693326091 -185769
1558693328216 -189135
1558693333734 -196930
1558693335070 -195988
1558693336829 -196504
1558693338459 -201655
1558693338789 -198464
1558693340438 -203634
1558693342389 -205584
1558693342690 -202365
1558693346466 -206141
1558693346694 -207611
1558693347199 -219712
1558693348245 -211435
1558693350147 -222660
1558693354112 -217302
1558693354480 -215396
1558693357724 -230237
1558693360951 -223417
1558693361105 -220759
1558693363729 -226194
1558693363729 -226194
1558693364029 -223683
1558693365994 -225648
1558693366173 -227089
1558693367618 -230083
1558693371537 -234002
1558693372524 -234989
1558693374471 -236936
1558693375613 -235267
1558693377173 -246595
1558693377397 -239862
1558693378379 -240844
1558693382837 -252259
1558693383621 -244156
1558693386347 -245916
1558693387323 -246892
1558693388299 -247868
1558693389479 -250013
1558693390607 -260028
1558693390607 -260028
1558693392050 -251619
1558693395815 -258280
1558693395821 -258286
1558693396174 -255490
1558693396782 -259247
1558693397916 -257485
1558693401062 -260378
1558693403249 -272670
1558693404007 -263323
1558693404603 -254940
1558693406962 -252056
1558693409705 -269273
1558693409899 -279320
1558693410875 -280296
1558693411844 -256937
1558693413763 -282508
1558693416682 -285427
1558693417317 -276885
1558693423539 -278481
1558693424404 -269495
1558693425138 -284706
1558693425425 -280367
1558693426312 -257004
1558693426399 -281341
1558693429037 -288605
1558693429166 -284107
1558693431105 -286046
1558693436948 -296265
1558693437041 -291981
1558693437931 -297248
1558693438144 -268835
1558693439079 -269770
1558693440002 -270693
1558693458207 -317524
1558693461065 -297614
1558693461147 -320464
1558693462041 -298590
1558693466887 -303435
1558693467815 -307569
1558693467859 -304407
1558693469767 -309521
1558693472717 -309264
1558693479545 -319297
1558693480328 -316873
1558693489160 -328911
1558693493933 -330476
1558693495874 -332417
1558693499599 -336141
1558693513797 -2630
1558693514077 -5
1558693514077 -5
1558693519871 -3498
1558693524797 -8399
1558693526737 -10364
1558693528668 -12295
1558693529666 -13268
1558693530332 -19164
1558693530622 -14249
1558693532621 -16223
1558693534150 -20076
1558693535040 -23871
1558693535040 -23871
1558693540849 -26774
1558693541238 -24863
1558693541841 -27766
1558693545704 -34535
1558693548640 -37434
1558693553527 -38139
1558693553951 -37551
1558693555885 -39510
1558693556865 -40490
1558693557844 -41469
1558693558829 -42428
1558693559390 -44002
1558693562729 -46354
1558693562740 -36825
1558693563130 -47742
1558693566488 -40573
1558693569970 -54582
1558693572906 -57518
1558693573736 -59912
1558693574711 -60886
1558693575279 -49181
1558693575845 -60457
1558693576255 -50157
1558693579568 -65743
1558693581721 -66260
1558693582130 -56214
1558693583100 -57002
1558693585054 -58956
1558693588879 -62781
1558693589167 -75341
1558693590378 -65499
1558693590822 -64724
1558693591084 -77258
1558693591784 -65686
1558693592352 -67473
1558693592749 -66832
1558693595681 -69583
1558693596694 -70777
1558693596937 -83111
1558693598177 -73298
1558693600171 -75292
1558693602725 -88898
1558693603060 -78179
1558693603474 -77556
1558693607417 -93590
1558693609339 -83240
1558693609363 -95105
1558693609364 -95106
1558693610721 -85840
1558693611305 -97047
1558693612107 -85969
1558693618107 -103849
1558693621994 -107736
1558693622874 -94270
1558693624815 -98676
1558693624815 -98676
1558693627831 -113572
1558693627831 -113572
1558693635491 -121231
1558693639331 -125071
1558693640301 -114162
1558693642249 -113644
1558693642249 -113644
1558693643255 -114650
1558693645191 -119052
1558693651592 -124636
1558693656916 -128310
1558693660206 -133250
1558693663596 -133449
1558693664438 -145201
1558693670276 -151039
1558693670456 -141900
1558693670978 -144022
1558693672397 -142249
1558693674369 -145813
1558693677283 -147135
1558693679259 -150703
1558693682609 -155652
1558693683024 -154467
1558693684504 -153130
1558693684956 -156399
1558693686663 -167424
1558693687894 -159337
1558693688410 -157035
1558693689401 -158026
1558693690524 -171285
1558693690828 -162271
1558693691506 -172267
1558693691803 -163246
1558693692314 -160939
1558693692461 -173222
1558693696696 -168138
1558693697184 -165809
1558693698203 -166828
1558693701580 -173022
1558693703537 -174979
1558693703965 -183660
1558693704514 -175956
1558693704515 -175957
1558693705492 -176934
1558693708778 -177402
1558693709733 -178357
1558693711195 -182636
1558693714645 -183268
1558693716606 -185229
1558693717547 -186170
1558693719005 -188853
1558693719515 -199210
1558693720490 -200185
1558693722929 -192735
1558693728097 -207792
1558693732525 -201818
1558693735494 -205300
1558693736453 -206259
1558693738431 -207724
1558693738446 -208251
1558693743303 -213108
1558693747187 -216479
1558693752248 -229344
1558693755821 -225112
1558693760715 -230006
1558693760736 -230541
1558693762218 -230726
1558693763639 -232930
1558693763640 -232931
1558693765191 -233699
1558693772486 -249581
1558693773422 -242712
1558693773450 -243253
1558693780103 -247690
1558693781108 -250911
1558693781573 -249407
1558693782059 -249646
1558693783070 -252873
1558693784014 -251601
1558693784015 -251602
1558693785993 -255796
1558693790944 -268039
1558693792344 -260178
1558693792886 -269981
1558693793883 -270978
1558693794691 -271786
1558693794814 -262401
1558693795704 -272799
1558693798228 -266062
1558693799060 -266894
1558693800789 -270592
1558693801619 -271422
1558693802573 -270160
1558693803988 -267546
1558693805383 -272970
1558693807920 -271477
1558693808419 -284977
1558693808419 -276005
1558693808878 -272435
1558693810808 -274365
1558693812745 -276301
1558693813207 -289765
1558693813274 -282595
1558693813693 -277249
1558693813693 -277249
1558693815141 -291699
1558693817115 -284701
1558693821030 -288616
1558693824827 -292413
1558693824827 -294148
1558693825255 -278546
1558693826583 -303140
1558693827719 -280593
1558693828140 -281430
1558693828519 -305076
1558693828694 -281568
1558693829121 -282411
1558693831086 -284376
1558693834605 -287478
1558693837933 -281830
1558693839445 -267091
1558693841823 -285720
1558693841825 -285722
1558693843926 -308728
1558693843926 -308728
1558693846310 -273955
1558693847583 -291479
1558693848225 -315360
1558693848781 -313582
1558693849035 -316170
1558693849037 -316172
1558693849735 -314536
1558693851467 -295362
1558693852440 -296335
1558693856872 -300839
1558693858846 -286388
1558693861792 -289333
1558693862239 -291636
1558693864133 -293529
1558693867085 -331883
1558693870656 -287219
1558693872915 -300888
1558693872922 -300895
1558693874348 -290911
1558693875309 -291872
1558693881600 -297035
1558693882149 -281604
1558693884501 -299935
1558693886059 -285514
1558693887436 -302870
1558693890915 -318394
1558693891905 -319384
1558693893896 -293350
1558693894876 -294329
1558693896066 -324036
1558693897592 -325070
1558693898004 -325974
1558693903109 -331078
1558693903830 -287813
1558693904735 -288718
1558693907622 -335099
1558693908231 -336199
1558693908714 -292697
1558693908999 -336476
1558693908999 -336967
1558693913369 -297266
1558693913821 -272996
1558693914508 -342475
1558693914814 -273989
1558693919412 -278586
1558693920914 -319090
1558693921918 -320094
1558693923859 -322035
1558693927187 -286360
1558693931168 -290341
1558693931860 -321513
1558693935739 -325391
1558693935983 -295155
1558693936547 -334719
1558693936569 -326221
1558693937549 -327201
1558693938521 -328173
1558693941412 -331063
1558693941446 -303060
1558693942415 -304029
1558693943350 -333001
1558693944602 -303773
1558693945297 -334948
1558693945582 -304752
1558693947133 -308746
1558693947165 -300882
1558693950098 -303815
1558693952059 -286449
1558693953015 -314628
1558693953077 -342726
1558693954999 -289388
1558693958882 -320494
1558693958908 -293297
1558693960232 -298026
1558693960700 -350346
1558693962197 -299991
1558693964966 -302759
1558693972801 -310593
1558693974380 -293989
1558693976226 -327149
1558693977681 -315473
1558693978668 -303788
1558693980217 -326197
1558693980248 -299856
1558693982057 -332979
1558693983887 -334809
1558693985784 -336706
1558693987067 -333046
1558693990672 -341593
1558693991675 -342596
1558693991832 -287316
1558693993775 -289259
1558694002901 -299806
1558694005227 -356145
1558694006811 -303716
1558694007984 -315331
1558694011385 -306845
1558694014804 -322150
1558694015764 -323110
1558694016417 -313320
1558694017045 -334197
1558694018024 -335176
1558694019036 -284537
1558694019996 -337147
1558694024284 -295122
1558694025506 -332850
1558694025884 -291384
1558694026444 -333788
1558694030127 -300964
1558694030359 -337703
1558694030810 -296310
1558694031179 -338522
1558694031787 -297287
1558694032078 -302915
1558694032706 -333751
1558694033730 -299227
1558694036770 -307606
1558694036980 -344323
1558694037638 -303134
1558694039422 -340466
1558694040885 -348227
1558694042380 -307875
1558694042865 -350207
1558694044327 -285545
1558694045571 -284366
1558694045726 -353067
1558694046210 -347252
1558694046553 -285348
1558694054389 -293182
1558694060933 -302148
1558694062718 -303933
1558694067613 -286506
1558694069518 -341662
1558694069518 -341662
1558694072503 -344646
1558694072805 -351043
1558694073764 -352002
1558694076388 -348531
1558694077632 -355869
1558694079613 -288284
1558694082339 -360576
1558694082339 -360576
1558694084301 -362538
1558694089135 -367371
1558694089137 -367373
1558694089878 -328087
1558694089939 -286475
1558694090110 -368345
1558694091175 -299844
1558694092154 -300823
1558694092817 -331026
1558694094971 -309813
1558694101673 -298207
1558694102666 -299200
1558694105518 -320358
1558694108707 -279037
1558694110024 -289468
1558694114587 -294030
1558694116164 -286493
1558694118125 -332963
1558694122970 -338903
1558694123974 -294302
1558694125897 -341830
1558694128827 -344760
1558694129805 -345738
1558694130612 -345448
1558694130785 -346717
1558694131078 -310511
1558694133846 -313278
1558694138399 -353232
1558694141398 -326632
1558694142343 -327577
1558694144203 -303048
1558694145574 -300786
1558694146300 -291359
1558694148266 -293325
1558694150192 -335424
1558694150878 -309723
1558694151185 -336417
1558694151441 -306652
1558694156261 -341493
1558694157939 -343171
1558694160094 -315304
1558694165691 -288430
1558694171574 -294312
1558694174451 -337688
1558694177385 -340622
1558694178641 -310532
1558694180359 -276799
1558694181420 -313311
1558694182132 -345368
1558694184062 -347298
1558694184358 -283384
1558694185039 -348275
1558694187006 -350241
1558694189966 -353201
1558694192510 -351346
1558694192931 -289369
1558694194411 -353246
1558694194813 -331878
1558694197898 -294142
1558694198095 -297119
1558694198849 -295093
1558694199876 -296119
1558694200791 -337855
1558694203832 -302855
1558694206054 -313879
1558694207456 -344519
1558694208886 -316710
1558694209380 -346443
1558694209450 -281674
1558694212315 -284539
1558694213244 -350306
1558694214509 -313531
1558694214509 -313531
1558694219636 -291830
1558694222442 -294636
1558694228064 -296962
1558694232625 -313521
1558694232968 -340788
1558694233678 -284559
1558694234950 -303848
1558694236949 -344769
1558694237718 -288598
1558694237961 -345781
1558694238875 -346695
1558694239687 -290470
1558694240500 -321395
1558694240834 -348654
1558694242515 -323409
1558694242845 -311741
1558694243494 -324388
1558694245614 -353433
1558694249804 -288591
1558694251484 -332132
1558694251484 -332132
1558694255241 -322360
1558694256146 -292311
1558694261107 -297271
1558694261811 -342457
1558694264733 -345378
1558694265228 -304012
1558694267781 -334898
1558694268029 -304192
1558694268739 -349382
1558694269038 -305201
1558694271652 -352294
1558694273951 -289762
1558694277270 -357910
1558694281764 -290586
1558694283373 -350488
1558694284128 -308791
1558694287455 -303264
1558694288648 -297469
1558694289236 -356349
1558694290028 -314689
1558694290210 -357323
1558694291017 -358130
1558694291393 -281971
1558694291592 -300412
1558694294932 -332181
1558694295528 -304348
1558694295914 -333163
1558694295914 -333163
1558694301075 -291651
1558694303037 -293613
1558694303727 -340975
1558694305693 -342941
1558694306982 -297558
1558694307173 -289784
1558694307571 -306004
1558694308623 -345870
1558694309159 -291770
1558694313469 -311901
1558694313515 -350762
1558694314491 -351737
1558694316318 -353564
1558694316328 -353574
1558694322328 -320759
1558694322754 -305363
1558694323124 -360369
1558694326065 -363310
1558694328472 -291828
1558694328472 -291828
1558694331602 -314209
1558694333383 -296621
1558694334949 -303183
1558694335515 -318121
1558694335516 -318121
1558694338612 -309205
1558694339278 -302515
1558694339446 -291926
1558694339870 -308104
1558694347150 -285249
1558694347150 -299628
1558694350361 -320953
1558694352311 -322903
1558694352496 -320728
1558694352897 -290995
1558694353048 -305525
1558694353880 -291977
1558694354856 -292953
1558694354858 -292955
1558694355016 -307493
1558694355016 -307493
1558694360808 -298905
1558694362890 -333480
1558694364865 -335455
1558694365839 -318315
1558694367644 -284385
1558694367804 -290145
1558694369643 -286384
1558694371588 -293929
1558694374656 -345244
1558694374976 -317001
1558694378900 -320924
1558694379523 -350110
1558694383817 -325840
1558694384203 -282543
1558694384351 -306690
1558694386161 -284501
1558694386316 -308655
1558694386783 -328805
1558694390703 -332725
1558694391086 -289425
1558694393057 -315417
1558694394992 -317330
1558694396012 -318372
1558694396035 -294373
1558694396035 -318372
1558694398405 -323359
1558694399393 -324347
1558694400811 -299148
1558694400920 -290269
1558694403796 -326155
1558694404852 -294200
1558694407286 -332239
1558694410493 -332851
1558694414190 -339142
1558694415537 -337894
1558694416520 -338877
1558694418456 -340813
1558694420104 -321212
1558694421264 -295332
1558694422356 -311702
1558694423223 -297291
1558694425171 -347526
1558694425304 -314650
1558694429723 -330830
1558694433050 -307098
1558694433788 -310758
1558694434035 -308083
1558694436138 -295445
1558694439939 -293597
1558694440922 -294580
1558694442513 -343619
1558694444803 -304109
1558694445302 -346407
1558694446286 -347391
1558694451373 -328340
1558694454156 -335963
1558694454532 -308188
1558694456499 -310155
1558694458052 -335018
1558694462513 -296509
1558694465380 -297685
1558694465380 -297685
1558694466283 -300279
1558694470141 -280150
1558694470211 -304206
1558694473066 -283075
1558694479041 -313035
1558694481365 -358322
1558694482901 -292906
1558694483323 -316671
1558694484297 -317645
1558694484486 -328536
1558694487883 -291791
1558694491768 -301383
1558694495050 -328396
1558694495577 -299484
1558694496128 -340177
1558694496131 -340180
1558694497111 -341160
1558694497115 -341164
1558694497571 -301477
1558694500934 -334280
1558694501910 -335256
1558694503018 -347066
1558694503876 -337221
1558694504838 -338183
1558694506396 -310301
1558694506397 -310302
1558694508590 -341935
1558694509295 -293015
1558694510396 -314301
1558694513302 -317206
1558694516073 -289861
1558694516999 -300718
1558694517001 -300720
1558694519014 -292800
1558694523889 -285273
1558694524914 -298698
1558694525922 -287306
1558694529149 -313427
1558694529708 -350338
1558694532087 -305868
1558694533076 -306857
1558694533894 -295277
1558694538260 -336533
1558694539268 -337540
1558694542422 -303800
1558694542646 -326922
1558694544000 -342272
1558694544004 -342276
1558694544391 -305768
1558694546940 -345211
1558694547924 -346195
1558694548332 -309709
1558694553246 -289230
1558694555232 -291216
1558694556204 -292187
1558694563017 -306646
1558694564101 -300084
1558694564949 -300931
1558694567482 -314477
1558694571785 -315412
1558694571812 -356083
1558694573756 -285314
1558694575303 -322296
1558694576541 -311588
1558694577696 -289254
1558694578673 -290230
1558694581215 -328206
1558694584587 -297907
1558694586128 -333118
1558694587300 -322345
1558694588339 -301659
1558694589308 -302628
1558694590303 -301859
1558694591270 -304590
1558694594145 -329189
1558694595228 -282353
1558694600832 -335875
1558694604655 -330892
1558694605709 -340752
1558694606621 -332858
1558694607970 -288021
1558694610597 -345639
1558694611615 -346657
1558694616297 -342532
1558694616305 -342540
1558694618264 -314617
1558694620378 -355417
1558694620579 -300628
1558694623182 -319534
1558694624158 -359196
1558694627057 -305886
1558694632384 -312431
1558694633209 -313256
1558694634192 -314239
1558694634893 -313721
1558694636203 -294790
1558694639129 -292920
1558694639169 -297756
1558694643038 -296828
1558694644079 -284300
1558694644079 -284300
1558694649986 -290207
1558694650364 -329190
1558694653847 -307636
1558694655252 -334077
1558694655484 -330615
1558694655808 -309596
1558694660558 -314346
1558694664068 -342892
1558694667117 -342246
1558694668102 -343230
1558694668426 -300439
1558694670430 -302442
1558694670899 -349720
1558694674409 -289230
1558694676290 -308302
1558694677278 -309289
1558694682521 -361300
1558694688021 -280370
1558694688600 -343763
1558694689008 -281357
1558694689890 -307432
1558694691860 -309402
1558694692890 -310432
1558694693016 -285363
1558694693640 -348803
1558694693882 -311423
1558694694245 -318639
1558694702369 -306743
1558694705775 -330167
1558694707729 -332121
1558694708116 -312489
1558694708706 -333098
1558694709091 -313464
1558694714000 -318372
1558694714302 -307436
1558694715418 -284333
1558694717500 -341891
1558694718235 -311369
1558694723487 -316620
1558694725475 -292266
1558694726419 -293209
1558694726419 -295205
1558694727362 -294152
1558694727973 -332343
1558694729899 -334269
1558694731240 -300025
1558694732050 -300835
1558694739427 -313638
1558694743627 -310415
1558694747282 -321490
1558694747487 -340811
1558694748546 -315334
1558694748687 -293124
1558694748689 -293126
1558694749468 -342791
1558694750515 -294858
1558694753619 -298055
1558694762148 -306489
1558694764818 -310664
1558694772133 -301973
1558694773114 -302954
1558694775081 -304921
1558694776622 -322466
1558694777046 -306886
1558694785576 -299618
1558694790493 -304534
1558694791645 -283333
1558694792457 -306498
1558694799334 -313374
1558694801137 -315177
1558694802121 -316160
1558694806058 -289990
1558694812136 -281255
1558694813117 -282236
1558694815086 -284205
1558694816069 -285188
1558694819828 -303759
1558694820811 -304741
1558694821795 -305725
1558694827531 -311461
