1558693130527 -3010
1558693137336 -9818
1558693138336 -10818
1558693139338 -11820
1558693147049 -19531
1558693160571 -33053
1558693165374 -37856
1558693173940 -44866
1558693173963 -44889
1558693174898 -45824
1558693192722 -63647
1558693200949 -71871
1558693206836 -77758
1558693222170 -88806
1558693225066 -91702
1558693226077 -92713
1558693226089 -92725
1558693229987 -96623
1558693243488 -110122
1558693254243 -120876
1558693260109 -126742
1558693271673 -137418
1558693273631 -139376
1558693279519 -145264
1558693283419 -149164
1558693283419 -149164
1558693305735 -168743
1558693346540 -209103
1558693354322 -216885
1558693361156 -223719
1558693366850 -229412
1558693370758 -233320
1558693372725 -235287
1558693373701 -236263
1558693377615 -240177
1558693395048 -257086
1558693406813 -268851
1558693411553 -273591
1558693438793 -274462
1558693451419 -287087
1558693452399 -288067
1558693457149 -292816
1558693462005 -297671
1558693462986 -298652
1558693513279 -11
1558693517999 -4731
1558693521927 -8659
1558693524847 -11579
1558693525825 -12557
1558693530711 -17442
1558693534637 -21368
1558693552060 -38790
1558693559879 -46576
1558693560691 -47388
1558693573405 -60102
1558693577320 -64017
1558693578294 -61597
1558693583995 -67298
1558693587991 -71294
1558693596760 -80062
1558693611211 -94512
1558693612190 -95491
1558693620991 -104291
1558693623921 -107221
1558693632558 -109087
1558693635522 -112051
1558693643323 -119851
1558693649178 -125705
1558693650157 -126684
1558693651135 -127662
1558693658797 -135324
1558693670528 -147055
1558693677386 -153912
1558693680181 -151539
1558693682174 -153532
1558693683079 -154437
1558693690899 -162256
1558693715173 -186501
1558693721040 -192367
1558693734561 -205887
1558693740429 -211754
1558693751022 -222347
1558693754934 -224098
1558693787040 -256204
1558693802609 -271772
1558693804538 -273701
1558693807499 -276662
1558693811373 -280536
1558693818229 -282531
1558693825834 -290135
1558693825837 -290138
1558693828757 -293058
1558693851090 -305670
1558693855977 -296927
1558693870524 -311473
1558693874395 -296077
1558693875368 -297050
1558693886126 -307806
1558693891024 -312704
1558693895743 -286485
1558693902733 -293473
1558693904848 -295587
1558693914474 -305209
1558693915398 -306132
1558693924920 -288454
1558693940564 -304096
1558693944316 -307848
1558693953114 -291341
1558693961926 -300152
1558693966635 -304860
1558693967616 -305841
1558693970551 -308776
1558693971532 -309756
1558693975448 -313672
1558693979364 -296750
1558693982300 -299686
1558693985227 -302612
1558693987180 -304565
1558693988159 -305544
1558693992874 -310258
1558693998744 -316128
1558694014213 -299036
1558694031844 -316664
1558694044373 -299032
1558694049247 -303905
1558694063760 -288448
1558694080384 -305070
1558694084166 -308852
1558694089998 -314683
1558694092934 -292293
1558694097818 -297176
1558694098794 -298152
1558694113524 -312880
1558694114458 -313814
1558694121117 -286479
1558694128940 -294301
1558694138557 -303917
1558694141509 -306868
1558694143447 -308806
1558694143449 -308808
1558694150287 -315645
1558694151277 -316635
1558694151282 -316640
1558694161858 -301864
1558694172631 -312636
1558694173609 -313614
1558694181255 -295085
1558694197950 -311778
1558694200928 -314755
1558694211432 -296112
1558694215474 -300153
1558694221516 -306195
1558694225216 -309894
1558694228870 -313548
1558694229883 -314560
1558694233719 -288432
1558694236779 -291491
1558694245611 -300322
1558694246671 -301382
1558694255193 -309903
1558694271969 -296527
1558694272934 -297492
1558694275645 -300203
1558694276635 -301193
1558694295322 -285830
1558694299089 -289597
1558694301054 -291561
1558694316805 -307310
1558694324500 -315004
1558694329453 -293683
1558694331405 -295635
1558694338277 -302506
1558694341220 -305449
1558694345998 -310226
1558694350909 -315137
1558694367617 -301896
1558694379255 -313532
1558694386141 -290279
1558694386142 -290280
1558694390077 -294215
1558694393057 -297194
1558694398770 -302906
1558694408621 -312756
1558694409615 -313750
1558694427148 -310795
1558694429101 -312748
1558694434017 -317663
1558694451563 -316776
1558694453529 -286780
1558694461405 -294655
1558694461405 -294655
1558694463384 -296633
1558694471075 -304323
1558694479936 -313183
1558694486825 -320071
1558694486825 -320071
1558694487798 -290874
1558694491609 -294685
1558694510331 -313404
1558694517975 -294702
1558694531099 -307824
1558694533860 -310584
1558694551255 -302737
1558694561147 -312628
1558694563912 -315392
1558694565891 -317371
1558694568825 -286302
1558694572727 -290203
1558694573725 -291201
1558694576663 -294139
1558694602084 -293122
1558694603072 -294109
1558694606016 -297052
1558694610772 -301806
1558694629469 -291197
1558694629469 -291197
1558694631436 -293164
1558694637170 -298897
1558694645043 -306769
1558694663567 -294965
1558694682182 -313577
1558694687997 -289229
1558694699807 -301037
1558694708494 -309723
1558694709478 -310707
1558694711448 -312676
1558694726532 -304261
1558694729168 -306897
1558694731071 -308800
1558694734904 -312632
1558694735914 -313642
1558694758349 -313650
1558694770153 -302957
1558694771137 -303941
1558694774090 -306893
1558694781799 -314601
1558694782785 -315586
1558694787703 -291205
1558694789669 -293171
