1558693135531 -1690
1558693135531 -1690
1558693136582 -2741
1558693138449 -4608
1558693139409 -5568
1558693140673 -6832
1558693147146 -13304
1558693157728 -23869
1558693180845 -46984
1558693203978 -70116
1558693213683 -76907
1558693222402 -85626
1558693239723 -102947
1558693269769 -131379
1558693283305 -144913
1558693283305 -144913
1558693289169 -150776
1558693297971 -159578
1558693318350 -179957
1558693327942 -189014
1558693327942 -189014
1558693335770 -196841
1558693339695 -200766
1558693345559 -206630
1558693347350 -208421
1558693351309 -212380
1558693351309 -212380
1558693375518 -236588
1558693385285 -246354
1558693393119 -254188
1558693402708 -263777
1558693403701 -264770
1558693409589 -270658
1558693411541 -272610
1558693418189 -278609
1558693420167 -280587
1558693425029 -280391
1558693426008 -281370
1558693446364 -288496
1558693462974 -305104
1558693534643 -12194
1558693544412 -21963
1558693545395 -22946
1558693549135 -26686
1558693558921 -36472
1558693566735 -44000
1558693576345 -53609
1558693584169 -61433
1558693589084 -66348
1558693594760 -72024
1558693596747 -74011
1558693631737 -108972
1558693636633 -113867
1558693649166 -126400
1558693656010 -133244
1558693668555 -145789
1558693679317 -150087
1558693690869 -161638
1558693695752 -166521
1558693700650 -171418
1558693702605 -173373
1558693705548 -176316
1558693706520 -177288
1558693707494 -178262
1558693709463 -180231
1558693710427 -181195
1558693731766 -202532
1558693734720 -205486
1558693742351 -213082
1558693758004 -228734
1558693759952 -230682
1558693760763 -231493
1558693767606 -238336
1558693768584 -239314
1558693771538 -242268
1558693773493 -244223
1558693780337 -251067
1558693790909 -261638
1558693794881 -265610
1558693797790 -268519
1558693811348 -275724
1558693813284 -277660
1558693816185 -280560
1558693819129 -283503
1558693821106 -285480
1558693827892 -275506
1558693837502 -285115
1558693842400 -290012
1558693842400 -290012
1558693844372 -291984
1558693845339 -292951
1558693847316 -294928
1558693848287 -282511
1558693854120 -288343
1558693860799 -281481
1558693867678 -288359
1558693868753 -289434
1558693886049 -291455
1558693887031 -292437
1558693906957 -294578
1558693907836 -295457
1558693909859 -297479
1558693916188 -303807
1558693950220 -312575
1558693952022 -301878
1558693959852 -309706
1558693974342 -308674
1558693994862 -306720
1558693997792 -309650
1558694003488 -315345
1558694005448 -317305
1558694006439 -318295
1558694020097 -331952
1558694022879 -300849
1558694035583 -313551
1558694037531 -315499
1558694037534 -315502
1558694040474 -318442
1558694042434 -320401
1558694043400 -321367
1558694051053 -305765
1558694073371 -327951
1558694075320 -301798
1558694080222 -306700
1558694086062 -312539
1558694091928 -318404
1558694099588 -326063
1558694109586 -312748
1558694110793 -313955
1558694113607 -316769
1558694113681 -316843
1558694118972 -322133
1558694128748 -307646
1558694148143 -299883
1558694154240 -305979
1558694157142 -308880
1558694158954 -310692
1558694171442 -322892
1558694209442 -316518
1558694212183 -319258
1558694225052 -303986
1558694231715 -310648
1558694236505 -315438
1558694260702 -313363
1558694263636 -316296
1558694268597 -321257
1558694269585 -322245
1558694285061 -317365
1558694288013 -320317
1558694290965 -323268
1558694298838 -331140
1558694306717 -313554
1558694314405 -321241
1558694324245 -305083
1558694333907 -314744
1558694334890 -315727
1558694338824 -319660
1558694345719 -326554
1558694374089 -303630
1558694382741 -312281
1558694412080 -315423
1558694413061 -316404
1558694422892 -326170
1558694436503 -311660
1558694446328 -291282
1558694466853 -311804
1558694485329 -330143
1558694491250 -314884
1558694496153 -319786
1558694498929 -300231
1558694499911 -301213
1558694501882 -303184
1558694505814 -307115
1558694517611 -318911
1558694519578 -320878
1558694533318 -310132
1558694538105 -314919
1558694541050 -317863
1558694556642 -317149
1558694557615 -318122
1558694569414 -329916
1558694572188 -304586
1558694575142 -307539
1558694582072 -314468
1558694589888 -322282
1558694601550 -310584
1558694603502 -312536
1558694607428 -316461
1558694612376 -321399
1558694622006 -306557
1558694623996 -308547
1558694629872 -314422
1558694632838 -317388
1558694644460 -313273
1558694645446 -314259
1558694655281 -324093
1558694671826 -319421
1558694682670 -330264
1558694682670 -330264
1558694688543 -310404
1558694696266 -318125
1558694703126 -324984
1558694705092 -326950
1558694706078 -303636
1558694710009 -307567
1558694711978 -309536
1558694718719 -316276
1558694723925 -321481
1558694729733 -327288
1558694745085 -322109
1558694747059 -294020
1558694754922 -301882
1558694754922 -301882
1558694757871 -304831
1558694768529 -315487
1558694770497 -317455
1558694772467 -319425
1558694788035 -310571
1558694794919 -317453
1558694799836 -322114
1558694809662 -310735
1558694811465 -312538
