1558693125672 -1344
1558693130044 -6436
1558693130060 -6452
1558693130995 -6667
1558693131932 -7604
1558693132287 -25
1558693132506 -8497
1558693134901 -11292
1558693137403 -13391
1558693137855 -13527
1558693138626 -3720
1558693141547 -6641
1558693143287 -19275
1558693144509 -20900
1558693149212 -14305
1558693149614 -17352
1558693153152 -18245
1558693153152 -18245
1558693154256 -29460
1558693154285 -29489
1558693155317 -23055
1558693156133 -31337
1558693158314 -26052
1558693159226 -34897
1558693159915 -35119
1558693160274 -28012
1558693160957 -36161
1558693161180 -36851
1558693163117 -30855
1558693163441 -38786
1558693164029 -39700
1558693164094 -31832
1558693164627 -29720
1558693164703 -39906
1558693166641 -41844
1558693167515 -32608
1558693169899 -45367
1558693169962 -37699
1558693172442 -37535
1558693173074 -48419
1558693173467 -38560
1558693174690 -50158
1558693174918 -42655
1558693177213 -41785
1558693177213 -41785
1558693179604 -47265
1558693180522 -55990
1558693181786 -57130
1558693182475 -57938
1558693183701 -59045
1558693186610 -62073
1558693187080 -62283
1558693188099 -63302
1558693189592 -57253
1558693190967 -55539
1558693191073 -55645
1558693191621 -59282
1558693191932 -56504
1558693192618 -60279
1558693192709 -60370
1558693193838 -69041
1558693195091 -70554
1558693197247 -64908
1558693200993 -76337
1558693201070 -68731
1558693203955 -77598
1558693207016 -71587
1558693207853 -81495
1558693208754 -76415
1558693209050 -83665
1558693209050 -83665
1558693211863 -76434
1558693212762 -86404
1558693216572 -84232
1558693216572 -84232
1558693216652 -90294
1558693217542 -85202
1558693218657 -83227
1558693219291 -94733
1558693221253 -96695
1558693221590 -82957
1558693223330 -96963
1558693224167 -99609
1558693224532 -85899
1558693227121 -102563
1558693227147 -92228
1558693228439 -89806
1558693228443 -89810
1558693231108 -96189
1558693232128 -105761
1558693232183 -93532
1558693233157 -94506
1558693234134 -95483
1558693235905 -111347
1558693236093 -110707
1558693237067 -111681
1558693240791 -116233
1558693240794 -116236
1558693240919 -114550
1558693240953 -111920
1558693241769 -117211
1558693243584 -119026
1558693245841 -116808
1558693246491 -121933
1558693253344 -118423
1558693256272 -131712
1558693257257 -132697
1558693261167 -136607
1558693264288 -125637
1558693267180 -138147
1558693269957 -132600
1558693271090 -142057
1558693273833 -146843
1558693274016 -144983
1558693274016 -144983
1558693275668 -151107
1558693275668 -151107
1558693276666 -152105
1558693276786 -149796
1558693281732 -152698
1558693281753 -152719
1558693283704 -144984
1558693284636 -157645
1558693285739 -157690
1558693285838 -156799
1558693287710 -148990
1558693288376 -151019
1558693288571 -149850
1558693289301 -162309
1558693291359 -154002
1558693291545 -152823
1558693292265 -164214
1558693292536 -162853
1558693293510 -163827
1558693297981 -160624
1558693299268 -169585
1558693301948 -173897
1558693302062 -175069
1558693302141 -162345
1558693304860 -176808
1558693304997 -175313
1558693305029 -165233
1558693309875 -180191
1558693309895 -170099
1558693310855 -181157
1558693311714 -183662
1558693311833 -182135
1558693312686 -184634
1558693312812 -183114
1558693315782 -175986
1558693316501 -188501
1558693316534 -178938
1558693316715 -176919
1558693317410 -189358
1558693317527 -179931
1558693318385 -190333
1558693318660 -188961
1558693320403 -192402
1558693320439 -182843
1558693321416 -183820
1558693325231 -197178
1558693325357 -185561
1558693327136 -189539
1558693328275 -188479
1558693329177 -200473
1558693333139 -205138
1558693333229 -203530
1558693335140 -195343
1558693336114 -206415
1558693336888 -199290
1558693339844 -202246
1558693341953 -202156
1558693341959 -212260
1558693343719 -215718
1558693343749 -206151
1558693345534 -207936
1558693345691 -217690
1558693348669 -208871
1558693350603 -221897
1558693352569 -222870
1558693353339 -215739
1558693353490 -225485
1558693354509 -214710
1558693357535 -232575
1558693361221 -232514
1558693362313 -222419
1558693363084 -225484
1558693364054 -236049
1558693368965 -240959
1558693368971 -240965
1558693370839 -242131
1558693372801 -244093
1558693373670 -236070
1558693375623 -238023
1558693375730 -247022
1558693376818 -236924
1558693378559 -240959
1558693379729 -251723
1558693381711 -241816
1558693381725 -250103
1558693383432 -245831
1558693383432 -245831
1558693383559 -250774
1558693383564 -250779
1558693383663 -252041
1558693385603 -245708
1558693385624 -254002
1558693387360 -255752
1558693390235 -257449
1558693391456 -251561
1558693391474 -259851
1558693392450 -260827
1558693395119 -262333
1558693395217 -255322
1558693395221 -255326
1558693398156 -266533
1558693399089 -256839
1558693399133 -267510
1558693400987 -268200
1558693401047 -258797
1558693401098 -269475
1558693403047 -271424
1558693405001 -262750
1558693405061 -265166
1558693405097 -260587
1558693405936 -273149
1558693406980 -267085
1558693406980 -262470
1558693408822 -276035
1558693408902 -268505
1558693411649 -267829
1558693411703 -269451
1558693412816 -268305
1558693416726 -272215
1558693417323 -273502
1558693418304 -274483
1558693418508 -266576
1558693418508 -266576
1558693419286 -275465
1558693420484 -268552
1558693421448 -269515
1558693423476 -283066
1558693423476 -278964
1558693424178 -280328
1558693424416 -284006
1558693424416 -284006
1558693426097 -282247
1558693426292 -274359
1558693429227 -268549
1558693429227 -268549
1558693430251 -274093
1558693430998 -273492
1558693431137 -298349
1558693432003 -271325
1558693434328 -288949
1558693435021 -277514
1558693436000 -278493
1558693437139 -291759
1558693437933 -277254
1558693440016 -283856
1558693440789 -280109
1558693444750 -288590
1558693446617 -313383
1558693446677 -288608
1558693446677 -288608
1558693449499 -324538
1558693449643 -324682
1558693450171 -325210
1558693450562 -282217
1558693450692 -324173
1558693450726 -324207
1558693450817 -324298
1558693450841 -324322
1558693451377 -324858
1558693451397 -324878
1558693451652 -325133
1558693451857 -325338
1558693452123 -325604
1558693452743 -326223
1558693452872 -323093
1558693453532 -295462
1558693453660 -323880
1558693454086 -324306
1558693454247 -324467
1558693455274 -323597
1558693455384 -323707
1558693455408 -323731
1558693455409 -323732
1558693455414 -322180
1558693455476 -297406
1558693455498 -286761
1558693455614 -323937
1558693455701 -324024
1558693456036 -324358
1558693456391 -323157
1558693456502 -322647
1558693456544 -322689
1558693456610 -322755
1558693456714 -322859
1558693456744 -322889
1558693456845 -322989
1558693456871 -323015
1558693457013 -323157
1558693457202 -323346
1558693457215 -323359
1558693457551 -323694
1558693457727 -323870
1558693457951 -324093
1558693458703 -324845
1558693458813 -324339
1558693459165 -324691
1558693459263 -324788
1558693459399 -324924
1558693459719 -325244
1558693459909 -325434
1558693460222 -325747
1558693460420 -325651
1558693460530 -325761
1558693460752 -325983
1558693460883 -323313
1558693461116 -327882
1558693461165 -323594
1558693461191 -323620
1558693461263 -323692
1558693461364 -292626
1558693461647 -310465
1558693461698 -310516
1558693461843 -310660
1558693461922 -299131
1558693464690 -301898
1558693465030 -331796
1558693467064 -298325
1558693467618 -304825
1558693469998 -301259
1558693472852 -339618
1558693472852 -339618
1558693473881 -305371
1558693474806 -341572
1558693476422 -304657
1558693502996 -348459
1558693509263 -11
1558693509916 -61
1558693510809 -1557
1558693511791 -2539
1558693512613 -358075
1558693512764 -3512
1558693512883 -600
1558693513832 -1549
1558693514313 -4458
1558693515288 -5433
1558693515786 -3503
1558693516071 -6391
1558693518479 -363940
1558693519458 -364919
1558693522980 -13727
1558693523612 -11329
1558693524319 -3503
1558693524601 -12318
1558693524818 -15565
1558693525084 -15228
1558693525572 -13289
1558693525666 -15874
1558693526053 -16197
1558693528218 -7402
1558693529203 -8387
1558693529498 -17215
1558693531543 -21751
1558693533500 -23812
1558693535437 -25645
1558693535710 -25853
1558693539352 -29559
1558693541309 -31516
1558693543026 -30742
1558693543257 -33568
1558693543930 -34676
1558693545213 -35524
1558693546605 -25788
1558693546842 -37587
1558693549786 -40531
1558693552731 -43476
1558693553681 -44426
1558693555418 -34601
1558693556772 -45387
1558693557452 -48194
1558693557654 -45368
1558693558717 -47332
1558693559444 -47158
1558693560700 -50907
1558693561475 -49526
1558693562366 -50417
1558693562864 -51656
1558693565589 -55796
1558693566569 -56776
1558693567120 -42588
1558693570204 -57023
1558693570450 -59064
1558693573101 -61152
1558693573101 -61152
1558693573139 -59958
1558693573615 -62407
1558693575207 -65411
1558693575207 -65411
1558693575572 -64364
1558693576547 -65339
1558693577067 -63886
1558693577114 -65165
1558693577123 -65174
1558693577527 -66319
1558693578135 -68339
1558693579799 -67848
1558693580053 -68665
1558693580306 -69098
1558693580942 -68991
1558693580961 -67780
1558693582048 -72252
1558693582610 -58049
1558693584221 -73013
1558693584716 -71535
1558693584925 -72974
1558693585742 -72561
1558693587984 -78188
1558693591280 -66717
1558693591798 -77966
1558693591847 -82051
1558693593838 -81887
1558693594011 -82800
1558693595495 -82313
1558693597460 -84278
1558693597460 -84278
1558693597486 -85535
1558693598099 -73536
1558693598415 -85233
1558693600083 -75520
1558693601035 -76472
1558693601810 -90599
1558693603495 -89662
1558693605934 -81370
1558693606180 -93702
1558693607865 -83301
1558693609263 -97621
1558693610984 -97800
1558693612121 -98288
1558693612122 -98289
1558693612738 -88174
1558693615130 -103487
1558693615852 -103374
1558693616865 -104387
1558693617008 -103174
1558693618252 -107040
1558693621810 -110167
1558693622180 -110968
1558693623145 -111933
1558693623160 -111948
1558693625801 -111967
1558693626781 -112946
1558693627257 -98325
1558693628830 -116066
1558693629361 -116882
1558693630612 -118968
1558693633548 -121904
1558693634707 -121942
1558693636390 -122555
1558693637976 -109043
1558693638343 -124508
1558693640107 -124782
1558693643997 -131518
1558693644140 -132496
1558693644665 -115731
1558693644999 -129674
1558693645640 -116706
1558693646162 -125979
1558693646620 -117686
1558693647401 -134636
1558693648120 -127937
1558693649031 -137387
1558693649032 -137388
1558693649369 -136604
1558693649372 -136607
1558693652512 -123577
1558693654459 -125523
1558693654900 -143256
1558693655744 -143263
1558693656404 -127468
1558693656404 -127468
1558693656569 -141243
1558693656597 -144116
1558693657025 -144260
1558693658525 -146044
1558693658806 -147162
1558693658806 -147162
1558693660467 -147986
1558693662423 -147097
1558693663696 -152052
1558693664571 -144386
1558693665048 -136112
1558693665548 -145363
1558693666024 -136235
1558693666995 -137206
1558693668295 -152969
1558693668307 -155826
1558693668739 -155974
1558693669953 -140164
1558693673403 -160238
1558693673887 -144098
1558693675272 -162107
1558693676775 -146986
1558693677221 -164056
1558693677747 -147957
1558693680722 -150932
1558693680959 -165631
1558693682311 -169543
1558693688376 -158586
1558693688656 -173328
1558693689721 -177239
1558693690081 -177313
1558693691304 -161513
1558693691623 -176295
1558693692709 -179543
1558693693999 -181231
1558693695506 -180177
1558693695522 -179169
1558693699415 -184086
1558693701362 -186033
1558693702179 -186850
1558693702342 -178316
1558693703159 -187830
1558693704135 -188806
1558693704441 -191274
1558693706397 -193230
1558693708205 -184179
1558693708868 -179076
1558693709072 -193743
1558693711284 -198116
1558693712602 -182810
1558693714586 -184794
1558693719234 -206451
1558693719424 -189631
1558693720216 -206392
1558693722854 -207449
1558693724666 -209291
1558693724810 -209404
1558693727251 -196079
1558693729465 -214090
1558693730687 -215281
1558693731160 -199988
1558693732463 -208435
1558693735291 -219916
1558693736553 -221146
1558693737297 -221922
1558693740307 -224900
1558693742542 -228717
1558693743049 -226403
1558693743075 -227700
1558693743714 -212541
1558693744052 -228677
1558693745181 -229774
1558693747136 -231729
1558693748279 -234453
1558693748913 -221948
1558693748942 -233567
1558693748943 -233568
1558693750555 -219382
1558693750723 -234077
1558693751053 -235646
1558693752153 -238327
1558693752818 -225853
1558693753007 -237599
1558693753470 -222297
1558693753474 -222301
1558693753652 -237005
1558693754106 -240280
1558693754626 -237979
1558693755467 -224294
1558693755702 -239042
1558693756599 -241223
1558693756731 -229766
1558693757917 -242509
1558693758024 -244197
1558693758204 -227031
1558693760488 -243828
1558693760952 -247125
1558693761483 -246107
1558693767803 -253976
1558693768777 -254950
1558693773395 -254563
1558693774361 -255529
1558693774495 -260667
1558693775222 -258560
1558693775353 -256520
1558693775845 -243664
1558693776117 -249151
1558693778716 -246535
1558693779058 -252092
1558693779251 -260417
1558693780230 -261396
1558693780353 -266525
1558693780909 -264269
1558693781205 -262371
1558693783853 -261100
1558693785254 -269608
1558693786392 -254211
1558693787840 -260874
1558693788682 -265928
1558693788696 -272055
1558693790764 -263798
1558693790820 -271219
1558693791747 -264780
1558693791749 -262965
1558693792268 -260086
1558693792637 -275996
1558693792795 -273194
1558693793278 -261096
1558693794603 -277962
1558693795235 -263053
1558693795605 -278964
1558693796703 -277102
1558693798691 -279090
1558693799566 -270782
1558693799851 -284204
1558693800695 -281094
1558693800782 -285135
1558693801501 -272717
1558693802671 -283070
1558693804679 -289032
1558693806330 -277546
1558693806627 -290980
1558693807612 -291965
1558693809147 -292506
1558693810547 -294900
1558693812674 -280492
1558693814053 -291299
1558693815092 -286307
1558693815601 -283419
1558693817905 -301264
1558693819034 -296648
1558693819196 -296441
1558693819482 -287300
1558693821441 -284754
1558693822084 -306437
1558693822452 -285765
1558693822638 -305997
1558693822952 -300566
1558693823719 -294934
1558693825662 -296877
1558693825681 -296896
1558693826146 -303391
1558693828452 -311811
1558693830392 -307637
1558693830839 -315191
1558693831379 -308624
1558693831872 -316224
1558693833911 -318263
1558693834776 -319128
1558693835439 -312684
1558693837687 -322039
1558693839210 -322568
1558693839286 -297962
1558693839286 -297962
1558693839639 -323991
1558693840805 -304115
1558693841148 -318393
1558693842941 -320186
1558693846323 -330675
1558693846974 -305649
1558693847315 -331667
1558693848295 -332647
1558693849868 -308543
1558693850148 -327762
1558693852837 -295942
1558693853002 -330012
1558693853329 -291093
1558693856015 -333629
1558693856086 -322244
1558693856643 -318516
1558693856712 -299817
1558693857807 -335421
1558693859031 -325188
1558693859562 -336572
1558693859567 -336577
1558693860620 -303724
1558693861599 -304703
1558693861599 -304703
1558693861982 -328139
1558693862154 -299528
1558693862896 -339906
1558693864530 -307634
1558693864651 -342264
1558693866609 -344222
1558693867300 -310403
1558693867398 -329269
1558693868268 -330139
1558693869438 -346448
1558693869948 -346958
1558693870573 -348186
1558693874434 -343814
1558693876038 -337908
1558693876450 -342605
1558693876626 -301705
1558693878995 -340865
1558693879321 -348700
1558693881952 -291138
1558693882328 -348482
1558693883909 -293095
1558693884882 -294068
1558693885022 -354400
1558693885022 -354400
1558693886782 -348651
1558693886792 -338377
1558693887208 -353361
1558693888931 -358309
1558693890288 -300817
1558693890895 -360273
1558693890895 -360273
1558693891579 -300764
1558693893832 -363209
1558693896823 -321254
1558693897369 -347516
1558693897736 -367113
1558693897736 -367113
1558693900350 -350497
1558693900723 -370099
1558693900776 -325207
1558693903442 -353589
1558693904833 -374209
1558693905152 -301155
1558693905705 -375081
1558693905901 -330331
1558693907620 -316803
1558693910582 -379957
1558693912214 -273866
1558693912360 -381734
1558693912761 -308763
1558693912810 -308812
1558693916051 -367633
1558693916145 -367727
1558693916531 -292232
1558693916804 -278456
1558693918099 -354312
1558693920694 -370838
1558693920916 -348779
1558693922738 -350601
1558693922739 -350602
1558693923395 -299095
1558693925583 -287234
1558693930650 -366823
1558693932843 -357270
1558693933594 -369766
1558693934343 -384485
1558693935356 -363217
1558693939452 -375622
1558693942752 -318364
1558693942987 -325196
1558693943364 -379533
1558693945001 -372861
1558693946319 -382487
1558693949905 -377764
1558693953773 -315418
1558693956113 -383970
1558693956707 -295059
1558693956887 -393050
1558693957693 -385550
1558693957697 -385554
1558693957866 -394029
1558693959618 -341824
1558693959823 -395985
1558693960031 -330177
1558693960661 -388517
1558693963790 -333936
1558693963790 -333936
1558693964375 -302726
1558693965740 -335885
1558693966666 -368072
1558693968281 -306631
1558693969274 -307624
1558693970577 -371983
1558693972278 -355503
1558693974545 -344687
1558693976060 -358264
1558693976629 -310602
1558693977049 -315398
1558693979024 -361226
1558693980967 -286273
1558693981384 -351523
1558693981529 -315502
1558693983143 -384547
1558693985086 -386490
1558693986119 -356256
1558693987768 -370991
1558693992958 -317370
1558693995895 -320306
1558693996451 -326201
1558693996828 -398229
1558693998368 -328117
1558693998446 -381667
1558693999475 -382695
1558694000343 -330092
1558694000574 -401974
1558694000576 -401976
1558694001885 -292064
1558694005204 -334952
1558694005210 -310513
1558694006182 -335930
1558694007746 -297925
1558694008138 -337886
1558694009373 -362278
1558694009691 -299869
1558694010353 -363258
1558694010353 -363258
1558694011331 -364235
1558694011972 -341756
1558694016532 -306709
1558694016776 -291950
1558694017192 -370094
1558694017749 -347495
1558694021268 -311444
1558694023068 -375968
1558694023105 -347513
1558694024993 -354772
1558694027972 -352379
1558694028767 -381665
1558694029945 -354351
1558694030930 -355336
1558694031908 -356314
1558694032038 -292247
1558694035308 -365082
1558694035361 -365135
1558694035440 -365214
1558694036901 -297110
1558694038221 -367993
1558694038545 -391440
1558694039574 -310684
1558694040079 -369817
1558694046415 -317524
1558694047991 -351495
1558694050124 -338794
1558694050820 -292130
1558694053237 -324345
1558694053843 -357347
1558694055299 -315505
1558694056017 -327124
1558694056991 -328098
1558694057524 -298833
1558694058233 -295147
1558694058496 -388228
1558694058916 -347585
1558694059892 -348561
1558694062418 -392148
1558694063412 -393141
1558694064804 -335910
1558694065584 -369086
1558694066426 -369928
1558694067541 -371043
1558694067717 -356385
1558694068254 -309562
1558694068714 -339820
1558694071256 -340774
1558694072228 -341746
1558694073404 -376905
1558694075669 -312580
1558694078019 -289159
1558694079291 -367957
1558694080303 -351406
1558694080928 -384428
1558694080967 -384467
1558694082528 -302786
1558694082780 -352297
1558694083235 -371900
1558694083235 -354337
1558694085184 -356285
1558694086149 -357250
1558694087409 -307666
1558694088757 -392255
1558694089078 -352429
1558694089354 -309611
1558694089356 -309613
1558694089716 -393214
1558694091569 -361084
1558694093946 -357297
1558694096413 -307550
1558694103097 -284292
1558694105284 -374797
1558694108074 -289268
1558694114082 -295276
1558694114493 -377840
1558694116652 -370499
1558694117365 -316245
1558694120675 -301868
1558694121017 -384363
1558694123933 -387278
1558694124104 -338873
1558694124108 -338877
1558694124202 -300796
1558694125180 -301774
1558694125181 -301774
1558694125568 -306760
1558694126873 -390217
1558694127380 -308572
1558694128116 -304709
1558694128842 -343610
1558694130533 -384376
1558694133271 -372095
1558694136206 -375030
1558694136650 -351416
1558694138344 -363155
1558694139144 -377968
1558694141029 -301501
1558694142001 -302472
1558694143207 -368017
1558694144565 -302791
1558694145133 -369943
1558694145453 -304791
1558694148231 -381432
1558694149449 -307674
1558694150425 -308650
1558694151066 -375875
1558694154546 -312771
1558694155386 -388586
1558694156232 -389432
1558694156540 -314764
1558694161016 -385824
1558694161018 -385826
1558694161459 -357241
1558694166330 -362111
1558694166472 -391279
1558694166888 -298901
1558694170181 -309286
1558694170376 -395182
1558694171540 -404736
1558694172152 -311257
1558694174452 -407647
1558694175449 -353266
1558694175456 -353273
1558694175884 -314988
1558694176099 -371879
1558694177367 -336699
1558694178806 -288224
1558694180003 -352927
1558694180028 -352952
1558694180299 -339631
1558694180596 -312607
1558694181309 -359125
1558694181735 -291153
1558694183257 -361072
1558694183902 -356825
1558694186176 -345505
1558694186176 -345505
1558694186286 -318287
1558694187607 -297024
1558694188572 -297989
1558694188815 -361738
1558694191608 -301024
1558694192865 -365787
1558694198119 -303872
1558694198119 -303872
1558694202036 -307789
1558694202722 -310756
1558694203196 -312611
1558694205252 -348575
1558694205747 -313780
1558694205747 -383559
1558694206741 -384553
1558694208046 -288277
1558694209000 -289231
1558694211412 -384332
1558694211483 -389294
1558694213747 -386666
1558694214360 -322392
1558694214966 -358286
1558694215344 -393154
1558694215442 -323474
1558694215442 -323474
1558694215489 -323521
1558694217053 -360372
1558694220021 -300251
1558694220547 -342104
1558694221199 -364516
1558694222419 -330450
1558694223189 -331220
1558694227967 -349523
1558694229151 -315490
1558694229304 -309533
1558694229893 -337923
1558694231063 -317402
1558694231379 -352807
1558694234872 -300882
1558694235831 -357386
1558694237822 -303831
1558694242646 -350673
1558694245997 -296132
1558694246515 -368069
1558694247229 -360374
1558694247981 -298116
1558694248128 -361272
1558694248678 -314686
1558694250018 -363162
1558694250640 -316648
1558694251030 -372456
1558694251384 -372937
1558694252345 -373898
1558694253194 -374747
1558694254149 -375701
1558694254273 -375698
1558694254458 -375883
1558694254644 -367787
1558694254825 -376250
1558694255384 -292274
1558694255401 -292291
1558694256089 -377513
1558694257542 -378966
1558694257697 -379121
1558694259004 -316521
1558694259525 -372668
1558694259525 -372668
1558694259585 -309718
1558694260003 -381554
1558694260985 -318502
1558694263763 -359105
1558694263763 -359105
1558694264892 -322408
1558694265401 -378543
1558694268524 -298281
1558694269529 -299286
1558694269529 -299286
1558694270704 -366045
1558694273939 -310784
1558694274550 -332065
1558694275511 -333026
1558694275742 -367430
1558694277519 -372859
1558694278778 -315622
1558694280508 -375848
1558694281612 -373300
1558694283528 -320372
1558694284515 -291267
1558694284991 -314742
1558694285973 -315724
1558694285973 -315724
1558694287702 -344058
1558694288354 -380042
1558694289161 -384500
1558694290260 -347772
1558694290899 -294427
1558694291397 -298148
1558694291886 -295414
1558694293602 -349958
1558694294093 -389431
1558694295029 -352540
1558694298978 -356487
1558694299934 -357443
1558694300921 -392609
1558694301896 -359404
1558694301896 -359404
1558694302222 -308972
1558694302887 -394575
1558694303858 -395546
1558694304485 -308011
1558694306980 -313530
1558694307209 -363563
1558694308859 -349073
1558694310390 -313915
1558694310908 -317457
1558694311738 -322284
1558694315310 -288758
1558694316323 -289771
1558694317535 -362599
1558694317643 -328188
1558694319393 -359605
1558694321426 -361638
1558694323770 -380120
1558694324757 -381106
1558694327711 -358286
1558694328898 -302345
1558694329480 -310950
1558694330458 -311928
1558694332398 -313868
1558694332601 -363175
1558694335179 -345721
1558694338512 -369086
1558694339120 -349660
1558694340099 -350639
1558694340239 -302325
1558694341225 -303311
1558694342428 -373001
1558694342484 -315929
1558694342947 -388008
1558694343188 -305273
1558694344231 -374804
1558694344452 -317897
1558694344454 -287887
1558694346888 -391949
1558694348398 -291830
1558694350085 -312169
1558694351350 -294782
1558694351708 -335522
1558694352048 -314132
1558694352729 -303408
1558694353696 -337510
1558694353744 -304423
1558694354068 -384640
1558694354683 -338497
1558694355722 -339536
1558694356251 -299682
1558694357017 -387588
1558694357240 -300671
1558694359212 -302643
1558694361746 -345559
1558694361826 -345639
1558694362158 -305588
1558694362450 -358852
1558694367310 -317987
1558694368877 -312306
1558694369613 -317194
1558694372831 -316260
1558694372831 -316260
1558694374307 -370708
1558694375496 -323076
1558694376266 -360077
1558694379265 -300619
1558694379685 -296901
1558694381081 -331756
1558694381437 -367541
1558694382428 -368532
1558694382941 -379341
1558694383048 -333723
1558694384031 -334706
1558694384603 -301818
1558694387138 -308491
1558694390736 -341409
1558694391811 -358151
1558694394268 -311482
1558694395664 -346335
1558694396018 -317370
1558694396074 -382176
1558694398933 -292129
1558694401553 -341932
1558694401629 -367968
1558694402160 -289223
1558694403526 -354194
1558694404523 -355191
1558694404934 -391035
1558694405125 -292187
1558694405599 -371938
1558694408359 -374697
1558694410330 -376668
1558694411557 -304751
1558694413553 -306747
1558694414867 -342560
1558694415824 -343517
1558694416860 -303921
1558694418195 -312612
1558694420531 -348223
1558694420686 -307746
1558694421589 -361966
1558694421971 -362347
1558694422051 -316468
1558694425089 -391425
1558694425364 -353055
1558694425367 -353058
1558694426063 -392399
1558694426135 -319265
1558694428513 -315572
1558694429089 -322219
1558694429297 -356988
1558694429297 -356988
1558694430068 -297998
1558694431262 -358953
1558694432247 -359938
1558694434411 -295299
1558694435207 -362897
1558694435424 -296312
1558694436381 -297269
1558694436914 -348170
1558694438645 -333056
1558694440579 -334990
1558694440624 -351879
1558694442630 -349532
1558694443593 -354848
1558694445576 -352477
1558694445576 -352477
1558694446565 -353466
1558694447584 -358838
1558694447815 -375504
1558694448593 -316521
1558694448975 -309861
1558694450496 -361750
1558694450561 -296162
1558694451931 -312817
1558694453721 -381408
1558694453721 -381408
1558694454274 -361174
1558694455260 -362160
1558694456459 -302059
1558694456459 -302059
1558694456666 -357120
1558694458431 -304030
1558694458627 -359080
1558694462628 -294405
1558694465050 -376302
1558694465095 -371994
1558694465982 -305062
1558694465982 -305062
1558694466314 -311912
1558694466509 -298285
1558694467011 -306090
1558694468983 -380235
1558694470287 -370739
1558694472959 -379857
1558694473387 -305162
1558694474899 -386150
1558694475189 -375640
1558694475189 -375640
1558694477314 -309089
1558694478774 -317852
1558694479828 -391078
1558694479902 -325355
1558694480749 -319826
1558694480882 -326335
1558694482232 -314006
1558694482844 -302230
1558694486484 -325561
1558694486576 -367331
1558694488453 -327529
1558694488958 -295489
1558694490422 -329498
1558694491414 -330490
1558694491711 -311096
1558694491747 -392196
1558694495373 -356118
1558694498787 -305317
1558694499315 -360059
1558694500626 -344852
1558694506158 -345232
1558694510077 -390829
1558694512441 -373184
1558694514158 -308293
1558694514162 -308297
1558694514189 -358413
1558694514977 -395729
1558694516112 -376854
1558694516849 -377591
1558694517137 -361361
1558694517293 -296461
1558694517829 -378571
1558694518122 -362346
1558694518840 -379582
1558694518883 -379624
1558694519869 -400620
1558694520089 -364313
1558694523795 -343814
1558694524029 -368252
1558694525165 -304331
1558694526759 -357847
1558694526759 -320046
1558694528827 -322114
1558694529274 -308440
1558694529875 -360962
1558694531467 -310632
1558694533040 -377262
1558694533090 -377312
1558694534923 -379144
1558694534958 -296733
1558694535639 -302577
1558694535674 -379895
1558694535827 -297602
1558694535845 -355864
1558694535984 -356003
1558694536321 -329606
1558694536442 -367528
1558694536442 -367528
1558694536614 -303552
1558694537587 -304525
1558694539549 -306486
1558694539595 -383815
1558694540244 -333529
1558694540719 -302494
1558694542239 -362256
1558694542323 -373408
1558694542540 -339162
1558694543314 -374399
1558694545161 -338445
1558694545630 -307404
1558694546183 -366200
1558694546492 -343114
1558694547242 -378327
1558694548139 -368155
1558694548587 -310361
1558694549126 -369142
1558694551119 -371135
1558694554146 -374161
1558694558774 -352056
1558694562082 -306679
1558694562882 -393962
1558694563734 -357014
1558694565816 -367960
1558694566345 -386359
1558694567394 -387407
1558694567677 -305739
1558694570926 -367544
1558694571048 -312408
1558694571555 -309616
1558694572862 -369480
1558694573510 -375653
1558694573850 -370468
1558694573850 -370468
1558694574494 -376637
1558694574963 -316322
1558694576508 -360311
1558694576509 -360312
1558694576579 -303501
1558694577495 -315555
1558694577780 -374397
1558694580732 -377349
1558694581689 -288829
1558694582381 -384523
1558694583218 -321277
1558694583542 -380158
1558694584499 -311420
1558694584605 -368407
1558694585631 -292770
1558694587122 -325181
1558694588242 -390383
1558694588387 -315307
1558694589097 -327156
1558694590072 -328131
1558694592493 -299631
1558694593056 -376857
1558694594221 -378022
1558694595136 -397277
1558694595138 -397279
1558694597280 -367721
1558694599911 -402051
1558694602831 -404971
1558694602862 -340919
1558694602862 -340919
1558694605148 -375588
1558694610829 -311521
1558694611009 -291901
1558694614642 -362296
1558694614831 -385270
1558694615758 -294035
1558694618426 -356478
1558694620391 -358443
1558694621360 -369013
1558694621376 -359427
1558694621706 -392144
1558694623705 -394142
1558694627389 -305664
1558694630062 -307663
1558694630205 -377856
1558694631373 -342487
1558694632035 -309635
1558694633355 -344469
1558694633360 -344474
1558694633459 -314349
1558694633993 -311593
1558694635417 -316306
1558694636300 -347413
1558694637095 -384746
1558694639085 -386735
1558694640884 -318483
1558694641049 -388699
1558694642298 -296814
1558694642953 -294838
1558694646781 -324379
1558694648103 -359215
1558694651056 -362167
1558694651696 -342783
1558694652035 -363146
1558694654488 -332085
1558694654765 -306648
1558694654985 -366096
1558694655898 -310411
1558694656454 -334051
1558694656790 -367901
1558694662430 -361508
1558694662431 -361509
1558694664364 -341959
1558694664488 -355574
1558694665308 -342903
1558694666633 -377742
1558694667270 -344864
1558694667352 -366429
1558694667636 -378745
1558694670234 -347827
1558694673172 -350764
1558694674261 -302694
1558694674262 -302695
1558694675280 -374356
1558694675348 -374424
1558694677218 -305651
1558694678253 -306686
1558694679708 -378784
1558694680877 -358466
1558694681041 -372125
1558694681147 -309579
1558694681218 -347559
1558694683200 -349541
1558694683255 -296639
1558694686066 -314498
1558694686782 -319201
1558694687842 -386917
1558694687873 -316305
1558694688824 -387898
1558694688855 -316924
1558694689158 -302541
1558694690878 -381960
1558694691868 -382950
1558694694618 -393691
1558694695735 -364111
1558694697625 -330042
1558694697625 -330042
1558694698117 -349250
1558694699572 -331989
1558694699963 -313345
1558694701462 -352594
1558694702554 -353686
1558694704592 -310515
1558694704594 -355726
1558694704653 -370991
1558694705476 -373850
1558694706360 -357491
1558694707451 -375825
1558694707451 -375825
1558694708428 -376802
1558694708524 -314447
1558694709629 -292863
1558694710351 -361482
1558694712267 -363397
1558694714566 -297799
1558694718108 -350521
1558694724288 -392659
1558694724288 -392659
1558694725761 -361597
1558694730043 -398412
1558694730192 -366028
1558694730192 -366028
1558694731216 -367052
1558694731216 -314448
1558694732885 -401252
1558694732899 -401266
1558694733094 -316325
1558694733708 -305758
1558694735689 -386817
1558694735736 -316244
1558694735755 -386882
1558694736173 -387300
1558694736222 -387349
1558694737698 -318206
1558694740679 -347284
1558694740938 -298797
1558694742848 -378682
1558694743510 -315556
1558694743599 -301697
1558694743599 -301697
1558694743829 -379663
1558694745801 -381635
1558694746742 -353347
1558694746854 -304712
1558694746890 -353494
1558694747445 -319489
1558694751379 -365043
1558694752294 -358898
1558694753365 -359968
1558694753548 -311405
1558694754534 -312391
1558694755236 -361839
1558694757118 -329159
1558694757364 -315460
1558694759329 -317425
1558694759453 -317309
1558694761145 -367747
1558694761359 -343691
1558694762405 -289997
1558694766051 -301725
1558694767317 -294909
1558694768030 -374631
1558694769001 -304674
1558694770268 -297859
1558694773052 -300643
1558694776624 -348657
1558694776868 -312541
1558694780804 -316476
1558694780860 -363189
1558694781843 -364172
1558694782524 -354555
1558694782770 -293045
1558694782882 -310471
1558694783865 -311454
1558694784576 -294851
1558694784792 -367121
1558694787444 -359474
1558694787523 -297797
1558694790395 -319495
1558694790696 -373024
1558694790752 -289993
1558694791681 -374009
1558694792665 -374992
1558694794329 -323429
1558694799080 -328179
1558694801287 -311560
1558694802384 -301624
