1558693127525 -3696
1558693148545 -24715
1558693161201 -37371
1558693168833 -44032
1558693185141 -60340
1558693194721 -69919
1558693203285 -78483
1558693204248 -79446
1558693205233 -80431
1558693206219 -81417
1558693218635 -92483
1558693225441 -99288
1558693230293 -104140
1558693235176 -109021
1558693242766 -116611
1558693244701 -118546
1558693254432 -128277
1558693266881 -139757
1558693267850 -140726
1558693270767 -143643
1558693276618 -149493
1558693280538 -153412
1558693291047 -163920
1558693295921 -168794
1558693307539 -179805
1558693308519 -180785
1558693309486 -181752
1558693312246 -184512
1558693318048 -190314
1558693321932 -194198
1558693338299 -210564
1558693344149 -216414
1558693353845 -224875
1558693391415 -262444
1558693406092 -272698
1558693409770 -265843
1558693415567 -271639
1558693427213 -275605
1558693428193 -276585
1558693429160 -277552
1558693430951 -279343
1558693438765 -276654
1558693439708 -277597
1558693442693 -280581
1558693449404 -287291
1558693450372 -288259
1558693521385 -11200
1558693524282 -14097
1558693529174 -18989
1558693532096 -21911
1558693537733 -27548
1558693558918 -48669
1558693568637 -58387
1558693571546 -61296
1558693571546 -61296
1558693573488 -63238
1558693581104 -70853
1558693582073 -71822
1558693582073 -71822
1558693589888 -79636
1558693598589 -85386
1558693601505 -88301
1558693606206 -93002
1558693610171 -96967
1558693614990 -101785
1558693614990 -101785
1558693636169 -122962
1558693652555 -139281
1558693655477 -142203
1558693662244 -148969
1558693680648 -167373
1558693692232 -178957
1558693699824 -186548
1558693718280 -201790
1558693724927 -208437
1558693726864 -210374
1558693734637 -218147
1558693755847 -239233
1558693758760 -242146
1558693778032 -261417
1558693783863 -267248
1558693789695 -273080
1558693800397 -283781
1558693803336 -282547
1558693814886 -294096
1558693827277 -306487
1558693829215 -308425
1558693842654 -304617
1558693844614 -306576
1558693855338 -317299
1558693856274 -318235
1558693857242 -319203
1558693858221 -320181
1558693883308 -316506
1558693891882 -325079
1558693891882 -325079
1558693914195 -347389
1558693917021 -350215
1558693923822 -287653
1558693933493 -297322
1558693943061 -306888
1558693950842 -314668
1558693962392 -326214
1558693967190 -331007
1558693970111 -333926
1558693972046 -335861
1558693975927 -339740
1558693983566 -347376
1558693985486 -349295
1558693990358 -321298
1558693991337 -322276
1558693997156 -328095
1558694001992 -332930
1558694014478 -345415
1558694017387 -348323
1558694020330 -351266
1558694023232 -354167
1558694028076 -359010
1558694029049 -359983
1558694039626 -327992
1558694041589 -329955
1558694044497 -332862
1558694054987 -343351
1558694064683 -353046
1558694084926 -314658
1558694097566 -327296
1558694104251 -333980
1558694108255 -337983
1558694109369 -339097
1558694131241 -313631
1558694152464 -334850
1558694157473 -339858
1558694158375 -340760
1558694158394 -340779
1558694163181 -345565
1558694167037 -349419
1558694168005 -350387
1558694173685 -356065
1558694174643 -357022
1558694175622 -305856
1558694182435 -312666
1558694188255 -318484
1558694188255 -318484
1558694197892 -328116
1558694198858 -329082
1558694210486 -340705
1558694215440 -345657
1558694225073 -355286
1558694231659 -331866
1558694232641 -332847
1558694233608 -333814
1558694242509 -342714
1558694242540 -342745
1558694244301 -344506
1558694253041 -353245
1558694256959 -357162
1558694258869 -359072
1558694281191 -327314
1558694289988 -336110
1558694292761 -338883
1558694298636 -344757
1558694302552 -348673
1558694304502 -350622
1558694305481 -351601
1558694312312 -358430
1558694317055 -304523
1558694318997 -306465
1558694324855 -312322
1558694333658 -321124
1558694340337 -327802
1558694371482 -307728
1558694376342 -312587
1558694385142 -321386
1558694388891 -325134
1558694391828 -328070
1558694392815 -329057
1558694396707 -332948
1558694400663 -336903
1558694404609 -340847
1558694416247 -352480
1558694434517 -340583
1558694437464 -343530
1558694439402 -345468
1558694444285 -350350
1558694447219 -353284
1558694451132 -357196
1558694455044 -361107
1558694460747 -366809
1558694464677 -323719
1558694470532 -329573
1558694472476 -331517
1558694484044 -343083
1558694487953 -346991
1558694493818 -352856
1558694496756 -355793
1558694498706 -357743
1558694502621 -361658
1558694508323 -319938
1558694508323 -319938
1558694509302 -320916
1558694523971 -335584
1558694530955 -342567
1558694546291 -357900
1558694548253 -359862
1558694556939 -328606
1558694567680 -339346
1558694572544 -344210
1558694575461 -347126
1558694576274 -347939
1558694578247 -349912
1558694588012 -359676
1558694588012 -359676
1558694595864 -321345
1558694596813 -322293
1558694610331 -335810
1558694610332 -335810
1558694614235 -339713
1558694619128 -344605
1558694623869 -349346
1558694634601 -360075
1558694638538 -320489
1558694662820 -344767
1558694663797 -345744
1558694664758 -346705
1558694672412 -354358
1558694672416 -354362
1558694675344 -357289
1558694677289 -359234
1558694679273 -305836
1558694683156 -309718
1558694685114 -311676
1558694686090 -312652
1558694690986 -317547
1558694699617 -326177
1558694711348 -337904
1558694712321 -338877
1558694712321 -338877
1558694728959 -355507
1558694738560 -331067
1558694744267 -336773
1558694745243 -337749
1558694746221 -338727
1558694747203 -339709
1558694750134 -342639
1558694754041 -346546
1558694770493 -362993
1558694771473 -363973
1558694780278 -333056
1558694780278 -333056
1558694796730 -349506
