1558693134821 -70
1558693140408 -5657
1558693144210 -9459
1558693162525 -27773
1558693165440 -30688
1558693191790 -55741
1558693192568 -56519
1558693204959 -68908
1558693209776 -73725
1558693209790 -73739
1558693211732 -75680
1558693212724 -76672
1558693231980 -95928
1558693231980 -95928
1558693239769 -101208
1558693242704 -104143
1558693254283 -115721
1558693264064 -125501
1558693275804 -137240
1558693279587 -141023
1558693281554 -142990
1558693294312 -155521
1558693299917 -161126
1558693306766 -167975
1558693307763 -168972
1558693312641 -173849
1558693312659 -173867
1558693317542 -178750
1558693330116 -191324
1558693330116 -190381
1558693339879 -200143
1558693341807 -202071
1558693351509 -211773
1558693367062 -227326
1558693368044 -228308
1558693376710 -236973
1558693405963 -265997
1558693407875 -264637
1558693416620 -273379
1558693416623 -273382
1558693424337 -281093
1558693424337 -281093
1558693430145 -271511
1558693441915 -271668
1558693449538 -279051
1558693524487 -3562
1558693526435 -5510
1558693528372 -7447
1558693532302 -11377
1558693538138 -17213
1558693539114 -18189
1558693548755 -27830
1558693560463 -39535
1558693568122 -47194
1558693569098 -48170
1558693570079 -49151
1558693572063 -51135
1558693576922 -55994
1558693581826 -60898
1558693586837 -65909
1558693622597 -98121
1558693624519 -100043
1558693624519 -100043
1558693629409 -104933
1558693632354 -107878
1558693634299 -109823
1558693641965 -112996
1558693643935 -114966
1558693647840 -118871
1558693647840 -118871
1558693663321 -134351
1558693665274 -136304
1558693675048 -146078
1558693700313 -170549
1558693702269 -172504
1558693705205 -175440
1558693705205 -175440
1558693707160 -177394
1558693718734 -188968
1558693720690 -190923
1558693727543 -197776
1558693751830 -220529
1558693757693 -226392
1558693771216 -239914
1558693771216 -239914
1558693775178 -243876
1558693778068 -246766
1558693782838 -250689
1558693800545 -268395
1558693801533 -269383
1558693829401 -277695
1558693837225 -285518
1558693838214 -286507
1558693839177 -287469
1558693850920 -286464
1558693855646 -277704
1558693859552 -281609
1558693860530 -282587
1558693874236 -296291
1558693882858 -288443
1558693888727 -294312
1558693891665 -297250
1558693915978 -281675
1558693918880 -284576
1558693919886 -285582
1558693931497 -297147
1558693940253 -292390
1558693942193 -294329
1558693946123 -298259
1558693949868 -275784
1558693950861 -276777
1558693951821 -277737
1558693953777 -279693
1558693954753 -280669
1558693959638 -285553
1558693960636 -286551
1558693960654 -286569
1558693965513 -291427
1558693969450 -295194
1558693981962 -289428
1558693984893 -292358
1558693988810 -296275
1558693995658 -303122
1558694000390 -282633
1558694003309 -285552
1558694012121 -294362
1558694013111 -295352
1558694015073 -297314
1558694020749 -278704
1558694025641 -283596
1558694038374 -296327
1558694051880 -285534
1558694059700 -293353
1558694070327 -303771
1558694077149 -284571
1558694095559 -273792
1558694098500 -276732
1558694102424 -280656
1558694109458 -287689
1558694127667 -288445
1558694134519 -295296
1558694147067 -283589
1558694150991 -287513
1558694151954 -288476
1558694162549 -299069
1558694164498 -275772
1558694167437 -278710
1558694186835 -283531
1558694203600 -300293
1558694203637 -300330
1558694207545 -279044
1558694224962 -296459
1558694226814 -298223
1558694231670 -303078
1558694256063 -306158
1558694257868 -283732
1558694262811 -288674
1558694265772 -291635
1558694275584 -301352
1558694288200 -295477
1558694306749 -288770
1558694312635 -294655
1558694323457 -285099
1558694343949 -292058
1558694350828 -298936
1558694356567 -304674
1558694360517 -308623
1558694364466 -287321
1558694383965 -276658
1558694386918 -279611
1558694401499 -294190
1558694419335 -286780
1558694425942 -293386
1558694427910 -295354
1558694450386 -298390
1558694462201 -284988
1558694470084 -292870
1558694477763 -282081
1558694481698 -286015
1558694487617 -291934
1558694498273 -282214
1558694502201 -286141
1558694515042 -298685
1558694518942 -281561
1558694519925 -282544
1558694527735 -290353
1558694538453 -282396
1558694539444 -283387
1558694545167 -289109
1558694557979 -285285
1558694559957 -287263
1558694561020 -288326
1558694563896 -291201
1558694565869 -293174
1558694569645 -296949
1558694571577 -298881
1558694575511 -302814
1558694582451 -289293
1558694585402 -292244
1558694585402 -292244
1558694586345 -293186
1558694592240 -299080
1558694597980 -304820
1558694600935 -286297
1558694620447 -290985
1558694620450 -290988
1558694622415 -292953
1558694627333 -297870
1558694627334 -297871
1558694633244 -286353
1558694642912 -296020
1558694643899 -297006
1558694647835 -300942
1558694649801 -302908
1558694665389 -301889
1558694673254 -287328
1558694679220 -293293
1558694684096 -297786
1558694685065 -298755
1558694687040 -300729
1558694695777 -284431
1558694698676 -287329
1558694698677 -287330
1558694699660 -288313
1558694706548 -295200
1558694711469 -300120
1558694718197 -284385
1558694719180 -285368
1558694723491 -289678
1558694730186 -296372
1558694738691 -304850
1558694739676 -305834
1558694741642 -307800
1558694749521 -289303
1558694749521 -289303
1558694752466 -292248
1558694755421 -295203
1558694759361 -299142
1558694760347 -300128
1558694765097 -278474
1558694775923 -289298
1558694780843 -294218
1558694781826 -295201
1558694789535 -302802
1558694790516 -303783
1558694793469 -306735
1558694796420 -287290
1558694805276 -296145
1558694823809 -286346
1558694823809 -286346
