1558693125211 -1717
1558693127094 -2788
1558693128986 -4680
1558693129104 -10517
1558693129822 -6327
1558693134870 -10564
1558693135121 -16532
1558693135707 -12209
1558693136102 -17513
1558693138698 -14392
1558693152909 -29083
1558693153318 -34728
1558693153318 -34728
1558693154887 -31061
1558693157747 -33921
1558693158983 -34676
1558693159011 -34704
1558693159131 -40541
1558693161962 -34992
1558693162578 -38752
1558693165278 -40630
1558693165714 -47124
1558693170076 -45428
1558693171042 -46390
1558693175488 -48517
1558693175885 -51233
1558693182281 -63690
1558693186223 -67632
1558693188395 -69804
1558693189628 -62657
1558693189628 -64976
1558693189867 -65215
1558693193177 -66206
1558693194079 -67108
1558693195836 -68865
1558693198663 -79969
1558693199586 -80892
1558693199851 -73894
1558693199858 -73901
1558693203559 -76587
1558693203563 -76591
1558693204418 -85724
1558693205657 -79697
1558693205657 -79697
1558693206541 -79569
1558693210242 -91548
1558693216867 -98173
1558693218809 -100115
1558693221756 -103062
1558693223813 -97852
1558693223813 -97852
1558693228835 -101723
1558693241508 -114396
1558693242954 -124259
1558693243918 -117955
1558693245853 -119890
1558693247788 -121825
1558693249725 -123762
1558693258513 -139818
1558693261885 -130780
1558693262123 -136159
1558693264187 -145491
1558693265012 -139048
1558693265167 -146471
1558693266937 -140973
1558693269046 -150350
1558693269540 -138435
1558693269542 -138437
1558693271957 -153261
1558693272931 -154235
1558693273689 -145102
1558693276851 -158121
1558693278570 -149983
1558693283251 -154664
1558693286563 -167818
1558693287274 -158687
1558693288315 -169570
1558693289097 -157992
1558693292039 -163452
1558693292306 -173561
1558693292898 -161793
1558693297101 -178356
1558693299990 -181245
1558693304584 -173476
1558693305805 -187060
1558693312405 -180116
1558693314166 -185577
1558693315170 -186581
1558693316159 -183870
1558693320063 -187774
1558693320969 -192380
1558693321943 -193354
1558693324956 -192667
1558693327882 -195593
1558693329843 -197554
1558693330749 -211980
1558693334638 -215869
1558693335608 -216839
1558693339278 -209131
1558693339445 -207156
1558693341245 -211098
1558693343399 -224629
1558693344381 -225611
1558693345344 -226574
1558693346306 -214015
1558693350229 -231459
1558693350229 -217938
1558693354651 -224504
1558693354905 -236135
1558693356859 -238089
1558693359985 -227694
1558693361443 -231295
1558693361443 -231295
1558693362780 -230488
1558693365335 -235187
1558693367281 -234748
1558693370452 -251622
1558693371559 -238782
1558693373356 -254526
1558693373356 -254526
1558693376019 -243486
1558693378401 -245624
1558693379384 -246607
1558693380001 -261171
1558693381703 -242375
1558693384600 -245272
1558693384860 -266030
1558693395578 -276748
1558693397235 -257905
1558693397507 -278623
1558693399176 -259846
1558693400708 -267931
1558693402666 -269888
1558693403649 -270871
1558693404878 -256768
1558693406181 -287283
1558693410344 -277566
1558693411342 -278564
1558693412641 -264530
1558693419810 -300894
1558693421410 -257937
1558693422796 -303879
1558693426064 -262591
1558693429886 -297101
1558693435427 -316480
1558693436347 -317400
1558693439679 -276204
1558693441466 -308681
1558693445369 -288011
1558693446045 -327096
1558693451240 -293879
1558693452229 -294868
1558693454672 -335713
1558693455994 -283917
1558693457625 -338666
1558693457933 -285856
1558693457934 -285857
1558693458611 -339637
1558693459878 -287801
1558693459878 -287801
1558693461519 -342545
1558693470320 -351336
1558693470609 -313234
1558693477454 -320073
1558693482870 -324676
1558693483159 -325775
1558693483159 -325775
1558693483848 -325654
1558693484139 -326754
1558693492651 -334455
1558693506177 -347979
1558693510202 -352004
1558693513998 -355799
1558693517242 -6438
1558693517915 -359716
1558693518902 -360703
1558693523499 -12253
1558693527030 -16226
1558693535005 -23758
1558693536869 -27156
1558693540777 -31064
1558693542555 -31734
1558693550331 -39510
1558693553433 -42185
1558693554239 -43418
1558693554274 -44561
1558693556337 -45089
1558693558137 -46889
1558693567752 -56930
1558693567811 -58097
1558693571676 -60854
1558693577587 -65820
1558693580449 -66872
1558693587148 -73570
1558693589134 -75249
1558693593043 -79158
1558693595048 -83279
1558693596040 -84270
1558693597017 -85247
1558693597776 -83409
1558693597913 -84028
1558693604754 -90869
1558693607330 -92963
1558693609273 -94906
1558693616073 -101705
1558693622879 -108511
1558693624208 -112436
1558693624813 -110445
1558693626166 -112281
1558693633780 -119892
1558693634744 -120856
1558693635409 -121041
1558693636316 -121948
1558693639232 -124864
1558693641585 -127697
1558693643160 -128792
1558693643536 -129648
1558693649911 -135542
1558693653145 -139256
1558693658496 -139679
1558693661413 -142596
1558693662988 -150048
1558693664320 -145503
1558693664887 -150998
1558693666264 -147447
1558693666841 -152952
1558693666897 -153957
1558693668879 -155939
1558693669802 -155913
1558693669857 -156917
1558693670818 -157878
1558693675002 -156185
1558693676455 -162566
1558693676803 -157986
1558693677665 -164699
1558693679793 -160976
1558693682390 -168389
1558693682641 -169675
1558693683545 -170579
1558693683589 -164772
1558693688463 -169646
1558693697978 -183976
1558693697984 -178271
1558693701876 -181470
1558693701945 -188978
1558693702704 -182991
1558693704887 -191920
1558693705861 -192894
1558693706736 -186330
1558693706736 -186330
1558693707661 -194694
1558693708569 -188856
1558693708666 -195698
1558693714527 -201559
1558693714527 -201559
1558693723214 -203501
1558693727947 -208232
1558693733781 -213373
1558693734768 -214360
1558693734903 -219385
1558693736714 -216305
1558693737776 -218061
1558693737879 -222360
1558693739680 -219965
1558693740654 -220939
1558693749291 -229576
1558693749291 -229576
1558693756141 -236260
1558693759085 -239203
1558693763732 -240926
1558693763732 -240926
1558693766062 -247767
1558693768859 -248977
1558693770806 -250924
1558693771641 -251759
1558693780559 -262263
1558693783411 -263528
1558693784933 -262126
1558693785904 -263097
1558693787281 -267398
1558693789325 -271028
1558693789787 -266980
1558693792280 -273983
1558693800921 -277653
1558693801163 -278703
1558693803359 -279832
1558693806177 -282650
1558693807852 -285392
1558693810172 -286645
1558693818464 -295196
1558693820275 -297007
1558693820674 -297147
1558693822603 -299076
1558693824453 -301993
1558693825151 -301882
1558693830965 -307696
1558693831251 -268273
1558693831251 -268273
1558693834058 -311579
1558693835941 -313462
1558693836102 -273123
1558693837899 -315420
1558693839006 -276027
1558693845682 -282702
1558693847644 -284663
1558693848663 -326183
1558693849353 -326084
1558693851442 -328962
1558693851508 -288478
1558693855356 -332068
1558693857279 -333991
1558693859251 -296220
1558693862233 -299201
1558693864101 -301069
1558693864117 -340829
1558693869168 -328262
1558693869880 -306847
1558693869908 -306874
1558693871696 -325167
1558693871696 -325167
1558693873914 -333008
1558693878690 -337783
1558693883370 -320331
1558693883514 -342607
1558693884404 -337873
1558693889274 -342742
1558693891955 -328913
1558693896927 -350394
1558693904831 -313844
1558693905199 -364289
1558693906012 -316857
1558693908039 -318884
1558693908884 -317897
1558693910934 -341145
1558693912393 -321405
1558693913741 -324585
1558693914832 -345042
1558693915415 -326259
1558693919966 -328977
1558693922209 -333052
1558693925788 -334798
1558693927713 -336723
1558693929057 -339899
1558693929657 -338667
1558693930627 -339636
1558693932573 -341582
1558693934517 -343525
1558693934521 -343529
1558693941152 -289299
1558693944801 -375007
1558693945626 -375831
1558693945626 -375831
1558693949890 -298036
1558693959217 -274945
1558693974020 -322122
1558693975009 -323111
1558693976749 -347615
1558693980679 -351545
1558693983606 -331705
1558693983606 -331705
1558693989154 -304818
1558693995251 -343346
1558693996149 -343689
1558693999119 -347213
1558693999918 -315578
1558694000072 -347611
1558694000079 -347618
1558694001873 -317532
1558694003823 -319481
1558694004796 -320454
1558694006752 -322409
1558694007735 -323391
1558694008870 -356408
1558694011813 -359351
1558694012807 -360344
1558694021308 -325990
1558694026141 -341791
1558694028087 -332768
1558694031066 -346714
1558694031833 -336513
1558694033813 -349460
1558694034128 -381661
1558694036078 -383610
1558694037707 -353352
1558694038706 -354351
1558694038706 -354351
1558694044485 -349162
1558694048330 -353006
1558694048630 -368880
1558694049444 -314609
1558694051561 -371810
1558694057096 -322260
1558694057443 -377691
1558694058845 -311404
1558694060027 -325191
1558694061004 -326168
1558694061348 -381596
1558694064917 -330080
1558694065661 -318220
1558694066618 -319176
1558694067851 -333014
1558694069000 -389246
1558694069838 -335001
1558694070552 -323110
1558694072499 -325057
1558694072938 -393184
1558694072956 -393201
1558694074400 -326957
1558694079091 -331648
1558694086607 -360369
1558694090744 -343299
1558694091143 -356301
1558694095622 -348175
1558694103903 -317572
1558694104233 -356783
1558694105685 -319354
1558694109115 -382874
1558694112853 -326521
1558694116408 -330075
1558694121489 -395245
1558694122468 -396223
1558694129933 -343598
1558694130912 -344577
1558694136968 -347607
1558694138739 -352401
1558694140947 -325729
1558694141922 -326703
1558694144831 -329611
1558694147532 -303073
1558694149700 -360333
1558694150465 -306006
1558694151682 -362315
1558694154547 -310087
1558694156517 -341293
1558694159148 -314688
1558694165170 -375797
1558694169075 -357399
1558694170054 -358378
1558694172032 -360356
1558694174622 -297079
1558694180824 -369146
1558694182399 -304855
1558694184562 -372884
1558694186323 -341859
1558694192246 -347780
1558694196413 -384733
1558694198152 -353684
1558694200905 -356436
1558694200905 -356436
1558694202228 -390547
1558694203908 -359438
1558694205183 -393501
1558694205704 -328083
1558694206707 -329086
1558694210415 -332793
1558694210627 -309733
1558694210804 -349511
1558694210805 -349512
1558694213733 -352440
1558694215440 -337817
1558694217684 -316789
1558694219997 -358703
1558694220140 -358846
1558694220906 -320010
1558694221316 -343692
1558694222587 -321691
1558694224796 -363502
1558694225215 -324319
1558694228723 -351098
1558694230035 -329138
1558694235978 -335080
1558694237490 -311533
1558694237962 -337064
1558694238130 -376834
1558694238877 -337979
1558694245158 -319200
1558694245969 -384672
1558694248124 -322166
1558694250658 -349758
1558694252595 -351694
1558694256435 -344641
1558694264529 -338569
1558694269242 -315887
1558694272052 -318696
1558694272227 -346266
1558694276867 -323511
1558694278904 -367108
1558694282843 -371046
1558694285789 -373992
1558694288680 -335317
1558694288746 -376948
1558694289758 -307849
1558694294650 -382851
1558694295408 -342044
1558694297365 -344001
1558694304248 -350884
1558694305245 -323330
1558694307207 -353843
1558694312115 -330197
1558694313060 -331142
1558694315085 -305567
1558694319733 -337812
1558694319821 -310302
1558694321686 -339765
1558694321796 -312277
1558694324999 -388863
1558694325978 -389842
1558694326721 -317201
1558694326721 -317201
1558694328536 -346612
1558694330762 -394625
1558694331742 -395605
1558694332701 -396563
1558694336375 -354449
1558694337337 -355410
1558694339482 -329961
1558694342075 -303907
1558694342075 -303907
1558694342549 -358361
1558694344015 -305847
1558694350842 -312673
1558694352116 -342593
1558694353097 -343574
1558694355162 -370972
1558694357692 -319522
1558694358682 -320512
1558694359669 -321499
1558694360085 -375894
1558694361619 -323449
1558694362050 -377859
1558694362929 -353402
1558694363917 -354390
1558694364044 -379853
1558694366969 -382777
1558694367958 -383766
1558694368669 -313283
1558694368670 -313284
1558694371220 -333048
1558694373590 -318203
1558694375561 -320174
1558694376097 -337924
1558694379994 -341820
1558694380978 -342804
1558694383432 -328044
1558694387358 -331969
1558694387657 -349480
1558694388344 -332955
1558694397031 -341641
1558694398402 -308537
1558694398997 -343607
1558694399988 -344598
1558694404939 -349548
1558694406875 -351484
1558694407196 -317329
1558694408951 -373624
1558694408953 -373626
1558694411904 -376577
1558694415051 -325183
1558694417014 -381686
1558694419851 -384523
1558694426597 -336727
1558694429320 -318644
1558694429516 -339646
1558694433258 -322582
1558694436201 -346328
1558694437196 -326519
1558694437335 -353429
1558694440278 -356372
1558694442254 -358348
1558694445196 -361289
1558694455860 -371952
1558694455865 -371957
1558694456712 -346032
1558694465409 -354726
1558694467425 -356741
1558694473400 -359374
1558694474380 -360354
1558694475128 -338917
1558694476211 -309282
1558694477076 -340865
1558694479163 -312233
1558694480009 -343797
1558694485717 -349504
1558694486189 -372162
1558694488686 -352471
1558694488687 -352472
1558694489143 -375115
1558694489651 -353436
1558694490825 -323894
1558694494533 -316901
1558694496477 -318845
1558694497717 -330785
1558694498671 -331739
1558694500798 -386767
1558694502329 -324696
1558694505110 -327476
1558694505708 -391677
1558694506078 -328444
1558694508027 -330393
1558694508520 -341586
1558694512311 -345376
1558694512948 -335313
1558694514252 -347317
1558694515855 -338220
1558694518781 -341145
1558694529212 -362271
1558694530634 -352996
1558694531450 -353812
1558694533335 -363254
1558694536712 -318175
1558694537026 -366944
1558694537026 -366944
1558694537186 -304601
1558694538171 -305586
1558694546951 -314365
1558694549886 -317299
1558694552456 -333916
1558694556556 -359752
1558694559501 -362697
1558694560189 -341648
1558694564141 -345600
1558694565379 -332789
1558694566227 -369422
1558694567340 -334749
1558694568295 -335704
1558694571145 -374340
1558694571148 -374343
1558694571960 -353417
1558694572199 -339606
1558694573177 -340584
1558694575135 -342541
1558694578881 -346284
1558694586883 -390076
1558694591590 -311424
1558694592559 -312393
1558694595416 -316580
1558694596472 -316305
1558694598352 -319515
1558694601307 -322470
1558694601311 -322474
1558694602168 -322000
1558694606077 -325909
1558694608026 -329188
1558694614103 -361286
1558694615908 -337069
1558694630345 -350127
1558694631476 -352632
1558694631476 -352632
1558694633278 -353059
1558694633455 -354610
1558694638548 -385728
1558694641116 -309636
1558694642298 -308713
1558694645424 -362525
1558694647772 -316291
1558694648375 -365476
1558694650346 -367447
1558694654923 -321337
1558694655910 -322324
1558694657871 -324285
1558694660189 -377288
1558694660481 -328998
1558694661457 -329974
1558694664423 -332940
1558694668305 -336821
1558694668889 -385987
1558694674007 -342522
1558694674784 -391881
1558694678922 -347436
1558694679862 -348376
1558694683279 -349688
1558694685611 -357535
1558694685611 -357535
1558694687412 -359336
1558694690627 -359136
1558694692671 -313642
1558694693376 -365299
1558694693657 -314628
1558694696357 -317327
1558694703167 -375089
1558694703780 -309702
1558694705123 -326092
1558694709882 -381803
1558694710652 -316573
1558694713604 -319525
1558694717530 -323450
1558694719498 -325418
1558694721646 -342613
1558694722762 -328681
1558694724677 -330596
1558694725648 -331567
1558694730505 -351471
1558694730686 -357670
1558694730740 -357724
1558694731320 -337238
1558694732563 -359547
1558694740149 -314495
1558694741125 -315471
1558694746841 -321187
1558694747817 -322162
1558694747878 -353789
1558694752679 -327024
1558694753607 -359516
1558694753607 -359516
1558694753610 -359519
1558694761469 -314599
1558694761471 -314601
1558694766384 -319513
1558694769336 -322465
1558694772288 -325417
1558694773275 -326404
1558694774991 -349332
1558694777921 -352262
1558694779875 -354215
1558694780853 -355193
1558694784763 -359101
