1558693131444 -14835
1558693131444 -14835
1558693133080 -16470
1558693133961 -10181
1558693139019 -22408
1558693143800 -27189
1558693151767 -35155
1558693153645 -37033
1558693158112 -33411
1558693162016 -37315
1558693162043 -37342
1558693167733 -43032
1558693168448 -51678
1558693174444 -57674
1558693174509 -49808
1558693178354 -61584
1558693179294 -62523
1558693180261 -55559
1558693181213 -56511
1558693182215 -57513
1558693183252 -66481
1558693186202 -61500
1558693186202 -69431
1558693189550 -72779
1558693191309 -65747
1558693192253 -66691
1558693200472 -74910
1558693216974 -91412
1558693227712 -110865
1558693228673 -111826
1558693230764 -113917
1558693232359 -106796
1558693237580 -120732
1558693238554 -121706
1558693240190 -111521
1558693242505 -125657
1558693243479 -126631
1558693243930 -115261
1558693247840 -119171
1558693249368 -132520
1558693251768 -123099
1558693259264 -142366
1558693259269 -142371
1558693263492 -134823
1558693267219 -150320
1558693269137 -152238
1558693276043 -147373
1558693276047 -147377
1558693280060 -150040
1558693280761 -163820
1558693281041 -151021
1558693286586 -169645
1558693286586 -169645
1558693290334 -173376
1558693295167 -178209
1558693295194 -178236
1558693298366 -168345
1558693299334 -169313
1558693300884 -183926
1558693305689 -188731
1558693307161 -177140
1558693316774 -186753
1558693319172 -202207
1558693320684 -190663
1558693327530 -197476
1558693328801 -211817
1558693332414 -202359
1558693332414 -202359
1558693333392 -203337
1558693338421 -221437
1558693339098 -209043
1558693343006 -211424
1558693343086 -226102
1558693344975 -213393
1558693345958 -228959
1558693346930 -229931
1558693350867 -219284
1558693355624 -238567
1558693358523 -241463
1558693358663 -227080
1558693364240 -247152
1558693367129 -250041
1558693368095 -251007
1558693369063 -251975
1558693370014 -252926
1558693370214 -238629
1558693370214 -238629
1558693371935 -254847
1558693373861 -256773
1558693378682 -261594
1558693388654 -257060
1558693389130 -272041
1558693397440 -265599
1558693397754 -280626
1558693400634 -283506
1558693404520 -287392
1558693405356 -273515
1558693414105 -296966
1558693417004 -299864
1558693423823 -306673
1558693426663 -309500
1558693439203 -307361
1558693444098 -326863
1558693445032 -313190
1558693449755 -332511
1558693451875 -303392
1558693454597 -337345
1558693456530 -339276
1558693459533 -311050
1558693469129 -351856
1558693470284 -321799
1558693475174 -326688
1558693477131 -328645
1558693478109 -329623
1558693479086 -330600
1558693481554 -364255
1558693487365 -370059
1558693488332 -371026
1558693488700 -340213
1558693492612 -344124
1558693496524 -326735
1558693498012 -344005
1558693498980 -344973
1558693512383 -358374
1558693513963 -344171
1558693516253 -362244
1558693517874 -348081
1558693523740 -353946
1558693523997 -369987
1558693526909 -372898
1558693531748 -377736
1558693533693 -379681
1558693534334 -364536
1558693537947 -27753
1558693538360 -384346
1558693540324 -30570
1558693547603 -37849
1558693550486 -40732
1558693553408 -43214
1558693555358 -45583
1558693561235 -51041
1558693564212 -54018
1558693565990 -56214
1558693568736 -58960
1558693572803 -62607
1558693575503 -65727
1558693576470 -66694
1558693576716 -66520
1558693579647 -69451
1558693583265 -73489
1558693584540 -74344
1558693586590 -76394
1558693587191 -77415
1558693587550 -77354
1558693587550 -77354
1558693591269 -81069
1558693592938 -83162
1558693595156 -81221
1558693596171 -82236
1558693599053 -85118
1558693606319 -96539
1558693611163 -101383
1558693614112 -104332
1558693614584 -100646
1558693615044 -105264
1558693616514 -102575
1558693617936 -108156
1558693623749 -113969
1558693625685 -115905
1558693625685 -115905
1558693627277 -113338
1558693630176 -116236
1558693632310 -122530
1558693633426 -123646
1558693636178 -126398
1558693637828 -123888
1558693641018 -129372
1558693644887 -133240
1558693650691 -139044
1558693651688 -140041
1558693654604 -142957
1558693656416 -142427
1558693656524 -144877
1558693657399 -143409
1558693657407 -143417
1558693661357 -149710
1558693666024 -152034
1558693667015 -155368
1558693667986 -153996
1558693673927 -159937
1558693675821 -161831
1558693679800 -165810
1558693687415 -175766
1558693694955 -183306
1558693701724 -188564
1558693702702 -189542
1558693703672 -190512
1558693707544 -194383
1558693718174 -205012
1558693722408 -202685
1558693723016 -209854
1558693730293 -210570
1558693736416 -223253
1558693748035 -234871
1558693748662 -228815
1558693757288 -237440
1558693770012 -250163
1558693775874 -256025
1558693776942 -261532
1558693778626 -258777
1558693780626 -260777
1558693782574 -262725
1558693783598 -268136
1558693784521 -269059
1558693785499 -265650
1558693787438 -271976
1558693788408 -268559
1558693788408 -268559
1558693788408 -268559
1558693788415 -272953
1558693795327 -272029
1558693796203 -277372
1558693797152 -278321
1558693801100 -282269
1558693805923 -282625
1558693807891 -284593
1558693816356 -297524
1558693827203 -303904
1558693830129 -306830
1558693832960 -310573
1558693835684 -313297
1558693839547 -317160
1558693842454 -320067
1558693845365 -322978
1558693847320 -324933
1558693850207 -327820
1558693850504 -327204
1558693851524 -328224
1558693856372 -318933
1558693860276 -322837
1558693864180 -326740
1558693864569 -337652
1558693868200 -330759
1558693872019 -334578
1558693872019 -334578
1558693876739 -339297
1558693885537 -348094
1558693892377 -354933
1558693893371 -355927
1558693893461 -366540
1558693895305 -357861
1558693903154 -339951
1558693904170 -340967
1558693912954 -349747
1558693913007 -349800
1558693914848 -351640
1558693915761 -352553
1558693919634 -356425
1558693925252 -368876
1558693927174 -370797
1558693927176 -370799
1558693928230 -365017
1558693933119 -369906
1558693933954 -377576
1558693937030 -373817
1558693937832 -381454
1558693938822 -382444
1558693938986 -375773
1558693939619 -383241
1558693942534 -333253
1558693944852 -354558
1558693948611 -358316
1558693959397 -369101
1558693962907 -353623
1558693965217 -374920
1558693978169 -368883
1558693984939 -375652
1558693985595 -317624
1558693988544 -320572
1558693990496 -322524
1558693992710 -345886
1558693992710 -345886
1558693993291 -325318
1558693993659 -346835
1558693994630 -347806
1558693998496 -351671
1558693999474 -352649
1558694004150 -357324
1558694004984 -337010
1558694005960 -337985
1558694005960 -337985
1558694007930 -339955
1558694008913 -340938
1558694011854 -343879
1558694017537 -349561
1558694019493 -351516
1558694021471 -353493
1558694025490 -378660
1558694033039 -361084
1558694035948 -363992
1558694046723 -349572
1558694047703 -350552
1558694047703 -350552
1558694051589 -354437
1558694051589 -354436
1558694066096 -368938
1558694066925 -394965
1558694072000 -352419
1558694073557 -351351
1558694073918 -354336
1558694078385 -356179
1558694101631 -379422
1558694113391 -335415
1558694116955 -338978
1558694118571 -346581
1558694118573 -346583
1558694120857 -342879
1558694122771 -344793
1558694122775 -344797
1558694124437 -352444
1558694126639 -348660
1558694129551 -351572
1558694129556 -351577
1558694130305 -358310
1558694131286 -359291
1558694137959 -365961
1558694140997 -363016
1558694141001 -363020
1558694141957 -363976
1558694142846 -370846
1558694143824 -371823
1558694147744 -375742
1558694148737 -376735
1558694150695 -378690
1558694155714 -377728
1558694156742 -349829
1558694158484 -351571
1558694159464 -352551
1558694162303 -355390
1558694167130 -368901
1558694171042 -372812
1558694173774 -366859
1558694174967 -376737
1558694175692 -368777
1558694176116 -377886
1558694180835 -382604
1558694181794 -383563
1558694185377 -378460
1558694187331 -380414
1558694187530 -389298
1558694191522 -393289
1558694192229 -385311
1558694193376 -395143
1558694194087 -387168
1558694196104 -389185
1558694198338 -347587
1558694199297 -348546
1558694204670 -341824
1558694207968 -357215
1558694209464 -346617
1558694216930 -366176
1558694219985 -369231
1558694232489 -369639
1558694243965 -336884
1558694244165 -356466
1558694249115 -361415
1558694253680 -346597
1558694253839 -366139
1558694254816 -367116
1558694264260 -357175
1558694266384 -378682
1558694267370 -379668
1558694269387 -381685
1558694275120 -387417
1558694275992 -368905
1558694277075 -389372
1558694277950 -370862
1558694278044 -390341
1558694281942 -394238
1558694282756 -395052
1558694287565 -354371
1558694293458 -360264
1558694293459 -360264
1558694294444 -357055
1558694296418 -359028
1558694300296 -362906
1558694304113 -370917
1558694306005 -368614
1558694307063 -373867
1558694310850 -373459
1558694318870 -385672
1558694336434 -347888
1558694348699 -361194
1558694355352 -367846
1558694358280 -370773
1558694359865 -371316
1558694367063 -379555
1558694367738 -379187
1558694369988 -337519
1558694373643 -337484
1558694373898 -341429
1558694376800 -344330
1558694377407 -341247
1558694380540 -348070
1558694382483 -350013
1558694385412 -352941
1558694386269 -350108
1558694387361 -354890
1558694398887 -362725
1558694398887 -362724
1558694400878 -368405
1558694401844 -365681
1558694404809 -372336
1558694405803 -369639
1558694406764 -370600
1558694409720 -373556
1558694410695 -374531
1558694411573 -379099
1558694413670 -377505
1558694413670 -377505
1558694419707 -355555
1558694434145 -369991
1558694434145 -369991
1558694436131 -371977
1558694436741 -354203
1558694437107 -372953
1558694441029 -376874
1558694442015 -377860
1558694446494 -363955
1558694449720 -385564
1558694450221 -367681
1558694463498 -343932
1558694465808 -353212
1558694466805 -354209
1558694466817 -354221
1558694467820 -355224
1558694471651 -359054
1558694471651 -359054
1558694475137 -355569
1558694483983 -364414
1558694485128 -372529
1558694488056 -375457
1558694488927 -369357
1558694491850 -372280
1558694492833 -373263
1558694499562 -379990
1558694504482 -354762
1558694515178 -376718
1558694515333 -365612
1558694519058 -380598
1558694520867 -382407
1558694535509 -397047
1558694546022 -351885
1558694546022 -351885
1558694546023 -351886
1558694550409 -352014
1558694555327 -356931
1558694558269 -359873
1558694558689 -364550
1558694559672 -365533
1558694562287 -363890
1558694566502 -372362
1558694571870 -373472
1558694572853 -374455
1558694574819 -376420
1558694575091 -380950
1558694575094 -380952
1558694577035 -382893
1558694585653 -387253
1558694596298 -345400
1558694601214 -350316
1558694602204 -353086
1558694603182 -352283
1558694613904 -364785
1558694614829 -363929
1558694614831 -363931
1558694621709 -370808
1558694630563 -352517
1558694633234 -357808
1558694651583 -376154
1558694662727 -384677
1558694663107 -387677
1558694663710 -385660
1558694665668 -387617
1558694666650 -388599
1558694669603 -391552
1558694669931 -394499
1558694672551 -394499
1558694679450 -347793
1558694680423 -348766
1558694681621 -352102
1558694688290 -358770
1558694693207 -363687
1558694697053 -367532
1558694697053 -367532
1558694699974 -370453
1558694702881 -371221
1558694704873 -373212
1558694705816 -376294
1558694706828 -375167
1558694707806 -376145
1558694709603 -377942
1558694722592 -341242
1558694724436 -368759
1558694728532 -347182
1558694730393 -349042
1558694736991 -355639
1558694749779 -368426
