1558693128388 -3654
1558693130318 -5178
1558693133797 -15245
1558693141057 -15917
1558693141574 -23021
1558693142964 -17824
1558693143500 -15426
1558693146418 -18344
1558693147369 -28816
1558693149217 -21143
1558693149217 -21143
1558693151237 -32682
1558693151265 -32710
1558693152166 -24092
1558693161393 -36252
1558693162761 -34139
1558693164660 -36038
1558693165562 -47007
1558693168035 -38346
1558693168418 -49863
1558693172514 -43892
1558693176148 -57569
1558693178158 -49536
1558693179034 -60455
1558693180031 -61452
1558693183417 -53728
1558693190980 -72401
1558693191914 -73335
1558693192545 -62855
1558693195137 -65447
1558693204644 -72531
1558693205078 -76455
1558693211735 -92975
1558693213440 -81327
1558693213440 -81327
1558693213729 -85070
1558693216632 -87973
1558693217347 -85234
1558693223369 -94708
1558693224032 -91919
1558693225277 -96616
1558693225278 -96617
1558693230125 -101464
1558693233963 -105302
1558693235755 -103642
1558693235844 -117083
1558693240631 -108518
1558693241598 -109484
1558693245351 -113237
1558693250299 -116654
1558693251212 -116270
1558693253170 -118228
1558693257940 -139175
1558693259037 -125391
1558693264906 -129963
1558693265674 -132028
1558693266851 -131908
1558693268635 -133692
1558693270591 -135648
1558693270591 -135648
1558693274414 -140577
1558693274505 -139562
1558693278988 -160222
1558693281006 -162233
1558693282340 -147396
1558693284124 -150285
1558693284291 -149347
1558693284885 -166111
1558693287785 -169011
1558693289631 -170857
1558693289785 -155946
1558693292568 -173794
1558693299762 -163165
1558693301202 -182428
1558693301438 -167598
1558693303384 -169544
1558693310526 -173928
1558693315543 -196769
1558693316819 -182977
1558693319731 -182641
1558693324586 -187496
1558693326159 -207321
1558693326528 -189438
1558693326986 -190386
1558693331385 -194295
1558693331860 -195260
1558693337732 -218891
1558693344496 -225652
1558693347743 -210651
1558693348333 -210737
1558693350303 -212707
1558693361172 -224080
1558693361882 -243012
1558693362807 -225210
1558693363792 -226195
1558693364663 -245793
1558693364663 -245793
1558693366020 -228626
1558693371452 -252562
1558693372409 -253519
1558693374532 -236935
1558693379257 -260354
1558693382140 -263230
1558693382376 -244978
1558693383115 -264202
1558693383318 -245721
1558693383344 -245946
1558693385284 -247886
1558693388051 -250454
1558693391139 -253741
1558693394887 -256938
1558693395574 -276647
1558693395574 -276647
1558693395896 -257947
1558693396935 -259537
1558693397823 -259874
1558693400437 -281508
1558693400753 -262804
1558693405731 -267781
1558693406336 -287373
1558693406549 -268586
1558693408581 -270631
1558693409396 -271433
1558693412903 -293939
1558693415819 -296841
1558693417171 -279208
1558693417203 -267586
1558693422091 -272473
1558693425989 -276370
1558693427474 -308486
1558693428921 -279302
1558693429640 -278446
1558693431563 -280369
1558693433740 -284120
1558693435751 -286131
1558693437094 -294429
1558693438422 -287227
1558693439396 -288201
1558693441475 -277290
1558693444810 -302144
1558693445178 -293982
1558693446751 -304085
1558693447113 -295917
1558693456141 -291954
1558693458247 -315579
1558693460534 -299682
1558693461827 -297639
1558693462476 -301623
1558693464421 -303568
1558693469902 -327233
1558693477673 -335002
1558693511431 -38
1558693511970 -577
1558693514186 -4444
1558693514925 -2494
1558693515159 -5417
1558693519784 -8390
1558693520760 -9366
1558693523670 -11239
1558693526610 -14179
1558693526610 -14179
1558693527781 -18039
1558693529527 -17096
1558693533451 -23709
1558693534345 -21914
1558693536129 -23698
1558693541143 -29749
1558693547814 -35382
1558693551872 -40478
1558693554573 -42141
1558693554808 -43414
1558693558560 -47163
1558693559525 -49779
1558693560510 -49113
1558693563153 -42800
1558693564175 -43822
1558693565398 -55652
1558693566057 -45704
1558693566381 -54984
1558693569304 -57907
1558693571257 -59860
1558693573206 -61809
1558693576134 -64737
1558693583676 -71946
1558693583815 -72418
1558693584787 -73390
1558693585346 -64991
1558693587331 -66975
1558693587786 -76388
1558693592153 -71797
1558693592455 -80724
1558693597317 -85585
1558693598238 -86506
1558693601386 -80510
1558693602127 -90395
1558693604900 -93168
1558693608779 -97046
1558693611017 -90140
1558693614326 -92109
1558693614942 -94065
1558693617515 -105782
1558693621410 -108410
1558693622063 -99845
1558693623367 -110367
1558693624004 -101786
1558693625661 -104783
1558693627898 -105679
1558693633315 -112436
1558693636778 -123777
1558693637439 -115220
1558693639381 -117162
1558693642296 -120076
1558693644066 -123187
1558693645046 -123340
1558693647152 -124932
1558693654674 -132968
1558693654755 -132535
1558693656701 -134481
1558693657594 -135862
1558693660897 -147889
1558693664792 -151784
1558693664792 -151784
1558693668368 -146636
1558693668668 -155660
1558693670610 -155133
1558693676114 -146795
1558693677246 -161769
1558693682177 -166699
1558693683724 -154404
1558693683813 -162078
1558693693444 -164123
1558693695717 -180236
1558693696525 -174789
1558693699440 -183959
1558693702017 -172696
1558693703197 -181461
1558693705149 -183413
1558693711991 -182222
1558693713678 -184356
1558693714011 -198529
1558693714659 -185337
1558693718839 -189070
1558693718867 -200095
1558693718867 -200095
1558693723723 -193953
1558693730065 -200743
1558693730449 -211677
1558693730470 -211698
1558693731337 -212565
1558693734251 -215479
1558693734252 -215480
1558693738253 -208482
1558693743097 -213326
1558693744567 -214287
1558693745544 -215264
1558693747476 -217196
1558693748799 -219027
1558693751612 -232840
1558693752556 -233784
1558693753148 -222868
1558693755087 -224807
1558693758971 -228691
1558693759358 -240586
1558693760317 -241545
1558693766733 -236452
1558693769333 -239560
1558693770625 -240344
1558693770851 -248423
1558693776292 -246011
1558693777263 -246982
1558693777656 -255227
1558693777959 -247787
1558693778952 -248780
1558693779205 -248924
1558693780178 -249897
1558693780601 -258172
1558693781871 -251681
1558693785454 -263025
1558693785786 -255596
1558693787739 -257549
1558693791641 -261451
1558693791642 -261452
1558693792650 -262460
1558693794040 -271611
1558693795610 -265268
1558693800562 -270220
1558693801355 -271165
1558693802372 -272182
1558693808265 -277923
1558693812143 -281801
1558693815010 -284819
1558693817180 -293890
1558693821107 -297817
1558693821691 -291349
1558693821691 -279530
1558693821748 -291406
1558693823045 -299754
1558693824989 -301698
1558693829366 -295684
1558693831312 -297630
1558693835631 -312340
1558693837140 -303457
1558693837568 -314277
1558693837568 -314277
1558693838221 -296058
1558693842121 -299957
1558693843792 -299796
1558693843924 -301760
1558693845913 -288144
1558693851771 -294001
1558693852977 -308768
1558693857369 -302625
1558693857589 -299818
1558693862508 -304736
1558693862522 -304750
1558693863250 -308505
1558693869417 -325204
1558693871159 -276603
1558693874697 -284517
1558693877954 -283397
1558693878074 -333858
1558693879903 -285346
1558693883823 -289265
1558693883903 -313638
1558693884877 -314611
1558693885393 -295212
1558693888311 -298129
1558693889263 -299081
1558693890654 -296095
1558693892451 -297892
1558693892979 -302796
1558693894420 -299861
1558693894929 -304746
1558693896350 -301791
1558693900822 -310638
1558693901924 -311740
1558693904573 -334305
1558693906906 -292362
1558693908498 -338230
1558693914920 -292196
1558693915718 -345449
1558693916121 -301576
1558693916653 -346384
1558693921000 -306454
1558693924403 -354095
1558693925831 -271075
1558693926502 -303776
1558693929416 -306690
1558693929730 -274973
1558693931228 -305948
1558693931254 -305974
1558693932175 -306894
1558693933623 -278866
1558693934939 -309658
1558693935549 -280792
1558693938834 -313552
1558693943910 -290232
1558693944891 -291213
1558693945087 -290328
1558693948003 -293244
1558693956614 -302935
1558693956737 -301977
1558693958576 -304897
1558693959575 -305896
1558693959575 -305896
1558693961996 -336711
1558693962978 -337692
1558693966222 -312542
1558693969166 -296871
1558693973661 -348371
1558693975032 -302736
1558693975615 -319558
1558693975994 -299031
1558693975994 -303698
1558693975997 -299034
1558693977945 -300982
1558693979917 -307620
1558693981881 -309584
1558693982229 -326171
1558693982792 -305828
1558693989024 -332965
1558693997369 -298847
1558693999160 -301700
1558693999328 -300806
1558694000675 -344615
1558694005162 -306639
1558694009061 -310537
1558694013166 -357104
1558694013815 -315291
1558694014129 -358067
1558694016457 -294991
1558694020650 -292207
1558694021324 -299857
1558694022279 -300812
1558694022285 -300818
1558694025235 -303768
1558694025792 -344414
1558694027460 -299015
1558694029417 -300972
1558694032427 -351048
1558694032430 -351051
1558694033415 -352036
1558694034764 -313295
1558694035715 -284516
1558694040210 -358830
1558694040210 -358830
1558694040985 -312539
1558694047391 -296190
1558694049928 -368547
1558694050887 -369505
1558694052668 -371286
1558694059833 -308630
1558694063395 -323908
1558694064269 -310541
1558694067205 -313477
1558694067259 -327772
1558694067598 -292169
1558694070154 -316426
1558694071144 -317415
1558694072160 -332672
1558694078765 -339276
1558694079095 -303665
1558694084634 -304671
1558694084634 -304671
1558694084910 -309479
1558694085594 -305631
1558694088793 -296897
1558694090737 -298840
1558694090741 -298844
1558694092353 -352861
1558694093335 -353843
1558694094301 -354808
1558694094392 -314428
1558694096237 -356744
1558694099482 -307584
1558694103195 -311297
1558694104219 -299017
1558694105159 -313260
1558694105171 -313272
1558694105858 -328028
1558694106136 -294010
1558694109272 -297145
1558694109853 -332022
1558694111119 -305916
1558694111956 -334125
1558694113835 -336004
1558694113970 -308766
1558694114097 -301969
1558694118657 -313452
1558694119635 -314430
1558694125501 -290217
1558694130235 -294058
1558694130895 -353061
1558694131205 -295028
1558694132174 -295996
1558694134133 -298848
1558694137997 -301818
1558694139643 -361808
1558694141941 -306655
1558694144793 -308614
1558694150176 -316422
1558694152403 -316223
1558694153095 -319340
1558694153392 -283535
1558694159233 -289375
1558694159921 -326165
1558694161149 -291291
1558694162115 -292257
1558694165708 -331952
1558694166218 -300805
1558694171844 -301983
1558694174049 -308635
1558694176527 -306665
1558694177497 -307635
1558694179152 -345394
1558694179155 -345397
1558694179439 -309577
1558694181686 -316271
1558694182101 -348342
1558694183326 -313463
1558694185962 -352203
1558694187213 -283491
1558694187213 -283491
1558694188875 -355114
1558694189869 -356108
1558694193727 -327176
1558694202163 -306787
1558694202656 -298932
1558694202695 -298971
1558694204374 -337821
1558694204407 -337854
1558694211331 -307606
1558694212995 -346441
1558694215804 -291278
1558694217215 -350661
1558694218036 -293510
1558694227462 -360906
1558694227694 -297928
1558694231538 -301771
1558694233205 -308677
1558694235221 -310693
1558694236211 -311682
1558694236455 -306687
1558694238187 -313658
1558694242289 -312520
1558694242925 -321386
1558694245902 -324363
1558694248923 -294264
1558694249940 -295280
1558694250757 -329217
1558694250757 -329217
1558694257633 -302972
1558694259583 -304922
1558694261412 -339870
1558694263339 -341797
1558694263534 -303881
1558694265497 -305844
1558694268321 -308667
1558694268512 -313850
1558694277062 -288561
1558694278828 -357283
1558694278831 -331729
1558694281755 -334653
1558694281943 -293441
1558694282730 -335627
1558694283016 -294470
1558694286951 -298404
1558694291871 -303324
1558694292528 -304024
1558694292856 -304309
1558694293324 -346220
1558694293324 -346220
1558694293841 -305294
1558694294478 -305974
1558694295465 -306961
1558694302546 -313997
1558694303097 -355992
1558694304073 -356968
1558694311098 -296540
1558694312870 -365763
1558694317796 -303237
1558694319556 -372448
1558694320055 -301384
1558694322024 -303353
1558694322498 -335377
1558694323467 -336346
1558694325419 -338298
1558694327548 -312988
1558694332266 -345144
1558694338943 -351820
1558694339722 -290924
1558694340899 -353776
1558694341878 -354755
1558694343499 -294701
1558694343499 -294701
1558694344819 -357695
1558694344987 -301485
1558694345799 -358675
1558694349415 -300616
1558694350398 -301599
1558694353614 -366489
1558694357263 -308463
1558694360220 -311419
1558694360658 -283355
1558694363164 -314363
1558694366149 -322917
1558694371856 -296806
1558694373980 -330747
1558694375780 -300729
1558694378731 -303680
1558694381789 -338555
1558694386632 -311580
1558694387490 -344255
1558694389447 -346212
1558694392543 -285448
1558694393334 -288345
1558694395278 -290288
1558694395313 -352077
1558694400194 -295203
1558694401172 -296181
1558694404248 -297152
1558694406090 -362853
1558694406202 -299105
1558694407177 -300080
1558694408053 -303061
1558694410041 -305049
1558694411773 -338612
1558694413999 -309007
1558694417937 -310837
1558694420607 -347445
1558694420711 -315718
1558694422652 -315551
1558694423625 -289494
1558694425592 -291461
1558694426432 -353269
1558694426565 -293380
1558694431442 -298256
1558694433402 -300215
1558694434442 -300310
1558694435195 -302008
1558694435450 -301318
1558694443130 -308997
1558694446065 -311931
1558694446065 -311931
1558694448757 -375591
1558694449739 -376573
1558694450977 -316842
1558694454929 -294569
1558694460421 -293445
1558694461405 -294429
1558694463359 -296382
1558694463596 -303233
1558694464273 -340933
1558694469218 -302240
1558694470158 -346817
1558694472445 -312078
1558694472445 -312078
1558694473423 -313056
1558694475395 -315027
1558694475395 -315027
1558694476044 -309065
1558694478345 -317976
1558694479721 -356379
1558694481755 -314776
1558694482739 -315760
1558694483271 -295716
1558694484603 -361260
1558694485672 -292595
1558694486660 -293583
1558694488015 -300459
1558694492933 -305377
1558694493912 -306356
1558694496870 -309313
1558694499352 -306273
1558694501220 -319105
1558694502271 -309192
1558694507677 -290880
1558694509857 -327741
1558694512431 -295633
1558694515386 -298588
1558694517346 -300547
1558694519307 -302508
1558694530555 -348436
1558694532359 -350240
1558694533221 -316421
1558694535226 -315990
1558694537133 -289197
1558694538058 -355937
1558694538103 -290167
1558694539793 -292775
1558694540976 -332711
1558694544947 -297010
1558694545700 -298681
1558694556499 -308560
1558694560303 -313282
1558694563269 -316248
1558694565338 -317398
1558694569230 -291197
1558694570155 -361886
1558694571165 -293132
1558694572094 -363825
1558694573068 -295946
1558694574095 -296061
1558694578817 -300782
1558694579745 -371475
1558694582726 -374455
1558694584708 -307582
1558694587668 -310541
1558694589619 -312491
1558694595526 -318396
1558694596378 -331931
1558694598367 -291182
1558694598368 -291183
1558694600448 -293010
1558694602079 -337631
1558694605041 -297855
1558694608944 -301757
1558694609128 -301689
1558694609919 -302732
1558694613832 -306644
1558694615038 -307599
1558694617749 -310561
1558694619671 -355220
1558694623422 -358970
1558694628811 -291054
1558694633192 -334750
1558694633214 -292152
1558694633219 -292157
1558694635514 -297756
1558694641019 -342576
1558694641019 -342576
1558694641039 -299976
1558694642973 -344530
1558694643382 -305623
1558694648679 -350235
1558694653214 -315454
1558694654531 -313466
1558694656501 -358056
1558694656982 -292789
1558694656982 -292789
1558694659432 -360986
1558694659931 -295737
1558694661379 -362933
1558694664335 -289226
1558694664344 -365898
1558694668785 -304590
1558694674907 -320320
1558694676649 -312453
1558694676866 -322279
1558694680775 -305664
1558694680783 -326195
1558694681397 -317201
1558694683748 -329159
1558694686655 -332066
1558694693535 -288302
1558694693557 -338967
1558694695479 -290246
1558694697145 -303828
1558694700167 -345576
1558694702040 -308723
1558694702122 -347531
1558694702863 -309545
1558694705032 -299799
1558694705806 -312488
1558694706007 -300774
1558694706789 -313471
1558694710727 -317409
1558694713821 -308588
1558694713821 -308588
1558694713822 -308589
1558694718585 -331951
1558694718585 -331951
1558694719580 -295958
1558694722756 -336121
1558694725685 -339050
1558694726630 -303007
1558694729489 -342853
1558694732289 -308665
1558694734184 -298994
1558694734224 -347587
1558694737148 -350511
1558694738079 -302888
1558694742987 -307796
1558694744766 -309574
1558694744796 -358158
1558694747696 -312504
1558694747934 -299885
1558694751650 -365011
1558694751654 -365015
1558694751698 -303649
1558694754649 -306600
1558694759415 -295075
1558694762512 -314461
1558694767424 -296892
1558694773907 -309565
1558694776834 -312492
1558694777813 -313471
1558694781030 -310493
1558694783679 -289227
1558694785945 -315406
1558694789878 -289077
