1558693128590 -3634
1558693132468 -7512
1558693136464 -11508
1558693138393 -13437
1558693142319 -17363
1558693156786 -31829
1558693168494 -42156
1558693174235 -47897
1558693178090 -51752
1558693181040 -54702
1558693194781 -68443
1558693202344 -76005
1558693214070 -87679
1558693225671 -99279
1558693232502 -106109
1558693237392 -110999
1558693238383 -111990
1558693240324 -113931
1558693244076 -117683
1558693246023 -119630
1558693250908 -124515
1558693253852 -127459
1558693258736 -132343
1558693258743 -132350
1558693260670 -134277
1558693301398 -174982
1558693311179 -181066
1558693315908 -185795
1558693315908 -185795
1558693315914 -185801
1558693320783 -190669
1558693322738 -192624
1558693335468 -205354
1558693341194 -211080
1558693353857 -223743
1558693357788 -226268
1558693359738 -228218
1558693378139 -246618
1558693380094 -248573
1558693382052 -250531
1558693383035 -251514
1558693387765 -256244
1558693388732 -257211
1558693389713 -258192
1558693389719 -258198
1558693403420 -269478
1558693407291 -273349
1558693409243 -275301
1558693417902 -283960
1558693428650 -283059
1558693429616 -284024
1558693436407 -290814
1558693448016 -302422
1558693451934 -306339
1558693475212 -306503
1558693479121 -310412
1558693482871 -314161
1558693483846 -315136
1558693483846 -315136
1558693487754 -319044
1558693488732 -320021
1558693496552 -327840
1558693505348 -336635
1558693516461 -6837
1558693518385 -8761
1558693519366 -9742
1558693523313 -13688
1558693526061 -16436
1558693528999 -19374
1558693535866 -26241
1558693540758 -31133
1558693549514 -39889
1558693556193 -46568
1558693565023 -53216
1558693565023 -53216
1558693565953 -54146
1558693574590 -62782
1558693594180 -82372
1558693601799 -89989
1558693602779 -90969
1558693614545 -101637
1558693632919 -120011
1558693647404 -134495
1558693649362 -136453
1558693653274 -140365
1558693660111 -147198
1558693669744 -156831
1558693694028 -178465
1558693700857 -185293
1558693702811 -187247
1558693705752 -190188
1558693712585 -197020
1558693719255 -203689
1558693733932 -218365
1558693736904 -221337
1558693739788 -224221
1558693740604 -225037
1558693747440 -231856
1558693794055 -275925
1558693794055 -275925
1558693798024 -279894
1558693803913 -285783
1558693804823 -286617
1558693806798 -288592
1558693813457 -295251
1558693815417 -297211
1558693817381 -299174
1558693819326 -301119
1558693821316 -303109
1558693826120 -307913
1558693840653 -302692
1558693842575 -304614
1558693844558 -306597
1558693857251 -319288
1558693870805 -332840
1558693872739 -334774
1558693882506 -334691
1558693883327 -335512
1558693903210 -355392
1558693905086 -357267
1558693907010 -359191
1558693912634 -364814
1558693913595 -365775
1558693921285 -373463
1558693927146 -329243
1558693927146 -329243
1558693941640 -343731
1558693942630 -344720
1558693946539 -348628
1558693949468 -351556
1558693950454 -352541
1558693957146 -359224
1558693959086 -361164
1558693974737 -340766
1558693975707 -341736
1558693982368 -348361
1558693988238 -354231
1558694001760 -367753
1558694002739 -368732
1558694003718 -369711
1558694008599 -374592
1558694010556 -376548
1558694024303 -341542
1558694034838 -352076
1558694040704 -357941
1558694044671 -361907
1558694051303 -368537
1558694054240 -371473
1558694062054 -330051
1558694062054 -330051
1558694071855 -339851
1558694072828 -340824
1558694085336 -353330
1558694096904 -364896
1558694101789 -343562
1558694112755 -354526
1558694126072 -367841
1558694128012 -369781
1558694132895 -374662
1558694133885 -375652
1558694135827 -377593
1558694142672 -332913
1558694148402 -338642
1558694154526 -344765
1558694155399 -345638
1558694159166 -349405
1558694167919 -358157
1558694172672 -362909
1558694191283 -355258
1558694194984 -358958
1558694210637 -374609
1558694212596 -376568
1558694224329 -388299
1558694230983 -345153
1558694233919 -348089
1558694235987 -350157
1558694248758 -362926
1558694256389 -370556
1558694275903 -339658
1558694283754 -347509
1558694285723 -349477
1558694292455 -356208
1558694297363 -361116
1558694316878 -339099
1558694324741 -346961
1558694336391 -358609
1558694336399 -358617
1558694342272 -364490
1558694343290 -365508
1558694348194 -370411
1558694351127 -373343
1558694358993 -333587
1558694371629 -346221
1558694375547 -350138
1558694377513 -352104
1558694389149 -363739
1558694399974 -374562
1558694411607 -352426
1558694414680 -355499
1558694418671 -359489
1558694423415 -364233
1558694428326 -369143
1558694437992 -378808
1558694440950 -381765
1558694441946 -382761
1558694449801 -336202
1558694457494 -343894
1558694460450 -346850
1558694465393 -351792
1558694479956 -366352
1558694479964 -366360
1558694484875 -371269
1558694493725 -349726
1558694497686 -353686
1558694501595 -357594
1558694503408 -359407
1558694509288 -365286
1558694513255 -369253
1558694524046 -380042
1558694526065 -382061
1558694528995 -384990
1558694538624 -338577
1558694546505 -346457
1558694555205 -355156
1558694567985 -367934
1558694572877 -372826
1558694573861 -345787
1558694579620 -351545
1558694580590 -352515
1558694590420 -362344
1558694599111 -371033
1558694602063 -373985
1558694603050 -374972
1558694616821 -336965
1558694628454 -348596
1558694630426 -350568
1558694639281 -359422
1558694641260 -361401
1558694651904 -372043
1558694657791 -377929
1558694657791 -377929
1558694662725 -351899
1558694664689 -353862
1558694674351 -363523
1558694708612 -337570
1558694725426 -354382
1558694740918 -369870
1558694742714 -371665
1558694744677 -373628
1558694751564 -353327
