1558693135032 -10309
1558693136385 -10921
1558693139284 -13820
1558693141218 -15753
1558693141884 -9366
1558693141911 -9393
1558693146754 -14236
1558693148344 -23328
1558693148344 -23328
1558693149323 -24307
1558693149557 -17039
1558693150336 -25320
1558693158168 -33151
1558693158228 -25710
1558693158228 -25710
1558693159201 -26683
1558693159565 -34100
1558693162423 -36958
1558693162931 -37914
1558693162931 -37914
1558693162931 -37914
1558693163971 -31453
1558693164340 -34813
1558693164866 -39849
1558693169191 -39664
1558693173765 -41246
1558693174862 -45335
1558693177577 -45014
1558693177582 -45019
1558693180356 -47793
1558693180363 -47800
1558693180708 -51181
1558693181688 -52161
1558693186212 -61194
1558693186285 -53722
1558693189467 -56904
1558693194017 -68998
1558693196664 -71645
1558693198886 -66321
1558693201704 -69139
1558693202678 -70113
1558693205867 -76339
1558693206360 -76061
1558693206437 -73872
1558693208338 -75773
1558693210286 -77721
1558693210644 -81101
1558693216128 -83563
1558693219047 -86482
1558693221956 -89391
1558693221963 -89398
1558693223117 -93574
1558693225020 -95476
1558693225020 -95476
1558693226563 -96264
1558693227007 -97463
1558693231862 -99346
1558693232824 -100308
1558693233449 -100883
1558693238334 -105768
1558693240275 -102686
1558693240633 -108117
1558693241113 -110813
1558693241596 -109080
1558693242902 -112602
1558693243228 -105639
1558693243863 -113551
1558693243863 -112402
1558693244202 -106613
1558693245175 -107586
1558693248093 -110503
1558693253789 -116199
1558693254752 -117162
1558693254752 -117162
1558693256725 -119135
1558693258676 -121086
1558693259653 -122063
1558693261963 -129402
1558693262579 -124989
1558693262939 -130378
1558693263572 -125982
1558693264523 -126933
1558693265500 -127910
1558693265872 -133311
1558693270110 -138648
1558693272055 -140593
1558693272342 -134752
1558693276464 -143903
1558693277095 -139505
1558693277944 -146482
1558693280963 -149501
1558693281062 -143472
1558693281062 -143472
1558693281918 -150456
1558693282011 -144421
1558693282968 -145378
1558693283326 -148600
1558693286139 -148026
1558693286423 -151697
1558693287324 -152598
1558693287899 -149786
1558693290567 -155103
1558693291517 -156053
1558693291844 -153731
1558693292802 -154689
1558693292974 -158247
1558693300381 -162268
1558693306229 -168116
1558693309549 -174821
1558693311507 -176779
1558693313470 -178742
1558693314051 -175938
1558693315032 -176919
1558693318651 -183157
1558693319626 -184132
1558693319626 -184132
1558693320894 -182781
1558693321581 -186087
1558693324042 -189313
1558693324637 -186524
1558693325615 -187502
1558693325615 -187502
1558693326594 -188481
1558693326594 -188481
1558693328545 -190432
1558693333438 -194296
1558693335260 -199765
1558693336238 -200743
1558693339993 -204498
1558693340300 -201157
1558693341287 -202144
1558693343891 -208396
1558693344432 -207658
1558693348925 -209782
1558693349329 -212555
1558693350784 -215289
1558693353669 -217178
1558693354776 -215633
1558693355765 -216622
1558693360640 -221497
1558693362307 -225816
1558693362624 -223481
1558693364259 -227768
1558693364259 -227768
1558693366213 -229722
1558693366525 -227381
1558693367192 -230701
1558693367697 -230923
1558693368481 -229337
1558693368717 -231943
1558693369657 -232883
1558693372080 -235589
1558693375140 -235996
1558693375523 -238749
1558693377945 -241454
1558693378075 -238931
1558693378925 -242434
1558693379050 -239906
1558693380025 -240881
1558693381005 -241861
1558693382361 -245564
1558693385906 -246762
1558693386108 -249311
1558693389069 -252272
1558693390799 -251361
1558693391775 -252337
1558693391775 -252337
1558693391775 -252337
1558693394523 -255084
1558693399409 -259970
1558693402352 -262913
1558693405212 -260583
1558693406340 -266901
1558693407232 -267793
1558693407642 -270104
1558693407642 -270104
1558693409064 -264434
1558693409189 -269750
1558693409189 -269750
1558693409906 -265276
1558693412809 -268179
1558693416256 -278717
1558693418675 -274044
1558693420776 -274896
1558693423156 -282860
1558693427470 -276145
1558693429553 -283669
1558693429932 -289634
1558693430410 -279084
1558693430916 -290618
1558693433865 -293566
1558693439386 -283992
1558693441512 -289745
1558693443010 -291682
1558693443112 -287718
1558693444904 -284788
1558693446401 -294633
1558693446975 -291580
1558693452724 -292607
1558693453709 -293592
1558693455676 -295559
1558693455764 -289690
1558693456630 -296512
1558693456969 -293603
1558693459690 -293615
1558693459897 -296531
1558693465759 -302392
1558693516241 -4475
1558693516243 -4477
1558693520880 -7424
1558693521891 -8435
1558693522104 -10337
1558693523818 -10362
1558693525040 -13273
1558693526804 -4458
1558693527781 -5435
1558693528755 -15298
1558693528763 -6417
1558693528763 -6417
1558693529685 -16228
1558693529738 -7392
1558693530716 -8370
1558693530716 -8370
1558693530901 -19134
1558693532957 -21190
1558693536364 -22906
1558693536592 -14245
1558693537344 -23886
1558693537584 -25817
1558693541475 -19128
1558693541498 -29731
1558693546137 -32678
1558693546138 -32679
1558693546371 -34604
1558693547173 -24805
1558693548332 -36565
1558693549301 -37447
1558693550277 -38423
1558693551022 -37562
1558693552061 -29693
1558693553966 -40506
1558693553969 -40509
1558693554015 -31647
1558693554938 -41478
1558693554994 -32626
1558693557925 -35557
1558693557925 -35557
1558693562818 -40449
1558693563798 -41429
1558693564843 -52989
1558693565538 -49140
1558693567705 -45336
1558693567705 -45336
1558693568682 -46313
1558693570644 -58788
1558693571461 -49092
1558693572453 -49605
1558693574394 -51546
1558693575531 -63675
1558693576344 -53496
1558693577252 -60853
1558693580417 -68561
1558693581234 -58386
1558693581235 -58387
1558693582211 -59363
1558693583940 -67541
1558693585147 -73291
1558693586953 -70554
1558693587933 -71511
1558693588123 -65275
1558693588123 -76267
1558693589083 -66235
1558693590050 -67202
1558693592828 -69980
1558693593954 -82098
1558693593954 -82098
1558693594759 -71911
1558693595684 -79262
1558693597627 -81204
1558693598668 -75819
1558693599579 -83156
1558693599581 -83158
1558693600627 -77778
1558693603718 -91862
1558693603718 -91862
1558693606513 -94657
1558693607458 -84609
1558693608453 -96597
1558693610410 -98553
1558693611154 -87223
1558693615278 -92429
1558693615278 -92429
1558693621889 -97957
1558693624889 -95685
1558693628735 -104802
1558693630762 -101558
1558693631737 -102532
1558693635454 -111521
1558693635653 -106448
1558693635658 -106453
1558693639325 -111039
1558693640371 -111166
1558693644273 -115067
1558693644273 -115067
1558693645252 -116046
1558693646396 -125638
1558693647141 -118855
1558693649162 -119955
1558693652033 -123746
1558693653068 -123861
1558693654044 -133285
1558693654047 -124840
1558693654048 -124841
1558693656002 -126795
1558693656751 -128464
1558693656979 -127772
1558693657959 -128752
1558693658706 -130418
1558693660663 -132375
1558693665776 -143964
1558693670665 -148853
1558693673672 -151860
1558693675579 -153767
1558693676303 -148014
1558693679316 -157504
1558693682285 -160473
1558693683202 -153925
1558693684196 -162382
1558693687921 -158644
1558693689093 -167278
1558693690068 -168253
1558693690856 -161579
1558693692755 -161692
1558693692811 -163533
1558693693790 -164512
1558693695686 -164623
1558693698866 -177051
1558693699602 -168538
1558693701618 -172340
1558693701618 -172340
1558693703577 -174299
1558693704570 -182755
1558693705547 -183732
1558693709474 -179776
1558693711396 -182118
1558693712198 -182920
1558693712199 -182921
1558693713384 -183686
1558693716120 -186842
1558693719226 -189528
1558693719979 -188914
1558693720032 -188331
1558693721976 -190275
1558693724916 -193214
1558693727624 -196558
1558693729822 -198120
1558693732748 -203049
1558693734720 -205020
1558693736472 -204770
1558693736472 -204770
1558693737446 -206380
1558693737665 -207965
1558693738419 -207353
1558693741360 -209657
1558693748150 -216453
1558693749127 -217430
1558693750170 -218467
1558693750192 -220491
1558693753852 -222155
1558693755807 -224110
1558693759956 -229732
1558693762702 -230999
1558693762890 -232666
1558693762893 -232669
1558693764658 -232961
1558693766574 -234877
1558693766616 -234913
1558693767584 -235881
1558693768518 -236821
1558693769492 -237795
1558693769542 -237839
1558693770721 -240497
1558693771504 -239801
1558693773493 -243269
1558693774243 -242546
1558693776424 -246200
1558693777154 -245457
1558693779319 -247615
1558693780328 -250104
1558693781315 -251091
1558693786185 -255961
1558693787950 -256119
1558693789121 -258897
1558693790879 -259048
1558693792059 -261835
1558693793055 -262830
1558693797806 -267581
1558693801758 -269927
1558693801797 -271572
1558693802731 -272506
1558693807634 -277409
1558693809350 -272863
1558693809403 -275749
1558693810523 -278419
1558693810545 -278441
1558693811300 -277645
1558693813247 -279592
1558693816150 -270932
1558693816158 -270940
1558693817347 -285243
1558693822983 -277715
1558693825955 -293851
1558693829809 -284540
1558693830580 -282442
1558693830625 -285356
1558693834548 -286409
1558693834578 -289309
1558693834766 -294928
1558693835511 -290242
1558693838444 -277501
1558693839422 -278479
1558693840360 -292220
1558693841336 -293196
1558693843337 -282394
1558693845249 -297108
1558693845289 -284345
1558693845289 -284345
1558693848035 -299894
1558693852140 -279688
1558693858818 -286365
1558693863736 -291282
1558693863924 -324081
1558693864895 -325051
1558693865680 -293226
1558693869474 -304850
1558693869686 -279608
1558693871576 -331732
1558693872300 -307675
1558693872498 -282420
1558693879197 -289117
1558693879392 -298976
1558693882112 -292032
1558693885037 -294956
1558693888188 -307771
1558693888909 -298078
1558693889922 -279533
1558693893840 -283451
1558693898718 -288328
1558693898787 -318369
1558693900808 -320390
1558693901750 -291359
1558693906870 -296479
1558693907846 -297546
1558693907846 -327427
1558693909629 -299165
1558693910623 -300323
1558693911470 -301006
1558693912398 -301934
1558693912649 -332228
1558693916210 -335787
1558693919089 -295176
1558693920120 -339696
1558693921045 -297131
1558693921093 -340668
1558693923000 -299086
1558693928657 -289334
1558693931636 -292313
1558693932613 -308698
1558693932616 -308701
1558693933805 -322014
1558693935752 -323961
1558693937500 -313584
1558693942184 -302859
1558693945107 -305782
1558693950049 -301867
1558693951948 -291144
1558693954165 -342371
1558693959829 -311646
1558693960762 -299957
1558693960762 -299957
1558693961023 -349229
1558693961999 -350205
1558693963679 -302873
1558693964716 -301847
1558693965477 -304671
1558693965690 -302821
1558693966445 -305639
1558693967642 -304772
1558693970576 -307706
1558693976278 -313407
1558693976278 -313407
1558693976280 -313409
1558693976280 -313409
1558693977203 -294172
1558693978182 -295151
1558693980394 -319357
1558693982151 -300849
1558693982347 -321310
1558693983137 -301835
1558693984046 -301014
1558693985080 -303778
1558693986007 -302975
1558693987031 -305729
1558693987080 -326042
1558693991725 -308692
1558693991733 -308700
1558693994635 -311602
1558693995883 -334844
1558693996867 -335828
1558693998542 -296012
1558693998809 -337770
1558693999573 -318269
1558694000499 -297968
1558694000763 -339723
1558694002512 -296979
1558694002717 -341677
1558694003491 -297958
1558694003693 -342653
1558694007612 -346572
1558694008584 -347543
1558694010331 -304797
1558694010331 -304797
1558694010381 -349340
1558694012063 -309531
1558694012277 -306743
1558694014296 -353255
1558694014296 -353255
1558694016187 -310652
1558694017160 -311625
1558694017926 -315393
1558694018195 -307726
1558694018909 -289276
1558694020091 -314556
1558694020160 -309690
1558694024890 -290207
1558694025806 -291123
1558694026782 -292098
1558694026988 -316517
1558694030709 -296025
1558694031699 -297015
1558694036546 -301861
1558694037523 -302838
1558694037523 -302838
1558694038501 -303816
1558694039493 -304808
1558694041516 -331044
1558694043499 -333026
1558694046109 -291239
1558694047088 -292218
1558694049326 -338852
1558694055886 -301013
1558694056909 -298890
1558694057140 -346665
1558694062579 -307703
1558694063555 -308678
1558694065714 -307692
1558694065714 -307692
1558694066480 -311602
1558694066480 -311602
1558694067730 -357251
1558694069457 -311434
1558694074296 -289299
1558694074340 -286391
1558694074573 -304844
1558694080162 -295164
1558694082155 -294205
1558694082159 -294209
1558694082159 -294209
1558694084132 -296182
1558694086155 -316425
1558694086848 -301849
1558694091929 -303978
1558694093962 -324231
1558694094694 -306742
1558694096620 -311619
1558694097876 -328144
1558694098854 -329122
1558694099828 -330096
1558694101510 -291233
1558694102552 -314599
1558694102563 -314610
1558694106544 -336811
1558694108367 -298088
1558694108571 -338838
1558694110679 -306061
1558694111687 -307068
1558694111687 -307068
1558694112627 -308008
1558694117014 -312394
1558694117993 -313373
1558694118268 -348532
1558694118968 -314348
1558694118970 -314350
1558694120193 -350456
1558694121182 -351445
1558694122863 -312583
1558694126783 -296161
1558694126786 -296164
1558694128739 -298116
1558694132468 -293090
1558694135577 -304953
1558694135578 -304954
1558694136557 -305933
1558694140567 -310713
1558694141291 -301912
1558694143207 -303828
1558694143239 -312614
1558694144180 -304800
1558694144476 -314621
1558694147414 -317559
1558694148405 -318550
1558694150334 -320479
1558694153120 -323264
1558694153120 -323264
1558694154978 -290032
1558694156950 -292004
1558694157011 -292064
1558694158943 -306809
1558694161809 -309674
1558694173384 -321247
1558694175590 -345729
1558694178352 -348490
1558694179332 -349470
1558694182181 -312472
1558694186082 -316373
1558694191817 -300951
1558694192779 -298946
1558694197985 -319973
1558694198688 -304854
1558694199650 -305816
1558694205581 -311746
1558694207659 -329646
1558694211185 -317309
1558694212430 -334416
1558694212431 -334417
1558694215114 -296235
1558694220174 -301294
1558694221551 -343536
1558694223211 -304331
1558694225999 -347983
1558694226640 -307759
1558694226873 -314475
1558694226985 -348969
1558694227848 -315450
1558694228812 -295227
1558694232476 -313594
1558694235573 -301987
1558694236492 -302906
1558694236492 -302906
1558694236755 -322929
1558694237495 -303909
1558694238395 -293249
1558694238696 -324870
1558694243346 -309759
1558694244327 -310740
1558694244625 -330798
1558694246324 -301177
1558694247297 -302150
1558694247297 -313710
1558694247591 -333764
1558694248327 -314740
1558694248327 -303180
1558694249262 -304115
1558694250275 -316651
1558694252233 -318609
1558694254048 -320423
1558694255045 -321420
1558694256144 -342315
1558694258741 -325116
1558694260697 -301823
1558694261678 -302804
1558694262099 -348270
1558694262712 -297998
1558694263689 -298975
1558694264608 -305733
1558694265592 -306717
1558694265655 -300941
1558694267576 -308701
1558694268665 -303950
1558694268983 -355152
1558694270668 -305953
1558694274450 -315574
1558694275339 -310621
1558694278359 -319482
1558694279606 -313878
1558694280332 -299126
1558694282212 -295190
1558694282558 -316829
1558694284179 -297156
1558694286148 -299125
1558694287038 -305831
1558694290390 -324660
1558694291951 -310743
1558694291952 -310744
1558694292371 -326641
1558694292933 -311725
1558694293349 -327619
1558694293917 -312709
1558694294029 -307005
1558694297785 -310761
1558694300809 -300226
1558694301727 -314702
1558694303765 -303182
1558694303765 -303182
1558694304759 -304175
1558694317354 -316769
1558694317354 -316769
1558694320552 -354817
1558694321289 -320703
1558694322281 -292571
1558694324183 -312920
1558694324240 -294530
1558694326206 -296496
1558694329101 -317838
1558694330166 -300454
1558694330178 -300466
1558694331942 -302229
1558694333036 -295682
1558694333350 -312178
1558694333910 -304197
1558694338836 -309122
1558694342194 -321019
1558694343747 -313891
1558694344732 -314876
1558694344836 -307481
1558694345985 -324808
1558694349654 -319798
1558694350580 -313224
1558694350883 -329705
1558694353594 -296688
1558694359423 -291965
1558694360770 -339586
1558694362379 -294920
1558694365634 -344448
1558694366202 -309294
1558694366632 -345446
1558694367187 -310279
1558694372124 -315215
1558694372124 -315215
1558694374364 -353175
1558694377277 -356086
1558694377277 -356086
1558694378825 -321871
1558694381200 -312455
1558694384726 -300602
1558694386121 -317375
1558694387676 -303552
1558694392600 -308475
1558694394560 -310435
1558694395499 -297904
1558694395821 -327074
1558694396778 -328031
1558694397516 -313390
1558694398498 -314372
1558694405686 -336938
1558694407183 -307579
1558694407627 -338878
1558694410261 -312664
1558694412528 -343779
1558694415239 -317641
1558694415336 -317738
1558694417201 -317595
1558694424889 -325282
1558694427790 -304921
1558694429065 -360312
1558694431609 -303810
1558694431611 -303812
1558694431724 -308855
1558694432010 -303024
1558694432588 -304789
1558694435567 -307767
1558694438535 -310735
1558694438655 -315785
1558694444349 -295239
1558694445377 -291301
1558694446359 -292283
1558694446603 -317615
1558694447300 -298190
1558694454060 -299983
1558694454185 -305074
1558694456026 -301949
1558694464053 -314941
1558694466887 -312129
1558694467146 -338155
1558694469065 -340074
1558694470079 -341088
1558694472740 -317981
1558694474544 -319785
1558694475952 -346959
1558694476507 -321747
1558694476508 -321748
1558694476937 -347944
1558694479597 -297622
1558694480443 -302141
1558694483525 -301550
1558694485792 -356796
1558694485795 -356798
1558694487455 -305480
1558694496447 -334414
1558694498423 -336389
1558694501926 -300344
1558694505314 -343279
1558694507311 -345276
1558694513684 -306374
1558694517648 -316064
1558694518907 -356871
1558694521586 -319961
1558694527650 -320338
1558694528683 -321371
1558694528973 -366935
1558694530943 -368905
1558694531658 -301886
1558694532861 -370822
1558694535278 -305505
1558694541053 -303670
1558694541094 -311319
1558694542344 -326937
1558694548916 -311532
1558694549231 -333823
1558694549780 -295718
1558694555155 -339747
1558694555674 -301611
1558694555676 -301613
1558694557768 -320383
1558694559755 -292126
1558694559908 -344499
1558694561677 -307614
1558694562900 -347491
1558694564567 -310503
1558694565572 -311508
1558694566463 -298833
1558694566839 -351429
1558694572387 -304756
1558694573350 -305719
1558694574340 -306709
1558694578155 -307612
1558694579146 -308603
1558694583097 -312554
1558694583112 -312569
1558694584391 -322165
1558694585366 -323140
1558694586011 -315467
1558694587941 -320308
1558694587975 -317431
1558694591180 -328953
1558694592164 -329937
1558694600598 -306639
1558694606915 -344686
1558694607736 -345507
1558694608724 -346494
1558694610397 -312609
1558694610694 -348464
1558694611466 -296078
1558694614370 -298982
1558694616587 -354356
1558694620098 -304709
1558694621080 -305691
1558694624466 -362233
1558694625147 -293098
1558694625149 -293100
1558694626987 -311597
1558694627411 -305878
1558694629935 -314545
1558694631063 -299013
1558694631908 -316517
1558694634840 -302789
1558694636843 -296048
1558694637073 -315539
1558694637074 -315540
1558694641021 -319486
1558694643680 -311628
1558694643964 -322429
1558694644526 -303729
1558694646487 -305690
1558694647476 -306679
1558694648459 -307662
1558694648868 -327332
1558694649856 -328320
1558694652533 -320480
1558694653524 -291149
1558694653529 -291153
1558694654364 -313566
1558694656463 -294087
1558694658270 -295894
1558694660264 -319465
1558694660516 -338979
1558694662475 -340937
1558694663460 -341922
1558694664209 -304404
1558694668951 -309146
1558694671894 -312088
1558694672877 -313071
1558694674842 -315036
1558694676243 -354700
1558694676821 -317015
1558694676956 -314574
1558694677807 -318001
1558694678816 -319009
1558694685678 -301925
1558694688615 -304862
1558694689429 -305676
1558694689845 -311593
1558694692432 -308678
1558694694444 -310690
1558694697317 -313563
1558694701242 -317487
1558694701651 -323398
1558694702354 -313384
1558694704221 -320466
1558694706166 -300900
1558694707147 -301881
1558694712061 -306794
1558694712061 -306794
1558694712061 -306794
1558694715253 -336998
1558694716820 -311551
1558694716959 -295068
1558694717799 -312529
1558694720837 -315566
1558694722076 -300185
1558694722937 -317666
1558694723451 -345194
1558694723452 -345195
1558694723946 -318675
1558694725077 -303186
1558694727832 -304874
1558694728992 -350734
1558694729816 -306858
1558694729817 -307925
1558694732822 -354562
1558694735544 -312585
1558694736725 -358464
1558694739680 -361418
1558694740249 -317289
1558694740405 -288192
1558694742219 -319259
1558694743206 -320246
1558694745581 -310578
1558694746580 -311577
1558694747149 -301735
1558694749108 -303694
1558694749111 -303697
1558694751070 -305656
1558694752297 -317291
1558694753013 -300798
1558694753997 -301782
1558694754977 -302762
1558694755993 -310578
1558694758960 -313544
1558694759186 -324178
1558694760874 -308658
1558694761722 -316306
1558694761856 -309640
1558694765082 -330072
1558694765659 -320242
1558694765659 -320242
1558694769018 -334006
1558694770002 -334990
1558694770574 -303680
1558694772541 -305647
1558694772954 -337941
1558694774509 -307615
1558694774509 -307615
1558694775617 -293082
1558694784307 -301771
1558694784307 -301771
1558694784344 -317448
1558694784345 -317449
1558694786274 -303738
1558694787130 -320234
1558694787130 -320234
1558694788114 -298824
1558694789098 -299808
1558694791067 -301777
1558694791067 -301777
1558694791476 -356457
1558694791476 -356457
1558694793443 -358423
1558694796967 -307674
1558694796968 -307675
1558694797951 -308658
1558694801887 -312593
1558694802872 -313578
1558694804837 -315543
1558694807789 -318494
1558694808773 -293088
1558694812544 -296858
1558694812544 -296858
1558694818441 -302755
