1558693133751 -2033
1558693134620 -10560
1558693135772 -4054
1558693143486 -11768
1558693145331 -21271
1558693147378 -15660
1558693147998 -23937
1558693152916 -28855
1558693153255 -21537
1558693162636 -38011
1558693168409 -43784
1558693171206 -46581
1558693174119 -49494
1558693186041 -48268
1558693186812 -62186
1558693187192 -49419
1558693198287 -71893
1558693200615 -62841
1558693215795 -89399
1558693217088 -79314
1558693217763 -91367
1558693218575 -92178
1558693223459 -97062
1558693225924 -87956
1558693228662 -90694
1558693229317 -102920
1558693232573 -94604
1558693233225 -106827
1558693233552 -95583
1558693234207 -107809
1558693238114 -111715
1558693240068 -113113
1558693241045 -114090
1558693242857 -115902
1558693246261 -107011
1558693259456 -132500
1558693260759 -121508
1558693263369 -136413
1558693263369 -136413
1558693264354 -137398
1558693266631 -127379
1558693270074 -143118
1558693277242 -137990
1558693280906 -152829
1558693281208 -141955
1558693282829 -154752
1558693287772 -159695
1558693291495 -163418
1558693300193 -172116
1558693302488 -163134
1558693307376 -168021
1558693312896 -184819
1558693314722 -186645
1558693315729 -187652
1558693318136 -178780
1558693321069 -181713
1558693321884 -182528
1558693335218 -206624
1558693335573 -196216
1558693336545 -197188
1558693341894 -213299
1558693347136 -206880
1558693347758 -219163
1558693350120 -209864
1558693350120 -209864
1558693352056 -211800
1558693356922 -216666
1558693363761 -223505
1558693378867 -250271
1558693380241 -239985
1558693381819 -253223
1558693390979 -250630
1558693395713 -255364
1558693403134 -257823
1558693405139 -259827
1558693406512 -266163
1558693409847 -264535
1558693409847 -264535
1558693410826 -265513
1558693413724 -268411
1558693416238 -266963
1558693419594 -264751
1558693422950 -273674
1558693424508 -269664
1558693424508 -269664
1558693428385 -273541
1558693431705 -269879
1558693433754 -271927
1558693442367 -280539
1558693445811 -281220
1558693450123 -277532
1558693510077 -64
1558693510575 -562
1558693516469 -6456
1558693517416 -7403
1558693518397 -8384
1558693519233 -3581
1558693524136 -8484
1558693524296 -14281
1558693526259 -16244
1558693528206 -18191
1558693529206 -19190
1558693530200 -20184
1558693531955 -16303
1558693534879 -19227
1558693544646 -34629
1558693545461 -29808
1558693553297 -37644
1558693555386 -44964
1558693560090 -49668
1558693561099 -34496
1558693565828 -39225
1558693570729 -44126
1558693572683 -46079
1558693574635 -48031
1558693574769 -64345
1558693581475 -54871
1558693581475 -54871
1558693586404 -75979
1558693587237 -60615
1558693595177 -82270
1558693597946 -71323
1558693600062 -87155
1558693601006 -88099
1558693602972 -90065
1558693611596 -98688
1558693623340 -110431
1558693626163 -97885
1558693629972 -117062
1558693638685 -110172
1558693638779 -125300
1558693642589 -114076
1558693643669 -130190
1558693644642 -131163
1558693652295 -138816
1558693662098 -148619
1558693665896 -137380
1558693668828 -140312
1558693668940 -155460
1558693670888 -157408
1558693676654 -148138
1558693677561 -164081
1558693677630 -149114
1558693687396 -171042
1558693690189 -159949
1558693697108 -180753
1558693704766 -188410
1558693706707 -190351
1558693707684 -191328
1558693714470 -184229
1558693719339 -189097
1558693720319 -190077
1558693720397 -204041
1558693721310 -191068
1558693723249 -193007
1558693724230 -193988
1558693725208 -194966
1558693730972 -212958
1558693730972 -212958
1558693732934 -214920
1558693742716 -224702
1558693745694 -227680
1558693746619 -228605
1558693750361 -232347
1558693753293 -235279
1558693754219 -223580
1558693755243 -237229
1558693761069 -230430
1558693765089 -247075
1558693766941 -236302
1558693773796 -243157
1558693775665 -255089
1558693778510 -247871
1558693779543 -250651
1558693780482 -249843
1558693783437 -250724
1558693784431 -255538
1558693791256 -262363
1558693792206 -242838
1558693794156 -244788
1558693795176 -245808
1558693798103 -248734
1558693801948 -264140
1558693806800 -268991
1558693808810 -271001
1558693812684 -274874
1558693815537 -266166
1558693817491 -268120
1558693821295 -270710
1558693823337 -273965
1558693825131 -260262
1558693830984 -266114
1558693835914 -276643
1558693837846 -272975
1558693838821 -273950
1558693839811 -280539
1558693840877 -281605
1558693847632 -282662
1558693857242 -289178
1558693861131 -276726
1558693865025 -280619
1558693865052 -271877
1558693876635 -283458
1558693877625 -284448
1558693882496 -284563
1558693882496 -289319
1558693888374 -290172
1558693893078 -299899
1558693893224 -295022
1558693895989 -297787
1558693896966 -298763
1558693896977 -291205
1558693910819 -305045
1558693910933 -305159
1558693912853 -288634
1558693916526 -292307
1558693919335 -281539
1558693933959 -296160
1558693935920 -298213
1558693949447 -311645
1558693951403 -285421
1558693961179 -301146
1558693962971 -296988
1558693962971 -296988
1558693963152 -303119
1558693966860 -300876
1558693966881 -306847
1558693966886 -306852
1558693967864 -307830
1558693975709 -297081
1558693990373 -280806
1558693991143 -299895
1558693994060 -302812
1558693994097 -284530
1558694001922 -292354
1558694004818 -313568
1558694011492 -291101
1558694017409 -278670
1558694021349 -282609
1558694024283 -285543
1558694027129 -306736
1558694028154 -289414
1558694032856 -312462
1558694032856 -312462
1558694041712 -298809
1558694042650 -299747
1558694043660 -278677
1558694043668 -278685
1558694048472 -305568
1558694050506 -285522
1558694052431 -287447
1558694054358 -311453
1558694055367 -290383
1558694055369 -290385
1558694059057 -286368
1558694061233 -296248
1558694062064 -297079
1558694066886 -294195
1558694066940 -301817
1558694069910 -304787
1558694074702 -302008
1558694078612 -305917
1558694079654 -295247
1558694086333 -281592
1558694092123 -293145
1558694097989 -299010
1558694098062 -293319
1558694099036 -294293
1558694099037 -294294
1558694105952 -301179
1558694112826 -313844
1558694113687 -314705
1558694115491 -316509
1558694115565 -286553
1558694127232 -298219
1558694128206 -299192
1558694131143 -302129
1558694134807 -301722
1558694138804 -292142
1558694139708 -306622
1558694139788 -293125
1558694139788 -293125
1558694141681 -308595
1558694141686 -308600
1558694142640 -309553
1558694143693 -297030
1558694153480 -285504
1558694154561 -287705
1558694157330 -290472
1558694163963 -297103
1558694165045 -296986
1558694170915 -302855
1558694171792 -304929
1558694171792 -304929
1558694173751 -306887
1558694177485 -310619
1558694179444 -312578
1558694181394 -314527
1558694182499 -295118
1558694184338 -317470
1558694188249 -287336
1558694198218 -281696
1558694208665 -307749
1558694210715 -294191
1558694211562 -310646
1558694213623 -297099
1558694215719 -299195
1558694218643 -288586
1558694219789 -289731
1558694223259 -293156
1558694230091 -283575
1558694232022 -285505
1558694233890 -303779
1558694236987 -290470
1558694236987 -290470
1558694242826 -312709
1558694249605 -289281
1558694250628 -290304
1558694255399 -295070
1558694255416 -286575
1558694255416 -286575
1558694259291 -298959
1558694259295 -290454
1558694264210 -303876
1558694268198 -307862
1558694275856 -315515
1558694278814 -284718
1558694282742 -288645
1558694291599 -297493
1558694292570 -302410
1558694296376 -306216
1558694296529 -302422
1558694300272 -310111
1558694306200 -316038
1558694314035 -298632
1558694320944 -288856
1558694321752 -306347
1558694321925 -289836
1558694322748 -307343
1558694323912 -291823
1558694327658 -312252
1558694328639 -313233
1558694331592 -316186
1558694332589 -276245
1558694336496 -295710
1558694341406 -300620
1558694341437 -285091
1558694343213 -302426
1558694351081 -310294
1558694353088 -296741
1558694356030 -299682
1558694357971 -287172
1558694358000 -301652
1558694360987 -304638
1558694361905 -291105
1558694362886 -292086
1558694365849 -295048
1558694376498 -305696
1558694377471 -306668
1558694378501 -296882
1558694387314 -316510
1558694396086 -301886
1558694396100 -301900
1558694398028 -303828
1558694398028 -303828
1558694398043 -303843
1558694398943 -301908
1558694401951 -307751
1558694408846 -295198
1558694416894 -303245
1558694419778 -306129
1558694420490 -298183
1558694422450 -308800
1558694426389 -288523
1558694429259 -306951
1558694433195 -310887
1558694435162 -312854
1558694437949 -315640
1558694439176 -301308
1558694443929 -306061
1558694444915 -282805
1558694446893 -284783
1558694449832 -287722
1558694454757 -292533
1558694455744 -293520
1558694460651 -298425
1558694461545 -309304
1558694465583 -278205
1558694472307 -284928
1558694479183 -291803
1558694482127 -294746
1558694485807 -301478
1558694488776 -304447
1558694490725 -306395
1558694497634 -313303
1558694500599 -301441
1558694500599 -301441
1558694504588 -291951
1558694506453 -307294
1558694515422 -302784
1558694522996 -297864
1558694523978 -298846
1558694540669 -287227
1558694542633 -289190
1558694545583 -292140
1558694545583 -292140
1558694550532 -297088
1558694553455 -300011
1558694559047 -308495
1558694564979 -314426
1558694566972 -316419
1558694570024 -297685
1558694572806 -292038
1558694572806 -292038
1558694581498 -300729
1558694587394 -306624
1558694589530 -293998
1558694590355 -309585
1558694590513 -294981
1558694594457 -298924
1558694595262 -314491
1558694596429 -300896
1558694599195 -318423
1558694600358 -280400
1558694601163 -294945
1558694601351 -281393
1558694602148 -295930
1558694603139 -296921
1558694605097 -298879
1558694605267 -285308
1558694605916 -299698
1558694605916 -299698
1558694607885 -301666
1558694608865 -302646
1558694613788 -307568
1558694614773 -308553
1558694617722 -311502
1558694627558 -294994
1558694637408 -291049
1558694640360 -294000
1558694643162 -310596
1558694644115 -311549
1558694645103 -312537
1558694647239 -300824
1558694662639 -304225
1558694671487 -313072
1558694679230 -289954
1558694679245 -289969
1558694684118 -294841
1558694690994 -301716
1558694694179 -295984
1558694695017 -305738
1558694699062 -300867
1558694701028 -302832
1558694707549 -289068
1558694708529 -290048
1558694713462 -294980
1558694717391 -298909
1558694717588 -302774
1558694719358 -300875
1558694719358 -300875
1558694726789 -289543
1558694729613 -292367
1558694732291 -295044
1558694734162 -296915
1558694735952 -287185
1558694738084 -300836
1558694738084 -300836
1558694740832 -292063
1558694746738 -297967
1558694747713 -298942
1558694751860 -289225
1558694759336 -310560
1558694764252 -315474
1558694765473 -280396
1558694767208 -288126
1558694770154 -291072
1558694773929 -294846
1558694774322 -289244
1558694774906 -295823
1558694777857 -298774
1558694779822 -300739
1558694780059 -294980
1558694781794 -302710
1558694783760 -304676
1558694785959 -300879
1558694789657 -310572
1558694790877 -286290
1558694791859 -287272
1558694794807 -290219
1558694805466 -300877
1558694808415 -281331
1558694809159 -304631
1558694814077 -309549
1558694816285 -289200
