1558693137683 -7812
1558693140791 -10759
1558693149917 -19884
1558693155931 -25898
1558693156966 -26933
1558693175243 -45154
1558693182354 -52264
1558693189763 -59673
1558693194491 -64272
1558693206016 -75797
1558693210790 -80570
1558693210790 -80570
1558693225101 -94703
1558693225102 -94704
1558693237599 -107200
1558693243509 -113110
1558693244342 -113943
1558693248288 -117889
1558693251987 -121588
1558693255968 -125568
1558693268451 -137843
1558693269247 -138639
1558693272119 -141511
1558693273104 -142496
1558693275965 -145357
1558693275965 -145357
1558693290420 -159811
1558693293328 -158718
1558693299150 -164540
1558693316363 -181753
1558693318312 -183702
1558693329867 -195256
1558693334551 -199933
1558693335512 -199431
1558693339353 -203271
1558693340344 -204262
1558693350052 -213970
1558693351935 -215853
1558693352871 -216789
1558693358543 -222461
1558693373010 -236927
1558693375892 -239809
1558693385385 -240523
1558693385386 -240524
1558693387312 -242450
1558693389267 -244405
1558693392150 -247287
1558693396972 -252109
1558693397935 -253071
1558693399863 -254997
1558693399864 -254998
1558693415158 -260098
1558693419019 -263959
1558693428515 -266263
1558693516456 -33
1558693517909 -1486
1558693533380 -16955
1558693537224 -20799
1558693543821 -18219
1558693575519 -49913
1558693577456 -48840
1558693582278 -53662
1558693584216 -55600
1558693594681 -66064
1558693607221 -78602
1558693608184 -79565
1558693611923 -83304
1558693618655 -88521
1558693619634 -89500
1558693620587 -90453
1558693624446 -94311
1558693662749 -132611
1558693663716 -133578
1558693666615 -135886
1558693668546 -137817
1558693674342 -143613
1558693697358 -166626
1558693698346 -167614
1558693703961 -173228
1558693706858 -176125
1558693712660 -181927
1558693714607 -182216
1558693724234 -191842
1558693725201 -192809
1558693738570 -206177
1558693739518 -207125
1558693741451 -209058
1558693743395 -211002
1558693747261 -214867
1558693750950 -218556
1558693750950 -218556
1558693762538 -230144
1558693775933 -242840
1558693812504 -272488
1558693813451 -273435
1558693820192 -280175
1558693821980 -281963
1558693824884 -284867
1558693825814 -285796
1558693831600 -279082
1558693831600 -279082
1558693833703 -281184
1558693842212 -289692
1558693854672 -285842
1558693857498 -288668
1558693865229 -284794
1558693867185 -286749
1558693869975 -289539
1558693869975 -289539
1558693872816 -292380
1558693876660 -296223
1558693876669 -296232
1558693889204 -287686
1558693893890 -292372
1558693893899 -292380
1558693898705 -297186
1558693902790 -287945
1558693911542 -296695
1558693914283 -299436
1558693918821 -292145
1558693926560 -299883
1558693929437 -289428
1558693938943 -298933
1558693940882 -300871
1558693951498 -292542
1558693952456 -293500
1558693953422 -294466
1558693961965 -303007
1558693962935 -303977
1558693964868 -305910
1558693971616 -301802
1558693973546 -303732
1558693975474 -305659
1558693993653 -307859
1558694000426 -289664
1558694006206 -295443
1558694011865 -301101
1558694012869 -302105
1558694020563 -309797
1558694023436 -312670
1558694027291 -287770
1558694037750 -298228
1558694040667 -301144
1558694044624 -305101
1558694045495 -305972
1558694046461 -306937
1558694055127 -285822
1558694056898 -287593
1558694060757 -291451
1558694064622 -295316
1558694069457 -300150
1558694091501 -299810
1558694092475 -300784
1558694094399 -302707
1558694111840 -295505
1558694120301 -303965
1558694121269 -304933
1558694133662 -287736
1558694142352 -296424
1558694144280 -298352
1558694146210 -300282
1558694148145 -302216
1558694169232 -293539
1558694169235 -293542
1558694170197 -294504
1558694173934 -298238
1558694180690 -304993
1558694183561 -307863
1558694185479 -309781
1558694187433 -311735
1558694193237 -287679
1558694196191 -290632
1558694196222 -290663
1558694200906 -295347
1558694201783 -296224
1558694210458 -304897
1558694224870 -290601
1558694239291 -305020
1558694241263 -306992
1558694243189 -308918
1558694255547 -291661
1558694255547 -291661
1558694259413 -295526
1558694259413 -295526
1558694264273 -300385
1558694268063 -304175
1558694270022 -306134
1558694290351 -300514
1558694290352 -300512
1558694294101 -304260
1558694295064 -305223
1558694295064 -305223
1558694296032 -306191
1558694298963 -309121
1558694311569 -295816
1558694313519 -297765
1558694318210 -302455
1558694321121 -305364
1558694332781 -290143
1558694342326 -299686
1558694349151 -306510
1558694353015 -310373
1558694357870 -282627
1558694384915 -309668
1558694388633 -283760
1558694393504 -288630
1558694402240 -297365
1558694404182 -299306
1558694409863 -304987
1558694412765 -307888
1558694417733 -283109
1558694419656 -285032
1558694432202 -297576
1558694433983 -299357
1558694434950 -300323
1558694439815 -305188
1558694440791 -306163
1558694451470 -287070
1558694451471 -287071
1558694461998 -297596
1558694462988 -298586
1558694478518 -285306
1558694480295 -287083
1558694482237 -289025
1558694483213 -290001
1558694484181 -290968
1558694486126 -292913
1558694490026 -296813
1558694494870 -301656
1558694505400 -294803
1558694506375 -295778
1558694518024 -307426
1558694530867 -306061
1558694530867 -306061
1558694533550 -308744
1558694535400 -310594
1558694553657 -310349
1558694556584 -294221
1558694558517 -296153
1558694562451 -300087
1558694570187 -307822
1558694573092 -310726
1558694579725 -292243
1558694603852 -294164
1558694610653 -300965
1558694629926 -291479
1558694631868 -293420
1558694636718 -298270
1558694641606 -303157
1558694655018 -286616
1558694677210 -308805
1558694682169 -313763
1558694701342 -302988
1558694702316 -303962
1558694704290 -305936
1558694713975 -315619
1558694721706 -294319
1558694724917 -297530
1558694744749 -291332
1558694746709 -293292
1558694748628 -295211
1558694760287 -306868
1558694761257 -307838
1558694767898 -314478
1558694769840 -316420
1558694783445 -301204
1558694784415 -302174
1558694785385 -303143
