1558693130578 -5760
1558693142375 -17557
1558693144214 -20921
1558693147144 -22326
1558693147935 -23117
1558693149947 -26654
1558693152835 -28017
1558693153815 -28997
1558693154755 -31363
1558693154774 -31382
1558693160826 -36008
1558693166498 -41680
1558693170470 -43360
1558693173805 -48748
1558693174761 -49704
1558693175697 -50640
1558693175705 -50648
1558693178576 -53519
1558693182411 -57354
1558693184157 -59100
1558693186182 -61124
1558693187235 -62177
1558693188351 -63293
1558693190439 -65381
1558693204330 -78821
1558693208152 -82643
1558693209157 -82044
1558693210142 -83029
1558693212970 -87461
1558693214868 -89359
1558693218928 -91815
1558693218929 -91816
1558693219676 -94167
1558693219753 -92639
1558693220633 -95124
1558693225430 -99921
1558693225631 -96148
1558693235837 -110326
1558693236782 -111271
1558693237351 -107868
1558693238757 -113246
1558693245013 -115530
1558693246382 -120871
1558693246382 -120871
1558693255069 -129558
1558693260649 -131166
1558693260649 -131166
1558693261625 -132142
1558693262602 -133119
1558693264549 -135064
1558693266484 -139177
1558693269399 -142092
1558693271244 -141759
1558693278100 -148615
1558693281148 -151663
1558693283965 -154480
1558693288820 -159335
1558693292485 -165177
1558693292517 -165209
1558693292546 -165238
1558693293656 -164171
1558693297495 -168010
1558693298448 -168963
1558693298448 -168963
1558693302132 -174824
1558693304028 -176720
1558693307264 -174989
1558693319464 -191930
1558693322224 -194690
1558693330899 -203365
1558693331532 -199255
1558693333484 -201207
1558693334755 -207221
1558693341145 -208867
1558693343080 -210802
1558693343080 -210802
1558693351092 -223557
1558693354880 -227345
1558693360685 -226991
1558693368338 -234644
1558693370325 -241106
1558693373222 -239528
1558693383682 -253276
1558693384659 -254253
1558693385765 -252070
1558693388719 -255024
1558693388719 -255024
1558693390442 -260036
1558693397196 -266790
1558693399132 -268726
1558693403992 -273585
1558693406374 -271871
1558693408662 -278255
1558693409657 -279250
1558693411048 -276545
1558693411559 -281152
1558693415911 -281408
1558693421235 -290828
1558693425673 -291170
1558693426025 -295618
1558693426994 -296587
1558693427631 -293128
1558693427950 -297543
1558693428623 -294120
1558693432996 -302589
1558693439225 -304590
1558693440344 -285551
1558693441314 -286521
1558693445068 -295183
1558693446048 -296163
1558693447018 -297133
1558693447021 -297136
1558693447117 -292323
1558693448968 -299083
1558693453853 -303967
1558693458578 -308691
1558693469154 -314355
1558693470119 -315320
1558693473014 -318214
1558693475917 -321116
1558693478809 -324006
1558693515394 -5486
1558693521276 -11368
1558693524213 -14305
1558693524353 -15060
1558693525221 -15313
1558693526307 -17014
1558693529133 -19225
1558693531059 -21151
1558693532897 -22989
1558693543604 -33696
1558693546524 -36616
1558693546524 -36616
1558693550432 -40524
1558693550443 -40535
1558693551426 -41518
1558693552171 -42878
1558693557096 -45562
1558693560039 -48505
1558693564766 -53222
1558693564991 -53457
1558693566885 -55348
1558693575686 -64149
1558693577122 -65578
1558693577647 -66110
1558693590684 -78911
1558693596108 -84569
1558693598222 -86447
1558693598222 -86447
1558693602083 -90308
1558693602920 -91381
1558693604014 -92239
1558693606930 -95155
1558693607633 -94278
1558693607899 -96124
1558693615597 -103821
1558693624237 -110880
1558693627034 -112713
1558693630903 -116582
1558693632868 -119510
1558693634767 -120445
1558693635743 -121421
1558693636762 -123404
1558693646539 -133180
1558693651977 -137653
1558693655188 -141828
1558693655836 -141512
1558693658735 -143743
1558693661633 -146641
1558693665498 -150506
1558693665498 -150506
1558693665929 -150851
1558693668868 -153790
1558693669860 -154782
1558693671297 -156305
1558693679508 -164429
1558693680923 -165929
1558693684341 -169262
1558693686620 -171626
1558693687306 -172227
1558693694364 -179354
1558693695098 -180018
1558693696078 -180998
1558693701768 -186687
1558693705909 -186157
1558693708630 -193548
1558693709762 -190009
1558693709763 -190010
1558693710598 -190751
1558693719354 -199507
1558693720242 -200489
1558693721323 -201476
1558693723105 -203257
1558693723140 -203387
1558693725062 -205214
1558693726026 -206273
1558693726040 -206192
1558693727954 -208201
1558693734742 -214989
1558693737635 -217882
1558693739752 -219904
1558693742441 -222688
1558693745177 -225424
1558693746578 -226729
1558693748370 -228521
1558693752282 -232432
1558693753257 -233407
1558693756764 -236560
1558693763531 -243327
1558693768368 -248164
1558693768914 -246537
1558693770703 -248326
1558693773214 -253010
1558693778832 -258628
1558693781462 -259085
1558693787319 -264942
1558693787515 -267310
1558693790244 -267867
1558693798992 -276615
1558693799977 -277600
1558693803858 -282963
1558693805739 -283361
1558693810688 -288310
1558693810688 -288310
1558693811593 -290698
1558693814605 -292227
1558693816368 -295472
1558693818322 -297426
1558693823132 -302236
1558693823132 -302236
1558693825999 -286765
1558693832724 -293489
1558693838818 -295978
1558693841291 -302055
1558693842249 -303013
1558693843217 -303981
1558693843532 -300691
1558693847447 -304605
1558693849395 -306553
1558693853317 -310475
1558693853843 -314605
1558693854826 -315588
1558693856235 -313392
1558693857216 -314373
1558693858516 -319277
1558693868889 -326044
1558693870145 -293951
1558693875644 -332797
1558693876903 -300708
1558693879772 -303576
1558693882484 -315228
1558693890113 -322856
1558693892064 -324807
1558693895047 -318848
1558693899911 -332653
1558693901990 -325791
1558693901990 -334732
1558693905149 -337890
1558693910735 -334532
1558693915385 -339180
1558693916327 -340122
1558693917292 -341087
1558693922233 -314608
1558693923214 -315588
1558693926915 -296020
1558693927111 -319485
1558693929069 -321442
1558693929077 -321450
1558693931055 -323428
1558693931628 -300732
1558693934470 -303574
1558693935437 -304541
1558693936870 -329242
1558693937370 -306473
1558693938675 -331047
1558693941231 -310334
1558693941595 -333967
1558693948958 -318060
1558693950411 -342781
1558693952848 -321949
1558693960155 -352524
1558693960157 -352526
1558693961433 -330533
1558693964274 -333373
1558693966838 -303842
1558693969084 -338181
1558693971993 -341089
1558693993072 -330072
1558693996999 -333999
1558693998887 -299743
1558693999930 -336929
1558694001876 -338875
1558694002860 -339858
1558694012226 -313080
1558694012491 -349486
1558694018331 -355324
1558694025222 -315628
1558694026718 -327571
1558694033827 -324232
1558694036736 -327140
1558694036738 -327142
1558694037179 -338028
1558694039698 -330102
1558694041670 -332074
1558694042062 -342909
1558694046847 -347692
1558694052642 -353485
1558694062978 -353376
1558694077594 -322713
1558694087239 -320292
1558694090143 -335260
1558694092077 -337194
1558694092125 -325177
1558694092126 -325178
1558694096754 -341869
1558694098679 -343793
1558694098963 -332014
1558694100933 -333983
1558694101582 -346695
1558694103548 -348660
1558694106448 -351559
1558694115513 -348558
1558694117022 -299700
1558694127974 -300909
1558694128952 -301887
1558694129927 -302861
1558694133457 -315920
1558694139706 -312639
1558694144872 -327334
1558694157299 -330230
1558694161041 -333972
1558694170820 -343748
1558694174734 -347660
1558694174734 -347660
1558694175550 -348476
1558694176527 -349452
1558694176587 -299719
1558694179460 -352385
1558694179463 -352388
1558694180456 -303587
1558694186305 -359221
1558694188266 -304788
1558694189269 -305791
1558694190271 -306792
1558694191323 -307844
1558694192224 -308744
1558694193015 -315960
1558694193023 -315968
1558694193962 -316907
1558694195117 -311637
1558694198139 -314657
1558694202905 -319422
1558694206789 -323304
1558694208678 -325192
1558694210610 -327124
1558694216131 -339072
1558694222654 -339164
1558694225330 -341838
1558694226170 -342678
1558694229097 -345604
1558694229376 -352312
1558694232028 -348534
1558694238127 -311051
1558694246010 -318933
1558694249706 -313774
1558694252636 -325558
1558694260388 -324456
1558694261400 -325468
1558694263991 -336912
1558694265309 -329376
1558694266315 -330382
1558694266947 -339867
1558694271856 -344775
1558694272114 -336181
1558694274982 -339049
1558694279403 -352320
1558694283259 -356175
1558694286167 -299860
1558694287756 -351823
1558694295463 -359529
1558694308249 -338238
1558694309272 -339260
1558694310225 -340213
1558694312253 -325917
1558694315134 -345122
1558694315164 -328828
1558694324881 -338536
1558694324881 -338536
1558694330758 -360744
1558694331692 -361678
1558694335403 -349053
1558694340543 -320203
1558694347261 -326921
1558694348255 -327915
1558694349055 -307007
1558694349245 -328904
1558694351197 -330856
1558694351774 -309725
1558694352743 -310694
1558694355130 -334789
1558694360518 -318468
1558694364413 -322362
1558694364971 -344629
1558694367318 -325267
1558694369726 -349342
1558694376870 -334818
1558694380755 -338702
1558694380755 -338702
1558694387568 -345513
1558694390203 -314485
1558694392171 -316452
1558694393157 -317438
1558694394369 -352311
1558694397085 -321366
1558694399051 -323331
1558694400037 -324317
1558694401975 -300398
1558694404953 -303376
1558694405891 -304314
1558694408890 -333169
1558694412819 -337098
1558694414757 -312857
1558694417652 -315752
1558694420592 -344869
1558694421500 -345777
1558694426422 -350698
1558694426422 -350698
1558694437248 -361519
1558694438783 -336878
1558694439044 -311030
1558694440028 -312014
1558694442627 -340721
1558694450256 -348348
1558694474296 -346277
1558694478249 -332406
1558694479233 -333390
1558694487968 -342123
1558694489872 -361848
1558694494785 -311413
1558694497752 -314379
1558694504619 -321245
1558694505603 -322229
1558694507573 -324199
1558694510255 -310523
1558694518748 -319015
1558694526141 -342762
1558694536248 -336512
1558694539694 -356309
1558694540927 -341191
1558694541897 -342161
1558694543626 -360240
1558694549553 -309625
1558694554470 -314542
1558694555504 -355763
1558694557393 -317464
1558694557449 -303887
1558694559400 -305837
1558694560200 -320271
1558694562210 -322281
1558694566060 -312494
1558694570924 -317356
1558694577880 -337949
1558694581582 -328010
1558694581656 -341724
1558694591141 -337565
1558694596967 -343389
1558694600345 -360407
1558694601833 -348253
1558694606688 -353106
1558694608626 -355043
1558694617209 -301064
1558694619154 -303009
1558694623047 -306901
1558694623047 -306901
1558694623053 -306907
1558694625758 -327342
1558694627714 -329297
1558694628876 -312730
1558694630499 -332082
1558694634548 -318235
1558694635516 -319202
1558694638389 -339971
1558694639418 -323104
1558694640380 -324066
1558694644269 -345849
1558694648201 -349780
1558694650169 -351748
1558694650169 -351747
1558694656900 -358476
1558694657874 -359450
1558694662819 -303752
1558694663538 -347217
1558694663810 -304743
1558694665765 -306698
1558694671641 -312573
1558694672274 -355949
1558694673610 -314542
1558694674596 -315528
1558694677383 -318314
1558694681862 -315340
1558694681875 -315353
1558694693190 -334119
1558694693538 -327014
1558694694157 -335086
1558694712630 -353553
1558694712763 -346236
1558694713733 -347206
1558694713733 -347206
1558694716654 -350125
1558694717626 -351097
1558694720566 -361486
1558694720590 -354060
1558694722742 -356211
1558694734963 -312715
1558694737058 -321398
1558694746910 -331249
1558694746914 -331253
1558694751658 -335997
1558694752643 -336982
1558694762470 -346807
1558694764438 -348774
1558694767386 -351721
1558694776076 -360408
1558694780992 -318122
