1558693125620 -3030
1558693126533 -2037
1558693130087 -5524
1558693135984 -11225
1558693136102 -13511
1558693138752 -13993
1558693139763 -15042
1558693140879 -18288
1558693143555 -15530
1558693144586 -19616
1558693145553 -22962
1558693146587 -21617
1558693147425 -19399
1558693150237 -19679
1558693150344 -22318
1558693154314 -31723
1558693155172 -27146
1558693156034 -25474
1558693160080 -29520
1558693162058 -39467
1558693164890 -42299
1558693168767 -46172
1558693169604 -47009
1558693169667 -39106
1558693173485 -45459
1558693174353 -46327
1558693174549 -51954
1558693177261 -46699
1558693179203 -48641
1558693179212 -48650
1558693182143 -51581
1558693184145 -61549
1558693185776 -57047
1558693186224 -63628
1558693186837 -58108
1558693191840 -63111
1558693193905 -71309
1558693198646 -76050
1558693203412 -80816
1558693206296 -75119
1558693211103 -79926
1558693213062 -81885
1558693213569 -84838
1558693217817 -95221
1558693219761 -97164
1558693227893 -99162
1558693229465 -106868
1558693230813 -97252
1558693236614 -103053
1558693237229 -114632
1558693241924 -119326
1558693246743 -115565
1558693249234 -115671
1558693254908 -121344
1558693256479 -125277
1558693256507 -133894
1558693259400 -128198
1558693259402 -128200
1558693263674 -130110
1558693265599 -132035
1558693267998 -145383
1558693268054 -136851
1558693270980 -139777
1558693271888 -149272
1558693277833 -146630
1558693278093 -141032
1558693281800 -150597
1558693282947 -145885
1558693284981 -147919
1558693286960 -155757
1558693290436 -159233
1558693293403 -162200
1558693294656 -157593
1558693295641 -158578
1558693297251 -166048
1558693302145 -170941
1558693302259 -165195
1558693305137 -168073
1558693305999 -174795
1558693306683 -184056
1558693315662 -180005
1558693315662 -180005
1558693316774 -179710
1558693316774 -179710
1558693318209 -195578
1558693324007 -201374
1558693326918 -204149
1558693328313 -192362
1558693329303 -191894
1558693330250 -192841
1558693334194 -198242
1558693335164 -199212
1558693337109 -201157
1558693338907 -202954
1558693340962 -203553
1558693341874 -204465
1558693342300 -219530
1558693343815 -207862
1558693349100 -226330
1558693350727 -214774
1558693352456 -215046
1558693357838 -235066
1558693358276 -220866
1558693358498 -222545
1558693359452 -223499
1558693364163 -227743
1558693365443 -242670
1558693366009 -228599
1558693367943 -230533
1558693370713 -233303
1558693371980 -235559
1558693375143 -252370
1558693376114 -253341
1558693378055 -255282
1558693381426 -244016
1558693385276 -247866
1558693385674 -262820
1558693386657 -263803
1558693390568 -267713
1558693398378 -275522
1558693400178 -263755
1558693400180 -263757
1558693401632 -264221
1558693405573 -268162
1558693416055 -278092
1558693418741 -295882
1558693422923 -283144
1558693424488 -286702
1558693429338 -306475
1558693433258 -295471
1558693433317 -295530
1558693434716 -294935
1558693437095 -299308
1558693437095 -299308
1558693437196 -314320
1558693439258 -275568
1558693440923 -303136
1558693441048 -318172
1558693442199 -278509
1558693445938 -323062
1558693449864 -326988
1558693451844 -288152
1558693453586 -330710
1558693455724 -292032
1558693455726 -292034
1558693457361 -319573
1558693459613 -295921
1558693460596 -296903
1558693463231 -325443
1558693467268 -320798
1558693468117 -318119
1558693468245 -321775
1558693470073 -320074
1558693472025 -322026
1558693473001 -323002
1558693473979 -323980
1558693475087 -328616
1558693479809 -333337
1558693480785 -334313
1558693488602 -342129
1558693489460 -339459
1558693493372 -343370
1558693495328 -345326
1558693495445 -348971
1558693497281 -347279
1558693498259 -348256
1558693501148 -354674
1558693501190 -351187
1558693503145 -353142
1558693513826 -4
1558693513978 -2661
1558693514266 -444
1558693516207 -2385
1558693518151 -4329
1558693521068 -7246
1558693521839 -10522
1558693522035 -8213
1558693522035 -8213
1558693523309 -12491
1558693524954 -11131
1558693525934 -12111
1558693526710 -15393
1558693528638 -17321
1558693529623 -18306
1558693529817 -15994
1558693530172 -19353
1558693532129 -21310
1558693533723 -19900
1558693534343 -23026
1558693536297 -24979
1558693536299 -24981
1558693536636 -22813
1558693537811 -26991
1558693539225 -27907
1558693541211 -29893
1558693541761 -30941
1558693543251 -29428
1558693544106 -32788
1558693544106 -32788
1558693545610 -34790
1558693551931 -40613
1558693552001 -38178
1558693555843 -34663
1558693556858 -43035
1558693557833 -44008
1558693558151 -46950
1558693559117 -47916
1558693559594 -38414
1558693560574 -39394
1558693567412 -46232
1558693571323 -50143
1558693571323 -50143
1558693571848 -60647
1558693572804 -61603
1558693581100 -59919
1558693592535 -76223
1558693592535 -76223
1558693593195 -81989
1558693594166 -82960
1558693594474 -78162
1558693595143 -83937
1558693595430 -79117
1558693598529 -77348
1558693600037 -86053
1558693601459 -79764
1558693602436 -80741
1558693603174 -86861
1558693607173 -85478
1558693610626 -96641
1558693615644 -99330
1558693618416 -104400
1558693622805 -101109
1558693625357 -109042
1558693627224 -113207
1558693629483 -107786
1558693631440 -109743
1558693632906 -118889
1558693633887 -119870
1558693635836 -121819
1558693635888 -111558
1558693637779 -123761
1558693642679 -128661
1558693643652 -129634
1558693644630 -120300
1558693648539 -124208
1558693651473 -127142
1558693652425 -128094
1558693652944 -123163
1558693657173 -143155
1558693661984 -137590
1558693661992 -137598
1558693664013 -149995
1558693664018 -150000
1558693668765 -144371
1558693668920 -154901
1558693672338 -142556
1558693673859 -159840
1558693676558 -162539
1558693677060 -147277
1558693677515 -153120
1558693678041 -148258
1558693678496 -154101
1558693679058 -149275
1558693679537 -165518
1558693688792 -159008
1558693692212 -178193
1558693692715 -162931
1558693698075 -184000
1558693698618 -168482
1558693701790 -187715
1558693701790 -187715
1558693707211 -177075
1558693709292 -184885
1558693709635 -195560
1558693711113 -180976
1558693712091 -181954
1558693717029 -192622
1558693717998 -193591
1558693718412 -197037
1558693718937 -188800
1558693720911 -196504
1558693723824 -193659
1558693724646 -194481
1558693730929 -209553
1558693732414 -208006
1558693735834 -214458
1558693743644 -222268
1558693745613 -224237
1558693748100 -217932
1558693754781 -224613
1558693758140 -236764
1558693761073 -239695
1558693762606 -230495
1558693767923 -246332
1558693769190 -241027
1558693775856 -244541
1558693776128 -244017
1558693781045 -248934
1558693788295 -266704
1558693788832 -256721
1558693789264 -267673
1558693792207 -270616
1558693793199 -271573
1558693796922 -275296
1558693797500 -265389
1558693801009 -279383
1558693801994 -270679
1558693802944 -281317
1558693803493 -271382
1558693804397 -272286
1558693808718 -287091
1558693808823 -277508
1558693809286 -277107
1558693813658 -282342
1558693814640 -283324
1558693816094 -283915
1558693817496 -286180
1558693819447 -288131
1558693820839 -288659
1558693822214 -290694
1558693823182 -301555
1558693832033 -310406
1558693833983 -302463
1558693835760 -304240
1558693836724 -305204
1558693837388 -305208
1558693838671 -307151
1558693841584 -291487
1558693841706 -320078
1558693842550 -292452
1558693842553 -292455
1558693843259 -311079
1558693845299 -295201
1558693847446 -325818
1558693852315 -330687
1558693856206 -323820
1558693858736 -303726
1558693860692 -305682
1558693861810 -311710
1558693861810 -311710
1558693865603 -310592
1558693866800 -334407
1558693867807 -335414
1558693868863 -336469
1558693869560 -319458
1558693876206 -321193
1558693876573 -344176
1558693882070 -331966
1558693883033 -332928
1558693884006 -333901
1558693885366 -352964
1558693885958 -330944
1558693891662 -336648
1558693891779 -341671
1558693893576 -343468
1558693899417 -303527
1558693899497 -344481
1558693900421 -304531
1558693904508 -308618
1558693906645 -302228
1558693907677 -303260
1558693911480 -307062
1558693912354 -307936
1558693912734 -346581
1558693913277 -317386
1558693913277 -308859
1558693915033 -319142
1558693915359 -349205
1558693920210 -354056
1558693920649 -324757
1558693924759 -320340
1558693925489 -329596
1558693929630 -325210
1558693931352 -335458
1558693933535 -329114
1558693933536 -329115
1558693933873 -367716
1558693936160 -340265
1558693944762 -348865
1558693945107 -340683
1558693945755 -349857
1558693947065 -342641
1558693947392 -342435
1558693949338 -344381
1558693949621 -297172
1558693952527 -300077
1558693952949 -348522
1558693953257 -348299
1558693954881 -350454
1558693955478 -303028
1558693955489 -303039
1558693955876 -351449
1558693959146 -354187
1558693961282 -308830
1558693964847 -359887
1558693965816 -360856
1558693967915 -315462
1558693969730 -364770
1558693971804 -319351
1558693973298 -324226
1558693977204 -328132
1558693978622 -326168
1558693979501 -374538
1558693980561 -328107
1558693980561 -328107
1558693983483 -331028
1558693983494 -331039
1558693988168 -335712
1558693990727 -341653
1558693993021 -340564
1558693998545 -349470
1558694002738 -312679
1558694004409 -355333
1558694004727 -338652
1558694005705 -339630
1558694012291 -322231
1558694015208 -325147
1558694018249 -352171
1558694020199 -354121
1558694020879 -307807
1558694021176 -355098
1558694023002 -332940
1558694024961 -334899
1558694025899 -335837
1558694026868 -336806
1558694027833 -337771
1558694029806 -339743
1558694032608 -319461
1558694032711 -342648
1558694033590 -320443
1558694035380 -322233
1558694038313 -325166
1558694040576 -346396
1558694043257 -353192
1558694044192 -331044
1558694046122 -332974
1558694046123 -332975
1558694050053 -336903
1558694056201 -362019
1558694058964 -364781
1558694062583 -349429
1558694063557 -350403
1558694068441 -355285
1558694071698 -329869
1558694074151 -328085
1558694074307 -310715
1558694077532 -335701
1558694078221 -314628
1558694078510 -336679
1558694081153 -317560
1558694084683 -338615
1558694084906 -321313
1558694089791 -326197
1558694092032 -350199
1558694093703 -330108
1558694094678 -331083
1558694097893 -356059
1558694097896 -356062
1558694099845 -358010
1558694101535 -337940
1558694101801 -359965
1558694102780 -360944
1558694103511 -339915
1558694103511 -339915
1558694105961 -303987
1558694110429 -346832
1558694111556 -347959
1558694116295 -318361
1558694117014 -353415
1558694118540 -316565
1558694118966 -355367
1558694119941 -356342
1558694122164 -324227
1558694127040 -329101
1558694131007 -329030
1558694131009 -329032
1558694131530 -307768
1558694131766 -333825
1558694134892 -332915
1558694136642 -338700
1558694138782 -336804
1558694139759 -337781
1558694143640 -341662
1558694151081 -327316
1558694152132 -354183
1558694153194 -351213
1558694154360 -356410
1558694155306 -357356
1558694158775 -335009
1558694160926 -328792
1558694162863 -330729
1558694165551 -341784
1558694166527 -342760
1558694169704 -337569
1558694171663 -307898
1558694176385 -344249
1558694182194 -318428
1558694185166 -353029
1558694185168 -353031
1558694189861 -317506
1558694193751 -321396
1558694193960 -361822
1558694198715 -326359
1558694198911 -337825
1558694200751 -339664
1558694201553 -337784
1558694201687 -340600
1558694201710 -340623
1558694203541 -331185
1558694208548 -347460
1558694211182 -347410
1558694211419 -350331
1558694214093 -350320
1558694215162 -351350
1558694220654 -359565
1558694223884 -307101
1558694224221 -363131
1558694226584 -309801
1558694226680 -354319
1558694227903 -366813
1558694236712 -375620
1558694238291 -321506
1558694242403 -317613
1558694245148 -328362
1558694247346 -322555
1558694248137 -323346
1558694250090 -325299
1558694250871 -334085
1558694255853 -331061
1558694259505 -342717
1558694259505 -342717
1558694259770 -334977
1558694262730 -337936
1558694264410 -347620
1558694264688 -339894
1558694265392 -348602
1558694265392 -348602
1558694267944 -364095
1558694271709 -346913
1558694272142 -355350
1558694272142 -355350
1558694274051 -301237
1558694274638 -370789
1558694275598 -371748
1558694277552 -373702
1558694278304 -353506
1558694278543 -374693
1558694280533 -376683
1558694281512 -377662
1558694284792 -311977
1558694287713 -314898
1558694292314 -337088
1558694293273 -338047
1558694294271 -339045
1558694295374 -322558
1558694296399 -323583
1558694297055 -341829
1558694298034 -342808
1558694299268 -326451
1558694300976 -345749
1558694302718 -329279
1558694302944 -347717
1558694306127 -333309
1558694307090 -334272
1558694313553 -340113
1558694318471 -345030
1558694318667 -345847
1558694318687 -363458
1558694323558 -350736
1558694329386 -322660
1558694330350 -323624
1558694331331 -324605
1558694332279 -325553
1558694332364 -307430
1558694333049 -359604
1558694333261 -326535
1558694333261 -326535
1558694333347 -308412
1558694336210 -329483
1558694336991 -313160
1558694337251 -312316
1558694340150 -333423
1558694340919 -317087
1558694346884 -340156
1558694350770 -325833
1558694351573 -327740
1558694351783 -345054
1558694355514 -331680
1558694356703 -349974
1558694360424 -336590
1558694361644 -354914
1558694363477 -338538
1558694363479 -338540
1558694363580 -356849
1558694371083 -347247
1558694372302 -321708
1558694373062 -349226
1558694373305 -322711
1558694381118 -330523
1558694382870 -357926
1558694384075 -333479
1558694386031 -335435
1558694387756 -306732
1558694387802 -303869
1558694391516 -310491
1558694393477 -312451
1558694393557 -309623
1558694395712 -345115
1558694397379 -316352
1558694397474 -313540
1558694401597 -350999
1558694403386 -319293
1558694405561 -354963
1558694406184 -325155
1558694407160 -326130
1558694410272 -326178
1558694413858 -332825
1558694414245 -330150
1558694414459 -363859
1558694418248 -341348
1558694420222 -343322
1558694420711 -339678
1558694422885 -338789
1558694423615 -342582
1558694425831 -341733
1558694429951 -353049
1558694430463 -349429
1558694431735 -347635
1558694433702 -349602
1558694441051 -310984
1558694442027 -311960
1558694445348 -301134
1558694445348 -301134
1558694446917 -316849
1558694448461 -371557
1558694452391 -375486
1558694454354 -377449
1558694458129 -313863
1558694459114 -314848
1558694459265 -327397
1558694461085 -316818
1558694461241 -329373
1558694462417 -332347
1558694473705 -329433
1558694476090 -346018
1558694477788 -345917
1558694480981 -350907
1558694482549 -338274
1558694485657 -353785
1558694486494 -342218
1558694486690 -306362
1558694489637 -309308
1558694490271 -345994
1558694491256 -346978
1558694493211 -348933
1558694493213 -348934
1558694498432 -318102
1558694502330 -321999
1558694503171 -324779
1558694503303 -322972
1558694504303 -323972
1558694504303 -323972
1558694504303 -323972
1558694508947 -312186
1558694510013 -329682
1558694518743 -340349
1558694531766 -335002
1558694534475 -337711
1558694536232 -355895
1558694543069 -308719
1558694543156 -364758
1558694544141 -365743
1558694545014 -348248
1558694546978 -312627
1558694548937 -314586
1558694548954 -352188
1558694548958 -352192
1558694553879 -357111
1558694554983 -341256
1558694555937 -342210
1558694560638 -300869
1558694565401 -331048
1558694567525 -307755
1558694570571 -356842
1558694573385 -313614
1558694573385 -313614
1558694575345 -315574
1558694578112 -343758
1558694578429 -364699
1558694580270 -320497
1558694586006 -326232
1558694588959 -329185
1558694594850 -335075
1558694595959 -340626
1558694596902 -341568
1558694606129 -306859
1558694606572 -351237
1558694607474 -347696
1558694607474 -347696
1558694607554 -352219
1558694619816 -320405
1558694619816 -320405
1558694621780 -322369
1558694625189 -306683
1558694625690 -326278
1558694626171 -307665
1558694633884 -315376
1558694636274 -336859
1558694640191 -340774
1558694641771 -323262
1558694641847 -348439
1558694644691 -326181
1558694645073 -345654
1558694645675 -327165
1558694646053 -346634
1558694649612 -331102
1558694650951 -351530
1558694652620 -359211
1558694654529 -336017
1558694658351 -364941
1558694661300 -367890
1558694662235 -343720
1558694662282 -368872
1558694667160 -348643
1558694669352 -317468
1558694670118 -351600
1558694671309 -319425
1558694673261 -321376
1558694676051 -332089
1558694677016 -325131
1558694677035 -333073
1558694677888 -333926
1558694679787 -320311
1558694680927 -329041
1558694683748 -324272
1558694685739 -341776
1558694686714 -342750
1558694688630 -329153
1558694688681 -344717
1558694688747 -336860
1558694691693 -339800
1558694692628 -333151
1558694693605 -334128
1558694693647 -334169
1558694695582 -336104
1558694696542 -337064
1558694700317 -348424
1558694700443 -340965
1558694700451 -340973
1558694708149 -348670
1558694712058 -320455
1558694714062 -370090
1558694716058 -356578
1558694716952 -325349
1558694717979 -358498
1558694717989 -358508
1558694720010 -323223
1558694724203 -327416
1558694724203 -327416
1558694726921 -335316
1558694727685 -336080
1558694729596 -337991
1558694730841 -334053
1558694733592 -313593
1558694733617 -313618
1558694734576 -337788
1558694735574 -338785
1558694742411 -322411
1558694742411 -322411
1558694744154 -352547
1558694744154 -352547
1558694746119 -354512
1558694746352 -349562
1558694747321 -327321
1558694747906 -356299
1558694750276 -330275
1558694752076 -332075
1558694753063 -333062
1558694770228 -330029
1558694781960 -341760
1558694783913 -343712
1558694787824 -347623
