1558693142820 -12826
1558693154306 -24311
1558693176325 -46329
1558693177277 -47281
1558693195609 -65394
1558693197544 -67329
1558693205203 -74988
1558693207104 -76888
1558693213720 -83504
1558693214690 -84474
1558693224324 -93918
1558693232078 -101672
1558693238755 -108349
1558693241547 -111140
1558693247355 -116948
1558693255087 -124680
1558693258941 -128336
1558693286004 -151388
1558693289684 -155068
1558693305927 -171267
1558693310771 -176110
1558693312714 -178053
1558693314678 -180017
1558693318507 -183846
1558693324303 -189642
1558693328142 -193481
1558693329917 -195256
1558693330879 -196218
1558693341496 -206834
1558693350234 -215572
1558693351200 -216538
1558693352113 -217451
1558693361607 -225538
1558693363564 -227495
1558693374160 -238090
1558693389616 -253546
1558693390582 -252039
1558693401109 -262564
1558693409882 -271337
1558693412774 -274229
1558693415528 -276983
1558693416505 -277960
1558693422373 -283826
1558693424359 -285812
1558693427186 -288639
1558693441623 -302815
1558693448413 -309604
1558693460079 -321270
1558693465728 -326919
1558693473497 -334688
1558693474468 -335659
1558693478355 -339546
1558693491797 -352987
1558693498593 -359782
1558693508312 -368586
1558693511068 -371342
1558693526626 -374062
1558693529551 -376987
1558693535209 -382644
1558693537145 -384580
1558693553667 -401099
1558693560309 -407740
1558693561278 -408709
1558693562248 -409679
1558693571479 -56381
1558693575373 -60275
1558693591898 -76799
1558693594679 -79580
1558693604361 -89262
1558693611164 -96065
1558693615059 -99958
1558693630434 -115333
1558693633350 -118249
1558693640146 -125045
1558693641931 -126830
1558693658463 -143358
1558693662340 -135118
1558693678753 -151531
1558693678753 -151531
1558693690210 -162988
1558693691184 -163962
1558693693119 -165897
1558693698960 -171737
1558693700873 -173650
1558693702832 -175609
1558693708676 -180481
1558693727923 -199728
1558693739415 -211220
1558693740383 -212188
1558693746232 -218036
1558693758850 -228515
1558693760629 -230274
1558693772316 -241961
1558693783790 -253433
1558693784753 -254396
1558693786695 -256338
1558693800474 -270116
1558693801428 -271070
1558693802427 -272069
1558693807977 -277619
1558693816716 -286314
1558693818679 -288277
1558693826398 -295995
1558693827365 -296962
1558693828325 -297922
1558693838865 -308461
1558693858130 -325365
1558693865947 -333181
1558693870786 -338020
1558693875639 -342873
1558693878357 -345589
1558693880301 -347533
1558693887094 -354326
1558693888069 -355301
1558693910554 -377786
1558693927572 -394445
1558693941170 -408043
1558693944095 -410968
1558693960470 -391860
1558693961459 -392849
1558693961459 -392849
1558693967241 -398630
1558693968217 -399606
1558693970169 -401558
1558693975824 -407212
1558693978768 -410156
1558693980704 -412092
1558693987498 -418885
1558693989461 -420847
1558693993350 -424735
1558694003850 -401398
1558694009680 -407228
1558694025091 -422636
1558694034786 -432330
1558694044341 -398478
1558694049189 -403326
1558694052109 -406245
1558694053083 -407219
1558694057959 -412094
1558694059887 -414022
1558694068474 -422608
1558694080120 -434252
1558694081089 -435221
1558694090644 -395543
1558694091617 -396515
1558694094531 -399429
1558694095503 -400401
1558694095503 -400401
1558694096484 -401382
1558694103299 -408196
1558694108223 -413119
1558694119636 -424531
1558694126440 -405269
1558694129375 -408203
1558694130332 -409160
1558694140854 -419678
1558694150575 -429396
1558694165946 -444762
1558694168868 -391712
1558694174693 -397536
1558694180534 -403376
1558694193031 -415871
1558694194945 -417785
1558694211304 -434142
1558694214219 -378135
1558694215286 -379202
1558694216433 -380348
1558694220467 -384382
1558694231709 -395622
1558694239384 -403295
1558694247293 -411203
1558694250211 -414120
1558694266376 -400441
1558694282715 -416777
1558694287569 -421630
1558694287569 -421630
1558694289513 -423574
1558694289514 -423575
1558694295359 -429420
1558694296332 -430393
1558694304913 -384793
1558694312682 -392561
1558694322408 -402286
1558694330027 -409904
1558694332920 -412797
1558694333893 -413769
1558694335840 -415716
1558694337774 -417649
1558694337775 -417650
1558694345560 -400368
1558694346528 -401336
1558694362008 -416814
1558694370811 -425614
1558694378470 -433270
1558694385311 -383408
1558694385311 -383408
1558694396118 -394214
1558694398836 -396931
1558694399813 -397908
1558694405740 -403834
1558694406687 -404781
1558694410584 -408678
1558694411572 -409666
1558694426051 -424143
1558694440739 -399857
1558694445604 -404722
1558694464993 -424107
1558694473632 -388247
1558694485360 -399973
1558694486346 -400959
1558694489276 -403889
1558694499863 -414474
1558694503796 -418406
1558694503796 -418406
1558694510666 -425273
1558694512583 -427190
1558694512583 -385165
1558694516477 -389058
1558694539776 -412351
1558694552321 -424891
1558694553300 -425870
1558694557219 -384356
1558694560182 -387319
1558694563147 -390283
1558694564112 -391248
1558694575624 -402759
1558694584474 -411607
1558694599941 -401934
1558694613432 -415423
1558694614423 -416414
1558694615413 -417404
1558694619309 -421300
1558694641639 -395481
1558694654321 -408161
1558694678624 -432457
1558694692140 -399692
1558694693165 -400717
1558694704832 -412382
1558694708564 -416114
1558694709542 -417092
1558694710520 -418070
1558694714439 -421988
1558694715421 -422970
1558694721383 -428931
1558694723488 -431036
1558694725466 -433013
1558694745563 -405573
