1558693133966 -9409
1558693137814 -13257
1558693153360 -22893
1558693165785 -35317
1558693165804 -35336
1558693173641 -43172
1558693185088 -53749
1558693199719 -68379
1558693200664 -69324
1558693203437 -72097
1558693207337 -75997
1558693211246 -79906
1558693218114 -86774
1558693223010 -91670
1558693228692 -93189
1558693236497 -100993
1558693236557 -112735
1558693238518 -103014
1558693246274 -110766
1558693249065 -113556
1558693252960 -117451
1558693254901 -119391
1558693255880 -120370
1558693262719 -127209
1558693263705 -128195
1558693288944 -152461
1558693296657 -160174
1558693315193 -178708
1558693320865 -184380
1558693320873 -184388
1558693322820 -186335
1558693332607 -196122
1558693340427 -203942
1558693360784 -223073
1558693366643 -228932
1558693368457 -230746
1558693373314 -235602
1558693376254 -238542
1558693380181 -242469
1558693382110 -244398
1558693385028 -247151
1558693405506 -267628
1558693407360 -269482
1558693408341 -270463
1558693410310 -272432
1558693414190 -276312
1558693414190 -276312
1558693423863 -282165
1558693430638 -288939
1558693436634 -294935
1558693438516 -296816
1558693440270 -298570
1558693445150 -290973
1558693446129 -291952
1558693446143 -291966
1558693449178 -325354
1558693449250 -325426
1558693449634 -325809
1558693450043 -325384
1558693450570 -325911
1558693450814 -326154
1558693451161 -326501
1558693451180 -326520
1558693451371 -326711
1558693451896 -325944
1558693452130 -326178
1558693452439 -326487
1558693452472 -326520
1558693452549 -326597
1558693452638 -326686
1558693452877 -326924
1558693453028 -327075
1558693453029 -327076
1558693453084 -327131
1558693453587 -327634
1558693453753 -325161
1558693453916 -325324
1558693454007 -325415
1558693454018 -325426
1558693454278 -325686
1558693454278 -325686
1558693454387 -325795
1558693454396 -325804
1558693454682 -326090
1558693455061 -326468
1558693455074 -326481
1558693455391 -326796
1558693455413 -326818
1558693455746 -327151
1558693455763 -327168
1558693455954 -327358
1558693456229 -327633
1558693456380 -327784
1558693456382 -327786
1558693457371 -327227
1558693457425 -327281
1558693457477 -327333
1558693458230 -328086
1558693458932 -327392
1558693459717 -328176
1558693460031 -328490
1558693460749 -319197
1558693460750 -319198
1558693460758 -319206
1558693461094 -312739
1558693461192 -312836
1558693461522 -313165
1558693461655 -301233
1558693461724 -301301
1558693461864 -301441
1558693461919 -301496
1558693462838 -290928
1558693467722 -295811
1558693472611 -300699
1558693475544 -303632
1558693476521 -304609
1558693476522 -304610
1558693511921 -20
1558693514323 -1442
1558693519196 -6315
1558693520317 -8416
1558693528988 -16106
1558693529961 -17079
1558693532384 -20483
1558693535841 -22959
1558693536661 -23779
1558693537004 -25103
1558693549339 -36452
1558693552272 -39384
1558693554455 -42554
1558693565456 -53553
1558693565923 -54020
1558693568970 -57067
1558693572885 -60982
1558693573814 -61911
1558693574787 -62884
1558693575886 -63975
1558693591038 -72207
1558693591995 -73164
1558693592488 -79184
1558693592931 -79627
1558693593846 -80541
1558693593959 -75128
1558693596519 -83214
1558693601773 -82941
1558693602758 -83926
1558693604099 -90794
1558693611848 -98543
1558693612355 -93522
1558693612691 -99385
1558693621451 -108145
1558693626799 -113493
1558693627984 -105327
1558693632712 -110055
1558693641504 -118846
1558693641773 -126814
1558693646656 -131697
1558693648652 -133693
1558693648718 -133759
1558693649320 -126662
1558693649646 -134687
1558693649710 -134751
1558693654259 -139300
1558693657479 -142520
1558693657957 -135299
1558693659158 -144199
1558693665162 -150203
1558693665162 -150203
1558693665781 -143123
1558693667729 -145071
1558693674249 -159290
1558693679075 -164116
1558693683080 -168121
1558693686720 -171758
1558693693471 -178509
1558693697873 -168791
1558693703569 -174487
1558693705878 -190916
1558693707713 -192751
1558693708988 -194026
1558693713882 -198885
1558693718217 -189134
1558693719192 -190109
1558693729817 -199136
1558693734040 -219043
1558693734666 -203985
1558693737623 -206942
1558693737635 -206954
1558693742503 -211822
1558693742503 -211822
1558693746787 -231789
1558693762841 -232160
1558693763815 -233134
1558693767728 -237046
1558693776355 -244591
1558693790028 -258264
1558693793943 -262179
1558693797463 -279417
1558693799251 -281205
1558693803585 -271821
1558693804564 -272800
1558693805472 -287426
1558693805494 -273730
1558693815305 -283540
1558693815342 -297296
1558693815617 -297571
1558693817234 -299188
1558693825781 -304921
1558693826825 -305965
1558693826836 -305976
1558693827463 -306603
1558693832815 -300667
1558693832815 -300667
1558693838093 -317232
1558693838961 -318100
1558693839003 -318142
1558693841080 -320219
1558693841082 -320221
1558693847197 -315048
1558693849143 -316994
1558693859329 -307853
1558693863810 -312147
1558693865790 -314127
1558693867740 -316077
1558693867765 -316102
1558693868817 -317154
1558693871470 -319806
1558693872433 -320769
1558693875956 -324477
1558693881781 -330301
1558693892171 -340688
1558693896701 -345033
1558693909137 -309142
1558693909812 -309817
1558693917048 -322926
1558693917627 -323505
1558693917795 -323673
1558693918007 -323401
1558693920656 -326049
1558693924875 -324877
1558693926509 -331901
1558693936998 -342389
1558693937591 -337591
1558693943703 -349093
1558693944661 -350050
1558693946215 -284344
1558693946664 -352053
1558693947190 -285318
1558693950637 -356026
1558693953493 -358881
1558693954033 -292160
1558693954036 -292163
1558693954412 -359800
1558693955788 -361176
1558693958918 -297045
1558693959546 -320562
1558693959894 -298021
1558693961334 -322350
1558693961870 -299996
1558693962666 -323682
1558693965600 -303726
1558693965602 -303728
1558693973416 -311541
1558693973885 -334899
1558693986136 -324259
1558693999630 -337749
1558694000075 -361084
1558694002565 -340683
1558694005884 -315297
1558694006883 -316296
1558694011731 -321143
1558694013731 -323143
1558694014129 -326472
1558694016515 -325927
1558694016539 -325951
1558694018034 -330327
1558694019019 -331312
1558694020000 -332292
1558694020004 -332296
1558694027229 -336639
1558694027811 -340103
1558694028789 -341081
1558694029802 -342094
1558694030773 -343065
1558694032722 -345014
1558694046211 -358503
1558694054636 -305209
1558694055424 -305997
1558694057941 -311507
1558694061675 -315240
1558694061675 -315240
1558694062147 -312719
1558694067552 -321117
1558694067552 -321117
1558694069503 -323067
1558694070353 -320924
1558694072467 -326031
1558694074836 -325406
1558694078297 -331860
1558694079814 -330383
1558694080257 -333819
1558694080825 -331394
1558694082576 -333145
1558694083211 -336773
1558694084636 -335205
1558694085483 -336051
1558694087901 -341462
1558694088878 -342439
1558694093224 -343790
1558694095719 -349278
1558694101593 -355150
1558694103117 -353679
1558694106806 -357367
1558694126817 -320334
1558694127422 -313795
1558694132039 -318093
1558694139360 -332875
1558694140865 -326917
1558694145714 -331766
1558694147178 -340692
1558694156879 -350389
1558694160712 -354221
1558694165175 -351221
1558694166554 -317360
1558694169040 -355084
1558694170979 -357023
1558694173230 -359273
1558694174379 -325184
1558694176844 -303094
1558694181668 -307918
1558694182031 -332835
1558694191508 -317756
1558694192786 -343588
1558694202560 -353361
1558694205459 -356259
1558694206143 -332390
1558694208309 -359108
1558694213111 -339357
1558694217243 -315581
1558694224490 -350734
1558694225883 -324219
1558694226679 -325015
1558694230886 -357129
1558694231757 -357997
1558694238427 -336761
1558694245370 -343704
1558694250094 -348427
1558694252019 -350351
1558694252928 -351259
1558694253454 -325255
1558694254046 -325846
1558694255799 -354129
1558694257703 -329502
1558694258728 -357058
1558694258728 -357058
1558694262646 -313500
1558694274045 -345842
1558694275042 -346839
1558694280956 -352750
1558694285768 -357560
1558694287739 -310806
1558694287964 -338815
1558694296624 -319689
1558694298621 -349470
1558694303537 -354386
1558694305265 -328329
1558694306507 -357354
1558694309521 -332585
1558694311400 -311585
1558694315136 -338199
1558694319264 -319448
1558694325986 -326169
1558694326968 -327151
1558694326968 -327151
1558694331884 -354943
1558694333637 -356695
1558694358030 -325881
1558694358033 -325884
1558694366132 -310150
1558694366132 -310150
1558694369911 -313929
1558694370902 -314920
1558694376643 -344488
1558694376658 -344503
1558694376782 -320799
1558694378557 -346401
1558694378749 -322766
1558694383481 -351323
1558694390410 -313416
1558694397059 -320062
1558694400207 -344220
1558694401094 -324095
1558694401970 -324971
1558694406112 -350123
1558694417882 -309429
1558694419776 -311322
1558694421125 -344121
1558694421519 -344514
1558694425415 -348407
1558694429401 -352392
1558694429552 -321096
1558694431514 -323058
1558694436312 -295501
1558694437253 -296442
1558694437423 -328966
1558694446091 -337633
1558694447074 -338616
1558694447891 -307078
1558694449037 -340579
1558694450834 -310021
1558694454958 -346499
1558694457736 -316922
1558694458882 -350421
1558694461708 -320894
1558694462844 -354382
1558694464775 -356313
1558694470523 -303968
1558694473346 -332530
1558694483299 -316743
1558694484274 -317718
1558694494922 -328364
1558694504760 -338200
1558694505749 -339189
1558694506584 -321670
1558694516398 -349834
1558694524272 -357705
1558694526315 -299663
1558694530392 -303739
1558694531551 -304898
1558694534234 -307581
1558694535144 -308490
1558694546707 -320052
1558694548574 -321217
1558694549687 -322330
1558694555438 -328080
1558694558505 -331848
1558694559369 -332011
1558694568165 -340806
1558694568183 -341523
1558694568943 -341584
1558694570996 -343636
1558694576032 -349369
1558694576896 -349535
1558694583801 -356437
1558694584674 -357310
1558694585667 -358302
1558694585704 -359038
1558694587666 -307792
1558694587699 -307825
1558694594521 -314646
1558694601442 -329882
1558694606346 -334785
1558694612444 -332567
1558694615160 -335282
1558694617931 -338053
1558694620940 -349377
1558694625872 -354309
1558694633544 -361978
1558694636496 -309530
1558694638489 -358605
1558694638566 -358682
1558694638652 -358768
1558694651240 -324272
1558694656975 -330006
1558694657956 -330987
1558694665845 -335145
1558694668777 -341806
1558694672625 -341924
1558694675575 -344874
1558694687228 -356523
1558694687295 -360319
1558694699028 -311653
1558694705801 -326022
1558694710693 -323290
1558694710693 -323290
1558694713641 -326237
1558694713662 -333882
1558694734700 -347295
1558694735741 -348334
1558694735852 -348444
1558694736350 -348942
1558694737060 -349651
1558694743945 -356534
1558694748894 -309526
1558694756596 -317226
1558694765438 -326067
1558694766397 -318521
1558694767406 -328035
1558694770356 -330985
1558694770356 -330984
1558694771339 -331967
1558694775273 -335901
1558694778058 -338686
1558694785917 -338034
1558694787884 -348509
1558694791815 -352439
1558694791815 -352439
1558694798701 -359322
1558694805424 -309520
1558694807390 -311485
