1558693124700 -392
1558693130936 -805
1558693137701 -13393
1558693138723 -14415
1558693147289 -22980
1558693148222 -23913
1558693149240 -19049
1558693150202 -25893
1558693154109 -29800
1558693154109 -23917
1558693155043 -24851
1558693155990 -31681
1558693162758 -32565
1558693162816 -38507
1558693165675 -35482
1558693168628 -41653
1558693169359 -39166
1558693169359 -39166
1558693177106 -46665
1558693177296 -50321
1558693182206 -55231
1558693188021 -57579
1558693191816 -61374
1558693196460 -66018
1558693197729 -70754
1558693204493 -77517
1558693211893 -81450
1558693216221 -88931
1558693217182 -89892
1558693218534 -88000
1558693222403 -91869
1558693226282 -95748
1558693228225 -97691
1558693228753 -101463
1558693228753 -101463
1558693231164 -100630
1558693232669 -105379
1558693233079 -102545
1558693234637 -107347
1558693235044 -104509
1558693238595 -111305
1558693238794 -108259
1558693239714 -109179
1558693245226 -117936
1558693248138 -120848
1558693248459 -117924
1558693249122 -121832
1558693250095 -122805
1558693258183 -127636
1558693260852 -129760
1558693263783 -132691
1558693265767 -130882
1558693267543 -136451
1558693268514 -137422
1558693280396 -145510
1558693282282 -147396
1558693283179 -152087
1558693291871 -156985
1558693292853 -157967
1558693295772 -164679
1558693300606 -169513
1558693309405 -178286
1558693312340 -181221
1558693316907 -181454
1558693316912 -181459
1558693319817 -184364
1558693323907 -192788
1558693325861 -194742
1558693327585 -192132
1558693332712 -201593
1558693332712 -201593
1558693338416 -207297
1558693345942 -207325
1558693345945 -207328
1558693350161 -219041
1558693352094 -219863
1558693353070 -220831
1558693362428 -223811
1558693363359 -224742
1558693365618 -233379
1558693369232 -230615
1558693375088 -236470
1558693387633 -249015
1558693389593 -250975
1558693390873 -258633
1558693391853 -259613
1558693395765 -263525
1558693396741 -264501
1558693397394 -258663
1558693400329 -261598
1558693401319 -262588
1558693404566 -272232
1558693406580 -274246
1558693407046 -268314
1558693408470 -276136
1558693409291 -276957
1558693409948 -271216
1558693414825 -276093
1558693422995 -290661
1558693425562 -286830
1558693427352 -288620
1558693429312 -290580
1558693433765 -279326
1558693444952 -295248
1558693448228 -293787
1558693452593 -291516
1558693456865 -302423
1558693462730 -308287
1558693464686 -310243
1558693517064 -580
1558693518040 -1556
1558693518042 -1558
1558693519022 -2538
1558693522982 -6498
1558693524411 -12269
1558693526833 -10349
1558693528789 -12304
1558693530260 -18118
1558693531717 -15232
1558693538558 -22073
1558693539860 -27717
1558693539891 -27748
1558693545223 -28672
1558693545686 -33543
1558693547178 -30627
1558693551554 -39411
1558693556952 -31457
1558693558905 -33410
1558693562814 -37319
1558693563625 -38130
1558693570938 -58793
1558693572432 -46936
1558693572432 -46936
1558693579257 -53760
1558693580237 -54740
1558693581213 -55716
1558693583485 -71340
1558693588406 -76261
1558693592295 -80150
1558693598636 -69986
1558693598636 -69986
1558693605475 -76825
1558693607429 -78779
1558693611172 -82522
1558693611704 -98466
1558693613670 -100432
1558693623876 -95226
1558693624854 -96204
1558693630282 -117042
1558693631698 -103048
1558693635006 -121766
1558693635483 -106833
1558693637395 -107285
1558693639867 -124761
1558693639867 -124761
1558693642281 -112171
1558693643293 -113183
1558693646701 -131594
1558693655368 -140261
1558693655391 -140284
1558693658296 -143189
1558693659256 -144149
1558693659711 -129600
1558693660680 -130569
1558693661655 -131543
1558693662635 -132523
1558693664152 -149045
1558693669075 -153968
1558693669075 -153968
1558693673067 -157960
1558693674902 -159795
1558693678279 -148166
1558693689838 -159091
1558693690818 -160070
1558693700588 -169839
1558693704496 -173747
1558693709260 -178477
1558693711720 -194974
1558693724511 -207764
1558693726220 -209473
1558693732512 -201727
1558693736024 -219276
1558693740912 -220007
1558693748733 -227828
1558693748733 -227828
1558693751566 -230661
1558693754421 -233515
1558693761266 -240360
1558693763615 -231231
1558693766564 -234180
1558693770075 -249168
1558693770083 -249176
1558693774357 -241973
1558693780054 -247670
1558693783615 -262708
1558693786514 -265607
1558693788841 -255745
1558693792767 -259671
1558693793422 -270785
1558693793785 -260689
1558693797309 -274671
1558693797642 -264546
1558693804005 -281367
1558693804963 -282325
1558693804979 -282341
1558693814143 -281046
1558693814798 -292160
1558693820004 -280445
1558693820714 -298076
1558693834211 -311572
1558693840308 -289160
1558693848119 -296970
1558693850894 -284846
1558693853823 -287774
1558693855772 -289723
1558693856414 -302867
1558693860339 -306791
1558693862637 -296587
1558693863335 -309787
1558693864570 -298520
1558693870485 -286242
1558693871908 -318359
1558693873202 -288958
1558693873856 -320307
1558693877112 -292868
1558693884924 -300678
1558693885583 -332032
1558693886557 -333006
1558693887855 -303609
1558693899110 -345555
1558693900444 -303637
1558693902502 -305695
1558693903263 -349707
1558693906556 -299598
1558693906678 -283736
1558693909265 -302306
1558693915773 -308813
1558693916042 -293099
1558693921733 -298789
1558693926600 -303656
1558693943212 -299807
1558693944028 -300623
1558693945995 -302590
1558693955523 -348555
1558693960402 -353432
1558693963334 -356364
1558693969307 -308582
1558693972930 -301936
1558693976831 -305837
1558693977076 -299322
1558693982707 -311712
1558693984653 -313658
1558693984653 -313658
1558693984657 -313662
1558693995489 -304560
1558694005998 -334999
1558694009941 -338941
1558694014892 -296830
1558694017559 -346557
1558694018765 -300702
1558694025421 -354416
1558694031499 -313434
1558694033440 -315374
1558694034186 -309732
1558694045960 -295859
1558694050649 -326192
1558694051819 -301717
1558694054769 -304667
1558694055727 -305625
1558694057492 -333035
1558694059274 -334816
1558694064379 -314276
1558694069053 -344594
1558694072996 -348536
1558694074920 -350459
1558694080816 -356352
1558694080969 -300914
1558694083607 -359143
1558694084874 -304818
1558694085854 -305798
1558694086494 -319193
1558694086494 -319192
1558694092358 -325056
1558694099365 -294019
1558694101338 -295992
1558694106080 -338776
1558694118768 -313419
1558694121520 -354214
1558694121700 -316350
1558694133087 -301922
1558694136021 -304856
1558694137166 -304595
1558694142869 -311703
1558694144986 -312413
1558694144988 -312415
1558694145805 -314639
1558694161443 -299809
1558694163301 -332133
1558694167153 -335984
1558694173059 -341889
1558694174016 -342846
1558694175949 -344778
1558694177065 -315429
1558694177066 -315429
1558694179024 -317387
1558694180001 -318364
1558694182762 -287094
1558694183739 -288071
1558694185566 -354391
1558694185696 -290028
1558694186675 -291007
1558694186675 -291007
1558694188629 -292960
1558694191586 -360409
1558694196530 -300860
1558694204095 -317503
1558694207071 -320478
1558694209020 -313348
1558694209886 -323293
1558694213764 -327170
1558694213864 -293097
1558694214765 -328171
1558694218066 -331472
1558694221109 -300341
1558694222026 -335431
1558694224673 -338078
1558694226338 -339743
1558694228545 -307776
1558694234210 -313440
1558694235245 -314475
1558694236217 -349619
1558694243111 -292242
1558694244090 -293221
1558694247070 -296201
1558694249946 -303265
1558694250006 -299137
1558694250006 -299137
1558694250964 -300094
1558694254693 -308012
1558694255674 -308993
1558694255677 -308996
1558694259608 -312926
1558694260594 -313912
1558694264457 -313586
1558694264461 -313589
1558694266528 -319845
1558694269456 -288469
1558694273403 -292416
1558694274224 -327540
1558694280036 -299048
1558694284927 -303938
1558694285998 -339313
1558694286889 -305900
1558694295741 -314751
1558694295741 -314751
1558694297648 -350959
1558694297648 -350959
1558694298683 -317692
1558694303435 -289385
1558694310314 -296264
1558694312393 -302480
1558694314356 -304442
1558694316350 -306436
1558694317194 -303143
1558694319277 -309363
1558694320134 -306082
1558694321117 -307065
1558694325874 -311821
1558694327056 -317141
1558694329841 -291495
1558694332754 -294408
1558694339633 -301286
1558694342723 -332806
1558694345526 -335608
1558694345546 -307198
1558694350434 -340515
1558694355195 -316846
1558694357315 -347394
1558694359139 -295579
1558694362083 -298520
1558694362085 -298521
1558694369961 -306387
1558694374878 -304837
1558694375685 -312103
1558694379618 -291932
1558694381741 -311699
1558694389461 -301774
1558694389608 -319565
1558694390439 -302752
1558694392414 -304727
1558694393401 -323357
1558694393417 -305729
1558694397153 -309465
1558694397313 -327269
1558694409111 -339063
1558694411899 -290209
1558694412882 -291191
1558694414997 -293306
1558694420792 -350739
1558694429608 -359552
1558694433375 -311682
1558694433545 -310545
1558694434532 -311532
1558694436325 -284490
1558694438328 -286493
1558694441253 -318252
1558694443204 -291368
1558694445188 -322187
1558694448934 -297098
1558694449119 -326117
1558694450903 -299066
1558694453054 -330052
1558694453849 -302012
1558694457780 -305908
1558694463896 -340893
1558694463896 -340893
1558694466653 -314781
1558694471605 -348600
1558694477269 -297230
1558694477269 -297230
1558694481415 -358407
1558694489076 -309035
1558694490108 -300617
1558694493048 -303556
1558694494809 -298162
1558694496980 -307488
1558694502693 -306044
1558694510612 -313962
1558694512519 -293341
1558694516270 -297091
1558694518246 -299067
1558694519216 -300037
1558694530221 -311041
1558694530586 -341088
1558694533136 -313955
1558694535007 -315826
1558694542644 -297642
1558694545820 -356317
1558694550531 -305527
1558694550739 -361234
1558694554691 -309593
1558694559364 -314358
1558694568075 -301620
1558694570279 -325179
1558694572961 -306504
1558694576150 -331049
1558694576898 -310439
1558694577880 -311421
1558694579125 -334023
1558694581089 -335987
1558694584765 -297734
1558694584832 -339729
1558694585748 -298717
1558694587781 -342678
1558694590503 -303471
1558694592476 -305444
1558694598620 -353514
1558694607468 -362359
1558694630655 -314397
1558694638384 -296214
1558694643534 -345455
1558694649164 -306992
1558694650422 -352343
1558694653361 -355282
1558694660077 -302763
1558694661064 -303749
1558694668944 -311629
1558694669649 -293962
1558694672596 -296908
1558694675817 -318501
1558694680568 -323251
1558694684226 -308537
1558694691098 -315408
1558694692122 -316432
1558694694130 -289097
1558694698304 -340984
1558694702896 -297861
1558694704220 -346898
1558694706970 -349647
1558694711578 -306542
1558694716809 -359483
1558694717475 -312438
1558694717475 -312438
1558694719789 -310643
1558694728473 -293133
1558694728473 -293133
1558694734360 -325211
1558694743221 -334071
1558694745177 -336027
1558694749758 -314416
1558694752872 -343721
1558694759420 -306512
1558694762712 -353558
1558694763348 -310440
1558694764333 -311424
1558694764333 -311424
1558694765662 -356507
1558694770233 -292919
1558694771212 -293898
1558694771564 -362406
1558694773179 -295865
1558694777306 -311584
1558694779890 -302575
1558694783210 -317487
1558694787143 -321420
1558694788126 -322402
1558694791080 -325356
1558694793663 -295840
