1558693126382 -1285
1558693129744 -1776
1558693131691 -3723
1558693131691 -3723
1558693131691 -3723
1558693131971 -6874
1558693132998 -7900
1558693136607 -8639
1558693136946 -11848
1558693139574 -11606
1558693140507 -12539
1558693143681 -18583
1558693149044 -21076
1558693151837 -23868
1558693153260 -28162
1558693156662 -28670
1558693160066 -29858
1558693161601 -33609
1558693169689 -39481
1558693170701 -40493
1558693172129 -44137
1558693173128 -45136
1558693175032 -47040
1558693175441 -45233
1558693176345 -46137
1558693180598 -52606
1558693184075 -53867
1558693190223 -60014
1558693191502 -63509
1558693192225 -62016
1558693193330 -65172
1558693194907 -64698
1558693198631 -68422
1558693205552 -77394
1558693214098 -82498
1558693218966 -87365
1558693218968 -87367
1558693224663 -96504
1558693226638 -95037
1558693227563 -99404
1558693231522 -99889
1558693239141 -110951
1558693241299 -105880
1558693242272 -106853
1558693243004 -114813
1558693246711 -118520
1558693251912 -116492
1558693252494 -124303
1558693255799 -120378
1558693256364 -128173
1558693265547 -130126
1558693266035 -137844
1558693266529 -131108
1558693267963 -139772
1558693270292 -134870
1558693270298 -134876
1558693279375 -151090
1558693288070 -159785
1558693293773 -165488
1558693295602 -159080
1558693296555 -160033
1558693298456 -161934
1558693298522 -170237
1558693305283 -176997
1558693307234 -178948
1558693310123 -181837
1558693315926 -187640
1558693315926 -187640
1558693328589 -190946
1558693328592 -190949
1558693333484 -195841
1558693336031 -207613
1558693336996 -208578
1558693338919 -210501
1558693339750 -211332
1558693343096 -205452
1558693344086 -206442
1558693345053 -207409
1558693346034 -208390
1558693346534 -218115
1558693357746 -220102
1558693358744 -221100
1558693362919 -234500
1558693363727 -235308
1558693367575 -239156
1558693372392 -243972
1558693377257 -248757
1558693384959 -256458
1558693389648 -261146
1558693391614 -253968
1558693397421 -268916
1558693400342 -271831
1558693401388 -263442
1558693405256 -276722
1558693407250 -269304
1558693408235 -270289
1558693409081 -280544
1558693421742 -273396
1558693424682 -276335
1558693425428 -296812
1558693425428 -296812
1558693430290 -301674
1558693431273 -302657
1558693432495 -284147
1558693450529 -321904
1558693454808 -292550
1558693455799 -293541
1558693474652 -315026
1558693480484 -320857
1558693484208 -324581
1558693500728 -341098
1558693501699 -342069
1558693504611 -344980
1558693513904 -4597
1558693514343 -22
1558693517697 -3376
1558693517795 -8488
1558693522622 -8301
1558693522622 -8301
1558693523624 -14316
1558693523624 -14316
1558693529454 -15133
1558693530409 -16088
1558693540966 -31658
1558693544834 -35526
1558693546850 -32486
1558693554545 -45224
1558693558591 -43473
1558693575770 -66449
1558693578942 -63822
1558693581424 -72102
1558693582398 -73076
1558693582854 -67734
1558693587317 -77995
1558693587696 -72575
1558693588307 -78985
1558693592489 -77368
1558693592521 -77400
1558693594441 -79320
1558693597964 -88642
1558693600323 -75200
1558693600343 -75220
1558693603610 -92101
1558693607501 -95992
1558693608098 -82975
1558693609458 -97949
1558693609937 -84814
1558693616729 -91606
1558693621110 -109601
1558693622610 -97487
1558693624014 -112505
1558693627501 -102378
1558693629427 -104304
1558693633185 -108062
1558693634155 -109032
1558693636108 -110985
1558693640985 -115862
1558693642972 -117849
1558693643307 -131797
1558693653684 -128555
1558693658667 -145369
1558693671133 -146003
1558693678981 -165682
1558693679948 -166649
1558693683669 -158539
1558693688622 -175321
1558693691566 -178265
1558693697342 -171861
1558693698207 -184905
1558693699150 -185848
1558693701094 -180242
1558693702069 -181217
1558693707885 -187032
1558693708939 -183458
1558693715702 -194849
1558693718573 -197719
1558693719651 -194169
1558693722585 -197103
1558693723264 -202410
1558693723265 -202411
1558693734976 -214121
1558693739795 -218940
1558693741742 -220886
1558693741962 -216480
1558693746428 -225572
1558693746431 -225575
1558693747828 -222346
1558693754204 -230723
1558693757447 -231965
1558693764934 -241453
1558693764952 -241471
1558693778335 -254853
1558693780770 -254356
1558693796649 -273167
1558693798397 -271983
1558693802546 -279034
1558693802546 -279034
1558693803178 -276764
1558693804100 -277686
1558693808395 -284883
1558693809974 -283560
1558693810944 -284530
1558693811249 -287737
1558693817793 -286401
1558693817901 -294389
1558693820716 -289324
1558693820806 -297294
1558693821839 -298327
1558693834254 -302862
1558693840011 -298595
1558693842943 -311551
1558693843930 -312538
1558693848781 -307364
1558693851720 -310302
1558693860372 -307641
1558693862403 -320984
1558693864281 -311550
1558693865120 -323701
1558693866265 -313533
1558693871036 -318304
1558693871954 -319222
1558693877767 -306174
1558693879765 -327032
1558693883570 -311976
1558693895224 -342487
1558693898160 -345422
1558693902266 -349526
1558693903014 -331417
1558693910161 -305935
1558693912584 -286630
1558693915804 -311577
1558693916750 -312523
1558693916750 -312523
1558693919223 -293268
1558693920175 -294220
1558693921483 -317255
1558693930264 -326035
1558693931824 -305868
1558693942354 -316396
1558693942807 -338576
1558693944762 -340530
1558693945764 -341532
1558693950116 -324157
1558693965517 -339554
1558693966084 -304706
1558693967442 -341478
1558693970356 -344391
1558693970362 -344397
1558693973271 -347305
1558693976824 -315445
1558693976824 -315445
1558693981038 -329107
1558693981718 -320338
1558693984641 -323261
1558693985736 -333804
1558693988669 -336735
1558693995236 -333854
1558693998370 -346432
1558694000142 -338760
1558694004196 -352256
1558694014726 -362783
1558694017632 -365688
1558694020486 -314433
1558694021468 -315415
1558694025464 -313562
1558694032214 -326160
1558694034155 -328101
1558694037903 -331848
1558694046704 -340648
1558694050620 -344564
1558694059098 -347191
1558694062003 -350094
1558694062981 -351072
1558694065098 -298851
1558694065910 -354000
1558694067054 -300806
1558694067835 -355924
1558694068028 -301780
1558694070025 -302216
1558694090031 -322220
1558694093268 -327010
1558694093909 -326097
1558694095855 -328043
1558694098761 -330948
1558694100144 -333885
1558694108949 -342687
1558694109506 -341692
1558694113844 -347581
1558694116574 -350310
1558694121938 -354112
1558694125358 -314385
1558694126622 -303916
1558694126625 -303919
1558694128568 -305862
1558694129284 -318310
1558694129284 -318310
1558694130513 -307807
1558694138880 -327904
1558694141805 -330829
1558694153803 -331092
1558694156515 -345537
1558694156515 -345537
1558694157454 -346476
1558694157454 -346475
1558694164124 -353143
1558694173935 -320394
1558694175848 -322307
1558694177794 -324252
1558694177795 -324253
1558694181680 -302947
1558694182533 -328991
1558694183494 -329952
1558694183499 -329957
1558694190503 -311769
1558694195223 -341679
1558694196289 -342745
1558694196289 -342745
1558694200084 -321349
1558694200084 -321349
1558694203962 -350417
1558694203962 -350417
1558694214606 -335869
1558694216873 -308710
1558694226107 -347367
1558694228171 -320007
1558694230112 -321947
1558694237020 -328855
1558694237754 -359010
1558694238955 -330789
1558694239937 -331771
1558694241520 -306942
1558694241552 -306974
1558694246918 -338751
1558694248897 -340729
1558694248897 -340729
1558694249383 -314804
1558694255064 -320485
1558694257012 -322432
1558694260330 -352158
1558694262822 -328242
1558694272524 -337942
1558694273458 -338876
1558694275900 -308805
1558694276878 -309783
1558694288687 -321590
1558694290777 -356190
1558694290777 -356190
1558694293716 -359128
1558694300558 -309956
1558694307212 -340112
1558694309189 -342088
1558694312156 -345054
1558694321941 -298541
1558694326728 -303327
1558694326728 -303327
1558694327770 -337165
1558694336530 -313092
1558694336531 -313093
1558694338349 -347742
1558694339477 -316039
1558694347145 -356535
1558694364898 -341455
1558694368507 -345010
1558694370480 -346983
1558694376310 -352809
1558694376535 -353088
1558694379244 -355740
1558694386375 -323132
1558694392256 -329013
1558694395084 -331840
1558694400616 -322159
1558694402916 -339671
1558694405520 -327062
1558694406860 -343614
1558694408818 -345572
1558694408818 -345572
1558694411757 -348510
1558694414829 -351582
1558694414829 -351582
1558694431250 -325035
1558694435192 -328976
1558694438132 -331916
1558694439111 -332895
1558694440093 -333877
1558694447795 -341578
1558694448777 -342560
1558694448779 -342562
1558694449146 -310868
1558694453690 -347472
1558694458755 -320476
1558694461552 -355333
1558694465620 -327340
1558694470251 -321405
1558694472448 -334167
1558694478305 -340024
1558694479133 -340851
1558694483027 -344744
1558694485969 -337121
1558694489904 -341055
1558694490740 -341891
1558694490879 -352593
1558694491837 -353551
1558694491841 -353555
1558694493786 -355499
1558694498596 -349746
1558694501602 -303547
1558694502584 -304528
1558694509430 -310202
1558694510300 -312244
1558694517083 -319026
1558694519038 -320981
1558694526866 -328808
1558694530134 -330903
1558694535815 -336581
1558694536489 -338430
1558694537459 -339399
1558694538582 -339348
1558694539425 -341365
1558694541369 -343308
1558694541370 -343309
1558694541529 -342294
1558694542341 -344280
1558694546460 -347225
1558694561786 -304803
1558694562239 -306770
1558694569573 -312589
1558694570568 -313584
1558694570895 -315424
1558694572500 -315516
1558694574274 -317290
1558694578201 -321216
1558694581122 -324137
1558694585072 -328085
1558694588408 -332935
1558694589918 -332930
1558694599210 -343735
1558694602158 -346683
1558694605398 -348404
1558694612264 -355267
1558694615769 -360289
1558694620682 -319308
1558694621660 -320285
1558694624623 -323248
1558694626747 -313645
1558694629664 -316561
1558694630510 -329134
1558694631616 -318513
1558694632601 -319498
1558694637224 -335847
1558694638204 -336827
1558694639197 -337820
1558694639439 -326335
1558694641169 -339791
1558694645292 -332187
1558694645293 -332188
1558694649015 -347636
1558694652952 -351573
1558694653934 -340825
1558694666641 -353531
1558694667628 -354518
1558694670403 -357249
1558694671475 -319304
1558694677226 -307753
1558694692896 -323422
1558694693747 -324272
1558694696647 -327172
1558694701491 -332015
1558694711451 -359274
1558694717964 -348484
1558694719328 -312438
1558694719328 -312438
1558694722530 -315640
1558694732955 -326063
1558694733626 -320475
1558694734589 -321438
1558694735911 -329019
1558694736550 -323399
1558694737530 -324378
1558694737834 -330942
1558694742231 -329079
1558694746142 -332989
1558694747116 -333963
1558694747678 -340784
1558694748090 -334937
1558694749637 -342743
1558694755372 -348477
1558694763238 -356341
1558694770118 -363218
1558694775024 -308551
1558694781742 -315268
1558694782724 -316250
1558694787640 -321165
1558694792551 -326050
1558694803201 -336699
