1558693147074 -23781
1558693153799 -30407
1558693153799 -30407
1558693159433 -34376
1558693166075 -41018
1558693167043 -41986
1558693170900 -45843
1558693172876 -47819
1558693179544 -54487
1558693192161 -67103
1558693192906 -67848
1558693192906 -67848
1558693194010 -68952
1558693208152 -82643
1558693211991 -86482
1558693252166 -126655
1558693253123 -127612
1558693256998 -131487
1558693259880 -134369
1558693267454 -140147
1558693267457 -140150
1558693282976 -155668
1558693285001 -157693
1558693286938 -159630
1558693290692 -163384
1558693294444 -167136
1558693297295 -169987
1558693302123 -174815
1558693304991 -177683
1558693309831 -182523
1558693326074 -198540
1558693326074 -198540
1558693327984 -200450
1558693328980 -201446
1558693332828 -205294
1558693332828 -205294
1558693340601 -213067
1558693342494 -214960
1558693342494 -214960
1558693343480 -215946
1558693365502 -237967
1558693370331 -241112
1558693374181 -244962
1558693388505 -258099
1558693389470 -259064
1558693396250 -265844
1558693404002 -273595
1558693409644 -279237
1558693411579 -281172
1558693412531 -282124
1558693412531 -282124
1558693413472 -283065
1558693420266 -289859
1558693436718 -306190
1558693443270 -288477
1558693450980 -296185
1558693454832 -300036
1558693459681 -304885
1558693512730 -3438
1558693528236 -18943
1558693544625 -35332
1558693545404 -36111
1558693548299 -39006
1558693549268 -39975
1558693553128 -43835
1558693556026 -46733
1558693561828 -50284
1558693567618 -56074
1558693569396 -57852
1558693580015 -68471
1558693581946 -70173
1558693584874 -73101
1558693596525 -84750
1558693602083 -90308
1558693608865 -97090
1558693614661 -102885
1558693621407 -109631
1558693625102 -113326
1558693642481 -128158
1558693645381 -131058
1558693646348 -132025
1558693650205 -135881
1558693654869 -140545
1558693660668 -145676
1558693668409 -153417
1558693669411 -154419
1558693674206 -159213
1558693702046 -182294
1558693703974 -184222
1558693703974 -184222
1558693705905 -186153
1558693732790 -213037
1558693735700 -215947
1558693749041 -229288
1558693752904 -232700
1558693776908 -256704
1558693789450 -269245
1558693790415 -270210
1558693798218 -278013
1558693803858 -282963
1558693808736 -287841
1558693816383 -295487
1558693821223 -300327
1558693822199 -301303
1558693823145 -302249
1558693825113 -285879
1558693828726 -289492
1558693839351 -300115
1558693849012 -309775
1558693849979 -310742
1558693850945 -311708
1558693853844 -314606
1558693869241 -293047
1558693874936 -298741
1558693884581 -308384
1558693899905 -323706
1558693906093 -329892
1558693919217 -343011
1558693922092 -345885
1558693924022 -347814
1558693927874 -296979
1558693951861 -320962
1558693953787 -322888
1558693959469 -328570
1558693971021 -340117
1558693974909 -344004
1558693976809 -345904
1558693977790 -346884
1558693977790 -346884
1558693979726 -348820
1558693979726 -348819
1558693988240 -289097
1558693997914 -298770
1558693998895 -299751
1558694011263 -312118
1558694016093 -316947
1558694017057 -317911
1558694029621 -330473
1558694031600 -332451
1558694033507 -334357
1558694034454 -335304
1558694040092 -340940
1558694042062 -342909
1558694043949 -344795
1558694059408 -304530
1558694062296 -307417
1558694068897 -314018
1558694114335 -297013
1558694134243 -316706
1558694146800 -329262
1558694152619 -335080
1558694159411 -341868
1558694166116 -348570
1558694166926 -349379
1558694167888 -350341
1558694169821 -352273
1558694180453 -303584
1558694188177 -311307
1558694203564 -326508
1558694219506 -342446
1558694222971 -345910
1558694231316 -354252
1558694235236 -308160
1558694248808 -321731
1558694257272 -330194
1558694262095 -335016
1558694262111 -335032
1558694273779 -346698
1558694283260 -356176
1558694286167 -299860
1558694290057 -303750
1558694303504 -317170
1558694305442 -319107
1558694305443 -319108
1558694317113 -330777
1558694324883 -338538
1558694326688 -340342
1558694331539 -345190
1558694332488 -346139
1558694332488 -346139
1558694334432 -348082
1558694341236 -354883
1558694342214 -355861
1558694344151 -302103
1558694345123 -303075
1558694346092 -304044
1558694351774 -309725
1558694354687 -312638
1558694360518 -318468
1558694362455 -320405
1558694362455 -320405
1558694367318 -325267
1558694372201 -330149
1558694390477 -348421
1558694392444 -350387
1558694397280 -355221
1558694400036 -298460
1558694401026 -299450
1558694401976 -300399
1558694402956 -301379
1558694407830 -306253
1558694423204 -321303
1558694427098 -325196
1558694434865 -332961
1558694439715 -337810
1558694452184 -350276
1558694473393 -327551
1558694492665 -346819
1558694494614 -348768
1558694500491 -354643
1558694501422 -355573
1558694502401 -356552
1558694502401 -356552
1558694504361 -304630
1558694511188 -311456
1558694528649 -328914
1558694529659 -329924
1558694540926 -341190
1558694557450 -303888
1558694567084 -313518
1558694578683 -325112
1558694581582 -328010
1558694582585 -329013
1558694583549 -329976
1558694584538 -330965
1558694586440 -332866
1558694590187 -336612
1558694594074 -340497
1558694595025 -341448
1558694601833 -348253
1558694605710 -352129
1558694605714 -352133
1558694606689 -353107
1558694613325 -297180
1558694618185 -302040
1558694628876 -312730
1558694634546 -318233
1558694649122 -332806
1558694651070 -334754
1558694666451 -350129
1558694668385 -352062
1558694669363 -353040
1558694670353 -354029
1558694671334 -355010
1558694678163 -311642
1558694683809 -317287
1558694684757 -318235
1558694684771 -318249
1558694691563 -325040
1558694717626 -351097
1558694722757 -356226
1558694727557 -305310
1558694730252 -308005
1558694733049 -310801
1558694737873 -315624
1558694741753 -319504
1558694742729 -320480
1558694744671 -322421
1558694745646 -323396
1558694748557 -326307
1558694749534 -327283
1558694753263 -331012
