1558693124991 -438
1558693125918 -1365
1558693128161 -3608
1558693129121 -4568
1558693138018 -3657
1558693143817 -9456
1558693144594 -19888
1558693146594 -21887
1558693150591 -16229
1558693152561 -18199
1558693153125 -28418
1558693153522 -19160
1558693159933 -35205
1558693161233 -26871
1558693166939 -32577
1558693168560 -43448
1558693169843 -35481
1558693169844 -35482
1558693170563 -45451
1558693170863 -36501
1558693174352 -49240
1558693175264 -50152
1558693179075 -53963
1558693181043 -55931
1558693182968 -57856
1558693184256 -47848
1558693186330 -49922
1558693190420 -65308
1558693190652 -54244
1558693192441 -56033
1558693194714 -69601
1558693196956 -60548
1558693197931 -61523
1558693204179 -79066
1558693205163 -80050
1558693206180 -81067
1558693209990 -79920
1558693211307 -74897
1558693213263 -76853
1558693213269 -76859
1558693216787 -86717
1558693221494 -91424
1558693222466 -92396
1558693223950 -87539
1558693224401 -94331
1558693231598 -93118
1558693234121 -104051
1558693238490 -100010
1558693238490 -100010
1558693245622 -115552
1558693260742 -122260
1558693262209 -130468
1558693262698 -124216
1558693264179 -132438
1558693266605 -128123
1558693267898 -136157
1558693271815 -140074
1558693276749 -145008
1558693277221 -138738
1558693280196 -141354
1558693282133 -143291
1558693295811 -156968
1558693295811 -156968
1558693297738 -158895
1558693298073 -162713
1558693298712 -159869
1558693301015 -165655
1558693302472 -163619
1558693304403 -165550
1558693305879 -170519
1558693309810 -174450
1558693309810 -174450
1558693314182 -175328
1558693317456 -182096
1558693318440 -183080
1558693319413 -184053
1558693320050 -180390
1558693320054 -180394
1558693323314 -187954
1558693324789 -185129
1558693331637 -191977
1558693333122 -196569
1558693335543 -195882
1558693336022 -199469
1558693336526 -196865
1558693337482 -197821
1558693338792 -202239
1558693343348 -203687
1558693347118 -207457
1558693350091 -210430
1558693355909 -216248
1558693356381 -219827
1558693357870 -218209
1558693360294 -223740
1558693362087 -224481
1558693366668 -226697
1558693366959 -229353
1558693367936 -230330
1558693368612 -228641
1558693373804 -236198
1558693376757 -239151
1558693378224 -238252
1558693380659 -243053
1558693385061 -245089
1558693386038 -246066
1558693387326 -249702
1558693387326 -249702
1558693389293 -251669
1558693390931 -250959
1558693391906 -251934
1558693394175 -256178
1558693402510 -262538
1558693408367 -259740
1558693414220 -265593
1558693414533 -268717
1558693416195 -267567
1558693416499 -270683
1558693421893 -273265
1558693424820 -276191
1558693433805 -273636
1558693434091 -280886
1558693437616 -263867
1558693438567 -264818
1558693439812 -279942
1558693442312 -268563
1558693445199 -271449
1558693449570 -289698
1558693453480 -286823
1558693458201 -291544
1558693460145 -293487
1558693466986 -300327
1558693515895 -2583
1558693518831 -5519
1558693520782 -7470
1558693522710 -60
1558693522723 -73
1558693530071 -7421
1558693534459 -21146
1558693536903 -14253
1558693537884 -15234
1558693541181 -27867
1558693546511 -23860
1558693551412 -28761
1558693556276 -33625
1558693556276 -33625
1558693561153 -38502
1558693563466 -46842
1558693564127 -41476
1558693565097 -42446
1558693565114 -42463
1558693567010 -44357
1558693571280 -54656
1558693579577 -50321
1558693580077 -63451
1558693582494 -53238
1558693583006 -66380
1558693586807 -70181
1558693592315 -63059
1558693595070 -65814
1558693596084 -66828
1558693599962 -70705
1558693606796 -77539
1558693607279 -90651
1558693612660 -83403
1558693616578 -87321
1558693622759 -99234
1558693625692 -102167
1558693627173 -95406
1558693632374 -108848
1558693633348 -109822
1558693635356 -111830
1558693635356 -111830
1558693637900 -106132
1558693638232 -114706
1558693647028 -123501
1558693650453 -118641
1558693658590 -135062
1558693660548 -137020
1558693663475 -139947
1558693663475 -139947
1558693665431 -141903
1558693669882 -136767
1558693670322 -141687
1558693670324 -141689
1558693677161 -148526
1558693683537 -150421
1558693692178 -159062
1558693701950 -168832
1558693702922 -169804
1558693702922 -169804
1558693707807 -174688
1558693708817 -175698
1558693710065 -181427
1558693710065 -181427
1558693719380 -186260
1558693721357 -188237
1558693724724 -193883
1558693728179 -195059
1558693729196 -196076
1558693741178 -210336
1558693741706 -208584
1558693743143 -212301
1558693745088 -214246
1558693748999 -218157
1558693749523 -216390
1558693751783 -220941
1558693752492 -219359
1558693754425 -221291
1558693754699 -223857
1558693755685 -224843
1558693757631 -226789
1558693759315 -226181
1558693773867 -240732
1558693780691 -247556
1558693783472 -250337
1558693785824 -254114
1558693787337 -254201
1558693791685 -259975
1558693794658 -262948
1558693808270 -276560
1558693812655 -279515
1558693812683 -279543
1558693816554 -263217
1558693822458 -269120
1558693822726 -286413
1558693822751 -286438
1558693824407 -271069
1558693836328 -284396
1558693839814 -269983
1558693840817 -270986
1558693842731 -272900
1558693843728 -273897
1558693846700 -276868
1558693851586 -281754
1558693853514 -271961
1558693858650 -295017
1558693859628 -295995
1558693860607 -296974
1558693861163 -279609
1558693865054 -283499
1558693870973 -289417
1558693881549 -271823
1558693889335 -279607
1558693890316 -280588
1558693903075 -282723
1558693904065 -283713
1558693905509 -307977
1558693909189 -288836
1558693915107 -298180
1558693916034 -299107
1558693916833 -299905
1558693920488 -277857
1558693920745 -303817
1558693922448 -279817
1558693924381 -281750
1558693928547 -311618
1558693946716 -292317
1558693948912 -301879
1558693959661 -289296
1558693963599 -293233
1558693965398 -295032
1558693969316 -298949
1558693970992 -290330
1558693973189 -302822
1558693974166 -303798
1558693974761 -294098
1558693975165 -304797
1558693977097 -306729
1558693982567 -278667
1558693983559 -279659
1558693985490 -281590
1558693990644 -298959
1558693991640 -299955
1558693993351 -289450
1558693994534 -302848
1558693996263 -292362
1558693996517 -304831
1558694000002 -296094
1558694001381 -309694
1558694001384 -309697
1558694003335 -311648
1558694008216 -296053
1558694008790 -277683
1558694009194 -297031
1558694011752 -280644
1558694011752 -280644
1558694012748 -281640
1558694014673 -283565
1558694017595 -286486
1558694017832 -305667
1558694020544 -289435
1558694022317 -291207
1558694024320 -293210
1558694025654 -313488
1558694026226 -295115
1558694030559 -288404
1558694032106 -300994
1558694033497 -291341
1558694035038 -303925
1558694039185 -297029
1558694041149 -298992
1558694047572 -292165
1558694049940 -307782
1558694051485 -296077
1558694058722 -316563
1558694059537 -291108
1558694060518 -292089
1558694064440 -296010
1558694068905 -291191
1558694069904 -292190
1558694070892 -293178
1558694074199 -305768
1558694074199 -305768
1558694080067 -311635
1558694083660 -285560
1558694084575 -286475
1558694087490 -289389
1558694092373 -294272
1558694097100 -298998
1558694097100 -298998
1558694104401 -307773
1558694105342 -308714
1558694107998 -279775
1558694109057 -280834
1558694114786 -286562
1558694121772 -302772
1558694125290 -297065
1558694126272 -298046
1558694126272 -298046
1558694129591 -310590
1558694132131 -303905
1558694139961 -287440
1558694150954 -305779
1558694151539 -299016
1558694156793 -278192
1558694158660 -313484
1558694159384 -280783
1558694161313 -282710
1558694163290 -284687
1558694164072 -285468
1558694164456 -295610
1558694165053 -286449
1558694166033 -287429
1558694168957 -290352
1558694171296 -302449
1558694171899 -293293
1558694181671 -302931
1558694186774 -290320
1558694187547 -284626
1558694198209 -295287
1558694200148 -297226
1558694203396 -306940
1558694205277 -308820
1558694205277 -308820
1558694213623 -288274
1558694218778 -293429
1558694219208 -288703
1558694221847 -296497
1558694223059 -292554
1558694224576 -299226
1558694231196 -305254
1558694232453 -301947
1558694233437 -302930
1558694236445 -305938
1558694236445 -305938
1558694237017 -281670
1558694238396 -307889
1558694238424 -307917
1558694245393 -314880
1558694245888 -290540
1558694246903 -291555
1558694248377 -287729
1558694248816 -293467
1558694258491 -282781
1558694261311 -285563
1558694266244 -290494
1558694284246 -297343
1558694285228 -298325
1558694295080 -308175
1558694296055 -309150
1558694297852 -310947
1558694306387 -300528
1558694315545 -298650
1558694318494 -301599
1558694322270 -305375
1558694325874 -300611
1558694327847 -285966
1558694328827 -286946
1558694331144 -314247
1558694332100 -315203
1558694332100 -315203
1558694339967 -304369
1558694341448 -299445
1558694341951 -306353
1558694350625 -315026
1558694351609 -316010
1558694352601 -283290
1558694353578 -284267
1558694360976 -290101
1558694361466 -292154
1558694364400 -295087
1558694365380 -296067
1558694365873 -294997
1558694369800 -298924
1558694371128 -301814
1558694372770 -279580
1558694373749 -280559
1558694383424 -290233
1558694385390 -292199
1558694389322 -296130
1558694389800 -295194
1558694396229 -302681
1558694396542 -301935
1558694407868 -288400
1558694409320 -314712
1558694418132 -293430
1558694425861 -301158
1558694425861 -301158
1558694426864 -302161
1558694431772 -307068
1558694435237 -292513
1558694443111 -300176
1558694444381 -290462
1558694444381 -290462
1558694460117 -306195
1558694460644 -297352
1558694467571 -275296
1558694472458 -280182
1558694472458 -280182
1558694480605 -300641
1558694485525 -305560
1558694493228 -313262
1558694501096 -296840
1558694508513 -289919
1558694509516 -290922
1558694510525 -291931
1558694511512 -292918
1558694512460 -293865
1558694513438 -294843
1558694518642 -314384
1558694523560 -319302
1558694526598 -297064
1558694531263 -287486
1558694535010 -291233
1558694536881 -293103
1558694540811 -297032
1558694545036 -315499
1558694547528 -289974
1558694548518 -290964
1558694555406 -297851
1558694561667 -309590
1558694562628 -310551
1558694566525 -314447
1558694567526 -315448
1558694574392 -296051
1558694574914 -289208
1558694577323 -298981
1558694583772 -298064
1558694592893 -314549
1558694594438 -290042
1558694594863 -316519
1558694595426 -291029
1558694601330 -296933
1558694602315 -297918
1558694606240 -301842
1558694607242 -302844
1558694608203 -303805
1558694621820 -292000
1558694628701 -298880
1558694633614 -303690
1558694636870 -302798
1558694641503 -293129
1558694643332 -294958
1558694643718 -309643
1558694647651 -313574
1558694650167 -279382
1558694653120 -282335
1558694653120 -282335
1558694654105 -283319
1558694660010 -289224
1558694661255 -292924
1558694666739 -295952
1558694667164 -298832
1558694670128 -301795
1558694670670 -299882
1558694673067 -304734
1558694673067 -304734
1558694676567 -305641
1558694676994 -308660
1558694678565 -307638
1558694688370 -295067
1558694691161 -297858
1558694693656 -299066
1558694698042 -304738
1558694701970 -308665
1558694702954 -283277
1558694704923 -285245
1558694705201 -310609
1558694709130 -314538
1558694709134 -314542
1558694709841 -290163
1558694715031 -294042
1558694716047 -295058
1558694717547 -297868
1558694721591 -301911
1558694727670 -283589
1558694728818 -307827
1558694729545 -285464
1558694729807 -308816
1558694730541 -286460
1558694739461 -318469
1558694740441 -319449
1558694745909 -280346
1558694748307 -298016
1558694753059 -302768
1558694757002 -306710
1558694760661 -295096
1558694761912 -311620
1558694762893 -312600
1558694765417 -299629
1558694768794 -318501
1558694776499 -295893
1558694777222 -286250
1558694781412 -300805
1558694785092 -294119
1558694785911 -294938
1558694786893 -295919
1558694788299 -307691
1558694790824 -299850
1558694791248 -310640
1558694791810 -300836
1558694806567 -285265
1558694817220 -295916
1558694818204 -296900
1558694819189 -297885
1558694825089 -303784
1558694829023 -285262
1558694834757 -290995
