1558693132748 -1560
1558693135487 -666
1558693139323 -4502
1558693140316 -5495
1558693146469 -15280
1558693148311 -17122
1558693161875 -30686
1558693162470 -27649
1558693168555 -37278
1558693169541 -38264
1558693170536 -39258
1558693171195 -36371
1558693174294 -43016
1558693178119 -46756
1558693185580 -50755
1558693191145 -59780
1558693191672 -56014
1558693200082 -64424
1558693200294 -68929
1558693201053 -65395
1558693201053 -65395
1558693201054 -65396
1558693201256 -69891
1558693202036 -66378
1558693203015 -67357
1558693208685 -73027
1558693215876 -78075
1558693230390 -92589
1558693230902 -95243
1558693231376 -93575
1558693232821 -94232
1558693235737 -97148
1558693236239 -98438
1558693241576 -102987
1558693241576 -102987
1558693244095 -106293
1558693248800 -110998
1558693250743 -112941
1558693251724 -113922
1558693252333 -113742
1558693252705 -114755
1558693254133 -115542
1558693258997 -120406
1558693259977 -121386
1558693264435 -126485
1558693269164 -131214
1558693273651 -135059
1558693275028 -137078
1558693280401 -141809
1558693281349 -142757
1558693282897 -144947
1558693283266 -144511
1558693283853 -145902
1558693288708 -150757
1558693297397 -158138
1558693298348 -159089
1558693303624 -164868
1558693309488 -170731
1558693317312 -178555
1558693321622 -182361
1558693323576 -184315
1558693331782 -193021
1558693334715 -194970
1558693346893 -207630
1558693346893 -207630
1558693354110 -214364
1558693355711 -216360
1558693357633 -218282
1558693359962 -220215
1558693363874 -224127
1558693367244 -227893
1558693373488 -233741
1558693375442 -235695
1558693382272 -242355
1558693383251 -243334
1558693383251 -243334
1558693387158 -247241
1558693387606 -248254
1558693396769 -256837
1558693397389 -257132
1558693398720 -258788
1558693405639 -265707
1558693412440 -272048
1558693420077 -279685
1558693421053 -280661
1558693425914 -285522
1558693427548 -287290
1558693429482 -289224
1558693432884 -292492
1558693433858 -293466
1558693435305 -288792
1558693435881 -295489
1558693436791 -296398
1558693442053 -295539
1558693442063 -295549
1558693445955 -299441
1558693447899 -301385
1558693450833 -291969
1558693451159 -298110
1558693454088 -301038
1558693458978 -290738
1558693464353 -296626
1558693471510 -303268
1558693473145 -305417
1558693474123 -306395
1558693476393 -308150
1558693476394 -308151
1558693478030 -310301
1558693517001 -571
1558693518961 -2531
1558693520011 -1453
1558693520916 -4486
1558693520988 -2430
1558693520988 -2430
1558693522952 -4394
1558693529710 -13278
1558693532688 -16256
1558693532688 -16256
1558693536558 -20126
1558693539325 -22893
1558693545188 -28717
1558693553010 -36538
1558693553010 -27417
1558693554967 -29374
1558693557899 -32306
1558693558938 -40379
1558693559854 -34261
1558693559928 -41369
1558693561815 -36222
1558693562854 -44161
1558693572472 -53778
1558693575334 -49740
1558693579294 -60600
1558693581251 -62557
1558693582181 -56586
1558693584191 -65497
1558693587975 -62380
1558693590857 -65261
1558693592830 -74136
1558693595758 -77064
1558693601564 -75968
1558693601565 -75969
1558693602582 -77694
1558693602582 -77694
1558693604498 -75874
1558693606456 -77832
1558693607433 -78809
1558693611179 -82554
1558693617067 -92179
1558693630747 -105858
1558693634658 -109769
1558693641323 -112695
1558693644266 -119377
1558693669518 -140797
1558693672437 -143714
1558693687913 -157788
1558693691825 -161699
1558693692801 -162675
1558693698660 -168803
1558693699647 -169521
1558693701585 -171728
1558693705494 -175637
1558693708281 -178154
1558693719011 -189154
1558693720989 -190253
1558693731714 -200818
1558693735504 -204767
1558693745222 -214325
1558693747229 -216490
1558693752126 -221387
1558693754021 -223124
1558693754997 -224100
1558693755862 -225122
1558693757820 -227080
1558693759774 -229034
1558693762660 -231762
1558693765631 -234733
1558693770473 -239575
1558693776336 -244099
1558693779164 -248424
1558693781119 -248730
1558693783039 -250802
1558693786006 -253617
1558693798822 -266432
1558693800685 -268448
1558693809401 -270851
1558693812246 -279984
1558693818170 -279619
1558693826761 -288208
1558693826809 -283467
1558693829579 -286236
1558693831528 -288185
1558693835547 -282277
1558693838375 -295031
1558693839345 -296001
1558693839346 -296002
1558693840327 -296983
1558693843257 -280371
1558693847178 -284291
1558693850110 -287223
1558693851083 -288196
1558693851086 -288199
1558693852983 -275699
1558693853847 -290959
1558693856879 -279594
1558693862770 -285484
1558693865703 -288417
1558693871559 -294272
1558693876286 -298999
1558693877142 -287251
1558693882022 -292131
1558693885925 -295947
1558693886060 -293252
1558693886060 -293252
1558693886901 -296923
1558693888991 -296182
1558693898596 -305786
1558693899465 -295818
1558693899580 -293097
1558693900502 -296855
1558693910547 -304063
1558693910621 -304137
1558693912305 -288362
1558693912305 -288362
1558693915184 -291240
1558693924701 -285306
1558693925815 -300428
1558693928604 -289208
1558693933493 -294096
1558693933641 -308253
1558693936575 -293070
1558693937575 -294070
1558693960709 -311329
1558693964758 -304845
1558693964758 -304845
1558693966554 -300737
1558693970301 -304484
1558693971435 -311521
1558693980082 -299779
1558693990822 -310517
1558693990822 -310517
1558693992780 -312475
1558693995544 -307487
1558694006288 -318230
1558694012152 -324093
1558694012330 -293296
1558694016064 -328005
1558694022920 -303885
1558694025664 -309537
1558694027613 -311485
1558694035437 -319308
1558694036411 -320282
1558694036411 -320282
1558694038554 -289372
1558694043315 -294133
1558694044285 -295102
1558694047966 -301757
1558694050160 -300977
1558694053057 -303873
1558694053057 -303873
1558694055780 -309571
1558694055998 -306814
1558694056753 -310543
1558694058928 -309744
1558694064616 -315431
1558694067360 -320916
1558694071282 -298820
1558694076122 -303659
1558694076366 -302892
1558694080277 -306802
1558694084208 -310733
1558694092562 -291938
1558694097704 -294232
1558694099654 -296182
1558694108393 -307763
1558694112473 -311841
1558694114981 -314348
1558694115886 -315253
1558694119766 -294899
1558694121736 -296868
1558694128833 -292313
1558694132478 -307609
1558694133473 -308604
1558694136485 -299964
1558694144300 -307778
1558694146957 -321570
1558694158732 -307649
1558694160525 -309442
1558694166618 -304802
1558694167317 -316233
1558694170248 -319164
1558694175435 -313618
1558694176404 -314587
1558694176414 -314597
1558694181975 -305816
1558694185721 -309561
1558694187680 -311520
1558694187680 -311520
1558694191991 -304315
1558694192872 -305196
1558694192890 -305214
1558694198484 -322178
1558694198813 -311136
1558694199464 -323158
1558694203411 -309181
1558694203787 -287602
1558694211277 -295091
1558694217011 -298011
1558694222916 -303915
1558694227604 -308602
1558694228583 -309581
1558694232290 -313287
1558694238260 -289300
1558694239199 -290239
1558694239532 -293361
1558694251501 -305328
1558694261825 -285516
1558694262509 -313545
1558694263455 -314286
1558694263459 -314289
1558694264779 -288470
1558694268793 -292483
1558694276231 -300993
1558694284272 -307960
1558694287861 -312621
1558694293119 -286666
1558694293127 -286674
1558694296078 -289625
1558694304414 -303984
1558694309371 -308940
1558694309682 -303227
1558694309682 -303227
1558694313256 -312823
1558694315589 -309133
1558694316576 -310120
1558694324438 -299235
1558694328203 -302999
1558694328830 -307038
1558694328830 -307038
1558694330851 -309059
1558694331175 -305971
1558694331791 -309999
1558694333744 -311952
1558694334103 -308899
1558694340992 -289900
1558694341982 -290889
1558694344941 -293848
1558694350665 -299571
1558694358164 -309836
1558694358532 -307437
1558694360511 -309416
1558694366025 -317695
1558694368981 -299545
1558694369972 -300536
1558694371929 -302493
1558694373143 -291900
1558694377659 -308222
1558694380009 -298765
1558694389459 -296857
1558694395376 -302772
1558694399128 -306523
1558694406419 -299765
1558694409968 -293131
1558694411910 -295073
1558694412896 -296059
1558694417910 -301072
1558694427462 -310623
1558694427888 -291409
1558694428445 -311605
1558694428448 -311608
1558694436313 -319243
1558694436313 -319243
1558694443624 -307143
1558694445429 -308947
1558694448925 -317429
1558694451334 -314851
1558694454844 -301982
1558694455818 -302955
1558694456251 -290616
1558694458222 -292586
1558694459740 -306877
1558694465158 -299521
1558694467641 -314777
1558694472810 -307172
1558694477280 -304059
1558694479247 -306026
1558694484163 -310941
1558694486130 -312908
1558694490073 -316850
1558694498751 -311051
1558694500216 -304411
1558694506615 -293698
1558694510607 -297690
1558694511577 -298660
1558694517435 -304517
1558694520685 -298512
1558694524165 -311202
1558694528248 -315285
1558694535957 -306814
1558694537399 -315220
1558694538388 -316208
1558694539883 -310740
1558694541173 -293807
1558694544633 -295643
1558694547586 -298596
1558694550061 -302693
1558694556935 -309565
1558694561878 -314506
1558694562855 -315483
1558694568577 -291200
1558694578426 -301048
1558694578874 -304605
1558694581366 -303987
1558694583341 -305962
1558694589051 -311671
1558694592481 -318002
1558694600855 -293147
1558694611695 -303986
1558694612510 -304801
1558694617875 -311249
1558694620822 -314196
1558694623299 -315588
1558694625258 -317547
1558694625744 -297858
1558694627223 -295049
1558694631164 -298990
1558694637529 -309642
1558694650689 -318512
1558694653090 -306473
1558694653650 -296094
1558694655058 -308441
1558694657562 -300006
1558694658995 -312377
1558694662790 -316172
1558694665723 -319104
1558694666711 -320092
1558694670198 -312640
1558694670648 -304572
1558694676532 -310456
1558694679077 -292182
1558694680468 -314392
1558694683415 -317338
1558694684396 -318319
1558694685383 -319306
1558694689692 -302796
1558694689692 -302796
1558694690672 -303775
1558694701496 -314598
1558694708218 -290932
1558694714558 -308504
1558694715544 -309489
1558694717498 -311443
1558694720498 -314443
1558694726256 -308967
1558694727224 -309935
1558694730471 -305549
1558694730471 -305549
1558694731436 -306513
1558694732686 -315397
1558694736034 -311111
1558694740948 -316024
1558694745421 -294091
1558694746405 -295075
1558694749359 -298028
1558694750339 -299008
1558694751754 -297915
1558694752745 -298905
1558694762966 -311634
1558694766329 -312488
1558694767888 -316555
1558694774191 -320308
1558694781885 -303609
1558694783852 -305576
1558694784444 -303764
1558694784445 -303765
1558694786803 -308527
1558694797236 -316555
1558694802535 -300793
