1558693131123 -6626
1558693133085 -8326
1558693136060 -11300
1558693138920 -14160
1558693146634 -18563
1558693155240 -27169
1558693155992 -27921
1558693158961 -30890
1558693159956 -31885
1558693159956 -31885
1558693160930 -32859
1558693160965 -32894
1558693162779 -34708
1558693164689 -36618
1558693170557 -42486
1558693176274 -48202
1558693177238 -49166
1558693182884 -54812
1558693193768 -65102
1558693204939 -76273
1558693205927 -77261
1558693212660 -83994
1558693214576 -85910
1558693215528 -86862
1558693219367 -90701
1558693219370 -90704
1558693222264 -93598
1558693224190 -95524
1558693226974 -98307
1558693230835 -97197
1558693232755 -99117
1558693234712 -101074
1558693240522 -106884
1558693241474 -107836
1558693243455 -109817
1558693244435 -110797
1558693246331 -112693
1558693252030 -118392
1558693253957 -120319
1558693266564 -132926
1558693276128 -142284
1558693283899 -150055
1558693283911 -150067
1558693297370 -163525
1558693301213 -167301
1558693302232 -168320
1558693308011 -174099
1558693308011 -174099
1558693308991 -175079
1558693309941 -176029
1558693312849 -175780
1558693314799 -177730
1558693314806 -177737
1558693315788 -178719
1558693316731 -179662
1558693324360 -187290
1558693331172 -194102
1558693339893 -202822
1558693341821 -204750
1558693342786 -205715
1558693345585 -208514
1558693351472 -214400
1558693352357 -215285
1558693353320 -216248
1558693357202 -219803
1558693360125 -222726
1558693363995 -226596
1558693364978 -227579
1558693364978 -227579
1558693365939 -228540
1558693367725 -230326
1558693369675 -232275
1558693375498 -238098
1558693377446 -240046
1558693378425 -241025
1558693393771 -256368
1558693398632 -261226
1558693400584 -263178
1558693407370 -269964
1558693414982 -277575
1558693417909 -280502
1558693422781 -285374
1558693422800 -282752
1558693423763 -283714
1558693424688 -284639
1558693429542 -289493
1558693430507 -290458
1558693431483 -291434
1558693434596 -294546
1558693435543 -295493
1558693438339 -278446
1558693440058 -280165
1558693441031 -281138
1558693447830 -287936
1558693455606 -295711
1558693456583 -296688
1558693459490 -299595
1558693462243 -302347
1558693516988 -2485
1558693516989 -2486
1558693516989 -2486
1558693517961 -3458
1558693519903 -5400
1558693519905 -5402
1558693520873 -6370
1558693520873 -6370
1558693525735 -11232
1558693532559 -18055
1558693533512 -19008
1558693540206 -25701
1558693545968 -31463
1558693546941 -32436
1558693547931 -33426
1558693554705 -40199
1558693555672 -41166
1558693557613 -43107
1558693558592 -44086
1558693564302 -49696
1558693564350 -49744
1558693564350 -49744
1558693568126 -53520
1558693572984 -58377
1558693583684 -69076
1558693585484 -70876
1558693588412 -73804
1558693597137 -82528
1558693603911 -89302
1558693604890 -90281
1558693606844 -92235
1558693608622 -94013
1558693614471 -88446
1558693619300 -93274
1558693622252 -96226
1558693629005 -102978
1558693632729 -106702
1558693633684 -107657
1558693634658 -108631
1558693634658 -108631
1558693638542 -112514
1558693641458 -115430
1558693646312 -120284
1558693648251 -122223
1558693655063 -129034
1558693655862 -129833
1558693662656 -136516
1558693668485 -142345
1558693669470 -143330
1558693670428 -144288
1558693677231 -151090
1558693681101 -154960
1558693682936 -156795
1558693682936 -156795
1558693688720 -162579
1558693689703 -163562
1558693698466 -172325
1558693710906 -179489
1558693712846 -181429
1558693713818 -182401
1558693716746 -185329
1558693721597 -190180
1558693722560 -191143
1558693724504 -193086
1558693733080 -201662
1558693734060 -202642
1558693742800 -211381
1558693746686 -215267
1558693753313 -221893
1558693762061 -230620
1558693762067 -230626
1558693764026 -232585
1558693764057 -232616
1558693773559 -242117
1558693774532 -243090
1558693774542 -243100
1558693779390 -247948
1558693784240 -252765
1558693784240 -252765
1558693785243 -253768
1558693790066 -258591
1558693793954 -262479
1558693800710 -269235
1558693801677 -270202
1558693802638 -271163
1558693803571 -272096
1558693812297 -280822
1558693813256 -281781
1558693815204 -283728
1558693819046 -287570
1558693820902 -289426
1558693821858 -290382
1558693827622 -296146
1558693830530 -299053
1558693831501 -300024
1558693840237 -308760
1558693846913 -314746
1558693850758 -318591
1558693851762 -319595
1558693853679 -321512
1558693855634 -323467
1558693862460 -302871
1558693867279 -307689
1558693877823 -318232
1558693881716 -322124
1558693882653 -323061
1558693883620 -324028
1558693884592 -325000
1558693884592 -325000
1558693884593 -325001
1558693886535 -326943
1558693892207 -332614
1558693893183 -333589
1558693903151 -343556
1558693905134 -345539
1558693910032 -350434
1558693910886 -351288
1558693916343 -307723
1558693916361 -307741
1558693918282 -309662
1558693922169 -313548
1558693926066 -317445
1558693926066 -317445
1558693930920 -322298
1558693931871 -323249
1558693938679 -330056
1558693941411 -332788
1558693942386 -333763
1558693944335 -335712
1558693945302 -336678
1558693947241 -338617
1558693947244 -338620
1558693948213 -339589
1558693951126 -342502
1558693952095 -343470
1558693952095 -343470
1558693954043 -345418
1558693959873 -351246
1558693960859 -352231
1558693964585 -355956
1558693966516 -357886
1558693966516 -357886
1558693968466 -359835
1558693973303 -326797
1558693979152 -332646
1558693983016 -336509
1558693990643 -344135
1558693994507 -347999
1558693998398 -351889
1558694004211 -357702
1558694010893 -364383
1558694019596 -310627
1558694025475 -316505
1558694026398 -317428
1558694027373 -318403
1558694030300 -321329
1558694031272 -322301
1558694033201 -324230
1558694035942 -326971
1558694041830 -332858
1558694042810 -333838
1558694045661 -336688
1558694048567 -339594
1558694053418 -344444
1558694055365 -346390
1558694057146 -348170
1558694058122 -349146
1558694060056 -351079
1558694061999 -353021
1558694065900 -356920
1558694066865 -357885
1558694071783 -302932
1558694072743 -303892
1558694073678 -304827
1558694074632 -305781
1558694079490 -310639
1558694081288 -312436
1558694082273 -313421
1558694086136 -317284
1558694092919 -324066
1558694092919 -324066
1558694094856 -326003
1558694095827 -326974
1558694099710 -330856
1558694102666 -333812
1558694107381 -338526
1558694108493 -339638
1558694109482 -340627
1558694113499 -344643
1558694116094 -347237
1558694122870 -354011
1558694126738 -357878
1558694128541 -359680
1558694130479 -301894
1558694143097 -314510
1558694149897 -321309
1558694156719 -328130
1558694164300 -335710
1558694165271 -336681
1558694168187 -339597
1558694169161 -340570
1558694174030 -345438
1558694174030 -345438
1558694181642 -353047
1558694184537 -355941
1558694185507 -356911
1558694186481 -357884
1558694188453 -359856
1558694189473 -301969
1558694190443 -302939
1558694193315 -305811
1558694194262 -306758
1558694198229 -310724
1558694199036 -311531
1558694201036 -313530
1558694202949 -315443
1558694206856 -319349
1558694210639 -323132
1558694212565 -325057
1558694213531 -326023
1558694217646 -330138
1558694219928 -332419
1558694221712 -334203
1558694224244 -336734
1558694224244 -336734
1558694227037 -339526
1558694227986 -340475
1558694233762 -346249
1558694238684 -351169
1558694241638 -354122
1558694244549 -357032
1558694244595 -357078
1558694253082 -301959
1558694259825 -308701
1558694261765 -310641
1558694268607 -317480
1558694269584 -318457
1558694269584 -318457
1558694274251 -323122
1558694278108 -326978
1558694278110 -326980
1558694279083 -327952
1558694281043 -329912
1558694283929 -332797
1558694286849 -335716
1558694289764 -338630
1558694292704 -341569
1558694294491 -343355
1558694297420 -346283
1558694297420 -346283
1558694299382 -348244
1558694302316 -351177
1558694308173 -294404
1558694313063 -299293
1558694317807 -304037
1558694320730 -306959
1558694333427 -319654
1558694348901 -335123
1558694354769 -340989
1558694355758 -341977
1558694359660 -345878
1558694361651 -347868
1558694362579 -348796
1558694366332 -352547
1558694369267 -355481
1558694372226 -303385
1558694373206 -304364
1558694374197 -305355
1558694376111 -307269
1558694380006 -311164
1558694384898 -316055
1558694385876 -317033
1558694388639 -319795
1558694389615 -320771
1558694395495 -326651
1558694397431 -328586
1558694399387 -330542
1558694402318 -333473
1558694408176 -339330
1558694421712 -352863
1558694422678 -353828
1558694423655 -354805
1558694424639 -355789
1558694425616 -356766
1558694427573 -304710
1558694430507 -307644
1558694434412 -311548
1558694436207 -313343
1558694447923 -325057
1558694448907 -326041
1558694454778 -331911
1558694458668 -335801
1558694458668 -335801
1558694460463 -337592
1558694461444 -338573
1558694461444 -338573
1558694465364 -342492
1558694475121 -352247
1558694475121 -352247
1558694480980 -358105
1558694480981 -358106
1558694483742 -306937
1558694489637 -312831
1558694491591 -314785
1558694496450 -319643
1558694497420 -320613
1558694502305 -325497
1558694508981 -332172
1558694509980 -333171
1558694513881 -337072
1558694513881 -337072
1558694517777 -340967
1558694519740 -342930
1558694521700 -344890
1558694522671 -345860
1558694524634 -347823
1558694526676 -349864
1558694539152 -302469
1558694540120 -303436
1558694541084 -304400
1558694542063 -305379
1558694542068 -305384
1558694543033 -306349
1558694545960 -309276
1558694546937 -310253
1558694551835 -315150
1558694553781 -317096
1558694555579 -318894
1558694560498 -323812
1558694567345 -330658
1558694568287 -331600
1558694569261 -332574
1558694569271 -332584
1558694573158 -336470
1558694577070 -340382
1558694577070 -340382
1558694578051 -341363
1558694581825 -345136
1558694582801 -346111
1558694582811 -346121
1558694584733 -348043
1558694589612 -352920
1558694589613 -352921
1558694599391 -303926
1558694605075 -309609
1558694606053 -310587
1558694608016 -312550
1558694608991 -313524
1558694612894 -317427
1558694612894 -317427
1558694617774 -322306
1558694620705 -325237
1558694624626 -329158
1558694630309 -334840
1558694631298 -335828
1558694634224 -338753
1558694638126 -342655
1558694638127 -342656
1558694639131 -343660
1558694640085 -344614
1558694641076 -345605
1558694648877 -353405
1558694650684 -355212
1558694657512 -302757
1558694660440 -305685
1558694662401 -307645
1558694668258 -313502
1558694668259 -313502
1558694671193 -316436
1558694673963 -319206
1558694674941 -320184
1558694683767 -329009
1558694685704 -330945
1558694688642 -333883
1558694690588 -335829
1558694697451 -342691
1558694702157 -347395
1558694706055 -351292
1558694708013 -353249
1558694708989 -354225
1558694712911 -358146
1558694720773 -309619
1558694722796 -311642
1558694723724 -312570
1558694723724 -312570
1558694726880 -315725
1558694727743 -316588
1558694727743 -316588
1558694729522 -318367
1558694731483 -320328
1558694733295 -322139
1558694737176 -326020
1558694737179 -326023
1558694741086 -329929
1558694741093 -329936
1558694742062 -330905
1558694746811 -335654
1558694747768 -336610
1558694748737 -337579
1558694751665 -340507
1558694752647 -341489
1558694753629 -342471
1558694759487 -348327
1558694768282 -357119
1558694772029 -305679
1558694775939 -309588
1558694778875 -312524
1558694780836 -314485
1558694788644 -322292
1558694790599 -324247
