1558693131555 -7995
1558693139196 -11403
1558693139799 -16239
1558693139799 -16239
1558693143015 -15222
1558693144603 -21043
1558693148254 -24694
1558693153116 -28209
1558693153594 -25800
1558693155664 -27870
1558693158597 -30803
1558693168554 -43647
1558693171349 -46442
1558693172362 -47455
1558693175800 -48001
1558693183831 -58923
1558693188632 -60833
1558693189742 -61943
1558693191775 -66867
1558693195023 -67223
1558693196034 -68234
1558693201840 -74040
1558693209845 -83883
1558693211428 -83627
1558693213755 -87793
1558693220372 -94410
1558693227189 -101227
1558693233596 -105760
1558693233596 -105760
1558693236897 -110934
1558693237472 -109635
1558693239217 -111380
1558693239217 -111380
1558693239218 -111381
1558693245988 -118151
1558693247916 -120079
1558693249844 -121995
1558693256182 -128949
1558693257580 -129730
1558693258541 -130691
1558693261041 -133808
1558693262013 -134780
1558693264931 -137304
1558693265736 -138109
1558693267680 -140053
1558693268032 -140182
1558693269971 -142121
1558693273828 -145882
1558693273841 -145895
1558693274801 -146855
1558693278688 -150742
1558693283242 -155607
1558693284222 -156587
1558693284473 -156527
1558693286420 -158474
1558693288165 -160219
1558693294784 -167149
1558693295745 -168110
1558693299599 -170504
1558693305446 -176351
1558693308248 -180135
1558693311267 -182172
1558693323700 -195587
1558693323704 -195591
1558693324652 -196539
1558693330566 -201469
1558693333254 -205140
1558693334449 -205351
1558693338161 -209058
1558693338971 -210857
1558693340112 -211008
1558693345941 -216837
1558693346752 -218638
1558693348653 -220539
1558693350652 -222538
1558693350852 -221748
1558693351604 -223490
1558693352519 -224405
1558693352746 -223642
1558693362304 -233199
1558693362956 -234841
1558693363275 -234170
1558693368134 -239029
1558693373576 -245351
1558693383062 -254837
1558693384979 -256754
1558693387890 -259664
1558693389852 -261626
1558693394667 -266441
1558693397557 -269331
1558693400452 -272226
1558693404164 -275938
1558693408683 -278988
1558693411969 -283743
1558693415470 -285775
1558693419370 -289675
1558693421650 -293344
1558693433879 -291235
1558693435202 -306895
1558693439623 -286488
1558693446402 -293267
1558693450473 -322101
1558693451262 -298126
1558693455319 -326946
1558693456299 -327926
1558693460176 -331803
1558693465988 -337615
1558693472786 -344413
1558693481365 -326605
1558693483309 -328549
1558693493982 -339220
1558693500620 -345857
1558693509365 -354601
1558693515893 -6272
1558693515895 -6274
1558693521750 -12129
1558693526608 -16986
1558693529376 -19754
1558693531107 -21922
1558693536911 -27725
1558693540815 -31629
1558693541026 -31403
1558693541825 -32639
1558693545865 -36242
1558693546609 -37423
1558693546612 -37426
1558693548804 -37364
1558693558099 -48912
1558693558353 -46913
1558693559049 -49862
1558693560034 -50847
1558693561267 -49826
1558693569045 -57604
1558693570010 -58569
1558693574873 -63431
1558693575687 -64245
1558693577342 -65329
1558693578607 -67165
1558693579284 -67271
1558693584426 -72983
1558693585431 -73988
1558693585457 -74014
1558693589985 -77971
1558693595800 -83786
1558693602741 -90734
1558693603707 -91700
1558693604371 -92356
1558693606316 -94301
1558693607287 -95272
1558693607287 -95272
1558693610232 -98216
1558693616997 -104981
1558693624616 -111648
1558693627849 -115839
1558693629463 -116495
1558693631756 -119746
1558693634651 -122641
1558693635381 -122412
1558693636268 -123299
1558693640148 -127179
1558693647127 -135116
1558693647128 -135117
1558693649708 -136738
1558693652962 -138898
1558693660404 -147433
1558693672235 -158170
1558693673908 -152568
1558693674199 -160134
1558693675150 -161085
1558693676746 -155406
1558693677719 -156379
1558693678067 -163998
1558693679089 -165020
1558693681113 -167044
1558693684874 -170805
1558693687454 -166113
1558693687811 -173742
1558693694463 -180394
1558693699883 -178541
1558693703776 -182434
1558693705125 -190003
1558693705737 -184395
1558693706689 -185347
1558693706689 -185347
1558693708641 -187299
1558693711929 -196807
1558693714279 -192935
1558693717602 -202480
1558693723037 -200105
1558693724976 -202044
1558693725941 -203009
1558693726366 -211244
1558693727888 -204956
1558693733716 -210783
1558693737639 -214706
1558693738440 -215507
1558693749085 -226151
1558693752450 -232986
1558693758796 -235862
1558693760739 -237805
1558693762524 -239590
1558693767378 -244444
1558693769327 -246393
1558693779526 -258631
1558693782952 -254808
1558693788076 -256561
1558693790993 -259478
1558693794471 -266327
1558693800453 -272309
1558693802797 -262458
1558693803290 -275146
1558693807149 -279005
1558693807622 -267282
1558693812806 -284662
1558693813761 -285617
1558693825836 -273953
1558693829226 -300451
1558693832720 -280836
1558693833119 -304344
1558693835382 -283498
1558693835383 -283499
1558693838300 -286415
1558693839272 -287387
1558693840875 -312100
1558693842662 -313887
1558693847552 -318777
1558693848036 -283310
1558693850939 -286213
1558693855799 -291072
1558693861921 -303730
1558693864839 -306648
1558693865833 -307642
1558693869321 -290683
1558693869773 -311581
1558693876507 -318314
1558693877046 -298407
1558693877479 -319286
1558693879413 -321219
1558693883670 -281889
1558693891865 -333670
1558693891865 -333670
1558693891867 -333671
1558693897695 -339498
1558693900643 -342445
1558693906615 -307863
1558693925311 -300379
1558693925324 -300392
1558693933904 -308970
1558693933904 -308970
1558693934873 -309939
1558693936210 -337454
1558693940120 -341363
1558693941067 -342310
1558693943612 -278017
1558693951408 -285811
1558693969068 -341335
1558693971991 -344257
1558693976674 -348940
1558693977668 -349934
1558693978647 -350913
1558693982518 -354783
1558693984450 -356715
1558693985105 -289699
1558693988336 -360600
1558693988980 -293574
1558693990286 -300917
1558693991903 -296496
1558694002748 -313377
1558694003402 -307993
1558694003404 -307995
1558694004389 -308980
1558694019253 -329880
1558694019258 -329885
1558694019946 -290660
1558694022986 -333613
1558694024672 -295385
1558694029496 -300208
1558694030486 -301198
1558694036575 -347199
1558694039217 -309928
1558694041166 -311877
1558694041425 -352047
1558694043144 -313854
1558694047094 -327735
1558694049741 -287572
1558694065577 -346215
1558694071259 -351896
1558694072257 -352894
1558694072934 -310762
1558694072934 -310762
1558694074140 -354777
1558694076848 -286797
1558694080693 -290641
1558694081924 -362560
1558694082639 -292587
1558694084827 -365463
1558694091373 -301320
1558694092347 -302294
1558694094292 -304238
1558694099965 -309911
1558694102127 -326298
1558694105079 -329250
1558694108895 -301201
1558694108895 -301201
1558694112823 -305129
1558694113781 -306086
1558694114020 -338190
1558694115611 -307916
1558694115611 -307916
1558694116507 -308812
1558694124115 -287757
1558694125090 -288732
1558694127055 -290697
1558694131110 -313336
1558694132858 -296499
1558694140645 -304285
1558694142586 -306226
1558694144353 -307993
1558694146297 -309937
1558694148251 -311890
1558694150374 -332597
1558694152319 -334542
1558694154320 -291822
1558694159157 -341379
1558694159943 -297444
1558694162825 -300326
1558694166551 -304051
1558694169467 -306967
1558694175467 -309611
1558694177247 -314745
1558694178376 -312519
1558694181304 -315447
1558694182130 -289706
1558694184055 -291631
1558694186968 -321110
1558694188918 -323060
1558694191727 -299302
1558694193612 -301186
1558694193612 -301186
1558694193764 -327905
1558694199630 -333771
1558694199630 -333770
1558694212066 -346205
1558694212072 -346211
1558694213032 -347171
1558694213859 -295308
1558694213859 -295308
1558694218060 -299509
1558694219033 -300482
1558694219279 -353416
1558694229489 -310936
1558694230462 -311909
1558694230530 -334727
1558694231411 -312858
1558694232380 -313827
1558694233358 -314804
1558694235262 -339458
1558694236365 -292707
1558694241120 -345314
1558694243055 -299396
1558694244042 -348235
1558694245036 -349228
1558694247066 -351258
1558694250901 -355091
1558694251959 -308299
1558694261412 -291662
1558694266326 -296575
1558694276070 -306318
1558694278028 -308276
1558694281563 -325579
1558694292543 -301600
1558694294495 -303551
1558694296472 -305528
1558694300368 -309424
1558694302331 -311386
1558694305824 -349837
1558694309979 -290045
1558694313630 -322094
1558694322705 -302768
1558694324372 -332834
1558694324662 -304725
1558694325351 -333813
1558694325648 -305711
1558694326338 -334800
1558694333985 -342446
1558694337221 -291164
1558694342771 -351231
1558694348974 -302915
1558694350589 -359047
1558694351891 -305832
1558694351891 -305832
1558694357585 -311525
1558694358571 -312511
1558694362169 -316964
1558694369346 -293522
1558694370956 -325751
1558694371924 -326718
1558694376648 -331442
1558694377626 -332420
1558694380902 -305076
1558694382858 -307031
1558694386773 -310946
1558694396568 -290747
1558694399492 -293670
1558694400481 -294659
1558694409717 -335459
1558694419943 -314118
1558694425733 -289963
1558694432414 -296643
1558694432995 -358733
1558694444162 -308390
1558694444726 -370462
1558694468046 -342638
1558694470418 -304672
1558694470948 -345540
1558694472735 -347327
1558694473346 -307600
1558694473717 -348308
1558694476104 -310357
1558694477623 -352214
1558694482507 -357097
1558694483925 -288371
1558694491330 -306155
1558694491764 -296208
1558694500468 -304911
1558694500930 -315755
1558694506788 -321613
1558694510229 -314671
1558694510789 -325614
1558694511203 -315645
1558694517527 -332352
1558694519317 -334142
1558694519953 -291471
1558694523229 -338054
1558694524705 -296222
1558694525192 -340016
1558694528334 -343158
1558694529377 -344201
1558694530839 -302355
1558694534135 -348959
1558694541795 -356619
1558694545541 -330426
1558694556825 -303041
1558694566616 -312831
1558694567883 -352765
1558694570529 -316744
1558694570818 -355700
1558694572287 -294217
1558694577180 -299109
1558694578611 -363491
1558694585047 -306975
1558694589890 -311818
1558694591852 -313780
1558694594634 -316561
1558694596573 -318500
1558694596989 -321998
1558694597558 -319485
1558694603833 -328841
1558694604813 -329821
1558694605795 -330803
1558694608313 -301098
1558694609289 -302074
1558694611258 -304043
1558694618335 -343341
1558694622822 -315606
1558694624212 -349217
1558694628692 -291481
1558694631621 -294410
1558694635533 -298321
1558694636921 -331528
1558694639658 -334264
1558694648087 -310873
1558694648453 -343056
1558694654944 -317729
1558694655296 -349897
1558694658230 -352830
1558694661158 -355757
1558694666510 -299134
1558694666856 -361453
1558694667835 -362432
1558694668462 -301085
1558694671396 -304019
1558694672389 -305012
1558694674335 -306958
1558694678283 -310905
1558694681526 -320792
1558694682561 -321827
1558694683137 -315758
1558694684117 -316738
1558694689815 -292287
1558694692806 -295277
1558694692806 -295277
1558694693798 -296269
1558694697670 -300141
1558694700906 -340170
1558694703529 -305999
1558694703845 -343108
1558694704502 -306972
1558694705461 -307931
1558694708723 -347985
1558694712468 -351730
1558694717356 -356617
1558694719021 -291332
1558694722090 -294401
1558694722470 -310770
1558694728046 -300356
1558694729939 -302249
1558694737710 -326008
1558694737711 -326009
1558694740362 -312671
1558694741619 -329917
1558694748174 -290489
1558694757961 -300275
1558694758952 -301266
1558694763666 -305979
1558694766599 -308912
1558694768555 -310868
1558694774423 -286583
1558694780292 -292452
1558694785021 -297180
1558694790888 -303046
1558694792844 -305002
