1558693132740 -113
1558693132740 -113
1558693135239 -2612
1558693136184 -3557
1558693136896 -6992
1558693137104 -4477
1558693137122 -4495
1558693141986 -9359
1558693146999 -17035
1558693147025 -17061
1558693147930 -17966
1558693149677 -17049
1558693152763 -22798
1558693154576 -21948
1558693158619 -28654
1558693159282 -26654
1558693168069 -37864
1558693168949 -36321
1558693169920 -37292
1558693173748 -43543
1558693176721 -39135
1558693181445 -43859
1558693183391 -45805
1558693185265 -55059
1558693187349 -57143
1558693187500 -49914
1558693190308 -60102
1558693191573 -53987
1558693192262 -62056
1558693197871 -67664
1558693197899 -67692
1558693198826 -68619
1558693203436 -73229
1558693204416 -74209
1558693207689 -70101
1558693208273 -70422
1558693212619 -75031
1558693213564 -75976
1558693214113 -76261
1558693215507 -77919
1558693224279 -86170
1558693225254 -87145
1558693230476 -92623
1558693231449 -93596
1558693231993 -93883
1558693233378 -95524
1558693235329 -97475
1558693241714 -103604
1558693243119 -105265
1558693243670 -105560
1558693246019 -108165
1558693247576 -109466
1558693248561 -110451
1558693251857 -114003
1558693252316 -114206
1558693252657 -114803
1558693255244 -117134
1558693256220 -118110
1558693258180 -120070
1558693259444 -120152
1558693261106 -122996
1558693261391 -122099
1558693262083 -123973
1558693267957 -129847
1558693271114 -131821
1558693274814 -135676
1558693285598 -146459
1558693287537 -148398
1558693291429 -152136
1558693292411 -153118
1558693292442 -153149
1558693295226 -156087
1558693298113 -158973
1558693300914 -161621
1558693304794 -165653
1558693308706 -169358
1558693309664 -170316
1558693310630 -171282
1558693311614 -172266
1558693312571 -173223
1558693314585 -175443
1558693317457 -178108
1558693321395 -181955
1558693324210 -184770
1558693342535 -202276
1558693342729 -203287
1558693346447 -206188
1558693351447 -212004
1558693358250 -218807
1558693358905 -218646
1558693360172 -220001
1558693361794 -221535
1558693364731 -224471
1558693366665 -226405
1558693366669 -226409
1558693375665 -235494
1558693384953 -244644
1558693387376 -247205
1558693388862 -248553
1558693391275 -251104
1558693394508 -254199
1558693402283 -261974
1558693404230 -263921
1558693406238 -265929
1558693407787 -267415
1558693411689 -271316
1558693412037 -271728
1558693415569 -275196
1558693425436 -278278
1558693425436 -278278
1558693426159 -285786
1558693427137 -286764
1558693434306 -279635
1558693438134 -283463
1558693440984 -286312
1558693440985 -286313
1558693443764 -289092
1558693444570 -298684
1558693448474 -302587
1558693457346 -289648
1558693462145 -302707
1558693464102 -304663
1558693466898 -299198
1558693469801 -298823
1558693486419 -315438
1558693527214 -6452
1558693527679 -6371
1558693529163 -8401
1558693533531 -12223
1558693534501 -13193
1558693542746 -21983
1558693543553 -22790
1558693555177 -34414
1558693555842 -34534
1558693557118 -36355
1558693559056 -38293
1558693564742 -43433
1558693569367 -44988
1558693569368 -44989
1558693569584 -45011
1558693572498 -47925
1558693574283 -49904
1558693575224 -50845
1558693575224 -50845
1558693577359 -52651
1558693579137 -54758
1558693580274 -55566
1558693588960 -64580
1558693590000 -65620
1558693590000 -65620
1558693594707 -69998
1558693596639 -72258
1558693596715 -72006
1558693601487 -76778
1558693603402 -79020
1558693605363 -80981
1558693607312 -82930
1558693608288 -83578
1558693610266 -85556
1558693621815 -92832
1558693623768 -94785
1558693627681 -98698
1558693629511 -100591
1558693633543 -104560
1558693636313 -107393
1558693645873 -116952
1558693657537 -127734
1558693659771 -130787
1558693660749 -131765
1558693663199 -133395
1558693671339 -141583
1558693671947 -142143
1558693673417 -143661
1558693675853 -146048
1558693679155 -149399
1558693679767 -149962
1558693680191 -150435
1558693680204 -150448
1558693683064 -153307
1558693685996 -156239
1558693690261 -160455
1558693690718 -160961
1558693694157 -164351
1558693696583 -166825
1558693697044 -167238
1558693710270 -180511
1558693714015 -184256
1558693718259 -187170
1558693718259 -187170
1558693726722 -195417
1558693729707 -198402
1558693731607 -200302
1558693731861 -200771
1558693733640 -202550
1558693739272 -207966
1558693742379 -211288
1558693742379 -211288
1558693745296 -214205
1558693749044 -217738
1558693753069 -220882
1558693753930 -222624
1558693754906 -223600
1558693755986 -223799
1558693764622 -232434
1558693770406 -238195
1558693771365 -240057
1558693775286 -243075
1558693776251 -244943
1558693778206 -246898
1558693779145 -246934
1558693782116 -250808
1558693784887 -252787
1558693790748 -258648
1558693794584 -262372
1558693795563 -263351
1558693795586 -263374
1558693797466 -265254
1558693807290 -275189
1558693808278 -276177
1558693809305 -277204
1558693810970 -277845
1558693813128 -281027
1558693814847 -281722
1558693816058 -283957
1558693819749 -286623
1558693821933 -289832
1558693838919 -283699
1558693838919 -283699
1558693841813 -286593
1558693842232 -297129
1558693849077 -303973
1558693851029 -305925
1558693851394 -280614
1558693858198 -287418
1558693858687 -313582
1558693859664 -295999
1558693862099 -291319
1558693869575 -305908
1558693876473 -287439
1558693880035 -316157
1558693885901 -322022
1558693886175 -297139
1558693887857 -323978
1558693889814 -310605
1558693895678 -316468
1558693896655 -317445
1558693907784 -295593
1558693912542 -300350
1558693916137 -295326
1558693920991 -300180
1558693921931 -320470
1558693923780 -302968
1558693924844 -323383
1558693925657 -324196
1558693926661 -305849
1558693933480 -318163
1558693935411 -301028
1558693942205 -307821
1558693946185 -308690
1558693947882 -296912
1558693947886 -296916
1558693949115 -311620
1558693950926 -313431
1558693953708 -302736
1558693954680 -303707
1558693965391 -298829
1558693969097 -302534
1558693970459 -309664
1558693971032 -304469
1558693978113 -317317
1558693978856 -312292
1558693979102 -318306
1558693979808 -313244
1558693986624 -296362
1558693997499 -327127
1558693999453 -329081
1558694001403 -331031
1558694003360 -308727
1558694003912 -313648
1558694004344 -309711
1558694004886 -288573
1558694005309 -310675
1558694006285 -311651
1558694008238 -313604
1558694009216 -314582
1558694017042 -322407
1558694020785 -326149
1558694025181 -308865
1558694025673 -300903
1558694025675 -300905
1558694028042 -311726
1558694030016 -313699
1558694032526 -307755
1558694034470 -309699
1558694035456 -310684
1558694039727 -293462
1558694047315 -301049
1558694050245 -303978
1558694050923 -326033
1558694051899 -327009
1558694052172 -305905
1558694062879 -286648
1558694063670 -287439
1558694065587 -320327
1558694065593 -320333
1558694074365 -298132
1558694075188 -299906
1558694075337 -299104
1558694076317 -300084
1558694078128 -302846
1558694081054 -305771
1558694082053 -306770
1558694083115 -306881
1558694084963 -309680
1558694092657 -290320
1558694093603 -318319
1558694094601 -292264
1558694094601 -292264
1558694101432 -326147
1558694109589 -316853
1558694113532 -320796
1558694115243 -322506
1558694120814 -328077
1558694123599 -295387
1558694123599 -295387
1558694138979 -310764
1558694139943 -311728
1558694142164 -308645
1558694144115 -310596
1558694144800 -287599
1558694148717 -291515
1558694148734 -291532
1558694149001 -315482
1558694154800 -297597
1558694163127 -305923
1558694165446 -315347
1558694167405 -317306
1558694169902 -312694
1558694173278 -323178
1558694178151 -303769
1558694179126 -304744
1558694183044 -308662
1558694183351 -296202
1558694184020 -309637
1558694186961 -312578
1558694187763 -313380
1558694190735 -316351
1558694196690 -322305
1558694197662 -323277
1558694201543 -327158
1558694206464 -332078
1558694207521 -333135
1558694212058 -308643
1558694218415 -301300
1558694219119 -315703
1558694220182 -316766
1558694222287 -318870
1558694223071 -319654
1558694223287 -306171
1558694223393 -306277
1558694225058 -307942
1558694225829 -322412
1558694229721 -312604
1558694231599 -328181
1558694232590 -315473
1558694234566 -287660
1558694236383 -332964
1558694238316 -334897
1558694244189 -323209
1558694245417 -298506
1558694252198 -305284
1558694253786 -306871
1558694254912 -309700
1558694256852 -311640
1558694258629 -313416
1558694259614 -312697
1558694265502 -320288
1558694268458 -296449
1558694268534 -323320
1558694271527 -326312
1558694279276 -334060
1558694282892 -310880
1558694284850 -312838
1558694286804 -314791
1558694286971 -324278
1558694293852 -309837
1558694298538 -296563
1558694310111 -308135
1558694311085 -309109
1558694313045 -311069
1558694313045 -311069
1558694314340 -306101
1558694314996 -313019
1558694318903 -290860
1558694320863 -292820
1558694323813 -295770
1558694329098 -320857
1558694330527 -302483
1558694334391 -306346
1558694339276 -311230
1558694341721 -333424
1558694343692 -305266
1558694345139 -283249
1558694347093 -285202
1558694352801 -290910
1558694353521 -315092
1558694356307 -317878
1558694356307 -317878
1558694364194 -325764
1558694365160 -326730
1558694365165 -326735
1558694366136 -327706
1558694370438 -308544
1558694372211 -310317
1558694374205 -312311
1558694375155 -313260
1558694380015 -291246
1558694384656 -325720
1558694392744 -303973
1558694396478 -314994
1558694398423 -309651
1558694399401 -310629
1558694400400 -318916
1558694401382 -319897
1558694405304 -284626
1558694406251 -285573
1558694407237 -286559
1558694412110 -291431
1558694414107 -293428
1558694415204 -294525
1558694421734 -301054
1558694422849 -319267
1558694424664 -303983
1558694425801 -322218
1558694428581 -307899
1558694428593 -325008
1558694430546 -309864
1558694433462 -312780
1558694434448 -313766
1558694434498 -330911
1558694435500 -331913
1558694436404 -315721
1558694438483 -308837
1558694447964 -309918
1558694455794 -317747
1558694458712 -287840
1558694460664 -289792
1558694460874 -331225
1558694461889 -332240
1558694462884 -333235
1558694466542 -295669
1558694470321 -299447
1558694476448 -325463
1558694479416 -328431
1558694481368 -330383
1558694483336 -332350
1558694484315 -333329
1558694487270 -336284
1558694496125 -323778
1558694499469 -298607
1558694500483 -299621
1558694500887 -328540
1558694503849 -331501
1558694506311 -305448
1558694508744 -307230
1558694509737 -308223
1558694527393 -325876
1558694528883 -298241
1558694530858 -300216
1558694531849 -301206
1558694535500 -304857
1558694550697 -321006
1558694552661 -322969
1558694556635 -326943
1558694556830 -296243
1558694560781 -300194
1558694564482 -303894
1558694568410 -314459
1558694568410 -314459
1558694572160 -318209
1558694572163 -318212
1558694574136 -320184
1558694576102 -322150
1558694577157 -291329
1558694578162 -292334
1558694584968 -331015
1558694584968 -331015
1558694589714 -303884
1558694591664 -305834
1558694597538 -311707
1558694608392 -327987
1558694609257 -297195
1558694612356 -331951
1558694616264 -309742
1558694617244 -310722
1558694618885 -306822
1558694619050 -312527
1558694622983 -316460
1558694634359 -292150
1558694636314 -294104
1558694641510 -334984
1558694642480 -335954
1558694645120 -302909
1558694653301 -329804
1558694655888 -313675
1558694660188 -311546
1558694661166 -312523
1558694662147 -313504
1558694665486 -298009
1558694666906 -318263
1558694669856 -321212
1558694672338 -304860
1558694673780 -325136
1558694679196 -311717
1558694681968 -314489
1558694682691 -334046
1558694685592 -316100
1558694688539 -319046
1558694688776 -291330
1558694695701 -298254
1558694699190 -329694
1558694701483 -304035
1558694705240 -307792
1558694709031 -313509
1558694711105 -313656
1558694720965 -297276
1558694733468 -312541
1558694739191 -318263
1558694743127 -322199
1558694746073 -325145
1558694748039 -327110
1558694755905 -334975
1558694758852 -311538
1558694760820 -313506
1558694761604 -311682
1558694764539 -314617
1558694766558 -319243
1558694768452 -293238
1558694769510 -322195
1558694773446 -326130
1558694780019 -304804
1558694783926 -308710
1558694788036 -315313
1558694793700 -288373
