1558693124243 -924
1558693125739 -851
1558693127971 -4574
1558693129876 -6479
1558693134726 -11329
1558693134726 -11329
1558693138443 -14393
1558693140266 -15377
1558693141540 -18018
1558693143081 -18127
1558693146942 -21988
1558693147206 -23652
1558693152622 -27668
1558693155623 -31573
1558693156496 -31542
1558693156797 -33242
1558693158483 -33528
1558693159583 -35533
1558693161466 -37416
1558693161466 -36511
1558693163363 -39313
1558693166357 -42802
1558693167194 -43144
1558693172212 -48657
1558693173140 -49585
1558693177719 -52763
1558693180663 -55707
1558693183682 -58846
1558693189850 -59157
1558693190817 -60124
1558693191486 -66907
1558693192602 -61909
1558693197097 -66404
1558693198034 -67341
1558693198100 -67407
1558693199118 -74259
1558693200055 -75196
1558693201862 -71169
1558693201872 -71179
1558693202852 -72159
1558693203599 -77154
1558693207484 -81039
1558693209543 -84684
1558693210621 -79928
1558693212500 -87641
1558693212500 -87641
1558693213425 -88566
1558693214294 -87849
1558693214382 -89523
1558693216257 -89812
1558693219201 -88508
1558693220172 -89479
1558693220172 -89479
1558693226990 -96297
1558693227738 -101291
1558693230820 -105958
1558693237662 -106928
1558693237671 -106937
1558693238396 -113534
1558693239330 -114468
1558693239330 -114468
1558693244160 -117712
1558693245121 -120259
1558693247042 -120594
1558693247042 -120594
1558693247043 -122181
1558693249946 -123498
1558693256930 -126196
1558693265652 -134918
1558693266302 -139395
1558693270357 -139250
1558693275219 -144111
1558693279739 -154370
1558693279761 -154392
1558693280957 -154050
1558693288817 -157709
1558693288817 -157709
1558693290348 -164979
1558693293432 -166524
1558693294580 -163472
1558693296339 -169431
1558693298247 -171339
1558693299179 -172271
1558693299798 -174429
1558693300154 -173246
1558693303095 -176187
1558693304103 -177195
1558693304222 -173114
1558693307528 -182159
1558693310857 -182750
1558693311001 -179893
1558693312647 -184539
1558693314312 -185263
1558693317672 -181351
1558693322107 -193058
1558693325491 -189169
1558693327445 -191123
1558693331358 -195036
1558693332088 -203979
1558693333073 -204964
1558693333342 -197020
1558693338037 -201714
1558693341004 -204681
1558693347040 -217991
1558693347998 -218949
1558693351777 -215453
1558693352849 -223784
1558693354792 -225727
1558693355276 -226709
1558693358592 -222268
1558693359937 -231370
1558693360532 -224139
1558693362584 -233519
1558693365481 -236416
1558693366753 -238186
1558693366753 -238186
1558693366753 -238186
1558693371132 -242067
1558693373079 -244014
1558693375023 -245958
1558693375997 -246932
1558693377939 -248873
1558693378938 -242543
1558693380852 -251786
1558693380898 -244503
1558693384737 -255671
1558693389606 -260540
1558693389918 -261350
1558693395267 -266201
1558693395402 -259006
1558693401095 -269499
1558693401095 -269499
1558693401579 -271498
1558693403222 -266825
1558693412835 -275036
1558693416746 -278947
1558693418919 -288837
1558693421825 -291743
1558693423803 -293721
1558693426526 -288727
1558693431368 -301286
1558693439179 -308891
1558693445451 -291541
1558693445925 -308125
1558693446929 -279403
1558693447401 -293491
1558693449828 -312028
1558693452763 -285236
1558693453738 -315938
1558693454190 -293485
1558693454725 -316925
1558693462316 -294788
1558693463354 -300831
1558693471179 -308655
1558693472153 -309629
1558693473133 -310609
1558693476067 -313543
1558693477722 -310191
1558693479645 -312114
1558693479813 -317288
1558693479814 -317289
1558693481770 -319245
1558693482748 -320223
1558693485475 -317943
1558693501330 -338801
1558693505073 -342543
1558693507028 -344497
1558693509858 -651
1558693513754 -4546
1558693515931 -3498
1558693516742 -5580
1558693517615 -8407
1558693522660 -11498
1558693525439 -16231
1558693527412 -18204
1558693529548 -17114
1558693537108 -25945
1558693537130 -24694
1558693540128 -27692
1558693540832 -31624
1558693541046 -29883
1558693545639 -36431
1558693550794 -39631
1558693552450 -43242
1558693554701 -43538
1558693556567 -44124
1558693559426 -38178
1558693565330 -44082
1558693568227 -46979
1558693577763 -65319
1558693578981 -57733
1558693580305 -71095
1558693581277 -72067
1558693584202 -74992
1558693588349 -75904
1558693600709 -91488
1558693601899 -89454
1558693609539 -96600
1558693610497 -97558
1558693611911 -90287
1558693612435 -99496
1558693618245 -105306
1558693618250 -105311
1558693619729 -98105
1558693621168 -108229
1558693622903 -113682
1558693622903 -113682
1558693625041 -112101
1558693626991 -114051
1558693632458 -123237
1558693633248 -111623
1558693635268 -113643
1558693635588 -122648
1558693636182 -114557
1558693638138 -116513
1558693642178 -130615
1558693643344 -130404
1558693644999 -123374
1558693648197 -135255
1558693649167 -136225
1558693651824 -121956
1558693652716 -141153
1558693653616 -123748
1558693655649 -144086
1558693655649 -144086
1558693658540 -146977
1558693659684 -146741
1558693663572 -147974
1558693669284 -157720
1558693669316 -139448
1558693670241 -140373
1558693670243 -140375
1558693674169 -144301
1558693675230 -159631
1558693676915 -147047
1558693677008 -161409
1558693679967 -150018
1558693681877 -170153
1558693681877 -170153
1558693683809 -168210
1558693686618 -174894
1558693688644 -158695
1558693688667 -173068
1558693689495 -177771
1558693690616 -175017
1558693692407 -180683
1558693693389 -181665
1558693693546 -163597
1558693696472 -166523
1558693700382 -170433
1558693702173 -172224
1558693703156 -173207
1558693707936 -192333
1558693708946 -193343
1558693711822 -195358
1558693712664 -200940
1558693712934 -182984
1558693715629 -203905
1558693718493 -206766
1558693718620 -202156
1558693720558 -204094
1558693720758 -190808
1558693721250 -209523
1558693721250 -209523
1558693724284 -207815
1558693725490 -193364
1558693730421 -198294
1558693734014 -217544
1558693734892 -223165
1558693734892 -223165
1558693735298 -203171
1558693736974 -220504
1558693738245 -206118
1558693739713 -227986
1558693742764 -231037
1558693742764 -226294
1558693743091 -210964
1558693746628 -230158
1558693748403 -231933
1558693749370 -232900
1558693751215 -239488
1558693751748 -219620
1558693753270 -236800
1558693756072 -244345
1558693756615 -224487
1558693760524 -228395
1558693760937 -249210
1558693761908 -250181
1558693761912 -250185
1558693763471 -231341
1558693764852 -250502
1558693765819 -251469
1558693765819 -251469
1558693767842 -246221
1558693773408 -259058
1558693776421 -254800
1558693783828 -251643
1558693786755 -254570
1558693788707 -256522
1558693791646 -259461
1558693791648 -259463
1558693791951 -270292
1558693792922 -271263
1558693793904 -272245
1558693794657 -280306
1558693799654 -285303
1558693799655 -285304
1558693800570 -286219
1558693803355 -271169
1558693803490 -289126
1558693804302 -272116
1558693814121 -299757
1558693815080 -300716
1558693818819 -304455
1558693818923 -286736
1558693819732 -287545
1558693819786 -305422
1558693825619 -311255
1558693826600 -287478
1558693827569 -288447
1558693828534 -289412
1558693829448 -315084
1558693829506 -290383
1558693830419 -316055
1558693834373 -320009
1558693842131 -291359
1558693843922 -293150
1558693844894 -294121
1558693848756 -312707
1558693852780 -320587
1558693853731 -321538
1558693856548 -290394
1558693860576 -328382
1558693861364 -325314
1558693861554 -329360
1558693869172 -303016
1558693870005 -333954
1558693870095 -303939
1558693871206 -339011
1558693875086 -342886
1558693875788 -339736
1558693878019 -321951
1558693882585 -346531
1558693887292 -275082
1558693887292 -275082
1558693888277 -276067
1558693888288 -276078
1558693888448 -282665
1558693889750 -333680
1558693897988 -292201
1558693898954 -286742
1558693902447 -346375
1558693904085 -291872
1558693904085 -298295
1558693907252 -301461
1558693907542 -351469
1558693910843 -305051
1558693913148 -357074
1558693913518 -301304
1558693914966 -358892
1558693921703 -316077
1558693922126 -309911
1558693922677 -317050
1558693928538 -322910
1558693930492 -324864
1558693940128 -334499
1558693940402 -298993
1558693940416 -328196
1558693940416 -328196
1558693943051 -337421
1558693944313 -332092
1558693945009 -339379
1558693949887 -344256
1558693951843 -346212
1558693957761 -345535
1558693958685 -353053
1558693967437 -300947
1558693976123 -318547
1558693980037 -322459
1558693985721 -291217
1558693985771 -344420
1558693988714 -347363
1558693991578 -297073
1558693993574 -335953
1558693994458 -299953
1558693996523 -338902
1558694002297 -360944
1558694005062 -363708
1558694005068 -363714
1558694007248 -349627
1558694012868 -328129
1558694013744 -289461
1558694015675 -291392
1558694023513 -338772
1558694023515 -338774
1558694025502 -340761
1558694027396 -342655
1558694028612 -325411
1558694030589 -327387
1558694032520 -329318
1558694032521 -329319
1558694035292 -332090
1558694035986 -351243
1558694036882 -312596
1558694038219 -335017
1558694042727 -289465
1558694042760 -289498
1558694043692 -290430
1558694045087 -341884
1558694049503 -296240
1558694049587 -308865
1558694049967 -346763
1558694054333 -313610
1558694055169 -301906
1558694056792 -353587
1558694058173 -317450
1558694059154 -318431
1558694059160 -318436
1558694067895 -327170
1558694072675 -289460
1558694083890 -316519
1558694084185 -300968
1558694092641 -325253
1558694092876 -309658
1558694093617 -326229
1558694093845 -310627
1558694094951 -354219
1558694095939 -355206
1558694097871 -357137
1558694104564 -301161
1558694106362 -293183
1558694113502 -300321
1558694115266 -311861
1558694117015 -303833
1558694117983 -304801
1558694120049 -316644
1558694125733 -322327
1558694127663 -324257
1558694129495 -301954
1558694130464 -287521
1558694130590 -327183
1558694132399 -289456
1558694134340 -291396
1558694136278 -293334
1558694136284 -293340
1558694136332 -308790
1558694137387 -333980
1558694142191 -314648
1558694142191 -314648
1558694143166 -315623
1558694143172 -315629
1558694147912 -344502
1558694148901 -345491
1558694148901 -345491
1558694151003 -323458
1558694151678 -308730
1558694151822 -348410
1558694154862 -311914
1558694158532 -287559
1558694159474 -288501
1558694159474 -288501
1558694164283 -293309
1558694164502 -336955
1558694167343 -296407
1558694170133 -299158
1558694171067 -300131
1558694171091 -300116
1558694173316 -345766
1558694174013 -303076
1558694174293 -346743
1558694174966 -304029
1558694175929 -304992
1558694180978 -353426
1558694183704 -312766
1558694187611 -316673
1558694189806 -311561
1558694190794 -312549
1558694191553 -320614
1558694194251 -297234
1558694195222 -298204
1558694198038 -301020
1558694200159 -329219
1558694200973 -303955
1558694201432 -323186
1558694203939 -306920
1558694209225 -330978
1558694215649 -288687
1558694222176 -343928
1558694223430 -296467
1558694228596 -350303
1558694229090 -358142
1558694229110 -358162
1558694232465 -354172
1558694233444 -355151
1558694233917 -306899
1558694234928 -307964
1558694236459 -295373
1558694241336 -300250
1558694249597 -301425
1558694250505 -323485
1558694251043 -309955
1558694254789 -313701
1558694255767 -314679
1558694256207 -308034
1558694265024 -286909
1558694267537 -326161
1558694274245 -332868
1558694274476 -347451
1558694279377 -352351
1558694279552 -301435
1558694283255 -356227
1558694284383 -306265
1558694286980 -345598
1558694289930 -300262
1558694294826 -305157
1558694295800 -306131
1558694295934 -284150
1558694299614 -358228
1558694301670 -312000
1558694303546 -309590
1558694307537 -317866
1558694309501 -319830
1558694309626 -297840
1558694312396 -318437
1558694312425 -322753
1558694314505 -302719
1558694317160 -327487
1558694317291 -305504
1558694325090 -313302
1558694332807 -343129
1558694338776 -344807
1558694339486 -349806
1558694343532 -349561
1558694344373 -354691
1558694346449 -308607
1558694346449 -308607
1558694346495 -352523
1558694348397 -310555
1558694351323 -313481
1558694351409 -357435
1558694354247 -286454
1558694354250 -286456
1558694362065 -294270
1558694368663 -315340
1558694377805 -334295
1558694379773 -336263
1558694385673 -342162
1558694386671 -343160
1558694392044 -294307
1558694393994 -296256
1558694398304 -354789
1558694407701 -309917
1558694413411 -315627
1558694416103 -319508
1558694417017 -320422
1558694422145 -317625
1558694423101 -318581
1558694425683 -329086
1558694426681 -330084
1558694426681 -330084
1558694427043 -322523
1558694427650 -331053
1558694428632 -332035
1558694430975 -303439
1558694431950 -304414
1558694433904 -306367
1558694436683 -309146
1558694437671 -310134
1558694440596 -313058
1558694441522 -337000
1558694442249 -345649
1558694447387 -342864
1558694448371 -343848
1558694452083 -355481
1558694452279 -347755
1558694454272 -297697
1558694456021 -359417
1558694457991 -361387
1558694458975 -362370
1558694462934 -306357
1558694463908 -307331
1558694475587 -308242
1558694476590 -290114
1558694479525 -293049
1558694482269 -314923
1558694491075 -323727
1558694492046 -324698
1558694494005 -326657
1558694494057 -338242
1558694495957 -328609
1558694496939 -329591
1558694496944 -310465
1558694497934 -330586
1558694498908 -312429
1558694500878 -333529
1558694506558 -339209
1558694506848 -351029
1558694507535 -291014
1558694509506 -342156
1558694509506 -342156
1558694509800 -353980
1558694512604 -356783
1558694517297 -300775
1558694517511 -306349
1558694518287 -301765
1558694518291 -301769
1558694518295 -350942
1558694519477 -308315
1558694521216 -304693
1558694522208 -354853
1558694528331 -311807
1558694542921 -331756
1558694546853 -335688
1558694547468 -324076
1558694548822 -337656
1558694550377 -308638
1558694553741 -342575
1558694554157 -330764
1558694554738 -343572
1558694555113 -313374
1558694557066 -315326
1558694561012 -319272
1558694562972 -291266
1558694562993 -291287
1558694562993 -339599
1558694563946 -292240
1558694566371 -355201
1558694566890 -295183
1558694567839 -296132
1558694567874 -344479
1558694567882 -344487
1558694568852 -345456
1558694571290 -360119
1558694574244 -302806
1558694579409 -307701
1558694583375 -359975
1558694588838 -317398
1558694595749 -324212
1558694605594 -303790
1558694606538 -334999
1558694608581 -325327
1558694610544 -327290
1558694611579 -328325
1558694615472 -332217
1558694616419 -333164
1558694618297 -316491
1558694618379 -335124
1558694621243 -289310
1558694622211 -290278
1558694627007 -343748
1558694628888 -296954
1558694630828 -359282
1558694631899 -348639
1558694638687 -306752
1558694642660 -359395
1558694644604 -361338
1558694645580 -362314
1558694649501 -336752
1558694653434 -340684
1558694659113 -320557
1558694662125 -349374
1558694664106 -351355
1558694667049 -354297
1558694669704 -331147
1558694669705 -331148
1558694670689 -332132
1558694672642 -334085
1558694674914 -362161
1558694676553 -337995
1558694677536 -338978
1558694687207 -295164
1558694688185 -296142
1558694689166 -297122
1558694690248 -351687
1558694693120 -301076
1558694695058 -356496
1558694695058 -356496
1558694695102 -303057
1558694696045 -304000
1558694697798 -305753
1558694698882 -360319
1558694699745 -307700
1558694700843 -305750
1558694701318 -325476
1558694703794 -308700
1558694705610 -313564
1558694707053 -331210
1558694709018 -333175
1558694716499 -321398
1558694722032 -346185
1558694726420 -331314
1558694737699 -286363
1558694742309 -311642
1558694743295 -312628
1558694744279 -313612
1558694746245 -315577
1558694747308 -295971
1558694748289 -296951
1558694751375 -356257
1558694752194 -300856
1558694753199 -301861
1558694755130 -303792
1558694757085 -305746
1558694761970 -310631
1558694761970 -310631
1558694767664 -286188
1558694769617 -288141
1558694773533 -292056
1558694775485 -294008
1558694779395 -297918
1558694781358 -299880
1558694784287 -302809
1558694787224 -305746
1558694788198 -306720
1558694791131 -309652
