1558693125473 -2174
1558693126952 -3560
1558693128734 -5341
1558693130611 -8564
1558693132470 -10423
1558693132502 -9387
1558693132505 -9390
1558693132537 -9237
1558693133507 -10392
1558693135579 -12277
1558693135892 -2600
1558693137199 -4628
1558693137367 -15320
1558693137752 -4460
1558693138754 -5462
1558693139116 -16001
1558693140739 -7447
1558693141271 -17966
1558693141271 -8600
1558693143214 -19820
1558693145069 -21650
1558693147868 -25821
1558693149928 -17257
1558693151770 -29723
1558693151810 -19239
1558693152810 -20239
1558693153729 -30309
1558693153729 -30309
1558693153729 -31682
1558693155652 -33605
1558693157356 -34241
1558693157480 -24908
1558693158559 -34513
1558693158559 -34513
1558693158619 -36572
1558693159579 -26908
1558693160003 -26711
1558693161276 -38160
1558693161635 -37583
1558693163279 -39233
1558693163391 -39339
1558693164767 -31475
1558693165212 -32640
1558693165754 -32462
1558693166709 -33417
1558693167266 -34595
1558693170671 -37379
1558693170873 -46827
1558693171051 -38479
1558693172054 -50002
1558693172054 -39482
1558693172731 -48391
1558693173858 -49805
1558693175069 -42397
1558693175753 -51700
1558693175926 -43354
1558693175926 -43308
1558693177516 -53176
1558693178582 -54535
1558693179556 -55509
1558693181754 -44191
1558693182380 -58040
1558693183508 -50890
1558693183512 -50894
1558693186772 -64720
1558693187874 -65822
1558693188795 -51232
1558693189237 -64896
1558693189485 -65438
1558693190244 -66197
1558693191269 -66928
1558693192232 -67891
1558693193073 -69026
1558693195279 -62661
1558693198121 -76066
1558693198177 -76122
1558693198718 -61354
1558693202628 -78309
1558693202628 -78309
1558693202780 -70159
1558693203929 -81874
1558693204410 -80069
1558693206286 -68922
1558693206460 -79916
1558693207896 -70332
1558693208428 -84109
1558693208775 -86720
1558693209234 -84893
1558693209390 -85071
1558693209854 -72290
1558693212298 -87979
1558693213277 -88958
1558693213290 -88971
1558693213770 -76206
1558693213984 -87439
1558693214433 -81812
1558693215190 -90871
1558693215553 -93498
1558693215998 -91679
1558693216697 -79133
1558693218644 -81080
1558693218644 -81080
1558693219308 -86687
1558693220278 -87657
1558693222217 -89596
1558693226546 -99928
1558693226563 -100018
1558693226676 -88452
1558693227067 -105006
1558693227511 -100893
1558693228487 -101869
1558693229424 -91200
1558693229535 -105215
1558693230816 -98195
1558693230981 -108920
1558693231404 -104786
1558693231775 -99154
1558693233319 -106774
1558693234131 -96014
1558693234357 -110037
1558693236260 -98035
1558693236745 -114661
1558693237740 -115656
1558693239929 -113384
1558693241111 -114493
1558693241158 -102933
1558693241525 -103954
1558693241925 -115265
1558693242838 -115252
1558693243433 -121348
1558693243863 -117245
1558693244873 -106756
1558693244873 -106756
1558693246705 -119118
1558693246705 -119118
1558693246834 -108717
1558693250660 -124041
1558693251553 -113436
1558693251638 -124978
1558693253111 -131026
1558693253704 -115478
1558693255057 -117486
1558693255057 -132972
1558693256421 -128834
1558693256651 -118425
1558693257016 -119445
1558693257986 -135901
1558693258938 -136853
1558693259411 -132751
1558693259931 -122360
1558693261132 -133545
1558693261330 -123213
1558693261362 -134702
1558693261855 -139770
1558693263289 -125172
1558693263651 -141566
1558693264840 -127268
1558693265586 -143501
1558693265799 -128227
1558693267754 -130182
1558693268005 -141344
1558693268171 -129000
1558693268896 -141309
1558693269355 -131128
1558693269360 -131133
1558693269457 -147372
1558693270929 -144268
1558693270929 -144268
1558693271114 -131943
1558693271120 -131948
1558693271314 -133087
1558693273762 -146175
1558693274736 -147149
1558693276729 -149142
1558693276791 -150078
1558693277753 -151040
1558693278630 -151043
1558693278721 -152060
1558693279715 -153054
1558693280667 -153080
1558693283323 -155736
1558693283860 -145623
1558693284780 -145608
1558693286728 -160015
1558693286844 -147672
1558693287377 -159777
1558693287825 -148769
1558693289149 -161549
1558693289218 -162505
1558693292200 -165487
1558693293221 -166508
1558693294474 -155302
1558693296422 -157250
1558693296601 -157545
1558693297904 -170304
1558693298941 -172228
1558693299141 -159969
1558693299907 -173194
1558693301810 -174210
1558693302292 -163236
1558693304790 -177385
1558693305197 -166140
1558693305742 -177421
1558693310907 -188792
1558693312394 -174272
1558693312848 -190733
1558693314253 -186652
1558693314801 -175368
1558693314801 -175368
1558693314804 -175371
1558693315801 -193393
1558693316301 -178179
1558693316920 -177863
1558693316920 -177863
1558693317243 -188922
1558693317253 -189848
1558693317721 -195313
1558693317897 -178840
1558693321058 -193457
1558693321191 -183068
1558693322119 -193798
1558693325025 -197620
1558693325534 -203126
1558693326890 -188755
1558693327499 -205091
1558693327849 -200248
1558693328310 -188876
1558693328888 -200566
1558693329789 -202188
1558693330426 -208018
1558693330437 -191378
1558693330801 -192666
1558693331413 -192354
1558693332381 -209973
1558693333730 -195595
1558693333730 -195595
1558693335563 -208077
1558693336670 -198535
1558693339057 -199621
1558693340422 -212936
1558693341370 -213884
1558693343539 -204421
1558693344504 -205386
1558693344955 -222546
1558693348105 -220503
1558693348853 -226444
1558693349140 -221653
1558693352078 -224591
1558693353002 -224603
1558693353002 -224603
1558693353027 -225540
1558693355566 -215377
1558693356042 -216923
1558693356683 -229081
1558693358651 -228047
1558693358864 -230465
1558693358984 -219865
1558693358984 -219865
1558693360636 -233149
1558693360929 -221810
1558693361607 -234120
1558693362889 -223770
1558693363553 -235154
1558693364558 -237071
1558693365297 -242609
1558693366790 -227671
1558693369403 -229919
1558693369403 -229919
1558693369403 -229919
1558693371162 -248474
1558693371171 -231687
1558693373125 -233641
1558693374259 -243681
1558693375147 -243940
1558693377035 -237551
1558693377388 -238269
1558693378368 -239249
1558693378996 -239512
1558693379792 -239603
1558693380320 -241201
1558693380760 -240570
1558693381330 -242211
1558693381792 -259104
1558693384770 -254191
1558693384770 -254191
1558693385675 -254445
1558693387620 -264932
1558693387700 -257121
1558693388820 -249336
1558693389561 -249190
1558693389587 -266899
1558693390566 -267878
1558693390752 -251268
1558693391546 -263125
1558693392481 -261251
1558693392493 -252122
1558693392700 -253216
1558693393305 -252934
1558693393676 -254192
1558693394281 -253910
1558693394460 -271772
1558693394469 -254985
1558693395400 -264170
1558693395462 -264883
1558693397750 -258299
1558693402094 -261722
1558693402644 -263192
1558693403252 -272673
1558693404007 -272777
1558693405266 -265154
1558693406132 -280709
1558693406973 -278552
1558693409952 -284528
1558693409957 -284533
1558693411145 -271033
1558693411469 -272017
1558693411803 -280573
1558693411856 -281277
1558693412741 -281511
1558693413076 -272964
1558693413821 -273449
1558693414703 -286281
1558693415340 -275888
1558693415340 -275888
1558693417656 -286401
1558693418602 -286399
1558693418630 -287375
1558693419086 -275060
1558693419537 -279165
1558693420600 -292178
1558693421535 -279231
1558693421536 -279232
1558693421695 -281583
1558693422506 -294084
1558693422506 -282134
1558693422556 -277498
1558693423494 -295072
1558693427878 -283851
1558693429166 -284107
1558693430301 -304877
1558693432303 -306879
1558693433222 -290917
1558693434161 -289102
1558693436752 -292724
1558693440052 -298785
1558693440424 -285703
1558693441908 -300640
1558693442435 -287714
1558693442901 -301633
1558693443078 -287815
1558693443813 -302544
1558693444782 -303513
1558693445306 -290584
1558693446595 -304288
1558693446597 -304290
1558693446600 -291050
1558693447921 -292658
1558693448588 -303527
1558693448891 -318228
1558693449892 -294628
1558693454588 -291187
1558693458677 -289983
1558693458677 -289983
1558693461427 -298025
1558693461978 -305312
1558693461978 -305312
1558693462367 -299905
1558693464355 -300952
1558693464890 -308224
1558693464898 -309347
1558693465516 -296821
1558693465862 -309196
1558693469246 -305842
1558693469263 -300568
1558693470721 -314054
1558693471218 -302522
1558693472176 -308772
1558693475109 -311704
1558693475109 -311704
1558693481297 -317842
1558693482757 -319351
1558693482757 -319351
1558693487076 -330407
1558693488099 -324643
1558693492908 -336238
1558693495662 -338992
1558693498395 -334979
1558693500352 -336936
1558693501165 -337748
1558693501495 -344824
1558693503120 -339703
1558693504098 -340680
1558693509135 -5
1558693512845 -1678
1558693515737 -6607
1558693516609 -5356
1558693517679 -6512
1558693519623 -8456
1558693519639 -10509
1558693520599 -9432
1558693520617 -11487
1558693521915 -188
1558693521977 -20
1558693522565 -608
1558693522603 -11436
1558693522821 -13140
1558693523338 -1611
1558693525390 -14136
1558693526270 -4543
1558693527460 -16292
1558693528403 -17235
1558693529363 -7406
1558693530177 -8450
1558693530398 -21268
1558693531173 -9363
1558693532162 -10352
1558693532177 -10367
1558693536975 -25806
1558693536985 -25816
1558693537169 -15211
1558693537970 -16243
1558693537977 -16250
1558693541006 -31876
1558693541928 -20201
1558693541981 -20169
1558693543820 -22093
1558693543984 -34302
1558693548640 -37434
1558693549706 -27747
1558693549780 -40649
1558693551754 -42071
1558693552481 -30754
1558693553700 -44017
1558693554451 -32587
1558693556368 -34641
1558693556370 -34643
1558693557355 -35628
1558693559344 -37479
1558693560285 -38558
1558693562069 -48246
1558693563039 -49216
1558693563254 -51869
1558693564041 -50218
1558693564342 -55197
1558693564446 -42229
1558693564954 -53641
1558693565241 -43375
1558693565826 -54513
1558693566338 -44121
1558693566338 -44121
1558693566344 -44127
1558693568282 -46065
1558693571030 -59645
1558693572762 -58938
1558693577630 -63805
1558693579867 -56932
1558693580608 -69223
1558693580856 -57921
1558693583607 -60068
1558693584667 -75521
1558693586233 -72408
1558693586514 -75129
1558693587106 -75791
1558693587277 -73452
1558693587786 -64851
1558693588430 -77045
1558693589039 -77724
1558693589152 -75326
1558693589385 -78000
1558693589635 -80489
1558693591466 -67927
1558693592034 -78208
1558693593019 -79193
1558693595929 -82103
1558693597391 -88245
1558693603569 -90002
1558693603964 -80423
1558693603970 -80429
1558693604945 -81404
1558693605688 -93495
1558693606449 -92622
1558693606934 -83547
1558693607649 -95456
1558693607880 -84339
1558693607907 -84520
1558693608887 -85500
1558693610255 -96688
1558693610835 -81730
1558693610897 -98763
1558693611185 -97617
1558693612504 -100311
1558693615430 -103237
1558693615771 -103628
1558693616044 -102476
1558693616044 -102476
1558693616747 -104604
1558693617488 -88432
1558693617660 -88497
1558693617724 -105581
1558693618632 -89469
1558693618963 -105395
1558693619078 -104820
1558693620051 -105793
1558693620654 -108511
1558693620902 -107334
1558693621567 -92404
1558693623364 -94308
1558693625325 -96220
1558693626144 -113951
1558693627831 -113572
1558693628286 -99180
1558693629263 -100157
1558693629486 -115916
1558693631556 -117296
1558693631779 -119586
1558693632188 -103081
1558693633287 -104123
1558693634266 -105102
1558693635135 -106028
1558693635316 -106152
1558693635634 -123441
1558693636056 -106999
1558693636220 -107056
1558693637055 -107948
1558693639060 -126916
1558693639967 -110803
1558693640181 -126610
1558693640776 -111719
1558693641150 -127579
1558693641780 -112673
1558693645666 -116608
1558693646312 -134118
1558693647852 -135708
1558693647954 -134383
1558693648925 -135352
1558693650788 -138644
1558693651584 -122477
1558693651845 -137472
1558693652954 -140732
1558693654622 -140249
1558693655496 -126388
1558693655558 -143414
1558693656459 -127351
1558693656506 -144140
1558693657414 -128355
1558693659467 -145094
1558693659753 -147531
1558693660415 -148049
1558693661524 -142287
1558693661524 -142287
1558693668000 -138941
1558693668000 -138941
1558693668019 -138911
1558693669009 -139383
1558693669229 -154855
1558693674123 -161756
1558693675831 -146205
1558693675831 -146205
1558693675894 -163527
1558693676812 -147186
1558693676829 -147482
1558693678793 -164419
1558693681780 -152433
1558693682715 -153089
1558693683639 -154013
1558693683646 -154299
1558693684779 -155456
1558693684861 -172638
1558693686669 -174295
1558693687604 -158281
1558693688745 -176522
1558693691364 -162016
1558693691432 -177058
1558693691508 -172269
1558693692415 -163091
1558693694407 -165083
1558693699170 -186794
1558693699277 -185319
1558693700094 -170468
1558693700094 -170468
1558693701214 -171890
1558693703849 -185021
1558693703965 -183660
1558693704150 -174826
1558693704825 -185997
1558693705909 -185604
1558693705982 -176356
1558693706932 -177305
1558693706992 -194616
1558693707916 -178567
1558693708851 -188546
1558693708977 -196601
1558693709076 -179751
1558693709694 -190866
1558693713761 -182330
1558693714684 -194379
1558693715547 -196719
1558693715664 -195359
1558693716572 -187222
1558693717659 -186228
1558693718511 -189161
1558693718726 -206349
1558693719615 -188184
1558693720465 -189084
1558693724096 -203697
1558693725360 -211400
1558693725416 -213039
1558693726042 -205643
1558693727039 -206640
1558693727984 -207585
1558693728266 -214305
1558693728279 -196898
1558693728339 -215962
1558693729089 -208784
1558693729305 -199954
1558693730077 -209772
1558693731211 -199829
1558693731869 -211470
1558693734199 -217769
1558693734934 -214628
1558693735015 -203633
1558693735972 -204555
1558693735972 -204555
1558693736954 -205572
1558693737732 -217332
1558693737733 -217333
1558693738696 -218296
1558693741588 -221188
1558693741714 -218811
1558693741810 -210428
1558693743542 -223142
1558693746767 -230336
1558693748351 -225447
1558693749763 -218329
1558693750740 -219306
1558693751735 -220301
1558693752559 -221141
1558693752692 -221258
1558693752693 -221259
1558693753524 -222106
1558693753524 -222106
1558693754188 -231284
1558693755038 -234637
1558693755305 -239964
1558693755504 -224086
1558693755563 -239132
1558693755571 -239140
1558693761225 -229841
1558693764931 -242026
1558693765090 -249748
1558693766268 -234833
1558693769155 -237720
1558693770019 -238601
1558693771108 -239673
1558693773339 -250530
1558693774091 -242255
1558693776557 -261215
1558693778497 -263155
1558693780794 -249410
1558693781867 -250031
1558693783358 -268016
1558693784030 -261220
1558693785971 -263161
1558693786591 -254754
1558693787211 -271869
1558693787641 -271117
1558693792346 -260458
1558693792387 -260430
1558693792792 -269982
1558693793481 -261644
1558693796540 -273730
1558693797254 -265366
1558693797498 -274688
1558693797587 -274145
1558693799615 -276805
1558693799665 -276223
1558693799830 -281003
1558693800363 -283838
1558693801259 -269371
1558693804186 -287661
1558693804458 -281016
1558693806043 -274086
1558693806508 -287681
1558693807250 -284410
1558693807900 -276011
1558693807946 -276057
1558693811796 -279839
1558693812889 -281052
1558693813726 -281769
1558693813746 -281789
1558693813924 -297399
1558693815674 -283717
1558693817694 -301169
1558693817928 -294428
1558693818974 -300146
1558693819935 -301107
1558693821629 -289740
1558693823619 -300095
1558693825547 -302023
1558693825658 -302215
1558693826383 -292280
1558693827437 -303913
1558693828374 -311849
1558693828666 -277282
1558693829636 -278252
1558693830116 -296013
1558693831235 -299397
1558693831435 -296239
1558693832424 -308900
1558693834126 -286511
1558693834312 -310788
1558693835228 -318703
1558693836185 -319660
1558693837156 -313631
1558693839116 -322590
1558693839209 -304012
1558693839210 -304013
1558693840022 -294528
1558693841964 -306766
1558693841974 -296480
1558693843860 -295203
1558693846817 -298160
1558693846817 -298160
1558693847877 -302382
1558693848678 -325153
1558693848689 -325164
1558693849707 -301049
1558693850782 -293113
1558693855591 -320392
1558693855591 -306933
1558693857527 -308868
1558693858380 -312748
1558693859419 -301749
1558693860334 -314702
1558693860567 -309175
1558693861417 -326216
1558693863243 -302745
1558693863243 -302745
1558693864201 -318568
1558693864295 -312900
1558693865270 -313875
1558693865270 -313875
1558693866035 -320402
1558693869173 -309678
1558693870067 -334864
1558693870067 -334864
1558693870142 -321482
1558693871139 -319742
1558693871952 -299925
1558693872133 -299124
1558693874001 -325340
1558693877660 -332026
1558693879658 -309708
1558693879852 -331190
1558693880602 -334967
1558693881619 -289349
1558693881805 -306865
1558693881824 -333161
1558693882779 -334116
1558693884466 -338831
1558693886402 -340766
1558693886495 -294224
1558693886499 -278607
1558693886688 -283469
1558693887476 -315447
1558693887671 -284452
1558693889399 -314458
1558693893050 -347413
1558693893303 -318361
1558693894029 -287702
1558693898217 -305945
1558693900274 -297053
1558693900352 -298173
1558693904282 -329339
1558693904387 -301165
1558693905304 -297275
1558693907313 -299284
1558693908290 -305068
1558693909286 -334342
1558693910083 -335139
1558693911123 -307900
1558693912922 -296419
1558693916331 -305986
1558693916685 -313461
1558693917306 -306961
1558693917306 -306961
1558693917629 -301125
1558693918154 -311824
1558693918613 -296955
1558693918722 -316527
1558693920695 -318499
1558693923552 -320327
1558693924942 -318611
1558693926056 -315710
1558693926406 -314173
1558693929318 -317084
1558693930059 -291511
1558693930897 -320550
1558693932118 -310457
1558693933088 -296014
1558693933096 -311435
1558693934058 -296984
1558693935038 -297964
1558693936039 -298965
1558693936606 -330271
1558693937136 -296195
1558693937423 -331088
1558693938984 -335753
1558693939471 -329123
1558693940914 -303839
1558693942018 -301076
1558693942995 -302053
1558693942995 -302053
1558693945295 -334946
1558693948212 -337862
1558693949555 -295013
1558693950054 -343714
1558693950537 -313461
1558693951126 -340776
1558693953463 -298920
1558693953647 -312172
1558693955441 -300898
1558693955441 -294130
1558693955896 -349554
1558693956952 -346600
1558693956952 -346600
1558693960312 -299001
1558693960338 -318862
1558693960458 -319514
1558693961795 -323233
1558693962661 -352307
1558693962779 -324217
1558693963252 -308708
1558693964352 -298161
1558693964479 -311617
1558693966162 -311618
1558693966185 -324708
1558693967620 -329056
1558693969132 -327654
1558693969461 -320385
1558693969559 -330994
1558693969562 -330997
1558693970202 -304010
1558693970208 -304016
1558693971379 -322303
1558693974412 -335845
1558693974809 -313423
1558693975896 -309703
1558693976129 -323265
1558693976756 -308674
1558693977103 -324239
1558693977740 -316354
1558693978956 -337477
1558693979188 -330111
1558693979292 -340723
1558693979710 -318323
1558693980675 -319288
1558693980688 -312605
1558693982057 -332979
1558693983879 -334801
1558693984597 -343117
1558693984940 -346369
1558693985783 -336705
1558693988614 -322324
1558693988727 -339649
1558693989601 -323311
1558693990561 -337695
1558693991450 -307803
1558693991450 -313601
1558693991777 -311644
1558693992420 -317573
1558693995418 -342551
1558693997330 -319481
1558693999214 -306755
1558694001051 -296068
1558694001187 -308728
1558694001229 -323379
1558694002013 -297030
1558694002191 -324341
1558694002427 -322293
1558694003163 -325313
1558694005077 -312617
1558694008863 -327510
1558694008972 -316318
1558694009073 -328938
1558694013732 -332378
1558694013772 -335920
1558694013824 -321170
1558694016631 -335277
1558694016665 -313408
1558694018582 -337227
1558694018634 -313648
1558694018646 -340794
1558694018792 -338656
1558694019613 -314627
1558694023474 -300923
1558694024375 -321117
1558694024546 -331890
1558694025506 -332850
1558694026292 -323034
1558694027324 -345968
1558694029321 -306769
1558694030386 -352531
1558694031173 -338516
1558694033139 -301931
1558694033221 -353082
1558694033254 -310701
1558694033974 -352617
1558694034946 -353589
1558694035082 -304794
1558694037053 -359195
1558694037098 -299110
1558694038011 -307722
1558694039108 -316554
1558694040990 -303001
1558694041968 -310759
1558694042937 -312647
1558694043806 -351148
1558694045687 -288249
1558694045836 -307844
1558694046667 -316375
1558694046806 -308813
1558694047573 -366214
1558694049519 -368159
1558694049586 -292147
1558694050519 -318598
1558694051640 -298944
1558694053409 -321487
1558694053455 -315462
1558694053490 -323195
1558694053502 -296063
1558694056452 -320292
1558694058386 -300946
1558694058497 -305798
1558694060440 -307740
1558694061424 -308724
1558694062191 -324198
1558694062420 -309719
1558694063290 -327129
1558694063290 -327129
1558694064996 -343235
1558694066201 -308760
1558694067179 -309738
1558694067825 -335901
1558694067909 -346148
1558694071843 -350081
1558694074710 -352948
1558694075808 -321085
1558694075998 -339834
1558694076597 -344672
1558694077949 -341783
1558694078561 -340567
1558694079758 -343592
1558694080842 -301864
1558694082277 -350351
1558694084628 -302878
1558694085191 -353265
1558694085348 -347353
1558694085694 -306715
1558694086156 -354230
1558694086674 -307695
1558694087192 -365428
1558694087290 -349294
1558694088511 -306760
1558694088537 -352367
1558694092440 -356268
1558694093244 -311492
1558694095064 -302950
1558694095066 -302952
1558694097005 -304891
1558694097891 -312732
1558694100079 -318327
1558694100093 -316513
1558694100093 -316513
1558694101054 -319301
1558694101080 -317500
1558694101239 -312577
1558694102026 -320273
1558694102026 -320273
1558694102625 -317466
1558694103607 -318447
1558694104666 -312551
1558694105021 -316358
1558694107094 -308702
1558694107094 -308701
1558694109102 -327348
1558694109514 -321597
1558694110915 -318800
1558694112169 -306143
1558694112366 -313973
1558694112747 -327586
1558694113108 -307082
1558694113108 -324444
1558694113902 -304079
1558694114000 -307974
1558694114000 -325336
1558694115645 -309618
1558694115782 -327117
1558694116140 -328222
1558694116192 -331031
1558694117623 -293013
1558694117623 -293013
1558694119580 -294970
1558694119642 -330977
1558694122575 -333909
1558694123423 -317395
1558694124373 -314549
1558694124845 -336926
1558694125352 -315527
1558694125750 -340587
1558694126424 -301814
1558694126486 -337820
1558694126718 -341555
1558694126813 -334695
1558694129272 -299131
1558694130333 -305723
1558694131194 -325165
1558694132199 -302057
1558694133172 -344504
1558694133617 -341498
1558694135102 -301976
1558694135132 -304990
1558694135457 -350291
1558694138041 -304914
1558694138156 -313502
1558694141422 -349301
1558694141808 -311665
1558694141907 -317251
1558694143864 -319207
1558694144310 -352188
1558694144722 -311595
1558694144738 -314595
1558694145272 -353150
1558694145813 -321155
1558694147043 -329038
1558694148031 -355908
1558694150588 -317460
1558694151593 -307745
1558694154861 -311013
1558694157725 -306902
1558694158476 -325347
1558694159635 -318478
1558694161362 -317513
1558694161374 -311667
1558694161629 -319453
1558694162436 -311612
1558694162604 -320428
1558694163279 -312455
1558694163279 -312455
1558694165085 -312251
1558694165346 -347339
1558694167077 -317369
1558694167463 -325286
1558694168045 -318337
1558694168190 -324340
1558694168263 -350255
1558694169024 -296056
1558694170373 -328196
1558694170976 -298008
1558694174072 -330221
1558694174919 -356910
1558694174979 -333820
1558694175837 -297147
1558694176810 -298120
1558694178861 -337702
1558694180763 -307793
1558694180768 -307798
1558694181706 -363696
1558694181707 -337855
1558694181824 -302044
1558694182688 -338836
1558694182747 -341587
1558694182839 -340660
1558694185732 -305952
1558694186634 -345472
1558694189436 -316465
1558694189436 -316465
1558694189540 -321550
1558694191702 -349522
1558694193392 -313611
1558694194410 -353245
1558694194516 -352335
1558694195312 -353131
1558694196258 -304084
1558694199319 -319537
1558694200120 -332128
1558694200145 -307970
1558694200145 -307970
1558694200311 -320498
1558694201152 -357295
1558694201152 -322459
1558694201290 -321477
1558694202051 -334059
1558694202191 -303972
1558694203127 -359269
1558694204167 -302045
1558694205033 -312858
1558694206074 -305528
1558694206074 -307855
1558694207052 -314876
1558694208151 -328337
1558694209919 -309373
1558694210783 -318607
1558694212809 -310686
1558694213707 -321530
1558694215862 -313739
1558694216798 -318577
1558694216943 -314697
1558694219785 -351791
1558694219785 -321563
1558694220885 -318761
1558694221802 -329624
1558694222532 -330354
1558694222627 -322079
1558694222747 -303994
1558694223595 -331417
1558694223595 -323047
1558694223595 -321471
1558694224541 -332363
1558694224594 -300096
1558694225300 -333120
1558694230093 -337913
1558694231373 -315385
1558694231373 -315385
1558694231927 -307913
1558694233254 -333029
1558694233313 -317324
1558694235280 -335006
1558694236068 -317313
1558694236069 -317314
1558694236936 -344756
1558694236936 -344756
1558694237006 -334880
1558694237244 -336970
1558694238074 -319319
1558694238805 -314790
1558694238981 -336855
1558694238981 -336855
1558694240075 -324085
1558694240075 -324085
1558694240799 -316784
1558694241766 -317750
1558694241766 -349586
1558694243156 -342882
1558694244140 -343866
1558694244950 -307818
1558694245011 -307879
1558694245208 -344934
1558694247483 -323467
1558694249656 -347526
1558694252001 -351726
1558694252370 -328353
1558694252639 -328137
1558694253743 -353468
1558694254200 -321319
1558694254383 -352252
1558694254518 -330016
1558694255634 -313579
1558694256125 -332107
1558694256526 -319392
1558694256602 -314546
1558694257530 -320396
1558694258101 -325219
1558694261626 -326930
1558694263001 -330118
1558694266965 -342946
1558694267552 -332855
1558694268182 -313672
1558694268276 -326219
1558694268769 -344750
1558694269552 -334855
1558694270231 -328174
1558694272185 -317674
1558694272232 -305838
1558694276495 -352473
1558694276517 -343632
1558694276914 -317542
1558694277067 -310672
1558694277680 -318804
1558694279149 -344451
1558694280646 -321770
1558694281129 -346431
1558694283084 -348385
1558694283373 -350487
1558694283783 -317387
1558694284783 -318386
1558694287255 -316912
1558694288554 -301038
1558694289536 -302020
1558694289582 -306912
1558694289585 -306915
1558694290520 -303004
1558694290953 -356253
1558694292181 -333303
1558694293154 -334276
1558694293473 -305957
1558694293620 -301096
1558694294932 -332181
1558694296688 -361988
1558694297450 -314778
1558694300400 -317728
1558694301754 -331409
1558694303904 -345024
1558694304434 -311909
1558694305702 -342949
1558694308602 -338256
1558694311560 -348807
1558694311733 -352850
1558694313137 -320572
1558694313610 -343264
1558694314008 -304177
1558694314116 -321551
1558694314120 -321555
1558694314469 -344122
1558694315949 -307841
1558694316370 -331059
1558694316933 -308825
1558694317244 -346897
1558694317426 -358541
1558694318164 -332852
1558694320366 -301574
1558694320891 -311059
1558694323112 -352764
1558694323822 -315712
1558694325047 -339735
1558694325814 -315981
1558694326897 -308143
1558694327750 -319639
1558694331572 -321739
1558694331656 -312901
1558694331660 -312905
1558694333623 -314868
1558694334496 -324662
1558694335027 -316233
1558694336563 -317808
1558694337790 -308383
1558694338817 -353503
1558694339594 -310187
1558694340786 -355471
1558694341524 -319062
1558694342330 -314079
1558694343486 -321024
1558694344295 -316044
1558694344341 -309240
1558694344425 -299571
1558694344426 -299572
1558694344471 -322008
1558694346396 -301542
1558694346598 -327803
1558694348358 -303504
1558694348402 -318994
1558694349232 -320980
1558694350453 -313326
1558694352200 -317097
1558694352200 -317097
1558694352297 -307442
1558694354243 -331779
1558694355928 -297543
1558694356061 -311206
1558694357045 -312189
1558694357177 -334712
1558694357352 -338555
1558694358029 -313173
1558694359306 -340509
1558694359910 -299576
1558694361011 -316155
1558694362818 -304432
1558694363877 -334467
1558694364934 -320077
1558694368719 -310332
1558694368746 -346278
1558694372677 -314289
1558694372873 -354071
1558694374661 -316273
1558694374705 -314369
1558694375849 -338719
1558694375849 -338719
1558694376595 -317981
1558694377558 -348145
1558694377558 -348145
1558694379417 -319081
1558694379806 -342675
1558694380499 -351085
1558694380499 -358027
1558694381477 -311146
1558694381477 -352063
1558694382605 -313605
1558694383353 -323016
1558694383430 -304910
1558694385321 -324984
1558694388643 -351511
1558694389251 -328914
1558694389251 -328913
1558694391085 -313445
1558694391244 -322242
1558694391435 -354302
1558694392071 -314431
1558694396950 -318428
1558694398903 -321262
1558694399298 -302947
1558694401263 -304911
1558694402248 -305896
1558694404223 -307871
1558694404810 -326287
1558694405909 -311538
1558694406187 -309835
1558694406803 -323083
1558694408151 -311799
1558694408681 -331039
1558694408857 -339853
1558694410493 -332851
1558694410807 -316435
1558694411468 -333826
1558694411710 -298839
1558694411791 -317419
1558694412087 -315734
1558694413074 -316721
1558694416984 -320630
1558694417562 -339919
1558694417977 -321623
1558694418495 -339970
1558694419386 -341743
1558694420331 -341806
1558694423345 -354336
1558694425156 -346629
1558694425156 -346629
1558694427107 -349461
1558694429212 -310701
1558694429214 -310703
1558694431180 -312669
1558694431217 -318190
1558694433148 -314636
1558694434130 -315618
1558694434547 -338191
1558694436518 -340162
1558694436722 -308146
1558694439293 -342936
1558694440785 -313000
1558694441044 -328016
1558694441044 -328016
1558694441605 -313028
1558694441777 -313992
1558694442989 -303949
1558694443013 -301228
1558694445939 -306898
1558694447045 -323485
1558694448031 -298261
1558694448453 -325420
1558694451528 -323742
1558694452686 -310900
1558694456996 -360633
1558694461644 -311872
1558694463727 -307199
1558694463950 -340914
1558694464507 -322715
1558694467075 -339287
1558694469413 -327620
1558694469657 -313128
1558694469833 -346794
1558694469987 -342198
1558694470387 -310772
1558694472571 -316041
1558694472725 -349685
1558694472728 -349688
1558694474540 -318010
1558694476220 -326446
1558694478473 -321943
1558694478734 -350942
1558694479056 -295378
1558694479173 -310024
1558694479472 -322942
1558694480526 -352734
1558694483003 -314952
1558694483323 -316671
1558694483330 -316678
1558694483459 -355665
1558694484090 -314940
1558694484375 -327844
1558694485288 -356703
1558694486174 -329643
1558694488029 -318879
1558694489332 -310287
1558694489332 -310287
1558694491307 -312262
1558694494906 -301471
1558694496029 -329375
1558694496773 -302529
1558694497605 -313924
1558694498138 -319092
1558694498563 -314882
1558694498974 -332320
1558694499107 -320061
1558694500940 -344405
1558694501507 -317676
1558694501910 -335256
1558694503013 -323967
1558694504804 -325757
1558694504836 -338181
1558694506445 -312200
1558694506625 -339970
1558694506828 -350291
1558694508510 -315073
1558694508510 -315073
1558694509402 -325569
1558694509590 -351826
1558694509627 -353089
1558694510437 -316191
1558694510732 -331685
1558694512356 -318110
1558694513338 -319092
1558694513562 -314338
1558694515441 -348785
1558694515448 -348792
1558694515455 -357690
1558694516384 -322946
1558694517245 -307302
1558694517263 -322923
1558694517522 -338474
1558694518348 -324910
1558694519337 -352680
1558694521314 -308520
1558694521433 -322208
1558694522021 -327681
1558694522290 -364524
1558694522405 -343356
1558694524240 -357582
1558694524962 -307292
1558694525228 -367462
1558694526438 -347388
1558694527253 -311531
1558694528124 -310453
1558694528271 -349221
1558694532170 -316447
1558694534133 -355081
1558694535819 -320096
1558694536934 -294265
1558694538730 -299779
1558694539726 -322095
1558694539845 -297175
1558694540917 -341689
1558694541666 -325942
1558694541684 -324053
1558694542666 -303714
1558694543630 -327906
1558694544851 -345623
1558694546543 -311330
1558694546818 -347590
1558694547537 -331812
1558694551443 -335718
1558694552423 -336698
1558694552443 -334810
1558694553716 -354486
1558694555296 -308552
1558694555307 -316354
1558694556170 -340444
1558694556198 -338565
1558694556200 -338567
1558694559142 -341509
1558694561256 -322302
1558694563216 -316471
1558694564170 -317425
1558694564378 -320184
1558694565017 -349290
1558694566988 -351261
1558694568299 -324105
1558694569874 -354146
1558694569895 -301780
1558694569895 -352260
1558694570890 -323577
1558694572922 -313159
1558694572923 -313160
1558694574774 -357137
1558694574797 -306681
1558694575184 -330989
1558694579710 -306620
1558694580923 -336727
1558694581693 -313576
1558694582693 -309602
1558694582693 -309602
1558694583754 -306604
1558694584529 -341851
1558694584856 -340660
1558694585522 -342844
1558694586596 -313505
1558694587326 -327296
1558694588587 -320455
1558694588787 -344591
1558694589386 -346706
1558694589566 -321433
1558694589566 -321433
1558694590628 -313477
1558694591346 -348666
1558694592501 -319409
1558694592600 -315449
1558694593418 -316267
1558694593728 -349531
1558694593734 -349537
1558694594185 -334154
1558694594403 -317252
1558694595391 -318240
1558694596121 -331165
1558694596663 -352465
1558694597250 -301724
1558694597262 -302805
1558694598088 -338057
1558694598237 -302711
1558694600062 -340030
1558694600832 -335875
1558694603756 -338799
1558694605843 -311665
1558694605844 -311666
1558694606199 -305653
1558694606822 -312643
1558694608075 -312548
1558694609770 -315591
1558694610044 -314516
1558694611032 -315504
1558694614072 -313525
1558694615644 -321464
1558694615955 -320426
1558694615968 -292161
1558694616940 -321411
1558694617150 -321402
1558694617749 -322220
1558694617763 -293955
1558694618420 -353460
1558694619114 -323366
1558694621683 -326154
1558694622763 -322215
1558694623650 -328120
1558694627588 -332054
1558694628573 -303707
1558694629015 -307844
1558694630552 -306742
1558694633063 -338881
1558694634481 -310671
1558694635666 -339916
1558694637507 -316471
1558694637508 -316472
1558694637861 -347599
1558694638497 -317461
1558694638636 -342885
1558694638897 -348635
1558694639387 -314520
1558694639603 -343852
1558694640360 -315493
1558694640360 -315491
1558694641226 -317415
1558694642189 -318378
1558694643541 -347790
1558694643687 -322514
1558694643726 -353463
1558694644234 -323198
1558694645113 -320242
1558694645137 -295920
1558694645218 -303558
1558694647470 -351717
1558694647552 -353366
1558694651050 -301832
1558694651116 -309455
1558694651116 -309455
1558694653083 -311422
1558694653349 -363085
1558694654322 -364058
1558694654391 -311444
1558694655370 -312423
1558694656232 -335057
1558694657144 -361388
1558694657213 -336038
1558694657893 -313514
1558694657893 -313514
1558694658236 -367971
1558694660846 -316467
1558694660878 -311659
1558694661932 -320270
1558694665014 -316483
1558694669005 -324540
1558694669562 -320150
1558694670842 -327893
1558694672693 -351514
1558694673452 -302682
1558694673570 -308650
1558694676599 -355418
1558694677695 -334745
1558694678475 -309558
1558694679610 -331078
1558694680381 -311464
1558694682619 -339669
1558694683338 -314420
1558694683447 -307842
1558694686290 -317372
1558694686290 -317372
1558694689029 -318257
1558694691371 -348419
1558694692000 -321227
1558694693395 -350443
1558694694245 -318639
1558694695020 -324247
1558694695985 -325212
1558694697006 -306198
1558694697979 -307171
1558694698931 -323324
1558694699890 -312418
1558694702066 -353530
1558694702842 -315370
1558694703046 -354510
1558694703882 -359412
1558694704775 -311580
1558694704862 -360392
1558694704891 -314082
1558694704906 -305796
1558694705753 -312558
1558694705794 -318321
1558694706002 -357465
1558694706832 -316023
1558694708705 -333097
1558694710763 -311652
1558694710924 -313187
1558694712671 -305942
1558694712672 -305943
1558694712722 -313611
1558694716457 -304787
1558694720296 -344686
1558694724490 -325377
1558694726466 -307792
1558694727676 -317705
1558694727822 -330083
1558694729400 -310725
1558694729719 -331979
1558694732139 -325407
1558694732270 -320581
1558694732323 -322351
1558694733114 -334000
1558694733981 -358367
1558694734164 -322475
1558694735953 -360338
1558694736181 -326209
1558694737940 -331207
1558694738301 -340560
1558694740886 -306734
1558694742835 -336102
1558694742904 -304691
1558694744811 -310659
1558694744811 -310659
1558694745803 -311651
1558694745803 -311651
1558694745803 -311651
1558694747585 -348468
1558694750519 -351400
1558694751902 -354159
1558694752387 -345710
1558694754703 -316489
1558694755629 -321475
1558694759320 -300138
1558694760297 -301115
1558694761420 -323205
1558694762250 -303067
1558694764368 -326153
1558694767956 -308773
1558694775090 -322194
1558694775140 -315554
1558694776128 -316542
1558694778038 -325141
1558694779022 -326125
1558694782024 -296086
1558694783992 -298054
1558694784044 -318355
1558694787760 -301821
1558694788796 -323106
1558694791749 -304667
1558694793616 -323866
1558694796565 -300775
1558694805414 -309622
1558694815191 -309615
1558694815191 -309615
