1558693127943 -4640
1558693130842 -7538
1558693140558 -17254
1558693141531 -18227
1558693142509 -12495
1558693142509 -10682
1558693144405 -12578
1558693147417 -15257
1558693149145 -19127
1558693151169 -19342
1558693155729 -32342
1558693155856 -25838
1558693156893 -26875
1558693157052 -24892
1558693158695 -35308
1558693159064 -26904
1558693160060 -27900
1558693161064 -28904
1558693162010 -29850
1558693164584 -32756
1558693165569 -33741
1558693165827 -33667
1558693167478 -35650
1558693172230 -48843
1558693172733 -40573
1558693176404 -44244
1558693181787 -51632
1558693188634 -56049
1558693189627 -66239
1558693189997 -52244
1558693189997 -52244
1558693191709 -68321
1558693196022 -63437
1558693196221 -72833
1558693197690 -59937
1558693200013 -74945
1558693200503 -62750
1558693202269 -64516
1558693203013 -72857
1558693204009 -73853
1558693208491 -75906
1558693210456 -77871
1558693210554 -80397
1558693211431 -78846
1558693211534 -81377
1558693214366 -81781
1558693214409 -84252
1558693214990 -77237
1558693215243 -90175
1558693215969 -78216
1558693216218 -91150
1558693217177 -92109
1558693218283 -88126
1558693219133 -94065
1558693219257 -89100
1558693223141 -92674
1558693224062 -93595
1558693224065 -93598
1558693224758 -86789
1558693226003 -91177
1558693227797 -102378
1558693228509 -90540
1558693228895 -94069
1558693232809 -97983
1558693234374 -96405
1558693234784 -99958
1558693238306 -100337
1558693239414 -113994
1558693240241 -102272
1558693240471 -110003
1558693240471 -110003
1558693240612 -105786
1558693241582 -106756
1558693243103 -117683
1558693243103 -117683
1558693244541 -109715
1558693245160 -114671
1558693249010 -118521
1558693253158 -118332
1558693253833 -123343
1558693255618 -130196
1558693255707 -117734
1558693255749 -125259
1558693256697 -118724
1558693258652 -120678
1558693259479 -134057
1558693260605 -122631
1558693261529 -131039
1558693266847 -132020
1558693267331 -136841
1558693268429 -129188
1558693272322 -133081
1558693273941 -143450
1558693274996 -147668
1558693276466 -141635
1558693280787 -150296
1558693283619 -153128
1558693287867 -148625
1558693287867 -148625
1558693288478 -161149
1558693289444 -162115
1558693292435 -165106
1558693293318 -158382
1558693293357 -166028
1558693293738 -154495
1558693293738 -154495
1558693301331 -162088
1558693302893 -167956
1558693305242 -165998
1558693305761 -178290
1558693306739 -171802
1558693306739 -171802
1558693306739 -171802
1558693306745 -179274
1558693310439 -175501
1558693310537 -175705
1558693313058 -173699
1558693316234 -181292
1558693325875 -190483
1558693326012 -198539
1558693327816 -192424
1558693328944 -193687
1558693331471 -192110
1558693331828 -204355
1558693331866 -196609
1558693334805 -199548
1558693336701 -207246
1558693336778 -201521
1558693337376 -201984
1558693339711 -204454
1558693340631 -211176
1558693344180 -208788
1558693344180 -204817
1558693348899 -209536
1558693352257 -215236
1558693353879 -218487
1558693355754 -216391
1558693356933 -226469
1558693358680 -218444
1558693360809 -230345
1558693361035 -224014
1558693368590 -238126
1558693369253 -230593
1558693370382 -239918
1558693371648 -234627
1558693371648 -234627
1558693378138 -247673
1558693379032 -238795
1558693379932 -241271
1558693381427 -244406
1558693382986 -252521
1558693383350 -246329
1558693385305 -248284
1558693386278 -249256
1558693387255 -250233
1558693389812 -249575
1558693394352 -255691
1558693394469 -264004
1558693399811 -262789
1558693400179 -261518
1558693400375 -260137
1558693401150 -262489
1558693402742 -265361
1558693403208 -272681
1558693405077 -266416
1558693405775 -257412
1558693407214 -266865
1558693408203 -267854
1558693408763 -268771
1558693409759 -269767
1558693410175 -269826
1558693411714 -271722
1558693413100 -272751
1558693416030 -275680
1558693420465 -273136
1558693422150 -273785
1558693422393 -275063
1558693423170 -274805
1558693425623 -284051
1558693425623 -284051
1558693426050 -266050
1558693427588 -286016
1558693428309 -297782
1558693431937 -275087
1558693434126 -274125
1558693434984 -274982
1558693435529 -285258
1558693436496 -286225
1558693439601 -279598
1558693439716 -282865
1558693441097 -290825
1558693441546 -281543
1558693447938 -297666
1558693449904 -299631
1558693451850 -301577
1558693453413 -296403
1558693454781 -304508
1558693455056 -288617
1558693457716 -296921
1558693457966 -291527
1558693468308 -294723
1558693469621 -296057
1558693474476 -300911
1558693475448 -301883
1558693475448 -301883
1558693476544 -319530
1558693477516 -320502
1558693479174 -305608
1558693479460 -322445
1558693480143 -306577
1558693481990 -308402
1558693482084 -308518
1558693483054 -309488
1558693483946 -310358
1558693484922 -311334
1558693509304 -9
1558693510165 -82
1558693513785 -4490
1558693516536 -6453
1558693518907 -3543
1558693518960 -2534
1558693520409 -10326
1558693521582 -12287
1558693523844 -7418
1558693524369 -14286
1558693524733 -9368
1558693526319 -16236
1558693531261 -21965
1558693532104 -22808
1558693532182 -22095
1558693532498 -17133
1558693533058 -22971
1558693536000 -26704
1558693538167 -22802
1558693544707 -34620
1558693544970 -29605
1558693544975 -29610
1558693546648 -36561
1558693546905 -31540
1558693548630 -38542
1558693551534 -41446
1558693552479 -43183
1558693553704 -38339
1558693556419 -46331
1558693557238 -47150
1558693560172 -50084
1558693561044 -49505
1558693564110 -54022
1558693567134 -51702
1558693567513 -41916
1558693568110 -52678
1558693569074 -53642
1558693570045 -54613
1558693572698 -61158
1558693572962 -57530
1558693574359 -48761
1558693581523 -71319
1558693586149 -74609
1558693587515 -77311
1558693588106 -76566
1558693591338 -81133
1558693591338 -81133
1558693591810 -66210
1558693594223 -78790
1558693596256 -86051
1558693596715 -71115
1558693596830 -85290
1558693597662 -72062
1558693598751 -86984
1558693599140 -88935
1558693606358 -94590
1558693607782 -97576
1558693607782 -92349
1558693609779 -99573
1558693610272 -98504
1558693612376 -100608
1558693615586 -105380
1558693615586 -105379
1558693616579 -101088
1558693617545 -102054
1558693618014 -106246
1558693618984 -107216
1558693618984 -107216
1558693623452 -107961
1558693623845 -112072
1558693632693 -105725
1558693635400 -121075
1558693635497 -106876
1558693635616 -108648
1558693635953 -120461
1558693636314 -121989
1558693636580 -109612
1558693637548 -110580
1558693638377 -109756
1558693638881 -123388
1558693643779 -128286
1558693645058 -130732
1558693652705 -138378
1558693654017 -125394
1558693654059 -127091
1558693654375 -138881
1558693654647 -140320
1558693657543 -143216
1558693660695 -133726
1558693661674 -133051
1558693663376 -149048
1558693663611 -136640
1558693665309 -150981
1558693665309 -150981
1558693666524 -139553
1558693667495 -140524
1558693668225 -153897
1558693671451 -141323
1558693671967 -156033
1558693671967 -156033
1558693671972 -156038
1558693674863 -160526
1558693676346 -146218
1558693677322 -147192
1558693677325 -147195
1558693677802 -163465
1558693680887 -166550
1558693681714 -165778
1558693686798 -158555
1558693688888 -158758
1558693691412 -176424
1558693691641 -163398
1558693692592 -164349
1558693694316 -179327
1558693696248 -180311
1558693700624 -170493
1558693701943 -186005
1558693702860 -187871
1558693702860 -187871
1558693702860 -187871
1558693704087 -175844
1558693707002 -178759
1558693711628 -196638
1558693716646 -191678
1558693723923 -193789
1558693726219 -201250
1558693726434 -198190
1558693730882 -215891
1558693740374 -209640
1558693743511 -223757
1558693743839 -218869
1558693745255 -214520
1558693747644 -217370
1558693748188 -217453
1558693749173 -229419
1558693752337 -222063
1558693754418 -229447
1558693757359 -232388
1558693757796 -227060
1558693758157 -227883
1558693760732 -229996
1558693760732 -229996
1558693763661 -232925
1558693763661 -232925
1558693763746 -243991
1558693765235 -240264
1558693765717 -245962
1558693777713 -252122
1558693781101 -248711
1558693782300 -252025
1558693783617 -258026
1558693785979 -253589
1558693786165 -255890
1558693786516 -260925
1558693787493 -261902
1558693789891 -257501
1558693791404 -265813
1558693791754 -271552
1558693791994 -261372
1558693792417 -266826
1558693793838 -261448
1558693794382 -268791
1558693794832 -262442
1558693794832 -262442
1558693795553 -275350
1558693796510 -276307
1558693796768 -264378
1558693796862 -266239
1558693798675 -268052
1558693800777 -268387
1558693802539 -270148
1558693803058 -277466
1558693806957 -281365
1558693809383 -276992
1558693811341 -278950
1558693811341 -270207
1558693812072 -268044
1558693819992 -278856
1558693824537 -280508
1558693824871 -292480
1558693824871 -292480
1558693825372 -299780
1558693825509 -281479
1558693827382 -283352
1558693827608 -275806
1558693829210 -281537
1558693829650 -296556
1558693830279 -286249
1558693830630 -297536
1558693833312 -285639
1558693834575 -282543
1558693836114 -292083
1558693837083 -293052
1558693837086 -293055
1558693838453 -286420
1558693839837 -295805
1558693841192 -277898
1558693841385 -289351
1558693842165 -278871
1558693846669 -302636
1558693847876 -284581
1558693848812 -285517
1558693848812 -285517
1558693851988 -299953
1558693852490 -308456
1558693852968 -285414
1558693853458 -309423
1558693853503 -292289
1558693858297 -283534
1558693858392 -297177
1558693860342 -299127
1558693861446 -286504
1558693866641 -299086
1558693868667 -301111
1558693874663 -299897
1558693874668 -299902
1558693875645 -300879
1558693875645 -300879
1558693876258 -293054
1558693877234 -294029
1558693877786 -298657
1558693879532 -304766
1558693880725 -294267
1558693880725 -301595
1558693881158 -297953
1558693883407 -308640
1558693885046 -301840
1558693886305 -311538
1558693886305 -311538
1558693886305 -311538
1558693889426 -302967
1558693891293 -277657
1558693892877 -309670
1558693894264 -280627
1558693895800 -282673
1558693897163 -283526
1558693898144 -284507
1558693898766 -323995
1558693900582 -287454
1558693900743 -325971
1558693901139 -287501
1558693904881 -330107
1558693906060 -289706
1558693906693 -293564
1558693908461 -294822
1558693910137 -293782
1558693912984 -299345
1558693913640 -297285
1558693915554 -299198
1558693916567 -302927
1558693918986 -314084
1558693919975 -315072
1558693920198 -303842
1558693920487 -306847
1558693922136 -305780
1558693924083 -307726
1558693925052 -308695
1558693925793 -296986
1558693925798 -296990
1558693925798 -320895
1558693925807 -320904
1558693927303 -288379
1558693927747 -322844
1558693929701 -300893
1558693932645 -303836
1558693934371 -329467
1558693937532 -295013
1558693938658 -297223
1558693939881 -300955
1558693940416 -298981
1558693942797 -303870
1558693942805 -303878
1558693944194 -301674
1558693945166 -302646
1558693946712 -307784
1558693947218 -305782
1558693948935 -344028
1558693950065 -307544
1558693953790 -348879
1558693954023 -312586
1558693954764 -349853
1558693954951 -312429
1558693955982 -284603
1558693956479 -289409
1558693957886 -294246
1558693958508 -293204
1558693962483 -297179
1558693965303 -299998
1558693967445 -296064
1558693968210 -302905
1558693971129 -305823
1558693971412 -307770
1558693973912 -306840
1558693973912 -306840
1558693974031 -308725
1558693977824 -310752
1558693981044 -309661
1558693987038 -299130
1558693988421 -291204
1558693988661 -300916
1558693990383 -293165
1558693993713 -305805
1558693996244 -299026
1558694000123 -334762
1558694000563 -312653
1558694003025 -337663
1558694004806 -339443
1558694006131 -292328
1558694007962 -310742
1558694009747 -312527
1558694010016 -296213
1558694010338 -303972
1558694013554 -348187
1558694013676 -290345
1558694015493 -350125
1558694020364 -354994
1558694021335 -355965
1558694021525 -307720
1558694021909 -315541
1558694022486 -308681
1558694023287 -357916
1558694023453 -309648
1558694031864 -310666
1558694035021 -311687
1558694036566 -310655
1558694037935 -314601
1558694044850 -298891
1558694048132 -322219
1558694049115 -308733
1558694051063 -310681
1558694052041 -311659
1558694054572 -308612
1558694056935 -316552
1558694059057 -286325
1558694061808 -297152
1558694062635 -297979
1558694067625 -346421
1558694070465 -305808
1558694071058 -295287
1558694073003 -297232
1558694073651 -300917
1558694074445 -353238
1558694076196 -354988
1558694076558 -303824
1558694080088 -299020
1558694086499 -310726
1558694087878 -323057
1558694089429 -313656
1558694090407 -314634
1558694093746 -298939
1558694099204 -299083
1558694102135 -302014
1558694105242 -324170
1558694108212 -327139
1558694110088 -309966
1558694110455 -313606
1558694111471 -314622
1558694112602 -317752
1558694114243 -319393
1558694117827 -336752
1558694118994 -324143
1558694119900 -297124
1558694120732 -339656
1558694120962 -299900
1558694123789 -301012
1558694124461 -296188
1558694125842 -304779
1558694125844 -304781
1558694126817 -305754
1558694127412 -299139
1558694128635 -305858
1558694128772 -307709
1558694129465 -306688
1558694131708 -310645
1558694133325 -310547
1558694134077 -305803
1558694136425 -315361
1558694136426 -315362
1558694140358 -319293
1558694141141 -288446
1558694143273 -299917
1558694144250 -300894
1558694144846 -301129
1558694144988 -292292
1558694146628 -302911
1558694151497 -307779
1558694152081 -308724
1558694152466 -308748
1558694152488 -303820
1558694153472 -304804
1558694156647 -307978
1558694156647 -307978
1558694157496 -313777
1558694158406 -309737
1558694158800 -315442
1558694162665 -295987
1558694166068 -322109
1558694166187 -313489
1558694167157 -314458
1558694168970 -325010
1558694172448 -305769
1558694174015 -297186
1558694177749 -300920
1558694178528 -334564
1558694178721 -301892
1558694181664 -304834
1558694182561 -296053
1558694185966 -291144
1558694185970 -291148
1558694186299 -342332
1558694186432 -299923
1558694187423 -300914
1558694189231 -345263
1558694189404 -302895
1558694189532 -312701
1558694192190 -348221
1558694197812 -353841
1558694201745 -357772
1558694201897 -315386
1558694202699 -307428
1558694203100 -296040
1558694203786 -304988
1558694207627 -308829
1558694209635 -293336
1558694210814 -303753
1558694211224 -315951
1558694211224 -315951
1558694213476 -297176
1558694214173 -295035
1558694214299 -315500
1558694215526 -299226
1558694218413 -299275
1558694220723 -304423
1558694221329 -302190
1558694222515 -306214
1558694223505 -307204
1558694227771 -328970
1558694228765 -329964
1558694230261 -294147
1558694230625 -311485
1558694231659 -332857
1558694231665 -332863
1558694238483 -292336
1558694238618 -288485
1558694240503 -294355
1558694241134 -305019
1558694241341 -342538
1558694246437 -300289
1558694248368 -302219
1558694250903 -314787
1558694251869 -288673
1558694255877 -305741
1558694255950 -357096
1558694260712 -310575
1558694262554 -299357
1558694262672 -312535
1558694263664 -317306
1558694264507 -301309
1558694264597 -314460
1558694265573 -315436
1558694266603 -287498
1558694268582 -289476
1558694268646 -305872
1558694269489 -306291
1558694271403 -292297
1558694272405 -293299
1558694273566 -310792
1558694278121 -299014
1558694280201 -330272
1558694281077 -287774
1558694281174 -331245
1558694283022 -289718
1558694283153 -299050
1558694288866 -309758
1558694290036 -305932
1558694296533 -287500
1558694296651 -346717
1558694299591 -349656
1558694299591 -306281
1558694302394 -293360
1558694302663 -318359
1558694303644 -319340
1558694304338 -295304
1558694307396 -357457
1558694309277 -300242
1558694310214 -301179
1558694313482 -305736
1558694316436 -308689
1558694317990 -312171
1558694322344 -314597
1558694324024 -301565
1558694324312 -316564
1558694325682 -294416
1558694326104 -318356
1558694327761 -321941
1558694330741 -324920
1558694332009 -301939
1558694337398 -306130
1558694338342 -332520
1558694338344 -332522
1558694338910 -308837
1558694339738 -291034
1558694340721 -292017
1558694341841 -311767
1558694347490 -298785
1558694347765 -302503
1558694349546 -304283
1558694350532 -305269
1558694351033 -345209
1558694352497 -307234
1558694353968 -348142
1558694355321 -306615
1558694355463 -310200
1558694355813 -303354
1558694357417 -312153
1558694358852 -353025
1558694359272 -310566
1558694360734 -308274
1558694365564 -313104
1558694366392 -313931
1558694374262 -292877
1558694376290 -314463
1558694378241 -316413
1558694379211 -317383
1558694382699 -307729
1558694383943 -322114
1558694383946 -322117
1558694383988 -302602
1558694386769 -298892
1558694386873 -325044
1558694386873 -325044
1558694389800 -327970
1558694393601 -312213
1558694394626 -306748
1558694395317 -300946
1558694398395 -310516
1558694399251 -304879
1558694400375 -312418
1558694403184 -308812
1558694405341 -294075
1558694406270 -318312
1558694406284 -295018
1558694409090 -314717
1558694411056 -297997
1558694413037 -299978
1558694415218 -353381
1558694416034 -304767
1558694416982 -303922
1558694420930 -359091
1558694422819 -310536
1558694422865 -306883
1558694423801 -311518
1558694426649 -313588
1558694431573 -298381
1558694431671 -303795
1558694432652 -304776
1558694434471 -293358
1558694434619 -306743
1558694436590 -308714
1558694437225 -296112
1558694438415 -322431
1558694438594 -310717
1558694439182 -298069
1558694440297 -324313
1558694441134 -300020
1558694444171 -310978
1558694445038 -303924
1558694445186 -329201
1558694445283 -295167
1558694446990 -305875
1558694449092 -333106
1558694452023 -336037
1558694454006 -291743
1558694454132 -304015
1558694456767 -285725
1558694458061 -307943
1558694459687 -343656
1558694459689 -343657
1558694459705 -288663
1558694460662 -344630
1558694460668 -289626
1558694464945 -314826
1558694465545 -349512
1558694467636 -305372
1558694469466 -353431
1558694470566 -308301
1558694471667 -305037
1558694473377 -357341
1558694477562 -310931
1558694478255 -309529
1558694479075 -310349
1558694481024 -309975
1558694481030 -312304
1558694481030 -312304
1558694486727 -295393
1558694488725 -297391
1558694491057 -298592
1558694492600 -301265
1558694493132 -309091
1558694493574 -302239
1558694493739 -325011
1558694494116 -310075
1558694494566 -303231
1558694496086 -312044
1558694498474 -307134
1558694499040 -314997
1558694501005 -316962
1558694501005 -316962
1558694501553 -332823
1558694502968 -318924
1558694503357 -285945
1558694505308 -287895
1558694508782 -286141
1558694509748 -287107
1558694511228 -342496
1558694512543 -289901
1558694514108 -345375
1558694514769 -314107
1558694516061 -347327
1558694517838 -300421
1558694522359 -299714
1558694522734 -305316
1558694522738 -305320
1558694523469 -298519
1558694528792 -310511
1558694529664 -304713
1558694530464 -307771
1558694531634 -306683
1558694531898 -313616
1558694535476 -317193
1558694536949 -297727
1558694538217 -313265
1558694546178 -327894
1558694546910 -300583
1558694547766 -308542
1558694548954 -309370
1558694548961 -309377
1558694549743 -310519
1558694552812 -306483
1558694552866 -313281
1558694553848 -314263
1558694555789 -337503
1558694556626 -298784
1558694556759 -310428
1558694559707 -313375
1558694560553 -302711
1558694560724 -314391
1558694561541 -303698
1558694562703 -316369
1558694570469 -352141
1558694574295 -307644
1558694576241 -309590
1558694577113 -307673
1558694581897 -312456
1558694582855 -306652
1558694582885 -313444
1558694586792 -302771
1558694586892 -318265
1558694587059 -303905
1558694588758 -304737
1558694590720 -306698
1558694591634 -315429
1558694591779 -323152
1558694591811 -308656
1558694594765 -311610
1558694596665 -328037
1558694597651 -329023
1558694599483 -330855
1558694599483 -306220
1558694602375 -333747
1558694605145 -311880
1558694607098 -313833
1558694607285 -296841
1558694608266 -297821
1558694609056 -315791
1558694610180 -341550
1558694612160 -343530
1558694612324 -303751
1558694612324 -303751
1558694612324 -303750
1558694613114 -344484
1558694615179 -304733
1558694622029 -311582
1558694623116 -314541
1558694625089 -316514
1558694631005 -296048
1558694632707 -295875
1558694633935 -298977
1558694636255 -315465
1558694636625 -299792
1558694638603 -301770
1558694639573 -302740
1558694640655 -305697
1558694642278 -317414
1558694643609 -308650
1558694646556 -311597
1558694648945 -324080
1558694648946 -324081
1558694649412 -312578
1558694649508 -314481
1558694651889 -327024
1558694652703 -301804
1558694656619 -305719
1558694659361 -300790
1558694660170 -301599
1558694660674 -335808
1558694660674 -335808
1558694664011 -303722
1558694668341 -317439
1558694668494 -343627
1558694669329 -292200
1558694670006 -311433
1558694672241 -347373
1558694672243 -347375
1558694672957 -314384
1558694679106 -354235
1558694679912 -302779
1558694683001 -358129
1558694684494 -303346
1558694687448 -306300
1558694690500 -310585
1558694690802 -306864
1558694690802 -306864
1558694692685 -315549
1558694692707 -315571
1558694694662 -317526
1558694696324 -315175
1558694696336 -315187
1558694696430 -316514
1558694697398 -317482
1558694701255 -290094
1558694701320 -306393
1558694703017 -291957
1558694704224 -293063
1558694705176 -294014
1558694706147 -294985
1558694711022 -299860
1558694713153 -329053
1558694713946 -302783
1558694720788 -309721
1558694720817 -309750
1558694721912 -314442
1558694723818 -312654
1558694724116 -340012
1558694727982 -320511
1558694727982 -320511
1558694727982 -320511
1558694733455 -301785
1558694733499 -349391
1558694736428 -352319
1558694737298 -296073
1558694743103 -305881
1558694746028 -309163
1558694746234 -314562
1558694747131 -305904
1558694747221 -315549
1558694747843 -310620
1558694748112 -306885
1558694749942 -313077
1558694750166 -318493
1558694750898 -309670
1558694751725 -314502
1558694753837 -316971
1558694754655 -317431
1558694754834 -317968
1558694754834 -313605
1558694755792 -318926
1558694755793 -318927
1558694756767 -319901
1558694756767 -319901
1558694757770 -316541
1558694757870 -305682
1558694759543 -292182
1558694764430 -297068
1558694764753 -312564
1558694767363 -300001
1558694767608 -307641
1558694772083 -304720
1558694774041 -306678
1558694775569 -295057
1558694780327 -299815
1558694780882 -313518
1558694785238 -304725
1558694790157 -309643
1558694790157 -309643
1558694799743 -309669
1558694810563 -290171
1558694813513 -293121
1558694820394 -300001
