1558693128574 -3737
1558693134666 -1030
1558693138812 -4480
1558693140797 -6465
1558693142703 -8371
1558693145234 -20397
1558693145355 -11718
1558693145658 -11326
1558693147173 -22335
1558693151879 -27041
1558693152882 -28044
1558693152882 -28044
1558693152882 -28044
1558693154333 -20001
1558693155942 -22305
1558693164567 -39729
1558693165547 -31910
1558693167466 -33829
1558693171664 -37331
1558693172310 -47469
1558693174223 -49382
1558693175269 -38269
1558693176137 -51296
1558693177416 -43083
1558693178079 -53238
1558693178130 -41130
1558693181019 -56178
1558693181072 -44072
1558693181327 -44898
1558693181885 -44885
1558693182868 -45868
1558693184811 -47811
1558693184828 -47828
1558693184946 -60105
1558693186159 -49730
1558693193014 -56014
1558693193093 -56663
1558693195603 -70761
1558693198688 -62258
1558693201273 -64272
1558693201355 -76513
1558693205039 -68038
1558693206280 -69849
1558693206280 -69849
1558693212825 -75824
1558693220741 -93781
1558693221766 -85334
1558693226398 -88090
1558693227377 -89069
1558693227577 -91144
1558693234235 -95766
1558693238962 -100653
1558693242062 -103592
1558693243049 -116087
1558693244026 -105556
1558693245989 -107519
1558693251848 -124886
1558693253626 -115156
1558693258349 -120037
1558693262590 -135627
1558693264220 -125217
1558693264220 -125217
1558693270246 -140597
1558693272172 -133700
1558693274957 -135953
1558693276934 -138462
1558693278081 -148432
1558693279900 -141038
1558693280734 -141730
1558693282841 -143979
1558693283630 -144626
1558693288807 -159158
1558693288807 -159158
1558693289635 -150773
1558693291499 -152491
1558693297331 -158323
1558693300374 -170724
1558693301033 -162024
1558693302241 -163378
1558693303011 -164002
1558693303011 -164002
1558693303165 -164302
1558693303986 -164977
1558693307900 -168891
1558693307900 -168891
1558693310927 -172063
1558693313077 -183424
1558693313860 -174996
1558693315861 -183663
1558693315861 -183663
1558693316676 -177666
1558693317767 -178903
1558693319583 -180573
1558693321543 -182533
1558693326404 -187539
1558693327374 -188509
1558693330512 -198314
1558693331292 -191651
1558693332136 -192593
1558693333446 -201248
1558693334122 -194579
1558693335084 -195541
1558693339949 -200406
1558693340077 -200435
1558693342885 -203342
1558693346978 -214780
1558693347644 -208101
1558693347644 -208101
1558693348744 -209102
1558693350926 -218728
1558693352830 -220632
1558693353807 -221609
1558693355469 -215926
1558693356400 -216857
1558693356400 -216857
1558693359465 -219823
1558693359477 -219835
1558693363416 -231215
1558693365191 -225648
1558693375139 -242938
1558693376879 -237236
1558693377858 -238215
1558693382960 -250759
1558693383609 -243534
1558693389460 -249385
1558693390440 -250365
1558693390611 -258409
1558693391528 -251555
1558693391587 -259385
1558693392564 -260362
1558693393376 -253301
1558693394519 -262317
1558693394519 -262317
1558693395274 -255301
1558693398096 -258021
1558693399176 -259203
1558693403325 -271123
1558693404089 -264116
1558693406148 -245202
1558693410989 -277249
1558693411916 -250969
1558693412943 -279203
1558693414892 -281152
1558693420474 -280398
1558693424673 -290933
1558693427352 -266181
1558693427598 -293858
1558693432179 -286729
1558693433447 -272275
1558693437099 -291649
1558693438109 -292659
1558693439190 -283275
1558693441035 -271020
1558693444796 -274781
1558693446642 -288527
1558693446975 -291059
1558693459521 -303604
1558693464402 -308484
1558693478084 -322164
1558693480040 -324119
1558693509882 -50
1558693521158 -11326
1558693523111 -13278
1558693525429 -4609
1558693530634 -9320
1558693531611 -10297
1558693536126 -15306
1558693537099 -16279
1558693541033 -20213
1558693541376 -20062
1558693544771 -23904
1558693545122 -23808
1558693546099 -24785
1558693549653 -28786
1558693552938 -31624
1558693554223 -44388
1558693558809 -37494
1558693561396 -40528
1558693561884 -50287
1558693561884 -50287
1558693562714 -41399
1558693564374 -43506
1558693570370 -49005
1558693572352 -50987
1558693572625 -61028
1558693572941 -52073
1558693580153 -58788
1558693584052 -62686
1558693589620 -65134
1558693589951 -68585
1558693590918 -69552
1558693591750 -70384
1558693592999 -81401
1558693593364 -68878
1558693595292 -70806
1558693601784 -90186
1558693602787 -91189
1558693603096 -78576
1558693603733 -92135
1558693605053 -80533
1558693606037 -81517
1558693615623 -91102
1558693617257 -105656
1558693618552 -94031
1558693618900 -97534
1558693623788 -99458
1558693624097 -112496
1558693625397 -100875
1558693628348 -99401
1558693629796 -118195
1558693630316 -101369
1558693636149 -107202
1558693636149 -107202
1558693636493 -112163
1558693646731 -117776
1558693650319 -137300
1558693650646 -121691
1558693652105 -139086
1558693653596 -124641
1558693656018 -142999
1558693658476 -129520
1558693660905 -147885
1558693661899 -148879
1558693663530 -134544
1558693668425 -139439
1558693668425 -139439
1558693669438 -140452
1558693671040 -142084
1558693673656 -160635
1558693673656 -160635
1558693674282 -145295
1558693679930 -150974
1558693680200 -151213
1558693681173 -152186
1558693685031 -156044
1558693685680 -156723
1558693686158 -173135
1558693688120 -172655
1558693689755 -160768
1558693691715 -162728
1558693693658 -164671
1558693698558 -169571
1558693699669 -184203
1558693700650 -185184
1558693701477 -172490
1558693702452 -173465
1558693702605 -187139
1558693703104 -173327
1558693707978 -178201
1558693708311 -178601
1558693714692 -184915
1558693715989 -186279
1558693718567 -188789
1558693720851 -191140
1558693724755 -195044
1558693725733 -196022
1558693728830 -213362
1558693729676 -199965
1558693737041 -207262
1558693738320 -208593
1558693741205 -211478
1558693741869 -212090
1558693742514 -223687
1558693742514 -223687
1558693743166 -213439
1558693745116 -215389
1558693745453 -226626
1558693745453 -226626
1558693745844 -216065
1558693746775 -216996
1558693749018 -219291
1558693750969 -221242
1558693755584 -225804
1558693755858 -226104
1558693756031 -237203
1558693758630 -228875
1558693759310 -229530
1558693766486 -235178
1558693767425 -236117
1558693771334 -240026
1558693776398 -257569
1558693779331 -260502
1558693781625 -250445
1558693782630 -251450
1558693783608 -252428
1558693788120 -265732
1558693789740 -258431
1558693790716 -259407
1558693791391 -260211
1558693791391 -260211
1558693792036 -269648
1558693793415 -262235
1558693801352 -270172
1558693802566 -269744
1558693804464 -271641
1558693805393 -272570
1558693805556 -283167
1558693806559 -284170
1558693807577 -285188
1558693808558 -286169
1558693809886 -278706
1558693812433 -290044
1558693815349 -292960
1558693817966 -262093
1558693825919 -303495
1558693826435 -291244
1558693830435 -274560
1558693830801 -308376
1558693834412 -278535
1558693837279 -281402
1558693837998 -288237
1558693838257 -282379
1558693838259 -282381
1558693838634 -315342
1558693839606 -316314
1558693842374 -299857
1558693849003 -279560
1558693850197 -307679
1558693851173 -308655
1558693851954 -282511
1558693853127 -310609
1558693855443 -305679
1558693860568 -291124
1558693864852 -322332
1558693867181 -302729
1558693871528 -329007
1558693872500 -329978
1558693875221 -262998
1558693876753 -293027
1558693878359 -335835
1558693879012 -266788
1558693885558 -301831
1558693888486 -304758
1558693890686 -278460
1558693892654 -280428
1558693892860 -268770
1558693893393 -309665
1558693900514 -288168
1558693900726 -276636
1558693905230 -307001
1558693908696 -283832
1558693911320 -286455
1558693911611 -287519
1558693916908 -276663
1558693919867 -279622
1558693922531 -310645
1558693925534 -285288
1558693926518 -286272
1558693927876 -303781
1558693933741 -309644
1558693935309 -280409
1558693936284 -281384
1558693939210 -284309
1558693940206 -285305
1558693941165 -286264
1558693941399 -317299
1558693941899 -315439
1558693946796 -320336
1558693947267 -323165
1558693950781 -295879
1558693956640 -289143
1558693958372 -320173
1558693963500 -296003
1558693969369 -287246
1558693970088 -306861
1558693970313 -288190
1558693971529 -347418
1558693972507 -348395
1558693972862 -309635
1558693973843 -310615
1558693975787 -312559
1558693976014 -293890
1558693977396 -353283
1558693977985 -295861
1558693981304 -293193
1558693982641 -289305
1558693986555 -293219
1558693987529 -294193
1558693989509 -296172
1558693990684 -280420
1558693994364 -301026
1558693995553 -285289
1558693999708 -311594
1558694000056 -306717
1558694001049 -307710
1558694001664 -313549
1558694004593 -316478
1558694004936 -311597
1558694006889 -313549
1558694014956 -304663
1558694020070 -331951
1558694020654 -290747
1558694023567 -293660
1558694025932 -337811
1558694027247 -301832
1558694027889 -339767
1558694029201 -303786
1558694029431 -299524
1558694030205 -304789
1558694033117 -307701
1558694034091 -308675
1558694034322 -304415
1558694034570 -346445
1558694037247 -282321
1558694041167 -286240
1558694043379 -355251
1558694045666 -320219
1558694047833 -292905
1558694053703 -298775
1558694057865 -319025
1558694059558 -282361
1558694061517 -284320
1558694064461 -287263
1558694068947 -320852
1558694070591 -331749
1558694071171 -293748
1558694076022 -298599
1558694078394 -339552
1558694079921 -278425
1558694081681 -307700
1558694083128 -344285
1558694084810 -283314
1558694089684 -288187
1558694092447 -290949
1558694093425 -291927
1558694095818 -356971
1558694096791 -357944
1558694100053 -303711
1558694100053 -303711
1558694105177 -284321
1558694108188 -287332
1558694109559 -307888
1558694110588 -308917
1558694111307 -290450
1558694113246 -292389
1558694113508 -311836
1558694114094 -293237
1558694114370 -312698
1558694115609 -293080
1558694120611 -283331
1558694122042 -320369
1558694123023 -321350
1558694128239 -305708
1558694131661 -329987
1558694133309 -296028
1558694138516 -336840
1558694138516 -336840
1558694139478 -337802
1558694141763 -319134
1558694142411 -340734
1558694143896 -280381
1558694145861 -282346
1558694148802 -285287
1558694149594 -308576
1558694149783 -286267
1558694150768 -287252
1558694152709 -289193
1558694154307 -352625
1558694156803 -293286
1558694158456 -317437
1558694160364 -319345
1558694162121 -321102
1558694164730 -306684
1558694165224 -301681
1558694166201 -302658
1558694170122 -306578
1558694171091 -307547
1558694171587 -313540
1558694173874 -311652
1558694176948 -291135
1558694177770 -315548
1558694187399 -297897
1558694189012 -330963
1558694189012 -330963
1558694189556 -303742
1558694190378 -300876
1558694190508 -304693
1558694192483 -281361
1558694192927 -334877
1558694198688 -340638
1558694203114 -313610
1558694205625 -347573
1558694207201 -296077
1558694208934 -293235
1558694209754 -294055
1558694210712 -295013
1558694210824 -299699
1558694213760 -283336
1558694214773 -284348
1558694216516 -358460
1558694217962 -287537
1558694218573 -304334
1558694220564 -306324
1558694220564 -306324
1558694225567 -295141
1558694227025 -312784
1558694228961 -314720
1558694229247 -313480
1558694230412 -299985
1558694237872 -323274
1558694239095 -283426
1558694240045 -284376
1558694243850 -309661
1558694246648 -332049
1558694247689 -333090
1558694247852 -313663
1558694248613 -334014
1558694248776 -314586
1558694250657 -336057
1558694256314 -341714
1558694260427 -282455
1558694261256 -346655
1558694262214 -308475
1558694263136 -309396
1558694263188 -348586
1558694267105 -313365
1558694268121 -314381
1558694269139 -315399
1558694270106 -316366
1558694281711 -307209
1558694282686 -308184
1558694283614 -304830
1558694283673 -309171
1558694284653 -310150
1558694286621 -312118
1558694291479 -312693
1558694294327 -319823
1558694295425 -316638
1558694296436 -317649
1558694298259 -323755
1558694300219 -325714
1558694301558 -297372
1558694303174 -328669
1558694304273 -305155
1558694309016 -309897
1558694310241 -285681
1558694311964 -312845
1558694318744 -344236
1558694319722 -345214
1558694325617 -351107
1558694327933 -275216
1558694329763 -277046
1558694330527 -309096
1558694333654 -280936
1558694335450 -360936
1558694339332 -317900
1558694339334 -317902
1558694339385 -304815
1558694339553 -286834
1558694340318 -318886
1558694340318 -318886
1558694345477 -292757
1558694347205 -300560
1558694348084 -313512
1558694348201 -301555
1558694348211 -301565
1558694351364 -298643
1558694354903 -308256
1558694357085 -278145
1558694357852 -311205
1558694365935 -286993
1558694370866 -291923
1558694372853 -293910
1558694373465 -338747
1558694375761 -296818
1558694376413 -341694
1558694376747 -297804
1558694377562 -298571
1558694380515 -301524
1558694382266 -315228
1558694382315 -347594
1558694383458 -304466
1558694384232 -317193
1558694384279 -349557
1558694384439 -305447
1558694385267 -350544
1558694385424 -306432
1558694389200 -354476
1558694392110 -325068
1558694393314 -289131
1558694397223 -293040
1558694399856 -302085
1558694404964 -300779
1558694407688 -318111
1558694409661 -320084
1558694409695 -311923
1558694415646 -308467
1558694416850 -292291
1558694418596 -311416
1558694422307 -324533
1558694422428 -315248
1558694422432 -315252
1558694429326 -304765
1558694434241 -285454
1558694437051 -339275
1558694439165 -290377
1558694440822 -343045
1558694444884 -315322
1558694446042 -297254
1558694455546 -325982
1558694457538 -359756
1558694468484 -295429
1558694472125 -312268
1558694476205 -281811
1558694477040 -317182
1558694479006 -319148
1558694480118 -285723
1558694486849 -306148
1558694489799 -309097
1558694497537 -316356
1558694498490 -317309
1558694498490 -317309
1558694501433 -320252
1558694504422 -344550
1558694509284 -306093
1558694510355 -307164
1558694512257 -309066
1558694513369 -292651
1558694514351 -293633
1558694515212 -312020
1558694517024 -357147
1558694517158 -313966
1558694518991 -359114
1558694519125 -315933
1558694520252 -299533
1558694522895 -319702
1558694524023 -278126
1558694529129 -303664
1558694529129 -305992
1558694529203 -283305
1558694531144 -305679
1558694533083 -287185
1558694533685 -310548
1558694533870 -308405
1558694534710 -311573
1558694536806 -290907
1558694539611 -314145
1558694542567 -317100
1558694545485 -299459
1558694550307 -326882
1558694551387 -305360
1558694552258 -328833
1558694553239 -329813
1558694556195 -332768
1558694558272 -289922
1558694559121 -311382
1558694559988 -336559
1558694563243 -294892
1558694565061 -317322
1558694566031 -318292
1558694570811 -347379
1558694576650 -302684
1558694579723 -284072
1558694581698 -286047
1558694585421 -309328
1558694585531 -311564
1558694585642 -289991
1558694585642 -289991
1558694588450 -314482
1558694588582 -292931
1558694590414 -316446
1558694590414 -316446
1558694591398 -317146
1558694592218 -317966
1558694592248 -316154
1558694596177 -321924
1558694599102 -324849
1558694599225 -290919
1558694601191 -292885
1558694604144 -295837
1558694605029 -328933
1558694605987 -314344
1558694608073 -299765
1558694609790 -333694
1558694610034 -301726
1558694614696 -338599
1558694618606 -304672
1558694622564 -346466
1558694623549 -347451
1558694624513 -310578
1558694629293 -353192
1558694629537 -295881
1558694630274 -354173
1558694640104 -314480
1558694641070 -327082
1558694642074 -316450
1558694643033 -311537
1558694645097 -285060
1558694647066 -287029
1558694647066 -287029
1558694652964 -292926
1558694653952 -293914
1558694655921 -295882
1558694656663 -331037
1558694656663 -331036
1558694658625 -332998
1558694659604 -333977
1558694659604 -333977
1558694660718 -312288
1558694661575 -335948
1558694661814 -301202
1558694667476 -341848
1558694668456 -342828
1558694670457 -344829
1558694673347 -305653
1558694675330 -307636
1558694677140 -351511
1558694678165 -352536
1558694679145 -353515
1558694683187 -315492
1558694684037 -358406
1558694687111 -319415
1558694688919 -321223
1558694688919 -321223
1558694688943 -305601
1558694691979 -288044
1558694704539 -321194
1558694709649 -286995
1558694710637 -287983
1558694711529 -324957
1558694722407 -307780
1558694722408 -299752
1558694728172 -344823
1558694728338 -313711
1558694732131 -317503
1558694732917 -349566
1558694736782 -293872
1558694736782 -293872
1558694736812 -353460
1558694736812 -353460
1558694743685 -319911
1558694745654 -321880
1558694747675 -304572
1558694750408 -326633
1558694750539 -307627
1558694751384 -327609
1558694752578 -291912
1558694755461 -312548
1558694755526 -294860
1558694756444 -313531
1558694758407 -315494
1558694761190 -318277
1558694765196 -304528
1558694770068 -346291
1558694774046 -284103
1558694776931 -312518
1558694776935 -312522
1558694777976 -288032
1558694780850 -316435
1558694781834 -317419
1558694781834 -317419
1558694787568 -303634
1558694792556 -276213
1558694796490 -280145
1558694798383 -314448
1558694800419 -284070
1558694801337 -317402
1558694805269 -321333
1558694812059 -295705
1558694814027 -297584
1558694815995 -299552
1558694819856 -311509
