1558693141162 -16426
1558693144107 -19371
1558693147045 -22309
1558693147842 -23106
1558693151793 -27057
1558693162521 -37780
1558693162562 -37821
1558693172198 -47457
1558693176023 -48528
1558693176974 -49479
1558693179946 -52451
1558693189121 -61626
1558693196482 -68987
1558693198383 -70888
1558693203200 -75705
1558693204187 -76692
1558693205187 -77692
1558693212000 -84505
1558693216884 -89388
1558693216884 -89388
1558693217861 -90365
1558693226508 -97306
1558693227485 -98283
1558693228461 -99259
1558693228461 -99259
1558693228461 -99259
1558693231396 -102164
1558693244901 -115667
1558693248814 -119580
1558693252724 -123490
1558693254697 -125463
1558693257636 -128401
1558693261517 -132282
1558693272107 -142871
1558693273101 -143865
1558693277992 -148756
1558693304224 -171660
1558693308117 -175553
1558693317731 -185166
1558693328477 -195911
1558693336302 -203736
1558693339070 -206504
1558693341043 -208477
1558693350859 -218293
1558693352751 -220185
1558693364321 -230716
1558693395452 -261846
1558693420737 -286063
1558693429514 -294840
1558693432455 -297781
1558693432455 -297781
1558693450844 -305686
1558693461434 -316275
1558693464360 -319200
1558693466315 -321155
1558693469250 -324090
1558693478042 -332880
1558693484720 -319279
1558693489604 -324162
1558693504270 -338826
1558693505083 -339639
1558693515846 -350400
1558693517800 -352354
1558693521742 -356295
1558693522719 -357272
1558693529099 -19754
1558693532000 -22654
1558693534939 -25593
1558693548457 -39110
1558693548457 -39110
1558693559183 -49835
1558693559185 -49837
1558693565865 -56516
1558693569789 -60440
1558693570764 -61415
1558693585459 -73616
1558693588418 -76574
1558693588418 -76574
1558693590171 -78327
1558693592111 -80267
1558693596028 -84184
1558693603822 -91977
1558693604794 -92949
1558693613487 -101641
1558693618343 -106497
1558693628102 -115243
1558693633963 -121104
1558693638692 -125832
1558693650416 -137555
1558693661005 -148143
1558693685281 -169613
1558693685285 -169617
1558693694100 -178431
1558693699937 -184268
1558693706780 -191111
1558693707761 -192092
1558693714462 -198792
1558693721297 -203278
1558693731061 -213042
1558693732850 -214831
1558693738747 -220727
1558693752417 -234397
1558693756149 -238128
1558693758108 -240087
1558693760073 -242052
1558693764988 -246966
1558693778647 -256005
1558693787285 -264643
1558693800155 -277511
1558693804740 -282096
1558693805723 -283079
1558693806721 -284077
1558693820433 -297789
1558693825288 -302644
1558693828995 -306351
1558693829976 -307332
1558693831997 -309353
1558693833988 -311344
1558693839757 -317112
1558693845634 -322368
1558693846615 -323349
1558693848566 -325300
1558693863101 -339835
1558693871852 -324367
1558693878573 -331087
1558693879524 -332038
1558693881477 -333991
1558693888295 -340808
1558693892190 -344702
1558693898894 -351405
1558693900904 -353415
1558693903982 -356492
1558693914643 -367150
1558693927075 -332028
1558693928048 -333001
1558693951345 -356294
1558693952324 -357273
1558693952332 -357281
1558693961136 -315564
1558693962101 -316529
1558693969761 -324187
1558693976601 -331026
1558693978565 -332990
1558693985388 -339812
1558693996968 -351391
1558694004770 -316549
1558694005747 -317526
1558694006722 -318501
1558694013580 -325357
1558694014569 -326346
1558694017311 -329088
1558694018301 -330078
1558694020254 -332030
1558694032955 -344730
1558694039829 -351601
1558694047472 -310586
1558694047472 -310586
1558694062121 -325233
1558694063087 -326199
1558694071792 -334902
1558694076643 -339752
1558694082486 -345593
1558694084474 -347580
1558694090138 -319286
1558694100912 -330058
1558694111905 -341050
1558694111905 -341050
1558694113587 -342732
1558694115481 -344625
1558694129066 -358207
1558694129067 -358208
1558694141649 -325719
1558694141649 -325719
1558694144550 -328620
1558694145524 -329594
1558694149432 -333501
1558694157382 -341450
1558694160999 -345066
1558694176645 -312626
1558694178598 -314579
1558694181534 -317514
1558694187239 -323219
1558694201059 -337037
1558694206924 -342901
1558694209612 -345589
1558694216561 -318479
1558694218697 -320614
1558694222460 -324377
1558694223545 -325462
1558694235924 -337839
1558694242885 -344799
1558694253601 -355514
1558694274100 -331394
1558694275044 -332338
1558694282756 -340049
1558694289641 -346933
1558694318007 -325441
1558694318977 -326411
1558694319956 -327390
1558694337505 -344937
1558694346352 -312406
1558694347331 -313385
1558694350286 -316339
1558694353072 -319125
1558694362908 -328960
1558694376523 -342573
1558694401940 -321407
1558694407859 -327325
1558694423422 -342886
1558694424399 -343863
1558694428326 -347790
1558694430291 -349754
1558694431269 -350732
1558694465539 -337420
1558694486039 -327739
1558694497713 -339411
1558694504557 -346254
1558694509489 -351186
1558694514393 -356089
1558694521118 -312382
1558694526087 -317350
1558694546535 -337796
1558694555372 -346632
1558694585720 -328261
1558694586691 -329232
1558694594394 -336933
1558694596356 -338895
1558694596356 -338895
1558694607175 -317439
1558694614881 -325143
1558694617819 -328080
1558694620773 -331034
1558694624719 -334979
1558694631594 -341852
1558694683390 -345730
1558694696090 -309690
1558694701910 -315510
1558694717491 -331088
1558694722611 -336208
1558694728542 -342138
1558694730376 -343971
1558694736038 -349631
1558694748803 -330988
