1558693132744 -31
1558693136447 -3734
1558693145859 -13231
1558693146813 -14185
1558693147060 -14346
1558693149678 -17050
1558693149973 -17259
1558693159282 -26654
1558693159606 -26892
1558693169235 -36521
1558693170931 -38303
1558693175103 -42389
1558693177947 -45207
1558693180463 -42877
1558693180742 -48002
1558693181739 -48999
1558693195419 -62677
1558693205849 -73106
1558693221356 -83768
1558693222321 -84733
1558693222321 -84733
1558693227972 -95229
1558693229914 -97171
1558693232806 -100063
1558693240572 -103069
1558693241548 -104045
1558693250177 -112674
1558693253113 -115610
1558693254102 -116599
1558693258176 -120066
1558693260922 -123419
1558693271870 -132733
1558693272651 -135147
1558693273625 -136121
1558693274438 -136934
1558693276394 -138890
1558693281508 -142370
1558693281509 -142371
1558693282258 -144754
1558693283236 -145732
1558693286288 -148123
1558693288122 -149957
1558693296201 -157061
1558693299680 -161513
1558693299899 -160759
1558693300868 -161728
1558693300868 -161728
1558693305541 -167374
1558693308471 -170304
1558693308475 -170308
1558693310434 -172267
1558693311640 -172499
1558693312387 -174219
1558693313598 -174457
1558693315598 -176456
1558693320207 -182039
1558693324198 -184758
1558693331756 -192657
1558693333708 -194609
1558693333965 -194524
1558693334952 -195510
1558693338601 -199501
1558693343511 -204410
1558693349507 -210064
1558693355311 -215868
1558693356021 -216560
1558693357241 -217798
1558693358238 -218795
1558693358966 -219505
1558693359227 -219784
1558693361890 -222429
1558693364833 -225372
1558693365052 -224881
1558693367011 -226840
1558693368987 -228816
1558693377617 -237446
1558693379342 -239880
1558693382495 -242324
1558693383472 -243301
1558693386153 -246691
1558693396983 -256811
1558693396983 -256811
1558693397709 -257581
1558693404556 -264428
1558693405881 -265509
1558693406800 -266428
1558693407505 -267377
1558693408458 -268330
1558693410728 -270355
1558693412416 -272288
1558693412664 -272291
1558693415569 -275196
1558693416303 -276175
1558693421023 -280894
1558693426867 -283587
1558693427842 -284562
1558693431752 -288470
1558693436739 -293455
1558693437677 -294393
1558693444287 -301000
1558693446239 -289548
1558693447498 -301611
1558693452387 -306499
1558693453375 -307487
1558693455037 -298345
1558693462846 -295040
1558693466869 -307430
1558693471756 -300778
1558693474691 -303712
1558693474691 -303712
1558693483485 -312505
1558693486419 -315439
1558693523748 -2440
1558693524084 -7388
1558693527991 -11295
1558693528639 -7331
1558693528639 -7331
1558693528969 -12273
1558693530913 -14217
1558693530919 -14223
1558693539390 -18082
1558693546068 -24760
1558693550289 -33593
1558693555182 -38485
1558693555182 -38485
1558693559081 -42384
1558693560733 -39425
1558693561713 -40404
1558693563666 -42357
1558693563666 -42357
1558693565755 -40742
1558693570340 -45961
1558693570641 -45628
1558693573572 -48558
1558693574548 -49534
1558693575527 -50513
1558693581088 -56709
1558693581389 -56374
1558693582364 -57349
1558693584028 -59648
1558693586331 -61316
1558693589075 -64060
1558693590892 -66512
1558693598520 -74139
1558693601452 -77071
1558693602426 -78044
1558693607313 -82931
1558693613177 -88795
1558693617219 -88541
1558693617220 -88542
1558693623768 -94785
1558693625040 -96362
1558693632567 -103584
1558693634646 -105968
1558693636600 -107922
1558693642465 -113787
1558693651269 -122590
1558693651269 -122590
1558693651960 -122977
1558693655870 -126886
1558693657144 -127113
1558693657152 -127121
1558693661725 -131970
1558693665470 -135715
1558693673605 -143572
1558693674269 -144513
1558693683193 -153159
1558693684169 -154135
1558693685996 -156239
1558693693656 -163899
1558693693935 -163901
1558693698560 -168802
1558693703730 -173695
1558693705378 -175620
1558693705694 -175659
1558693707335 -177577
1558693709318 -179559
1558693709423 -178588
1558693711245 -181486
1558693714015 -184256
1558693714016 -184257
1558693718903 -189144
1558693719179 -188343
1558693719881 -190122
1558693724066 -193230
1558693727027 -196191
1558693727697 -196392
1558693734653 -203817
1558693735385 -204080
1558693735385 -204080
1558693742504 -211668
1558693743185 -211879
1558693745397 -214561
1558693746143 -214837
1558693751260 -220424
1558693751266 -220430
1558693757840 -226533
1558693763543 -232236
1558693764604 -233297
1558693765545 -234238
1558693765768 -234930
1558693768427 -237120
1558693769405 -238098
1558693770635 -239797
1558693776251 -244943
1558693777227 -245919
1558693782191 -249881
1558693786841 -254741
1558693789033 -256723
1558693792944 -260634
1558693794941 -262631
1558693798873 -266563
1558693802579 -270478
1558693803592 -271282
1558693805428 -273327
1558693805479 -273169
1558693810421 -278111
1558693817020 -284919
1558693823113 -286283
1558693824095 -287265
1558693826763 -294661
1558693832588 -300486
1558693833593 -300491
1558693834668 -297836
1558693836364 -303262
1558693837562 -300730
1558693843211 -298108
1558693845167 -300063
1558693846382 -309549
1558693847144 -302040
1558693848107 -303003
1558693854006 -294899
1558693858890 -299783
1558693861618 -297952
1558693864553 -300887
1558693870480 -306813
1558693870480 -306813
1558693872393 -308726
1558693873366 -309699
1558693877282 -304469
1558693883954 -320076
1558693885902 -322023
1558693886879 -323000
1558693888029 -297959
1558693891769 -312560
1558693894712 -315502
1558693903680 -313608
1558693905818 -304360
1558693906795 -301094
1558693908504 -307045
1558693914275 -312815
1558693914275 -312815
1558693921917 -316214
1558693922881 -317177
1558693923896 -322435
1558693935587 -311452
1558693938529 -314394
1558693940324 -325006
1558693940324 -325006
1558693944229 -306735
1558693946162 -303607
1558693947135 -304580
1558693948136 -310641
1558693948136 -310641
1558693950933 -313438
1558693953022 -310466
1558693953857 -316361
1558693954828 -317332
1558693955952 -313396
1558693965706 -323149
1558693967521 -308418
1558693968513 -307718
1558693970445 -311341
1558693970445 -311341
1558693971439 -310644
1558693972425 -311630
1558693974204 -313408
1558693974348 -315244
1558693979130 -318334
1558693980065 -319269
1558693981040 -320244
1558693988023 -315278
1558693988997 -316252
1558693991793 -319047
1558693998603 -309531
1558693998605 -309533
1558694007260 -312626
1558694007261 -312627
1558694011307 -322233
1558694015077 -326003
1558694019011 -324375
1558694023720 -298951
1558694035563 -316380
1558694036432 -311660
1558694038494 -319311
1558694040298 -321013
1558694041337 -316565
1558694047992 -323103
1558694048968 -324079
1558694050079 -301748
1558694051037 -302706
1558694052992 -304660
1558694053973 -305641
1558694054834 -309576
1558694055925 -307593
1558694063576 -315243
1558694064597 -319337
1558694067498 -319164
1558694075299 -326964
1558694078230 -329895
1558694080184 -305619
1558694082054 -306771
1558694083124 -308559
1558694085071 -310505
1558694087895 -312612
1558694092625 -317341
1558694093702 -319135
1558694100546 -300684
1558694101525 -301663
1558694103496 -303634
1558694105371 -330085
1558694105458 -305596
1558694106433 -306571
1558694123744 -331006
1558694126739 -326874
1558694133590 -310442
1558694145086 -311567
1558694145086 -311567
1558694146114 -322964
1558694149975 -316455
1558694152909 -319389
1558694156939 -323419
1558694162569 -315183
1558694166426 -316327
1558694170386 -322999
1558694174251 -324151
1558694174251 -324151
1558694177175 -327075
1558694177221 -303843
1558694179175 -305797
1558694180151 -306772
1558694186972 -312589
1558694189740 -315356
1558694190752 -316368
1558694202531 -328146
1558694206464 -332078
1558694207368 -303805
1558694210283 -306868
1558694219266 -315702
1558694222990 -319573
1558694223142 -319725
1558694223142 -319577
1558694224934 -321517
1558694225829 -322412
1558694231463 -327772
1558694235429 -308457
1558694235429 -308457
1558694238316 -334897
1558694239312 -335893
1558694243244 -316271
1558694245233 -324252
1558694248266 -327285
1558694251199 -305987
1558694254912 -309700
1558694256858 -311646
1558694257821 -312609
1558694259629 -306583
1558694270513 -325299
1558694280261 -335045
1558694281010 -327961
1558694285912 -303742
1558694286893 -304722
1558694288939 -326246
1558694292798 -310627
1558694296723 -314551
1558694307457 -323437
1558694309441 -325420
1558694310314 -301896
1558694319258 -311018
1558694326874 -318453
1558694328834 -320413
1558694331885 -323643
1558694343688 -305262
1558694350576 -312148
1558694352535 -314107
1558694357288 -318859
1558694359154 -306962
1558694360130 -307938
1558694363105 -310913
1558694368111 -329681
1558694369099 -330668
1558694374995 -316061
1558694375004 -316070
1558694380720 -321785
1558694396202 -317946
1558694399130 -320874
1558694402202 -320717
1558694407117 -325632
1558694408095 -326609
1558694412036 -330550
1558694412043 -330557
1558694413905 -311358
1558694415155 -333669
1558694422559 -320009
1558694429575 -325990
1558694430563 -326978
1558694435366 -313490
1558694439276 -317399
1558694443207 -321330
1558694443340 -313694
1558694444031 -322154
1558694450914 -329036
1558694451043 -321395
1558694459752 -322300
1558694461722 -324270
1558694465799 -336150
1558694473350 -316305
1558694478422 -327437
1558694480228 -323180
1558694486299 -335313
1558694488248 -315902
1558694491860 -310686
1558694493825 -312651
1558694497939 -325592
1558694500747 -319572
1558694504672 -297405
1558694506777 -334429
1558694510597 -303327
1558694517590 -316075
1558694518575 -317060
1558694524319 -322803
1558694539704 -310845
1558694546592 -317732
1558694555611 -325919
1558694557396 -303586
1558694558373 -304563
1558694562573 -308623
1558694567438 -313487
1558694570017 -316205
1558694577872 -301632
1558694578857 -302617
1558694579839 -303598
1558694584963 -331010
1558694588530 -312288
1558694589868 -335914
1558694592465 -316223
1558694593447 -317205
1558694594443 -318201
1558694599345 -322985
1558694605239 -328878
1558694608190 -307317
1558694614293 -307771
1558694617861 -316987
1558694621793 -320918
1558694622775 -321900
1558694625738 -324863
1558694625946 -319422
1558694634574 -317298
1558694641330 -324053
1558694644245 -326967
1558694650349 -326852
1558694652328 -328831
1558694662785 -319206
1558694663761 -320182
1558694664740 -321160
1558694665713 -322133
1558694669641 -305974
1558694677500 -313833
1558694677504 -313836
1558694678532 -314864
1558694678548 -314880
1558694681652 -333007
1558694686184 -322515
1558694687164 -323495
1558694689129 -325460
1558694694092 -309939
1558694700932 -316778
1558694709621 -325466
1558694710604 -326449
1558694720485 -314422
1558694720697 -325174
1558694721527 -315464
1558694732178 -295847
1558694737221 -316294
1558694739191 -318263
1558694746075 -325146
1558694753700 -317367
1558694768527 -321212
1558694769510 -322195
1558694783280 -310558
1558694802520 -318256
