1558693133436 -8262
1558693135407 -2776
1558693138221 -5590
1558693144061 -11430
1558693146981 -14350
1558693149884 -17253
1558693151720 -26545
1558693155538 -22907
1558693162407 -29740
1558693177881 -45212
1558693178707 -53392
1558693182611 -57296
1558693185602 -52933
1558693193443 -68128
1558693193539 -60870
1558693194341 -61672
1558693195359 -62690
1558693198988 -73673
1558693199125 -61588
1558693205759 -80444
1558693205759 -80444
1558693206851 -69314
1558693206851 -69314
1558693213651 -76114
1558693215564 -78027
1558693217529 -79992
1558693217529 -79992
1558693221110 -95767
1558693228107 -90570
1558693231833 -106489
1558693235665 -110321
1558693235674 -110330
1558693240508 -115164
1558693250057 -124713
1558693252016 -126672
1558693252404 -114268
1558693253962 -128618
1558693260746 -135401
1558693266589 -139255
1558693269374 -142040
1558693270001 -131865
1558693271325 -143991
1558693277208 -149873
1558693278183 -150848
1558693279664 -141528
1558693280661 -142525
1558693281156 -153821
1558693287127 -159792
1558693287568 -149432
1558693289872 -162537
1558693298513 -171178
1558693303930 -164799
1558693317605 -178473
1558693326227 -187095
1558693326682 -199216
1558693327660 -200194
1558693332563 -205097
1558693333079 -193946
1558693333529 -206063
1558693340232 -212766
1558693349613 -210167
1558693350025 -220355
1558693354442 -214996
1558693356836 -227166
1558693356836 -227166
1558693360726 -231056
1558693364167 -224721
1558693365453 -235783
1558693366428 -236758
1558693369899 -230452
1558693370854 -231407
1558693373266 -243596
1558693389436 -249988
1558693393186 -253017
1558693396567 -266041
1558693401454 -265984
1558693401994 -261825
1558693407265 -271794
1558693408252 -264121
1558693413949 -269817
1558693417871 -273738
1558693418478 -278309
1558693434416 -281730
1558693439955 -286988
1558693456747 -294106
1558693458386 -292124
1558693458538 -295897
1558693462444 -299803
1558693512371 -2431
1558693515293 -5353
1558693515297 -5357
1558693522141 -12201
1558693527038 -17098
1558693529976 -20036
1558693535689 -25749
1558693539402 -17178
1558693541374 -19150
1558693543491 -33550
1558693543505 -33564
1558693552925 -30699
1558693553268 -43327
1558693554239 -44298
1558693557987 -47543
1558693563682 -40770
1558693565633 -42721
1558693569379 -46467
1558693570685 -60240
1558693574266 -51353
1558693579472 -69025
1558693582092 -59179
1558693586175 -75728
1558693588136 -77689
1558693598549 -75620
1558693599530 -76601
1558693601785 -88912
1558693603437 -80508
1558693603732 -90859
1558693606364 -83434
1558693610423 -97549
1558693615168 -92238
1558693616144 -93214
1558693618917 -95987
1558693621851 -98921
1558693628789 -115904
1558693635645 -122759
1558693642219 -113054
1558693647107 -117942
1558693650060 -120895
1558693652247 -138739
1558693652979 -123814
1558693656966 -143458
1558693664794 -151285
1558693666502 -137337
1558693667720 -154211
1558693670653 -157144
1558693671632 -158123
1558693675535 -162025
1558693683125 -153959
1558693685076 -155910
1558693688075 -174564
1558693689798 -160632
1558693692954 -179443
1558693698605 -169287
1558693702507 -173189
1558693707434 -191356
1558693709394 -193316
1558693709398 -193320
1558693710339 -181020
1558693717205 -201126
1558693722082 -206003
1558693724829 -195509
1558693725823 -209743
1558693726802 -210722
1558693728741 -199421
1558693734619 -218539
1558693738376 -209055
1558693739331 -210010
1558693745371 -229213
1558693750084 -232035
1558693753016 -234967
1558693755955 -224520
1558693757911 -239862
1558693763765 -245643
1558693764781 -246659
1558693769488 -238053
1558693771442 -240007
1558693775366 -243930
1558693779235 -261113
1558693780248 -248812
1558693780248 -248812
1558693790967 -270425
1558693791943 -271401
1558693796681 -276139
1558693804565 -284023
1558693811277 -279441
1558693811365 -290823
1558693812380 -291838
1558693818088 -281271
1558693821995 -285177
1558693825878 -289060
1558693827759 -307216
1558693828736 -308193
1558693831726 -310832
1558693834566 -297746
1558693839405 -280575
1558693840459 -286185
1558693841436 -287162
1558693855930 -301654
1558693855930 -301654
1558693857830 -284497
1558693866513 -312235
1558693870593 -297259
1558693874445 -301110
1558693875418 -302083
1558693889928 -295278
1558693893856 -299206
1558693893862 -299212
1558693894682 -301365
1558693896774 -302123
1558693898735 -280794
1558693899573 -306255
1558693902637 -284696
1558693902708 -309390
1558693903653 -285712
1558693912404 -294462
1558693913368 -295426
1558693914424 -296481
1558693923010 -304902
1558693925798 -307689
1558693927731 -334408
1558693930677 -294119
1558693932620 -339295
1558693940453 -303893
1558693942213 -292898
1558693946129 -296813
1558693947304 -310744
1558693955909 -306592
1558693961812 -306878
1558693962798 -307864
1558693965726 -310792
1558693971585 -293352
1558693972364 -323045
1558693978271 -300037
1558693983092 -333769
1558693986098 -307863
1558693986835 -337511
1558693986836 -337512
1558693989781 -340456
1558693993676 -344349
1558693996856 -318510
1558694002467 -313369
1558694009390 -301989
1558694010365 -302964
1558694011345 -303944
1558694016227 -308825
1558694016952 -327852
1558694020868 -331768
1558694021847 -332747
1558694033421 -344318
1558694034663 -300993
1558694036333 -347229
1558694036614 -302944
1558694041252 -352146
1558694042266 -353160
1558694045254 -311582
1558694048170 -314498
1558694054059 -295168
1558694056025 -297134
1558694056025 -297134
1558694057657 -316199
1558694059932 -301040
1558694063834 -304942
1558694070543 -311650
1558694071359 -329899
1558694072502 -313608
1558694075244 -333783
1558694076387 -317190
1558694079153 -337692
1558694079153 -337691
1558694082290 -304743
1558694086810 -345345
1558694090084 -312536
1558694091061 -313513
1558694112593 -312916
1558694114475 -288596
1558694115075 -313492
1558694116169 -290289
1558694121030 -295150
1558694122015 -296135
1558694122015 -296135
1558694125720 -324136
1558694129467 -327882
1558694131794 -305912
1558694132393 -330807
1558694136313 -334727
1558694136672 -310790
1558694137655 -311773
1558694143355 -317472
1558694143357 -317474
1558694146069 -344481
1558694148247 -305884
1558694150206 -307842
1558694150977 -349387
1558694160027 -317662
1558694169343 -300839
1558694169588 -302918
1558694170319 -301815
1558694173518 -306847
1558694179368 -312696
1558694182320 -315648
1558694182862 -314356
1558694182862 -314356
1558694191965 -302971
1558694193864 -304870
1558694200816 -311820
1558694220185 -351671
1558694222070 -353555
1558694227497 -298792
1558694228472 -299767
1558694229452 -300747
1558694232352 -303646
1558694236678 -311711
1558694240562 -315594
1558694254178 -304883
1558694264794 -315498
1558694265450 -336739
1558694266464 -337753
1558694268483 -339771
1558694268739 -293403
1558694269458 -340746
1558694269458 -340745
1558694271728 -296392
1558694274597 -299260
1558694280056 -351340
1558694281999 -353282
1558694282472 -307133
1558694285926 -357207
1558694288175 -312834
1558694291831 -314565
1558694292121 -316778
1558694292819 -315553
1558694297042 -321698
1558694303468 -326200
1558694308382 -331114
1558694312314 -335045
1558694320474 -294632
1558694321466 -295624
1558694321989 -344719
1558694330341 -304498
1558694331153 -305310
1558694331161 -305318
1558694335750 -358476
1558694338024 -312180
1558694341964 -316080
1558694343448 -306143
1558694343933 -318049
1558694351311 -314005
1558694354257 -316951
1558694355563 -303433
1558694363099 -325792
1558694366398 -314267
1558694369363 -317231
1558694371785 -334477
1558694383928 -306525
1558694388841 -311437
1558694396706 -297029
1558694397690 -298013
1558694397690 -298013
1558694399133 -361817
1558694403065 -302590
1558694404438 -304759
1558694405433 -305754
1558694405433 -305754
1558694409357 -309678
1558694410328 -310649
1558694411298 -311618
1558694417753 -317276
1558694420637 -320159
1558694423107 -299134
1558694423544 -323066
1558694430428 -329949
1558694431409 -330930
1558694438746 -314770
1558694447951 -347466
1558694453852 -353365
1558694457773 -357285
1558694459741 -359252
1558694463509 -306755
1558694470982 -312839
1558694477267 -320511
1558694491486 -316974
1558694493435 -318923
1558694493808 -337049
1558694494430 -319918
1558694495777 -339017
1558694496761 -340001
1558694499706 -342945
1558694501140 -296486
1558694505596 -348833
1558694508034 -303379
1558694510400 -353634
1558694511056 -306401
1558694512992 -308336
1558694517226 -360458
1558694521162 -305207
1558694523617 -318960
1558694523622 -318965
1558694524603 -319946
1558694525091 -309136
1558694525604 -320947
1558694526141 -310186
1558694535744 -319788
1558694535751 -319795
1558694536408 -315091
1558694537381 -316064
1558694537701 -321744
1558694541640 -325683
1558694543604 -327647
1558694548523 -332565
1558694550024 -302602
1558694553425 -337466
1558694563829 -316405
1558694570979 -355015
1558694571482 -298848
1558694576396 -303761
1558694581333 -308697
1558694581602 -310391
1558694586234 -313597
1558694589183 -316546
1558694589183 -316134
1558694590455 -319243
1558694592130 -319081
1558694598864 -325814
1558694607984 -336729
1558694614592 -315548
1558694616555 -317511
1558694617556 -318512
1558694619775 -348520
1558694622302 -297898
1558694623296 -298891
1558694626238 -301833
1558694627216 -302811
1558694627637 -356381
1558694630428 -359172
1558694631412 -360156
1558694632395 -361139
1558694636074 -311666
1558694637311 -331798
1558694639284 -333771
1558694639284 -333771
1558694642807 -318270
1558694643780 -319243
1558694644765 -320227
1558694650089 -344574
1558694655821 -350306
1558694658767 -353251
1558694669200 -322160
1558694671552 -366034
1558694673123 -292149
1558694674501 -368983
1558694675090 -294115
1558694676076 -295101
1558694685142 -331709
1558694693077 -339643
1558694694689 -313639
1558694711509 -358073
1558694717068 -295926
1558694720043 -298900
1558694720394 -366957
1558694721089 -299946
1558694722579 -309680
1558694724248 -303104
1558694724505 -311606
1558694730072 -308926
1558694730072 -308926
1558694739852 -326951
1558694741502 -320236
1558694745759 -332857
1558694747401 -302598
1558694749369 -304566
1558694749521 -336618
1558694750498 -337595
1558694752463 -339560
1558694753446 -340542
1558694759209 -314404
1558694761314 -348407
1558694770848 -301790
1558694771143 -358232
1558694771833 -302775
1558694772817 -303758
1558694772942 -360030
1558694775769 -306710
1558694775769 -306710
1558694776754 -307695
1558694777737 -308678
1558694778720 -309661
1558694786425 -292990
1558694789378 -295942
1558694789652 -321180
1558694792331 -298895
1558694801182 -307744
1558694802165 -308727
1558694803150 -309712
1558694803150 -309712
