1558693133538 -9517
1558693134556 -10535
1558693136299 -13434
1558693137158 -5641
1558693147807 -16289
1558693148660 -25794
1558693156436 -33570
1558693158447 -35581
1558693159734 -35257
1558693162259 -30741
1558693167067 -35549
1558693168034 -36516
1558693169002 -37484
1558693170316 -45839
1558693171999 -40481
1558693174890 -43372
1558693176797 -43969
1558693176918 -52440
1558693177645 -54772
1558693178624 -55751
1558693179858 -55380
1558693180849 -56371
1558693181839 -57361
1558693185464 -52636
1558693187864 -63386
1558693188995 -64517
1558693189743 -56914
1558693190090 -65612
1558693191812 -67334
1558693195371 -68975
1558693199174 -66345
1558693200813 -77938
1558693201067 -68238
1558693201780 -78905
1558693203996 -77599
1558693204008 -77611
1558693206923 -80526
1558693208582 -85707
1558693209552 -86677
1558693210532 -87656
1558693215595 -82766
1558693217556 -84727
1558693230787 -107893
1558693231759 -108865
1558693232981 -106584
1558693233008 -100167
1558693236585 -113691
1558693236925 -104084
1558693237566 -114672
1558693237824 -111426
1558693240745 -112710
1558693241719 -113684
1558693253391 -120549
1558693254381 -121539
1558693254890 -131973
1558693260716 -137799
1558693261207 -128365
1558693261207 -128365
1558693261687 -138770
1558693262186 -129344
1558693264059 -136023
1558693264439 -141522
1558693266818 -138782
1558693268078 -135235
1558693270990 -138147
1558693271002 -138159
1558693272944 -140101
1558693277688 -144845
1558693281531 -153495
1558693286959 -164041
1558693286959 -164041
1558693289409 -156566
1558693294510 -171591
1558693300222 -177302
1558693300895 -170383
1558693302955 -168344
1558693303851 -173338
1558693304920 -170309
1558693305868 -171257
1558693311726 -177114
1558693312704 -178092
1558693312717 -178105
1558693313620 -183107
1558693318367 -187853
1558693319324 -188810
1558693319324 -188810
1558693319534 -184922
1558693321327 -186715
1558693324215 -193701
1558693325184 -194670
1558693325340 -202420
1558693330229 -207292
1558693334060 -199448
1558693334072 -199460
1558693336911 -205637
1558693336960 -201457
1558693339758 -216821
1558693342661 -219664
1558693342825 -207322
1558693348602 -213099
1558693350539 -219265
1558693352418 -229421
1558693352490 -216987
1558693357340 -221837
1558693359039 -236042
1558693360272 -224769
1558693362903 -239906
1558693363007 -231732
1558693363863 -240866
1558693363863 -240866
1558693364175 -228672
1558693368761 -245763
1558693368905 -237630
1558693370675 -247677
1558693370812 -239537
1558693372636 -249638
1558693376518 -253520
1558693376704 -245429
1558693378692 -243188
1558693390405 -254901
1558693393142 -260947
1558693394160 -258656
1558693396102 -263907
1558693396135 -260631
1558693396742 -273744
1558693396743 -273745
1558693400627 -277629
1558693400966 -268771
1558693404908 -272713
1558693406420 -283422
1558693416499 -277375
1558693418074 -295073
1558693418430 -278986
1558693420017 -297016
1558693429632 -306628
1558693430136 -280757
1558693430165 -291039
1558693430610 -307606
1558693432564 -309560
1558693438887 -289506
1558693441788 -284420
1558693442375 -319249
1558693446597 -289733
1558693446599 -289735
1558693449561 -292192
1558693450513 -293649
1558693455864 -332736
1558693456373 -299508
1558693458164 -301299
1558693469538 -346409
1558693471492 -348358
1558693474425 -351290
1558693477197 -354062
1558693479152 -356017
1558693481107 -357972
1558693494796 -360821
1558693496752 -362777
1558693498706 -364731
1558693503432 -369457
1558693505387 -371412
1558693509704 -9
1558693511216 -1521
1558693513668 -2455
1558693514629 -3416
1558693516590 -5377
1558693518058 -8359
1558693519036 -9337
1558693520472 -9259
1558693522014 -388038
1558693525752 -357595
1558693531619 -363461
1558693535017 -23801
1558693539411 -29710
1558693540894 -29678
1558693545731 -34515
1558693546254 -36553
1558693550033 -381872
1558693551141 -41435
1558693554374 -43156
1558693556029 -46322
1558693556324 -45106
1558693556325 -45107
1558693558827 -390665
1558693561759 -393596
1558693561759 -393596
1558693564751 -396588
1558693565168 -51563
1558693565638 -55931
1558693567086 -53481
1558693567086 -53481
1558693572008 -58403
1558693573018 -63817
1558693573924 -60318
1558693577760 -68559
1558693578354 -68646
1558693578663 -65057
1558693584047 -74339
1558693584604 -75402
1558693585619 -76417
1558693586584 -72977
1558693587048 -75681
1558693587645 -78443
1558693589508 -75900
1558693590912 -79545
1558693592858 -81491
1558693601012 -86719
1558693603940 -89646
1558693604950 -90656
1558693609856 -95562
1558693616650 -102355
1558693616696 -107475
1558693622521 -108226
1558693622994 -109086
1558693623497 -109202
1558693623973 -110065
1558693625320 -113358
1558693628693 -114785
1558693632195 -120233
1558693632606 -118698
1558693633147 -121185
1558693634079 -119783
1558693637008 -122711
1558693639983 -128021
1558693645317 -131409
1558693647805 -135843
1558693648247 -134339
1558693649617 -137655
1558693649623 -137661
1558693651184 -137276
1558693652971 -139063
1558693653490 -139192
1558693658385 -144087
1558693660357 -148395
1558693661771 -147863
1558693663726 -149815
1558693664234 -145010
1558693664235 -145011
1558693664237 -145013
1558693664268 -152306
1558693665247 -153285
1558693666220 -154258
1558693673568 -159657
1558693674478 -160567
1558693676273 -162362
1558693677250 -163339
1558693684090 -170179
1558693690503 -178540
1558693690939 -177028
1558693695381 -183267
1558693700093 -179743
1558693700095 -179745
1558693700105 -187991
1558693700554 -186628
1558693701089 -188975
1558693704986 -184636
1558693707400 -193474
1558693708935 -196821
1558693711322 -197396
1558693714248 -200322
1558693714252 -200326
1558693717707 -205592
1558693719136 -205210
1558693719137 -205211
1558693719656 -199305
1558693725817 -211890
1558693730709 -216782
1558693732232 -220117
1558693736130 -215778
1558693736135 -215783
1558693737571 -223644
1558693740041 -227926
1558693741020 -228594
1558693742433 -222666
1558693742962 -220090
1558693744777 -232351
1558693746740 -234314
1558693747159 -227392
1558693748683 -225811
1558693748692 -236266
1558693749112 -229345
1558693749672 -226800
1558693751654 -228781
1558693752601 -240175
1558693753557 -230684
1558693756492 -233619
1558693758443 -235570
1558693763354 -250927
1558693770050 -257623
1558693770451 -250683
1558693771013 -258586
1558693772026 -259599
1558693775925 -253051
1558693780822 -257948
1558693784690 -261816
1558693786648 -263774
1558693788618 -276190
1558693790001 -265923
1558693790980 -266902
1558693792419 -279991
1558693793385 -280957
1558693793386 -269941
1558693799281 -275836
1558693800339 -283942
1558693800689 -276611
1558693804210 -280765
1558693804554 -280476
1558693805100 -281655
1558693809103 -285657
1558693809103 -292705
1558693810047 -286601
1558693811006 -294608
1558693813343 -289264
1558693813937 -297539
1558693813937 -290443
1558693814938 -298540
1558693815312 -290995
1558693816264 -291947
1558693819988 -295671
1558693819988 -295671
1558693820633 -297139
1558693820633 -304235
1558693821605 -305207
1558693821984 -297667
1558693829348 -305853
1558693833767 -309450
1558693837158 -320760
1558693839953 -282232
1558693841876 -319224
1558693843866 -321214
1558693843874 -286152
1558693844263 -295073
1558693847826 -290103
1558693848751 -326099
1558693852663 -330011
1558693852691 -294968
1558693856537 -333841
1558693860881 -311689
1558693862482 -304757
1558693864196 -341500
1558693866205 -343508
1558693870530 -321337
1558693871137 -313411
1558693873043 -315317
1558693875980 -318253
1558693880269 -331072
1558693883199 -334001
1558693884770 -327041
1558693887500 -325386
1558693887542 -306908
1558693899245 -337130
1558693902841 -306070
1558693904984 -308213
1558693906409 -344293
1558693907070 -310298
1558693907400 -345284
1558693908520 -346404
1558693910286 -329649
1558693910704 -313932
1558693911920 -349804
1558693911985 -349869
1558693914330 -317558
1558693914854 -352737
1558693919047 -322274
1558693919666 -357549
1558693919666 -357549
1558693929423 -348782
1558693933715 -336940
1558693934106 -348392
1558693934161 -297150
1558693934703 -337928
1558693936655 -339879
1558693941926 -356211
1558693941975 -304963
1558693943335 -346557
1558693949746 -364030
1558693953109 -356327
1558693953109 -356327
1558693955062 -287425
1558693957995 -290357
1558693962734 -295096
1558693968177 -382458
1558693970537 -302898
1558693971118 -351446
1558693973124 -336100
1558693982738 -345710
1558693986020 -318379
1558693989595 -352564
1558693994465 -309802
1558693996376 -376700
1558693996387 -376711
1558693996766 -329123
1558693997348 -377672
1558693997413 -312750
1558693998375 -313712
1558693999310 -379633
1558694001265 -381588
1558694003611 -335965
1558694004175 -384498
1558694005970 -386292
1558694006544 -338898
1558694011278 -343630
1558694014894 -330229
1558694017143 -349493
1558694019652 -347625
1558694019728 -335062
1558694019728 -335062
1558694020708 -336042
1558694022030 -303862
1558694025610 -340943
1558694026570 -341903
1558694029859 -311690
1558694030272 -358243
1558694030340 -345673
1558694031822 -313653
1558694032283 -347615
1558694032620 -314451
1558694037505 -319335
1558694040027 -367997
1558694042089 -357418
1558694043378 -325208
1558694045962 -297290
1558694048255 -330084
1558694053557 -381525
1558694054620 -305947
1558694054629 -305956
1558694055097 -336925
1558694058518 -309844
1558694060472 -311798
1558694061450 -312776
1558694066351 -317329
1558694069600 -351425
1558694071182 -372030
1558694072193 -373040
1558694076968 -327943
1558694078813 -379660
1558694088009 -322832
1558694090618 -341590
1558694092574 -343546
1558694092897 -327719
1558694093463 -394308
1558694093552 -344524
1558694097384 -398228
1558694101130 -346495
1558694101213 -352184
1558694102192 -353163
1558694102689 -337510
1558694103088 -348453
1558694105082 -350446
1558694106132 -357103
1558694116199 -351018
1558694117840 -312721
1558694119702 -365064
1558694121669 -367031
1558694122653 -368014
1558694122653 -368014
1558694124526 -319406
1558694124526 -319406
1558694124994 -313341
1558694129417 -324296
1558694129720 -318066
1558694131274 -376633
1558694131277 -376636
1558694132653 -320998
1558694133227 -378586
1558694135182 -380540
1558694135182 -380540
1558694136162 -381519
1558694138215 -333093
1558694139105 -384454
1558694139195 -334073
1558694142131 -337008
1558694143107 -337984
1558694145365 -333709
1558694146341 -334685
1558694150797 -345672
1558694156780 -371867
1558694156780 -351653
1558694158022 -346364
1558694160592 -355463
1558694161425 -376511
1558694162502 -357373
1558694165727 -354068
1558694166703 -355043
1558694167682 -356022
1558694171601 -302062
1558694172148 -319413
1558694172590 -303051
1558694177008 -324273
1558694179255 -309715
1558694185117 -315576
1558694185117 -315576
1558694189754 -337017
1558694192593 -353636
1558694192947 -323405
1558694193531 -354574
1558694193531 -354574
1558694196516 -343778
1558694198735 -329192
1558694201247 -362289
1558694205346 -352606
1558694207576 -338032
1558694209437 -339893
1558694220559 -351012
1558694223162 -317710
1558694223765 -384803
1558694223984 -318532
1558694223984 -318532
1558694224782 -319330
1558694227586 -322134
1558694235307 -374704
1558694236697 -316523
1558694237423 -331969
1558694238661 -318487
1558694239332 -333878
1558694246124 -340669
1558694248484 -328309
1558694249024 -388420
1558694252842 -392237
1558694253117 -332941
1558694256728 -396123
1558694257714 -397109
1558694259678 -399072
1558694263879 -343698
1558694264599 -403993
1558694265586 -404979
1558694266671 -302351
1558694266868 -346687
1558694266888 -346707
1558694273373 -361522
1558694275511 -355330
1558694276329 -312008
1558694277477 -357296
1558694278300 -313978
1558694283393 -303078
1558694284368 -304053
1558694286075 -374222
1558694291821 -379967
1558694296728 -384874
1558694303617 -391762
1558694303717 -339139
1558694306825 -326507
1558694312714 -332394
1558694314438 -402581
1558694314686 -334366
1558694316265 -343508
1558694316668 -336347
1558694320423 -340101
1558694324116 -351358
1558694329028 -356269
1558694330311 -349985
1558694334199 -353871
1558694334199 -353871
1558694334935 -362176
1558694335916 -363157
1558694336167 -355839
1558694337888 -365128
1558694340774 -330638
1558694340775 -330639
1558694342643 -369883
1558694343622 -370862
1558694343726 -333590
1558694344851 -305383
1558694353563 -343426
1558694356418 -383655
1558694357397 -384634
1558694357651 -318181
1558694359361 -360774
1558694359640 -320170
1558694366096 -367508
1558694370142 -303760
1558694371011 -372422
1558694375071 -308689
1558694378012 -311629
1558694381088 -341615
1558694385026 -345553
1558694387005 -347531
1558694387569 -388978
1558694391613 -325228
1558694391738 -352262
1558694392497 -393905
1558694395684 -356206
1558694396563 -330177
1558694399366 -400774
1558694400494 -334108
1558694401455 -335069
1558694404562 -304820
1558694405449 -339062
1558694408223 -345788
1558694408465 -308723
1558694409213 -346778
1558694412003 -349568
1558694412106 -345717
1558694414008 -351572
1558694415160 -352724
1558694419131 -352740
1558694420979 -354587
1558694426017 -326273
1558694427861 -314675
1558694429831 -316645
1558694432649 -370161
1558694436451 -373962
1558694437533 -324346
1558694440360 -377869
1558694441467 -328280
1558694442449 -329262
1558694444292 -381800
1558694445409 -332221
1558694451178 -372340
1558694453283 -340094
1558694455111 -376273
1558694456231 -343042
1558694460854 -382015
1558694471811 -358619
1558694471919 -319827
1558694473884 -321791
1558694477577 -398736
1558694478563 -399722
1558694482624 -316976
1558694482738 -330644
1558694484709 -332615
1558694493281 -327630
1558694495249 -329598
1558694496115 -363660
1558694498084 -365629
1558694500202 -334549
1558694501025 -368570
1558694502993 -370538
1558694503125 -337472
1558694505945 -373489
1558694505946 -373490
1558694506888 -341233
1558694507204 -355107
1558694508149 -356051
1558694508734 -376278
1558694512700 -380243
1558694514872 -362772
1558694516594 -384137
1558694519799 -307464
1558694520789 -308454
1558694521776 -309441
1558694526811 -314475
1558694531890 -319554
1558694535423 -323086
1558694538312 -325975
1558694543992 -363518
1558694545198 -332860
1558694545947 -365472
1558694545947 -365472
1558694545949 -365474
1558694547068 -323319
1558694549042 -325293
1558694550034 -326284
1558694551096 -338757
1558694552971 -329221
1558694555063 -342724
1558694557605 -377129
1558694557731 -333980
1558694558711 -334960
1558694573335 -392857
1558694574547 -362201
1558694581192 -313671
1558694581285 -313421
1558694587168 -319303
1558694590029 -322507
1558694590873 -359314
1558694591856 -360297
1558694591995 -324473
1558694593069 -325203
1558694593837 -362278
1558694596915 -329392
1558694603505 -371945
1558694604870 -337003
1558694606586 -339062
1558694607433 -375872
1558694609538 -342014
1558694610610 -342742
1558694612382 -380821
1558694612532 -345007
1558694614326 -382764
1558694614476 -346951
1558694617273 -385711
1558694618256 -386693
1558694622189 -364237
1558694622325 -354798
1558694627081 -307540
1558694627082 -307541
1558694629142 -361269
1558694630035 -310494
1558694630130 -302821
1558694632093 -304784
1558694638947 -319404
1558694640949 -313638
1558694642690 -384735
1558694642840 -323297
1558694644653 -386698
1558694647607 -389652
1558694649574 -391618
1558694649799 -322487
1558694655550 -328238
1558694658265 -400308
1558694659403 -339857
1558694661213 -403255
1558694662344 -342798
1558694664182 -360504
1558694665157 -361478
1558694666296 -346749
1558694669088 -365409
1558694669242 -349694
1558694669314 -342000
1558694670077 -366398
1558694672183 -352634
1558694672183 -352634
1558694675798 -372118
1558694680877 -310529
1558694681907 -311559
1558694683913 -356594
1558694684819 -314470
1558694689572 -385890
1558694691547 -387864
1558694693558 -389875
1558694693558 -389875
1558694694542 -390859
1558694697696 -314603
1558694698447 -328097
1558694700229 -396545
1558694700233 -396549
1558694701452 -318359
1558694703190 -399505
1558694704414 -321321
1558694705168 -357229
1558694707128 -359189
1558694707128 -359189
1558694708114 -360174
1558694708268 -337916
1558694711283 -328189
1558694716175 -345776
1558694718929 -370988
1558694719933 -371992
1558694724076 -353677
1558694724225 -341129
1558694725099 -354700
1558694728940 -358541
1558694732805 -349706
1558694733716 -318530
1558694734680 -319493
1558694736690 -353589
1558694738435 -390492
1558694741611 -358509
1558694742594 -359491
1558694747121 -399176
1558694748103 -340963
1558694749273 -334084
1558694751052 -343911
1558694752219 -337030
1558694754184 -338994
1558694755169 -339979
1558694759106 -343916
1558694760136 -330182
1558694768987 -339029
1558694769969 -340011
1558694771732 -356537
1558694771939 -341980
1558694777671 -347710
1558694781566 -301895
1558694786485 -306814
1558694788492 -358528
1558694794194 -314521
1558694797146 -317473
1558694800129 -305756
1558694805049 -310675
1558694806002 -326068
