1558693130449 -13802
1558693131620 -14972
1558693133157 -1691
1558693136165 -4699
1558693139034 -7568
1558693143197 -26504
1558693146136 -13465
1558693155608 -22937
1558693156411 -39717
1558693158284 -26817
1558693160545 -27874
1558693162154 -30687
1558693165031 -48337
1558693166328 -33657
1558693166328 -33657
1558693171846 -40379
1558693172790 -56095
1558693176406 -59711
1558693179772 -42209
1558693180283 -63588
1558693180296 -63601
1558693181245 -64550
1558693181412 -48561
1558693182209 -65514
1558693182393 -49542
1558693184102 -67406
1558693187460 -54609
1558693189815 -52252
1558693191159 -74371
1558693195723 -78934
1558693196669 -79880
1558693196741 -79952
1558693207115 -90238
1558693210573 -77721
1558693217394 -84542
1558693219343 -86491
1558693222562 -84446
1558693223319 -106441
1558693223539 -85423
1558693225509 -87393
1558693226473 -88357
1558693229950 -97073
1558693233838 -100961
1558693233853 -116974
1558693234837 -101960
1558693239692 -106814
1558693241960 -103843
1558693242333 -125453
1558693244288 -127408
1558693244876 -106759
1558693245858 -107741
1558693249776 -111659
1558693263959 -129481
1558693267216 -150273
1558693268173 -151230
1558693271085 -154142
1558693271088 -154145
1558693272097 -132925
1558693275925 -158982
1558693276922 -159978
1558693278840 -161896
1558693280825 -163881
1558693282735 -165791
1558693285801 -146629
1558693286903 -147731
1558693287452 -170508
1558693287704 -148532
1558693306669 -189706
1558693306994 -167822
1558693306994 -167822
1558693312515 -176958
1558693316172 -199186
1558693318388 -182831
1558693319069 -202083
1558693321630 -182196
1558693321957 -204970
1558693323092 -187535
1558693327751 -210764
1558693328970 -193412
1558693332605 -215618
1558693333231 -193797
1558693333847 -198289
1558693333847 -198289
1558693334195 -194760
1558693336129 -196694
1558693341044 -201608
1558693342083 -225022
1558693344012 -226930
1558693349730 -209541
1558693350336 -213531
1558693353228 -216423
1558693353571 -213382
1558693354216 -217411
1558693359447 -219258
1558693362230 -245148
1558693362231 -245149
1558693365293 -225104
1558693378809 -238620
1558693384312 -247507
1558693386266 -249460
1558693386266 -249460
1558693386639 -246268
1558693391164 -253712
1558693392207 -275098
1558693396259 -255888
1558693399019 -281897
1558693401937 -284815
1558693402097 -261725
1558693412522 -275053
1558693413441 -296288
1558693414449 -276980
1558693418566 -278194
1558693424165 -306990
1558693424179 -307003
1558693427350 -286089
1558693436863 -290938
1558693438157 -296891
1558693440886 -299619
1558693443815 -302546
1558693444785 -303516
1558693444785 -303516
1558693452181 -321993
1558693455892 -325704
1558693456507 -303494
1558693457827 -327639
1558693462966 -295034
1558693464632 -334444
1558693467689 -299756
1558693469493 -339305
1558693475330 -345142
1558693477110 -346922
1558693481969 -351780
1558693484886 -336152
1558693497523 -348787
1558693505138 -356401
1558693507083 -358345
1558693509971 -88
1558693517785 -369046
1558693518281 -8398
1558693519727 -370988
1558693522567 -610
1558693523501 -1544
1558693525466 -3509
1558693526054 -339974
1558693526110 -16219
1558693531717 -21914
1558693531967 -22076
1558693532722 -22918
1558693533666 -23862
1558693533666 -23862
1558693534229 -12271
1558693536704 -26812
1558693537553 -27749
1558693540501 -30697
1558693543075 -21117
1558693543532 -33640
1558693546455 -36562
1558693547441 -36263
1558693548419 -37241
1558693548748 -26789
1558693549051 -39247
1558693551344 -40166
1558693553290 -42112
1558693557799 -47995
1558693558511 -36294
1558693559744 -49940
1558693559963 -48784
1558693559963 -48784
1558693560715 -50911
1558693566549 -56745
1558693566795 -55615
1558693568753 -57573
1558693569733 -58553
1558693571054 -48119
1558693573637 -62456
1558693574169 -64362
1558693574613 -63432
1558693575592 -64411
1558693576109 -66302
1558693576920 -53985
1558693579869 -56934
1558693579994 -70187
1558693580866 -57931
1558693580967 -71160
1558693581296 -70115
1558693584765 -61830
1558693584884 -75077
1558693585777 -62842
1558693585887 -76080
1558693589137 -74543
1558693592040 -77446
1558693592454 -69519
1558693593500 -83693
1558693595365 -72429
1558693597901 -83305
1558693600835 -86239
1558693603169 -91539
1558693612899 -101269
1558693613425 -98828
1558693614018 -84855
1558693618635 -89472
1558693619259 -104662
1558693620597 -91434
1558693621210 -104559
1558693624140 -107489
1558693624394 -112764
1558693627457 -98293
1558693628410 -99246
1558693633149 -121519
1558693634269 -105105
1558693636058 -124428
1558693638634 -121982
1558693642921 -113757
1558693644653 -133020
1558693644859 -115695
1558693647417 -130764
1558693653654 -124490
1558693657562 -128241
1558693660491 -131170
1558693662450 -133129
1558693665826 -149108
1558693666197 -136875
1558693669796 -156774
1558693674622 -157903
1558693675978 -146656
1558693675978 -146656
1558693678365 -161646
1558693683379 -170356
1558693686760 -157437
1558693687167 -162427
1558693698881 -174140
1558693702628 -177887
1558693707525 -194500
1558693709309 -196284
1558693714770 -183339
1558693716104 -202945
1558693720596 -189165
1558693722969 -198226
1558693724941 -200198
1558693727862 -203119
1558693734403 -218940
1558693735690 -209544
1558693736343 -220880
1558693737135 -205702
1558693738624 -212478
1558693743153 -227689
1558693745907 -214474
1558693746425 -220279
1558693748007 -232543
1558693748007 -232543
1558693754651 -223217
1558693755783 -236953
1558693756607 -225173
1558693759385 -227951
1558693760483 -241653
1558693768178 -236743
1558693773095 -241259
1558693776009 -244173
1558693779317 -253170
1558693780294 -254147
1558693783247 -254450
1558693785195 -256398
1558693787547 -268717
1558693788558 -256721
1558693790497 -258660
1558693791442 -272612
1558693792027 -263230
1558693792451 -273621
1558693793982 -265185
1558693797317 -278486
1558693800361 -281530
1558693801269 -282438
1558693802270 -283439
1558693804287 -272450
1558693805184 -273347
1558693805529 -276732
1558693807897 -285510
1558693807941 -285554
1558693810945 -279108
1558693812733 -290346
1558693813375 -284578
1558693824367 -301979
1558693825372 -302984
1558693828459 -296621
1558693830003 -307615
1558693830779 -296989
1558693830984 -308596
1558693832390 -300552
1558693833786 -299995
1558693834909 -309284
1558693838786 -313160
1558693840723 -315096
1558693842633 -317006
1558693845948 -300454
1558693846247 -297827
1558693848208 -299788
1558693849800 -292131
1558693853174 -327546
1558693857462 -299792
1558693859970 -334340
1558693859970 -334340
1558693862404 -304733
1558693865292 -307621
1558693867792 -342161
1558693877299 -333048
1558693880225 -335973
1558693883132 -338880
1558693884106 -339854
1558693884201 -293138
1558693884203 -293140
1558693892859 -348606
1558693893473 -291295
1558693893836 -349582
1558693894795 -303731
1558693895775 -304710
1558693900693 -309627
1558693901555 -357300
1558693903337 -301158
1558693904686 -360431
1558693904686 -360431
1558693904773 -284549
1558693905593 -361338
1558693906668 -304488
1558693908830 -364574
1558693909758 -365502
1558693912523 -292298
1558693913242 -368985
1558693913289 -369032
1558693919042 -298816
1558693919042 -298816
1558693924908 -304681
1558693926862 -306635
1558693926862 -306635
1558693928820 -308593
1558693930449 -334814
1558693932249 -291308
1558693938225 -342589
1558693939086 -298145
1558693942014 -301072
1558693942014 -301072
1558693944067 -348431
1558693945270 -314402
1558693946811 -351174
1558693948202 -269848
1558693948766 -353129
1558693949176 -270822
1558693952111 -273756
1558693953094 -274739
1558693955043 -276688
1558693955584 -314640
1558693956537 -360898
1558693956994 -278639
1558693958950 -280595
1558693961716 -283360
1558693967260 -301068
1558693968210 -343693
1558693970953 -346435
1558693971922 -347404
1558693973440 -295083
1558693973871 -349353
1558693976783 -352264
1558693978337 -299979
1558693978337 -299979
1558693979831 -313637
1558693983229 -304871
1558693984697 -318408
1558693985682 -319392
1558693987489 -362969
1558693991854 -296849
1558693993150 -368629
1558693997712 -302706
1558693998687 -303681
1558694002597 -307591
1558694003847 -379324
1558694004821 -331097
1558694006764 -333040
1558694009684 -335959
1558694010950 -318489
1558694017091 -299821
1558694021195 -347469
1558694023162 -349435
1558694024483 -301932
1558694029323 -306771
1558694030800 -313528
1558694031308 -308756
1558694033883 -360155
1558694035201 -312648
1558694035760 -362032
1558694036471 -292982
1558694038123 -315569
1558694040090 -317536
1558694042434 -368705
1558694043387 -369658
1558694045277 -301786
1558694045277 -301786
1558694045776 -293082
1558694047221 -303730
1558694048198 -304707
1558694049174 -305683
1558694049207 -345441
1558694050674 -297978
1558694051150 -347383
1558694053095 -349328
1558694055055 -351288
1558694056031 -352264
1558694056038 -352271
1558694056828 -313336
1558694057806 -314314
1558694057975 -354208
1558694058937 -355169
1558694062414 -309714
1558694062693 -286309
1558694064368 -311667
1558694066321 -313619
1558694066330 -313628
1558694068560 -292175
1558694073472 -297087
1558694078206 -374436
1558694078852 -299874
1558694078855 -299877
1558694082105 -378335
1558694082109 -378339
1558694084999 -308612
1558694085983 -382212
1558694092631 -341656
1558694092816 -292138
1558694093601 -342626
1558694094771 -294092
1558694095746 -295067
1558694102152 -323171
1558694103127 -324146
1558694105134 -326152
1558694107080 -308687
1558694109481 -358504
1558694111534 -310853
1558694112471 -311790
1558694114288 -313607
1558694115725 -317331
1558694120019 -301917
1558694120556 -295946
1558694125515 -374536
1558694126489 -375510
1558694128438 -377458
1558694129369 -304759
1558694135068 -354151
1558694138961 -358044
1558694139952 -315297
1558694143866 -319209
1558694151718 -300896
1558694157920 -314602
1558694159250 -378330
1558694161167 -380246
1558694162134 -381213
1558694162436 -311612
1558694167160 -316336
1558694169909 -388987
1558694170114 -290336
1558694174992 -295213
1558694176716 -350334
1558694177914 -298135
1558694178149 -305668
1558694184329 -357946
1558694186712 -306932
1558694187248 -360865
1558694187925 -315439
1558694188220 -361837
1558694190539 -310758
1558694192829 -295060
1558694193089 -366705
1558694193394 -313613
1558694195041 -368656
1558694196083 -369698
1558694196805 -299036
1558694197074 -370689
1558694200528 -302759
1558694202273 -322460
1558694202273 -322460
1558694202908 -376522
1558694203490 -305721
1558694207643 -381256
1558694211219 -287285
1558694211822 -309576
1558694215841 -313595
1558694216945 -314699
1558694217427 -391037
1558694218492 -343585
1558694221437 -346529
1558694223496 -348588
1558694224399 -349491
1558694224817 -300881
1558694225157 -350249
1558694233515 -309577
1558694241037 -298983
1558694241550 -366640
1558694243988 -301934
1558694243988 -301934
1558694245970 -303916
1558694245970 -303916
1558694246459 -371548
1558694246979 -304925
1558694250444 -375533
1558694250630 -375719
1558694251389 -376477
1558694252338 -377426
1558694252754 -310699
1558694254949 -300876
1558694276388 -289422
1558694277366 -290400
1558694281300 -294334
1558694281985 -315589
1558694288712 -322315
1558694289050 -371494
1558694290027 -372471
1558694291007 -373451
1558694291126 -304158
1558694291657 -325260
1558694291657 -325259
1558694293901 -306933
1558694294886 -307918
1558694295869 -308901
1558694295906 -378349
1558694298536 -306012
1558694298853 -381296
1558694301766 -291513
1558694305519 -336107
1558694309465 -340053
1558694310183 -317657
1558694313370 -343957
1558694318242 -348829
1558694327174 -291679
1558694328156 -292661
1558694329855 -360440
1558694330721 -311966
1558694332739 -363324
1558694334057 -298561
1558694336026 -300530
1558694337547 -318792
1558694339598 -370182
1558694339598 -370182
1558694344706 -309209
1558694345480 -376063
1558694346399 -301545
1558694351321 -306466
1558694355527 -293812
1558694356051 -360494
1558694357035 -361478
1558694358030 -313174
1558694359020 -314164
1558694363937 -319080
1558694367868 -323011
1558694369754 -374195
1558694373779 -328921
1558694376426 -380866
1558694377973 -299593
1558694378524 -308193
1558694378524 -308193
1558694380507 -310176
1558694383273 -387712
1558694386207 -390646
1558694390135 -394573
1558694390590 -312208
1558694391304 -320971
1558694392289 -321956
1558694394042 -350546
1558694395236 -324903
1558694397472 -294876
1558694398765 -355268
1558694400440 -297844
1558694401705 -358207
1558694402387 -299791
1558694404382 -301785
1558694410506 -367007
1558694410509 -367010
1558694414534 -371035
1558694415137 -312539
1558694415933 -321561
1558694419985 -317386
1558694424033 -380532
1558694424039 -380538
1558694426824 -295238
1558694426987 -383486
1558694432696 -301109
1558694434792 -337223
1558694435250 -311753
1558694437206 -313708
1558694438463 -306875
1558694442367 -310778
1558694443118 -319559
1558694443347 -311758
1558694445083 -321524
1558694445083 -321524
1558694445314 -313725
1558694445396 -347825
1558694448263 -316673
1558694452197 -290494
1558694454764 -304993
1558694455144 -293441
1558694458103 -360531
1558694460053 -298349
1558694463848 -302144
1558694465579 -315807
1558694465929 -368356
1558694470499 -320726
1558694471635 -374061
1558694474574 -376999
1558694477587 -315881
1558694480440 -332612
1558694481140 -311991
1558694484466 -292620
1558694491965 -298531
1558694494908 -301473
1558694498062 -306214
1558694503594 -310158
1558694504586 -311150
1558694504948 -313099
1558694513442 -320005
1558694514416 -320978
1558694514508 -366674
1558694515334 -367500
1558694515334 -367500
1558694516305 -368471
1558694523156 -348888
1558694523467 -310307
1558694528208 -353939
1558694529205 -354936
1558694534033 -321238
1558694534033 -359763
1558694535896 -323101
1558694537058 -294726
1558694538044 -295712
1558694538842 -326046
1558694541577 -367306
1558694541577 -367306
1558694541783 -306571
1558694541978 -299646
1558694543946 -301613
1558694544733 -309521
1558694545492 -371221
1558694546891 -304558
1558694550487 -315274
1558694550824 -308490
1558694555288 -381015
1558694558214 -383941
1558694558346 -323132
1558694558346 -323132
1558694564432 -291949
1558694568829 -357409
1558694571734 -360313
1558694573708 -362287
1558694576859 -317095
1558694581520 -370098
1558694588670 -311520
1558694590166 -378743
1558694590633 -313482
1558694590791 -290988
1558694591619 -314468
1558694595055 -383631
1558694598338 -321187
1558694599674 -299870
1558694601895 -390471
1558694604238 -303692
1558694608318 -308513
1558694608318 -308513
1558694609300 -309494
1558694618160 -287045
1558694623770 -323222
1558694628822 -297706
1558694629650 -308616
1558694630088 -364324
1558694630780 -299664
1558694635807 -370042
1558694636804 -371039
1558694639480 -318444
1558694642653 -376887
1558694645523 -314405
1558694645523 -314405
1558694653085 -311424
1558694658142 -305569
1558694658989 -317327
1558694660107 -307534
1558694661064 -365070
1558694661934 -320272
1558694664062 -311489
1558694665711 -300792
1558694666699 -301780
1558694668656 -303737
1558694672593 -307673
1558694675837 -296880
1558694679486 -314565
1558694679650 -383653
1558694681604 -385607
1558694682519 -317598
1558694683402 -387405
1558694683402 -387405
1558694686349 -321380
1558694689133 -324164
1558694689430 -310467
1558694691099 -326130
1558694694218 -334911
1558694697983 -307175
1558694698085 -338778
1558694704005 -301617
1558694705744 -346436
1558694706717 -347408
1558694706956 -304568
1558694707815 -317006
1558694708675 -349366
1558694713568 -322758
1558694719455 -309485
1558694724801 -299964
1558694727486 -368174
1558694728591 -303753
1558694729580 -304742
1558694730509 -320537
1558694731132 -371819
1558694733254 -323282
1558694736182 -326209
1558694737269 -312431
1558694746110 -298833
1558694746110 -298833
1558694756669 -318454
1558694757743 -310464
1558694762658 -315379
1558694764622 -317342
1558694766589 -289002
1558694769539 -291952
1558694771254 -305566
1558694771504 -293916
1558694777159 -311471
1558694780109 -314420
1558694784863 -319174
1558694787814 -322124
1558694788798 -323108
1558694789038 -311448
1558694791750 -304668
1558694798636 -311553
1558694799619 -312536
1558694800604 -313521
1558694802571 -315488
1558694816175 -310599
