1558693131345 -8805
1558693131863 -7065
1558693133010 -10470
1558693135813 -11015
1558693136094 -13554
1558693136094 -6801
1558693140893 -18353
1558693148544 -19250
1558693150245 -25446
1558693151379 -22085
1558693152233 -27434
1558693154302 -25008
1558693161719 -36920
1558693162105 -32811
1558693165846 -43303
1558693166804 -44261
1558693167822 -38525
1558693169475 -44675
1558693172637 -50094
1558693174543 -52000
1558693176388 -53845
1558693181301 -52001
1558693182233 -59689
1558693182256 -59712
1558693183834 -53093
1558693185183 -55883
1558693185898 -55157
1558693186997 -56256
1558693187296 -57995
1558693187296 -64752
1558693188378 -65834
1558693189436 -60118
1558693190354 -67810
1558693194046 -64623
1558693194088 -64665
1558693194088 -64665
1558693201474 -78918
1558693202114 -71372
1558693204445 -75022
1558693206074 -75332
1558693206986 -76244
1558693209247 -86690
1558693209874 -79132
1558693210875 -80133
1558693213775 -83033
1558693216847 -94290
1558693222697 -100140
1558693226589 -104031
1558693227553 -104995
1558693228581 -99157
1558693233425 -104001
1558693233425 -104001
1558693236284 -113714
1558693236920 -105834
1558693237260 -114689
1558693237898 -106812
1558693239279 -109798
1558693241966 -119393
1558693245893 -116255
1558693247618 -116531
1558693249383 -118296
1558693249729 -127147
1558693263997 -127649
1558693266931 -130583
1558693268047 -145444
1558693269862 -133514
1558693271920 -149317
1558693272903 -150300
1558693274837 -152233
1558693278482 -142134
1558693279819 -150180
1558693281776 -152137
1558693288260 -151911
1558693298000 -175109
1558693298965 -176074
1558693301989 -172265
1558693306664 -170280
1558693307720 -184829
1558693309737 -180013
1558693316376 -186652
1558693317422 -181037
1558693320336 -183951
1558693322224 -192500
1558693323166 -193442
1558693325062 -188677
1558693327014 -190629
1558693331929 -202205
1558693339448 -216550
1558693340455 -217557
1558693340781 -204396
1558693341545 -211820
1558693342527 -212802
1558693346260 -223094
1558693355255 -224190
1558693355965 -232797
1558693355965 -232797
1558693356169 -218350
1558693356211 -225146
1558693359114 -221295
1558693366528 -243359
1558693370418 -247248
1558693375295 -252124
1558693377515 -239694
1558693378539 -247474
1558693379231 -256059
1558693380490 -249425
1558693381504 -250438
1558693384393 -253327
1558693386349 -255283
1558693392055 -260989
1558693393961 -256133
1558693394951 -257123
1558693397626 -274330
1558693400802 -262974
1558693403739 -265911
1558693404739 -266911
1558693404739 -266911
1558693405502 -282206
1558693406311 -283015
1558693406767 -273373
1558693410592 -272763
1558693413511 -275682
1558693418028 -294731
1558693418233 -280200
1558693421903 -298606
1558693422939 -299642
1558693425073 -287040
1558693427032 -288999
1558693430028 -279313
1558693430529 -307232
1558693430529 -307232
1558693433204 -282488
1558693435026 -296993
1558693435026 -284310
1558693436808 -273665
1558693445215 -321918
1558693445435 -307401
1558693445518 -282373
1558693446195 -322898
1558693447484 -284339
1558693455210 -296368
1558693456791 -301493
1558693464797 -305954
1558693474573 -315729
1558693476323 -321022
1558693479453 -320608
1558693481048 -325747
1558693481048 -325747
1558693483006 -327704
1558693484338 -325491
1558693489060 -330212
1558693491989 -333140
1558693492783 -337479
1558693494740 -339435
1558693495718 -340413
1558693512829 -668
1558693516730 -4569
1558693520002 -10255
1558693520255 -10343
1558693521625 -9464
1558693524891 -15144
1558693526140 -16228
1558693530764 -21017
1558693533531 -23784
1558693534783 -24870
1558693537732 -27819
1558693540410 -30662
1558693541654 -31740
1558693542372 -32624
1558693542650 -32736
1558693543312 -33564
1558693543597 -33683
1558693544289 -34541
1558693546243 -36495
1558693548204 -38456
1558693556627 -44464
1558693557816 -46090
1558693559771 -48045
1558693571124 -58960
1558693572483 -60756
1558693573713 -63276
1558693574059 -61895
1558693575415 -63688
1558693576009 -63845
1558693579921 -67757
1558693580320 -68592
1558693582101 -70373
1558693582334 -71897
1558693583320 -72883
1558693585031 -73303
1558693585302 -70345
1558693588584 -76420
1558693590909 -79180
1558693592859 -79850
1558693593827 -80818
1558693594109 -79152
1558693602898 -87940
1558693603611 -90601
1558693614218 -101207
1558693616154 -103143
1558693616429 -101469
1558693616429 -101469
1558693618116 -105104
1558693622024 -109012
1558693634140 -121913
1558693635799 -120836
1558693639714 -123148
1558693639996 -127769
1558693641420 -125947
1558693646309 -130834
1558693650753 -138525
1558693651450 -134813
1558693652186 -136711
1558693653225 -136588
1558693655189 -138552
1558693656469 -144241
1558693657162 -140525
1558693657442 -145214
1558693663745 -148269
1558693665256 -144732
1558693669199 -148674
1558693670835 -154196
1558693672562 -157085
1558693674078 -153553
1558693674510 -155735
1558693677811 -157286
1558693679562 -154794
1558693679876 -159322
1558693685624 -165070
1558693686628 -166074
1558693689273 -164504
1558693690257 -165488
1558693697325 -176770
1558693698099 -173330
1558693698336 -177781
1558693699292 -178737
1558693704747 -179977
1558693707426 -188650
1558693707427 -188651
1558693707672 -182902
1558693708688 -183918
1558693708927 -188371
1558693712788 -192232
1558693717450 -192679
1558693718188 -199412
1558693718430 -193659
1558693718435 -193664
1558693720143 -201365
1558693720382 -195611
1558693725843 -207065
1558693725843 -207065
1558693728780 -210002
1558693734649 -215870
1558693736609 -214182
1558693737875 -211736
1558693740519 -218092
1558693741740 -215601
1558693747812 -225895
1558693749148 -226721
1558693751104 -228677
1558693751598 -229681
1558693752083 -229656
1558693753506 -231588
1558693758393 -236475
1558693758928 -236501
1558693767735 -245307
1558693768158 -246240
1558693772912 -250994
1558693774879 -252960
1558693775847 -253928
1558693776364 -253936
1558693776364 -253936
1558693776639 -250498
1558693777586 -248788
1558693780551 -251753
1558693781681 -252062
1558693784610 -254991
1558693784610 -254991
1558693786566 -256947
1558693787542 -257923
1558693788531 -258912
1558693795070 -266272
1558693795805 -272514
1558693797192 -267573
1558693800958 -272160
1558693801930 -273132
1558693819071 -295779
1558693824439 -294819
1558693825387 -295767
1558693829079 -279619
1558693831053 -281593
1558693831215 -301595
1558693833820 -284937
1558693834214 -304594
1558693834970 -285507
1558693834992 -285529
1558693837076 -307456
1558693838875 -289411
1558693840871 -291407
1558693840982 -311362
1558693848250 -299365
1558693849608 -311396
1558693850444 -291367
1558693852422 -293344
1558693854387 -295309
1558693856307 -297229
1558693856438 -318225
1558693856438 -318225
1558693864113 -286460
1558693864256 -326042
1558693865234 -327020
1558693865872 -316982
1558693867655 -318764
1558693868712 -319821
1558693869156 -330942
1558693872516 -288462
1558693874859 -336644
1558693875837 -337622
1558693875845 -337630
1558693878664 -301009
1558693879610 -301955
1558693881713 -343497
1558693885233 -301178
1558693888525 -288250
1558693889368 -296219
1558693890180 -297031
1558693892278 -292003
1558693897771 -313377
1558693898009 -304859
1558693898009 -304859
1558693898134 -297858
1558693903859 -319464
1558693909270 -308993
1558693909829 -325433
1558693910999 -283839
1558693911209 -310932
1558693912841 -285681
1558693912944 -312667
1558693914472 -330075
1558693925336 -325057
1558693926941 -342540
1558693926941 -342540
1558693928895 -344493
1558693931250 -330969
1558693933783 -299174
1558693936081 -335799
1558693939027 -338744
1558693940489 -305879
1558693943646 -294165
1558693947552 -298071
1558693948529 -299048
1558693950241 -315630
1558693950503 -301021
1558693953428 -303946
1558693955134 -320522
1558693957333 -307851
1558693960030 -325417
1558693963053 -313570
1558693965736 -331122
1558693967035 -320880
1558693968990 -322835
1558693978690 -311734
1558693984294 -349674
1558693984294 -349673
1558693990258 -307793
1558693992209 -309744
1558693996116 -313650
1558693996194 -350035
1558693997834 -307616
1558693998145 -351986
1558694005951 -304720
1558694012339 -322119
1558694012676 -311444
1558694014596 -313364
1558694017511 -316279
1558694021139 -330918
1558694021386 -314651
1558694031178 -300210
1558694032880 -342657
1558694032886 -342663
1558694033155 -331921
1558694037844 -306875
1558694039818 -308849
1558694039829 -308860
1558694043487 -353260
1558694045666 -314696
1558694045690 -344453
1558694046685 -345448
1558694048594 -317624
1558694049356 -310761
1558694050336 -311741
1558694056251 -295129
1558694058205 -297083
1558694060174 -358932
1558694065057 -303934
1558694069712 -331114
1558694069968 -308844
1558694071714 -333115
1558694073860 -316401
1558694078754 -317629
1558694078759 -317634
1558694079488 -340887
1558694086188 -347584
1558694087400 -292369
1558694092042 -353435
1558694093240 -335778
1558694093240 -335778
1558694094232 -299200
1558694095206 -300174
1558694097163 -302130
1558694098125 -340663
1558694100846 -303092
1558694103907 -308873
1558694105606 -307851
1558694106797 -349332
1558694107871 -350406
1558694112667 -314911
1558694112982 -291705
1558694113949 -292672
1558694115413 -317657
1558694115667 -294389
1558694117498 -300774
1558694120231 -322474
1558694120438 -303713
1558694122432 -301153
1558694123167 -325410
1558694124135 -326378
1558694124135 -326378
1558694128130 -306850
1558694129839 -332081
1558694131027 -314301
1558694137858 -321131
1558694141612 -343852
1558694142745 -326017
1558694144515 -346754
1558694144749 -291382
1558694153401 -300033
1558694154915 -301547
1558694155306 -357502
1558694160184 -343453
1558694160189 -343458
1558694162192 -308823
1558694164867 -317325
1558694165127 -311758
1558694165852 -318310
1558694166103 -312733
1558694171990 -284573
1558694172919 -356184
1558694173691 -326148
1558694173941 -286524
1558694174922 -287504
1558694175627 -328083
1558694179546 -307588
1558694187205 -339660
1558694188376 -316417
1558694189378 -317419
1558694192416 -304992
1558694193260 -321300
1558694195054 -347508
1558694196265 -324305
1558694196296 -324336
1558694197093 -349546
1558694200981 -329021
1558694204990 -317561
1558694205950 -333989
1558694208621 -301907
1558694212471 -305757
1558694212708 -296277
1558694218853 -302421
1558694218853 -302421
1558694220013 -303581
1558694221606 -314890
1558694223526 -316810
1558694223628 -351664
1558694225250 -353285
1558694230884 -324167
1558694232096 -289432
1558694233807 -327090
1558694235859 -329141
1558694237086 -294422
1558694237954 -318415
1558694240785 -334067
1558694242059 -299394
1558694242997 -300332
1558694243755 -337036
1558694246046 -303381
1558694248930 -306264
1558694249616 -330076
1558694251540 -344819
1558694255334 -335793
1558694255348 -335807
1558694256284 -336743
1558694267165 -347622
1558694278733 -321268
1558694284636 -327170
1558694285613 -309743
1558694285620 -328154
1558694285620 -328154
1558694286759 -310889
1558694292499 -316628
1558694293479 -317608
1558694295451 -319580
1558694297259 -339791
1558694297259 -339791
1558694298241 -340773
1558694298503 -303362
1558694299485 -304344
1558694306133 -348664
1558694306403 -311261
1558694310333 -315190
1558694317203 -295823
1558694319986 -298605
1558694322644 -346768
1558694322681 -308330
1558694322934 -301553
1558694327601 -313248
1558694328836 -307454
1558694331512 -355633
1558694331547 -317193
1558694339364 -310082
1558694342316 -313034
1558694343295 -314013
1558694346088 -316806
1558694347070 -317787
1558694350013 -320730
1558694351047 -336685
1558694354251 -307557
1558694355236 -308542
1558694358914 -344549
1558694360152 -313458
1558694364822 -350455
1558694366786 -352418
1558694368546 -339260
1558694368586 -354217
1558694377384 -348097
1558694377699 -300898
1558694380656 -303854
1558694383602 -306800
1558694384587 -307785
1558694388263 -327176
1558694389244 -328157
1558694391048 -329961
1558694391310 -314507
1558694398917 -337829
1558694399906 -338818
1558694407055 -300256
1558694410727 -349637
1558694414733 -353643
1558694414885 -308085
1558694421398 -360306
1558694422303 -336830
1558694422373 -297261
1558694423352 -298240
1558694423616 -291574
1558694429531 -297488
1558694433453 -301409
1558694434444 -302400
1558694436146 -311032
1558694442155 -310110
1558694443768 -358289
1558694444831 -319453
1558694445816 -320438
1558694448055 -316007
1558694448675 -363195
1558694450019 -291714
1558694450642 -304965
1558694451623 -305946
1558694451982 -293677
1558694456640 -331260
1558694459496 -313817
1558694460836 -302530
1558694461562 -336182
1558694462550 -337169
1558694464656 -306349
1558694468542 -310235
1558694473203 -347818
1558694474446 -286016
1558694474448 -286018
1558694475061 -329381
1558694476154 -350768
1558694478992 -333311
1558694479979 -334298
1558694481956 -336275
1558694482063 -356675
1558694483045 -357657
1558694485016 -359627
1558694485262 -296831
1558694486827 -305446
1558694487802 -306421
1558694492598 -346915
1558694492599 -346915
1558694492964 -304532
1558694495543 -349858
1558694495919 -307486
1558694497906 -309473
1558694501840 -313406
1558694503415 -357728
1558694503549 -322165
1558694506370 -360681
1558694507370 -361681
1558694508466 -327082
1558694508714 -290046
1558694511318 -329933
1558694513482 -294813
1558694514460 -295791
1558694515074 -310207
1558694517403 -298734
1558694519369 -300700
1558694521355 -302686
1558694523307 -304637
1558694525283 -306613
1558694527988 -323120
1558694528236 -346848
1558694528512 -309842
1558694531340 -349951
1558694532355 -313684
1558694533989 -352599
1558694534858 -353468
1558694538483 -333613
1558694538630 -307364
1558694539861 -298878
1558694544531 -313264
1558694544532 -313265
1558694546745 -305762
1558694548315 -343444
1558694549467 -318199
1558694549717 -308733
1558694553229 -348356
1558694555603 -314618
1558694559138 -354263
1558694562151 -330882
1558694566017 -334747
1558694567047 -335777
1558694568006 -336736
1558694570948 -339678
1558694571742 -307595
1558694573155 -301998
1558694581747 -350474
1558694582848 -311690
1558694582848 -311690
1558694584790 -313631
1558694588287 -324138
1558694591233 -327083
1558694598307 -312665
1558694599620 -300130
1558694600098 -335947
1558694601068 -336917
1558694602244 -316601
1558694604020 -339868
1558694604209 -318566
1558694605001 -340849
1558694609763 -345609
1558694612706 -348551
1558694615664 -351508
1558694616637 -352481
1558694618079 -291205
1558694619582 -355425
1558694619790 -334144
1558694620039 -293165
1558694620772 -335126
1558694622991 -296117
1558694624718 -339070
1558694627910 -301035
1558694629712 -302837
1558694632413 -346763
1558694633190 -313288
1558694636142 -316239
1558694637125 -317222
1558694638574 -311698
1558694641539 -314662
1558694642048 -322145
1558694644006 -324102
1558694644222 -312138
1558694644992 -325088
1558694646188 -314104
1558694647170 -315086
1558694649391 -301041
1558694653077 -320992
1558694658595 -338689
1558694663518 -343611
1558694664734 -332648
1558694664734 -332648
1558694666950 -318598
1558694667693 -335606
1558694669893 -291209
1558694670874 -292190
1558694672838 -294154
1558694674565 -342477
1558694679340 -347251
1558694679352 -347263
1558694681283 -349193
1558694686952 -318071
1558694686962 -318081
1558694688910 -320029
1558694690877 -321996
1558694691127 -359033
1558694691869 -322988
1558694693394 -314707
1558694697029 -320069
1558694699235 -291199
1558694700963 -324003
1558694702018 -293982
1558694705722 -328761
1558694708910 -300873
1558694711614 -334652
1558694712600 -335638
1558694715293 -346409
1558694717765 -309727
1558694718499 -341537
1558694719486 -342524
1558694729552 -292160
1558694734086 -357121
1558694734086 -357121
1558694736762 -311464
1558694737028 -360062
1558694740226 -302832
1558694740966 -309625
1558694740966 -309625
1558694743916 -312574
1558694745884 -314541
1558694746129 -308735
1558694750640 -319296
1558694752843 -315448
1558694756256 -330955
1558694757763 -320367
1558694759207 -333906
1558694762152 -336850
1558694765101 -339799
1558694765101 -339799
1558694765633 -302006
1558694773334 -309705
1558694779238 -315608
1558694784156 -291189
1558694788090 -295122
1558694789072 -296104
1558694793991 -301022
1558694804646 -311676
1558694814482 -291177
