1558693126059 -2201
1558693126059 -2201
1558693131229 -150
1558693132219 -8361
1558693134179 -3100
1558693134179 -3100
1558693134179 -3100
1558693136224 -5145
1558693137110 -6031
1558693137135 -13277
1558693141971 -10891
1558693144823 -20960
1558693148459 -24596
1558693152641 -21561
1558693162090 -38227
1558693162960 -39097
1558693165064 -33984
1558693167011 -35931
1558693169922 -38841
1558693173593 -48812
1558693177691 -46520
1558693178288 -53507
1558693182135 -57354
1558693187123 -62341
1558693188147 -63365
1558693199355 -74573
1558693203610 -72239
1558693204168 -79386
1558693206545 -75174
1558693209944 -85144
1558693212350 -80979
1558693215262 -83891
1558693223399 -97235
1558693224017 -92646
1558693227732 -96361
1558693237481 -106109
1558693238954 -112787
1558693239425 -108053
1558693239928 -113761
1558693244597 -118430
1558693246536 -120369
1558693246536 -120369
1558693248999 -111223
1558693253342 -127175
1558693253898 -116122
1558693254324 -128157
1558693256257 -130090
1558693257239 -131072
1558693257832 -120056
1558693265000 -138832
1558693268520 -130743
1558693268717 -141602
1558693269685 -142570
1558693273580 -146465
1558693275521 -148406
1558693277463 -150348
1558693278436 -151320
1558693278437 -151321
1558693283084 -145285
1558693288164 -161048
1558693289865 -152066
1558693290872 -153073
1558693300455 -162656
1558693304371 -166572
1558693305344 -167545
1558693310337 -183218
1558693310337 -183218
1558693311309 -184190
1558693313183 -175384
1558693313183 -175384
1558693317071 -179272
1558693321844 -194102
1558693324732 -186933
1558693326708 -198966
1558693330625 -192678
1558693332533 -204791
1558693332540 -204798
1558693338418 -200471
1558693339389 -201442
1558693340385 -202438
1558693344995 -217253
1558693344998 -217256
1558693345105 -207158
1558693349026 -211079
1558693351960 -214013
1558693353736 -225994
1558693360729 -222781
1558693367178 -238211
1558693372303 -234353
1558693375236 -237286
1558693376211 -238261
1558693380129 -240866
1558693380798 -251831
1558693384519 -255552
1558693384523 -255556
1558693385004 -245740
1558693385491 -256524
1558693388941 -249677
1558693390350 -261382
1558693395209 -266241
1558693406439 -267156
1558693410282 -270999
1558693412581 -273500
1558693415464 -276382
1558693417400 -268874
1558693417950 -278667
1558693422287 -273760
1558693424766 -285483
1558693427101 -278573
1558693428686 -289403
1558693433005 -277551
1558693433906 -278452
1558693436604 -297321
1558693438665 -283210
1558693439607 -284152
1558693440252 -300969
1558693450015 -310731
1558693451242 -286117
1558693452963 -313679
1558693457830 -318546
1558693467447 -328163
1558693471357 -332072
1558693478196 -337874
1558693478196 -337874
1558693517945 -346735
1558693536385 -26613
1558693544843 -30440
1558693545133 -35357
1558693549726 -35323
1558693554609 -40206
1558693560326 -45923
1558693562459 -51184
1558693563248 -48845
1558693567317 -56042
1558693568133 -53730
1558693568287 -57012
1558693574127 -62851
1558693574977 -60572
1558693578982 -67706
1558693581755 -70479
1558693587639 -73234
1558693588544 -74139
1558693590540 -79263
1558693591511 -80234
1558693593427 -82150
1558693594399 -83122
1558693611813 -97407
1558693613717 -101334
1558693615585 -103202
1558693616582 -104199
1558693619630 -105224
1558693621579 -107084
1558693623377 -110994
1558693624328 -111945
1558693624511 -110016
1558693625487 -110992
1558693626325 -113941
1558693626502 -112007
1558693628283 -113788
1558693630253 -115758
1558693634865 -122480
1558693636797 -124412
1558693642942 -128447
1558693648466 -136080
1558693650405 -138019
1558693652568 -138072
1558693658015 -144110
1558693658988 -145083
1558693659958 -146053
1558693661345 -146849
1558693663830 -149924
1558693664267 -149771
1558693671600 -157693
1558693674872 -160376
1558693684069 -170161
1558693689536 -175039
1558693700110 -172465
1558693703336 -187879
1558693705277 -189820
1558693706250 -190793
1558693712079 -196622
1558693714022 -198564
1558693716002 -200544
1558693719658 -192013
1558693724557 -209099
1558693727324 -199679
1558693731353 -215895
1558693733175 -205530
1558693733298 -217840
1558693733299 -217841
1558693736222 -220764
1558693738221 -222763
1558693738221 -222763
1558693738221 -222763
1558693742945 -215297
1558693743977 -225313
1558693750633 -231969
1558693751632 -232968
1558693754510 -235824
1558693755555 -236869
1558693757430 -238744
1558693766217 -247530
1558693768111 -249424
1558693768194 -240546
1558693771865 -253178
1558693772965 -245317
1558693779782 -252134
1558693783685 -253299
1558693790303 -271616
1558693791273 -270908
1558693793077 -272712
1558693794313 -263927
1558693795340 -264954
1558693799003 -276809
1558693803825 -281630
1558693809986 -279600
1558693812566 -278938
1558693824994 -291361
1558693824994 -291361
1558693826371 -295984
1558693836131 -305744
1558693843246 -287304
1558693847159 -291216
1558693848692 -311477
1558693850049 -294106
1558693853941 -297997
1558693856853 -300909
1558693857829 -290105
1558693858802 -291078
1558693860738 -293014
1558693862694 -294970
1558693866417 -298692
1558693869412 -301687
1558693871032 -333813
1558693875157 -292415
1558693876126 -293383
1558693884669 -347447
1558693890563 -307818
1558693892329 -326764
1558693903442 -294659
1558693907358 -341791
1558693911017 -302232
1558693914854 -306068
1558693923515 -357944
1558693925385 -302975
1558693925415 -359844
1558693928284 -305874
1558693929257 -306847
1558693932164 -309753
1558693933133 -310722
1558693934201 -281654
1558693935180 -282633
1558693942705 -284695
1558693949495 -291484
1558693951447 -293436
1558693954559 -302009
1558693957500 -304949
1558693960016 -302004
1558693960287 -307736
1558693961235 -308684
1558693974622 -285694
1558693978490 -289515
1558693978495 -289520
1558693979461 -290486
1558693981392 -292416
1558693986491 -333934
1558693989981 -301002
1558693996284 -343723
1558694001635 -312650
1558694003105 -350542
1558694006043 -353478
1558694011760 -311651
1558694015659 -315550
1558694017987 -299104
1558694024507 -324396
1558694028358 -328247
1558694029330 -329219
1558694032395 -313509
1558694037251 -288568
1558694039207 -290523
1558694044855 -344742
1558694045801 -345688
1558694048714 -348600
1558694050682 -350568
1558694051826 -303141
1558694056376 -356260
1558694060405 -311719
1558694065204 -334888
1558694066158 -335842
1558694073077 -290540
1558694075933 -345616
1558694080668 -350350
1558694085506 -302967
1558694085506 -302967
1558694091328 -308788
1558694093360 -363040
1558694094339 -364019
1558694101863 -290330
1558694105972 -311654
1558694110049 -315731
1558694113106 -318787
1558694113731 -302151
1558694114793 -320474
1558694119341 -307761
1558694130179 -335858
1558694133111 -338790
1558694138634 -297328
1558694138978 -344656
1558694140564 -299257
1558694148170 -306863
1558694148174 -306867
1558694149170 -307862
1558694156153 -314844
1558694163304 -322253
1558694164687 -293407
1558694165214 -324163
1558694171331 -300050
1558694175214 -303933
1558694178120 -306838
1558694180067 -308785
1558694181045 -309763
1558694183943 -312660
1558694183943 -312660
1558694184916 -313633
1558694185577 -344521
1558694186554 -345498
1558694191787 -290531
1558694194377 -353319
1558694194478 -293222
1558694195354 -354295
1558694195354 -354295
1558694195354 -354295
1558694197459 -296202
1558694198458 -297201
1558694205086 -334074
1558694214788 -343774
1558694219917 -284995
1558694225438 -354423
1558694241154 -306229
1558694243006 -323451
1558694248872 -283993
1558694252663 -333107
1558694254597 -289717
1558694255511 -335955
1558694257545 -292665
1558694258496 -293616
1558694273035 -353476
1558694274028 -309145
1558694275848 -356289
1558694278775 -359216
1558694279757 -360197
1558694279762 -360202
1558694281714 -362154
1558694284640 -365079
1558694285705 -298594
1558694286683 -299572
1558694289448 -302337
1558694290427 -303315
1558694294340 -307228
1558694300204 -313091
1558694300204 -313091
1558694303085 -326209
1558694305089 -292887
1558694320575 -308371
1558694328392 -316187
1558694337053 -294930
1558694339319 -338103
1558694344086 -342869
1558694344092 -342875
1558694345074 -343857
1558694346062 -344845
1558694349741 -307616
1558694350956 -349738
1558694351696 -309571
1558694354891 -353673
1558694355606 -313480
1558694364242 -293139
1558694368145 -297042
1558694369122 -298019
1558694386599 -315493
1558694387192 -325813
1558694387539 -316433
1558694391944 -330565
1558694394884 -333504
1558694399799 -338404
1558694401223 -300332
1558694417862 -316969
1558694418715 -317822
1558694432088 -340588
1558694435113 -304271
1558694459401 -297630
1558694460365 -298594
1558694463296 -301525
1558694466219 -319386
1558694467243 -305472
1558694468185 -306413
1558694470156 -308384
1558694471098 -324264
1558694473070 -311298
1558694476003 -314230
1558694477959 -316186
1558694479767 -285293
1558694480744 -286270
1558694481721 -287246
1558694481930 -335095
1558694489642 -342805
1558694493448 -298972
1558694494424 -299948
1558694497527 -350689
1558694497527 -350689
1558694509916 -315437
1558694513815 -289317
1558694517973 -320594
1558694522893 -325513
1558694523591 -299092
1558694531118 -333738
1558694534286 -309785
1558694536151 -311650
1558694538468 -341087
1558694542985 -285460
1558694545913 -288388
1558694549819 -292294
1558694552600 -295074
1558694552600 -295074
1558694559435 -301908
1558694561450 -303923
1558694567294 -309766
1558694569803 -343468
1558694570205 -312677
1558694576868 -285455
1558694583424 -357088
1558694584433 -358097
1558694589581 -298166
1558694590558 -299143
1558694594207 -367869
1558694599115 -372776
1558694601149 -309732
1558694602065 -325219
1558694611781 -334934
1558694613698 -336850
1558694619601 -342753
1558694622550 -345701
1558694624464 -303888
1558694624536 -347687
1558694628299 -351449
1558694629284 -352434
1558694631251 -354401
1558694632276 -311699
1558694638123 -361272
1558694640097 -285472
1558694643036 -288411
1558694644981 -290355
1558694646769 -292143
1558694647957 -320286
1558694648936 -321264
1558694649703 -295077
1558694651898 -324226
1558694651898 -324226
1558694656652 -328979
1558694658618 -330945
1558694661567 -333854
1558694667468 -339755
1558694668278 -313649
1558694668278 -313649
1558694676912 -292305
1558694678172 -350459
1558694684032 -356318
1558694688657 -304048
1558694703543 -353429
1558694705115 -291338
1558694706089 -292312
1558694706469 -356354
1558694707071 -293293
1558694714335 -364220
1558694718275 -368159
1558694719261 -369145
1558694725700 -311920
1558694728193 -378076
1558694730536 -293426
1558694732393 -295283
1558694732910 -319447
1558694740732 -327268
1558694744851 -307739
1558694748764 -311651
1558694749745 -312632
1558694750396 -336931
1558694752357 -338892
1558694760229 -346763
1558694760229 -346763
1558694766192 -300937
1558694777923 -312666
1558694780858 -315600
1558694781834 -316576
1558694786729 -291279
