1558693125204 -2061
1558693133768 -8228
1558693150163 -24623
1558693163463 -39468
1558693164695 -39154
1558693170589 -41334
1558693172126 -48131
1558693174321 -45066
1558693174353 -45098
1558693177150 -47895
1558693178132 -48877
1558693183014 -53758
1558693185764 -61768
1558693187065 -57809
1558693202262 -73006
1558693204217 -74961
1558693208828 -84151
1558693210034 -80778
1558693211753 -87076
1558693219763 -90356
1558693224456 -95049
1558693226180 -99843
1558693229117 -102780
1558693244686 -115277
1558693244693 -115284
1558693245571 -119234
1558693248493 -122156
1558693249472 -123135
1558693252438 -126101
1558693253446 -124037
1558693254423 -121655
1558693257314 -130976
1558693260281 -127512
1558693261251 -128482
1558693267128 -134359
1558693267887 -140853
1558693269846 -142812
1558693270819 -143785
1558693275733 -148699
1558693277699 -150665
1558693278690 -151656
1558693279759 -146988
1558693285639 -158605
1558693288482 -155711
1558693291269 -164235
1558693293307 -158808
1558693296150 -169116
1558693311765 -183808
1558693312565 -184608
1558693316489 -181989
1558693320381 -192424
1558693331166 -196562
1558693333121 -198516
1558693336032 -201427
1558693343710 -215752
1558693362265 -225422
1558693363075 -235087
1558693365027 -228184
1558693366013 -229170
1558693368960 -240972
1558693369931 -237372
1558693370894 -234050
1558693371879 -239319
1558693374808 -237964
1558693376788 -239944
1558693379727 -242878
1558693385559 -248710
1558693386375 -249526
1558693388330 -251481
1558693391261 -254412
1558693391264 -253839
1558693392238 -255389
1558693395191 -257663
1558693396181 -258653
1558693398106 -260578
1558693400069 -262541
1558693400080 -262654
1558693400080 -262654
1558693402030 -264502
1558693403001 -265473
1558693416543 -269559
1558693418512 -271528
1558693425334 -270545
1558693429230 -278078
1558693430200 -279048
1558693430227 -275437
1558693432036 -277246
1558693433174 -278384
1558693434125 -282973
1558693434125 -282973
1558693435085 -283933
1558693436035 -281244
1558693439865 -285073
1558693440789 -283846
1558693444742 -281278
1558693451553 -283780
1558693451555 -283781
1558693459235 -291460
1558693459235 -291460
1558693460184 -292409
1558693465068 -297293
1558693465068 -297293
1558693509843 -29
1558693521119 -11303
1558693522094 -12278
1558693527025 -14152
1558693535830 -22957
1558693536611 -26793
1558693538564 -28746
1558693554206 -44387
1558693558119 -45244
1558693564853 -53613
1558693573585 -54746
1558693575544 -56705
1558693576519 -57680
1558693576536 -65296
1558693590080 -71239
1558693598875 -87632
1558693599860 -88617
1558693602760 -83918
1558693603758 -92515
1558693605550 -93105
1558693608501 -96056
1558693610425 -91583
1558693616335 -103890
1558693618285 -105839
1558693619257 -106811
1558693621182 -101554
1558693623176 -110730
1558693625076 -105448
1558693625129 -112683
1558693626112 -106482
1558693629958 -110328
1558693630953 -111323
1558693633739 -114109
1558693643493 -120842
1558693644464 -121813
1558693648380 -125729
1558693649351 -126700
1558693656101 -142231
1558693671669 -149016
1558693672671 -150018
1558693673728 -159858
1558693674606 -151953
1558693684289 -170418
1558693687249 -173378
1558693691081 -161979
1558693697997 -184126
1558693701815 -172713
1558693702807 -173704
1558693703614 -174511
1558693709489 -180386
1558693715343 -186240
1558693715443 -199895
1558693716312 -187208
1558693719326 -203778
1558693726908 -197804
1558693729894 -200789
1558693738764 -223215
1558693746554 -231005
1558693752158 -221481
1558693752165 -221488
1558693752262 -233967
1558693753133 -222456
1558693755185 -236889
1558693758019 -227342
1558693758123 -239827
1558693762045 -243749
1558693764020 -245724
1558693768889 -250593
1558693773688 -243010
1558693775605 -257309
1558693776437 -245759
1558693777401 -246723
1558693777534 -259238
1558693786199 -254431
1558693787308 -269012
1558693791098 -259330
1558693793070 -261301
1558693794031 -262262
1558693796031 -264262
1558693797953 -267990
1558693799824 -268055
1558693800814 -269045
1558693800964 -271000
1558693800964 -271000
1558693801762 -269993
1558693810541 -278772
1558693812619 -282651
1558693815385 -283616
1558693815535 -285565
1558693818413 -281314
1558693820264 -290291
1558693822216 -279610
1558693823049 -285950
1558693830003 -287396
1558693842546 -289285
1558693842555 -293021
1558693843530 -290269
1558693846312 -296778
1558693846483 -293222
1558693859990 -297059
1558693859995 -297064
1558693867847 -302992
1558693868919 -304064
1558693872712 -295189
1558693875461 -298744
1558693875656 -298133
1558693876435 -299718
1558693882297 -305579
1558693885424 -293380
1558693894848 -307692
1558693895826 -280525
1558693896805 -281503
1558693897780 -282478
1558693899748 -284446
1558693900953 -308907
1558693902880 -287577
1558693907115 -293708
1558693907229 -293822
1558693907693 -292133
1558693908206 -294799
1558693914609 -299048
1558693914609 -301201
1558693921083 -305522
1558693922250 -308841
1558693930101 -270101
1558693933787 -297101
1558693945550 -285548
1558693946334 -309646
1558693946535 -286533
1558693949262 -294042
1558693955363 -295359
1558693956316 -296312
1558693957295 -297291
1558693958057 -302836
1558693960010 -304789
1558693960010 -304789
1558693963940 -308719
1558693981568 -303132
1558693982340 -298127
1558693990207 -311770
1558693991182 -312745
1558693992151 -313714
1558693996846 -312631
1558694008572 -308478
1558694009545 -309451
1558694018405 -309784
1558694019164 -289330
1558694021120 -291285
1558694022310 -313688
1558694022310 -313688
1558694031889 -302053
1558694031898 -302062
1558694043459 -313621
1558694043673 -308848
1558694046610 -311785
1558694051268 -292277
1558694051482 -316656
1558694054216 -295225
1558694061849 -302857
1558694061849 -302857
1558694066742 -307749
1558694068913 -301008
1558694072653 -313659
1558694072653 -313659
1558694077720 -309814
1558694083451 -315544
1558694091255 -298037
1558694093953 -308694
1558694095920 -310660
1558694096134 -302915
1558694108673 -307405
1558694110773 -309505
1558694117261 -315992
1558694117485 -294325
1558694121399 -298238
1558694122148 -291323
1558694124104 -293279
1558694125086 -294261
1558694130037 -306873
1558694132729 -301903
1558694152285 -291324
1558694153257 -292296
1558694164821 -303859
1558694168988 -293333
1558694170940 -295285
1558694175567 -314603
1558694177530 -316566
1558694179588 -303931
1558694183497 -307839
1558694183497 -307839
1558694186430 -310772
1558694190099 -299983
1558694192069 -301952
1558694193974 -303857
1558694194255 -318596
1558694194959 -304842
1558694194959 -304842
1558694198230 -292347
1558694203008 -297124
1558694205693 -315574
1558694205693 -315574
1558694206946 -301062
1558694207664 -317545
1558694213365 -289352
1558694217498 -293485
1558694219478 -295465
1558694219478 -295465
1558694222427 -298414
1558694224424 -284736
1558694235094 -295404
1558694239632 -315619
1558694239671 -315658
1558694240698 -316685
1558694247513 -293368
1558694251361 -297215
1558694254135 -299989
1558694257536 -317843
1558694261455 -292565
1558694262034 -307886
1558694262050 -307902
1558694262451 -293561
1558694268384 -299493
1558694268944 -314795
1558694270969 -286681
1558694271253 -302361
1558694274095 -305203
1558694274650 -290362
1558694279580 -295291
1558694285431 -301141
1558694287840 -292714
1558694290785 -295658
1558694292343 -308052
1558694296537 -301410
1558694303414 -308286
1558694303947 -289676
1558694307349 -312220
1558694307876 -293605
1558694308336 -313207
1558694309843 -295571
1558694315226 -297455
1558694318185 -300413
1558694323927 -306154
1558694334734 -287164
1558694335718 -288148
1558694336225 -291802
1558694338202 -293778
1558694341144 -296719
1558694344102 -299676
1558694345091 -300665
1558694346890 -302463
1558694351297 -303725
1558694351801 -307372
1558694354252 -306679
1558694356725 -312294
1558694367549 -298815
1558694368523 -299789
1558694371351 -302616
1558694371802 -291311
1558694372306 -303571
1558694372817 -292326
1558694375260 -306525
1558694377703 -297211
1558694378184 -309449
1558694381137 -312401
1558694383605 -303112
1558694388530 -308036
1558694393301 -312807
1558694393750 -298779
1558694401617 -306645
1558694403123 -292384
1558694404108 -293369
1558694406550 -311577
1558694409034 -298295
1558694418313 -294217
1558694419297 -295201
1558694425070 -300973
1558694427553 -316811
1558694427554 -316812
1558694428548 -283840
1558694431497 -286789
1558694432924 -308826
1558694433458 -288749
1558694433458 -288749
1558694435893 -311794
1558694441617 -299913
1558694446088 -301378
1558694447078 -302367
1558694447540 -305835
1558694448060 -303349
1558694449043 -304332
1558694453956 -309244
1558694454399 -312693
1558694461283 -293489
1558694466040 -298246
1558694466043 -298249
1558694468553 -293696
1558694469563 -294706
1558694481768 -313972
1558694482325 -307466
1558694485715 -289770
1558694486101 -311242
1558694487079 -312220
1558694494389 -298443
1558694499312 -303365
1558694502256 -306308
1558694505781 -300896
1558694507226 -311278
1558694509727 -304841
1558694513125 -317176
1558694516852 -300479
1558694526758 -310383
1558694527882 -311507
1558694529871 -313496
1558694530531 -301282
1558694540277 -293791
1558694555061 -308573
1558694559959 -313470
1558694567706 -291122
1558694568656 -292072
1558694591096 -314509
1558694592079 -315492
1558694596612 -312700
1558694598962 -292063
1558694613175 -298935
1558694614540 -307639
1558694626326 -289114
1558694632241 -295027
1558694633056 -295841
1558694641570 -306774
1558694646812 -309591
1558694652375 -317577
1558694653356 -290248
1558694655157 -292049
1558694657473 -290930
1558694661059 -297950
1558694663031 -299922
1558694664025 -300916
1558694667301 -300757
1558694668946 -305836
1558694670257 -303712
1558694678151 -311605
1558694681931 -315385
1558694683874 -317327
1558694684507 -291221
1558694686798 -293031
1558694690736 -296968
1558694693439 -300152
1558694693742 -299974
1558694699274 -305986
1558694701554 -307785
1558694717128 -294040
1558694722954 -296379
1558694730927 -307837
1558694733727 -310637
1558694742242 -315665
1558694742242 -315665
1558694744200 -317622
1558694749129 -292221
1558694753872 -296963
1558694757809 -300899
1558694758110 -308579
1558694759775 -302865
1558694759775 -302865
1558694764009 -314477
1558694772570 -315658
1558694774831 -295026
1558694775816 -296011
1558694777323 -320411
1558694777617 -297812
1558694779586 -299781
1558694784511 -304705
1558694785191 -301840
1558694789127 -305776
1558694790407 -310600
1558694792377 -312570
1558694794348 -314541
1558694795031 -311679
1558694800769 -317416
