1558693133166 -2552
1558693133790 -10581
1558693135330 -11481
1558693135645 -11621
1558693138539 -14515
1558693138697 -15487
1558693140047 -9433
1558693140669 -17459
1558693142020 -18171
1558693142578 -19368
1558693142600 -19390
1558693143526 -20316
1558693143902 -20053
1558693146431 -23221
1558693147624 -23775
1558693148556 -24707
1558693151491 -27642
1558693153107 -29897
1558693155852 -25000
1558693158775 -34750
1558693159824 -28972
1558693160797 -36772
1558693163036 -39186
1558693163112 -32497
1558693164003 -40153
1558693164973 -41123
1558693165055 -34440
1558693166507 -42481
1558693167866 -43076
1558693170909 -40293
1558693172462 -41610
1558693174325 -50456
1558693174822 -44206
1558693175336 -41936
1558693176215 -52346
1558693179950 -55498
1558693181285 -56494
1558693183167 -58376
1558693186194 -61403
1558693187025 -53625
1558693187271 -62480
1558693188274 -64404
1558693188940 -55540
1558693189381 -64590
1558693191148 -67278
1558693193055 -69185
1558693194602 -70149
1558693194689 -69898
1558693196385 -71932
1558693198281 -73825
1558693199233 -74777
1558693200394 -75603
1558693201348 -76557
1558693202292 -78422
1558693205239 -81369
1558693206543 -72083
1558693209064 -84272
1558693209430 -74970
1558693211962 -87170
1558693211963 -85778
1558693213326 -78866
1558693213949 -89180
1558693216817 -90632
1558693216861 -92092
1558693217644 -91459
1558693217662 -93205
1558693217663 -93206
1558693217695 -92926
1558693218600 -92415
1558693218624 -94167
1558693218878 -85477
1558693223473 -97288
1558693224441 -98256
1558693226372 -100185
1558693226555 -93151
1558693227393 -102623
1558693229469 -96065
1558693229677 -95201
1558693232594 -98118
1558693235137 -108950
1558693235960 -109488
1558693240815 -114342
1558693245139 -111735
1558693246185 -111708
1558693247085 -112731
1558693249840 -115486
1558693250814 -116460
1558693252343 -124386
1558693262164 -135067
1558693264479 -130002
1558693264479 -130001
1558693265183 -139019
1558693270736 -142778
1558693270741 -143643
1558693271052 -143923
1558693272295 -137939
1558693273662 -145704
1558693276042 -141686
1558693276641 -148683
1558693277932 -143454
1558693277940 -143462
1558693283387 -156288
1558693283872 -149499
1558693284861 -148776
1558693292458 -165327
1558693297401 -161304
1558693297781 -170026
1558693297961 -167403
1558693301890 -171332
1558693302859 -172301
1558693304976 -168890
1558693305192 -169094
1558693306148 -170050
1558693306518 -178763
1558693307486 -179731
1558693310397 -182642
1558693315435 -184876
1558693316373 -185814
1558693319955 -192200
1558693323204 -192644
1558693323578 -187478
1558693324273 -188185
1558693324482 -196750
1558693327113 -196553
1558693329396 -201664
1558693331066 -194978
1558693331623 -203867
1558693335346 -206637
1558693337278 -208569
1558693337711 -206454
1558693340214 -203661
1558693340895 -202366
1558693342161 -205608
1558693344550 -213292
1558693344575 -206046
1558693347015 -218305
1558693347790 -220058
1558693351498 -212969
1558693352733 -216180
1558693355681 -219128
1558693358580 -229612
1558693359209 -227951
1558693359221 -220691
1558693360172 -228914
1558693364325 -235615
1558693365448 -228894
1558693365871 -234613
1558693367182 -238214
1558693367405 -230851
1558693368160 -239192
1558693370759 -239501
1558693371765 -233235
1558693372096 -235542
1558693374043 -245332
1558693375660 -244402
1558693376658 -238128
1558693376658 -238128
1558693376965 -247996
1558693378594 -247336
1558693380558 -241744
1558693380844 -252133
1558693381561 -250303
1558693384455 -253196
1558693385784 -248281
1558693385789 -248286
1558693386506 -257795
1558693387386 -248572
1558693388738 -251235
1558693390392 -261681
1558693390392 -261681
1558693390484 -261515
1558693391360 -262649
1558693392462 -254959
1558693393113 -254299
1558693396992 -264793
1558693397967 -265768
1558693400917 -262103
1558693400920 -262106
1558693401883 -269684
1558693402227 -264723
1558693404193 -266689
1558693408907 -263411
1558693411515 -270013
1558693411704 -272890
1558693411866 -266370
1558693413787 -268291
1558693413962 -276458
1558693414524 -284849
1558693414593 -275778
1558693417383 -278568
1558693422285 -272170
1558693423615 -283034
1558693427127 -277011
1558693427149 -288334
1558693428448 -287866
1558693431258 -276111
1558693431854 -302178
1558693432243 -277096
1558693432950 -303274
1558693432950 -282833
1558693435403 -281967
1558693437711 -308035
1558693439109 -285673
1558693440025 -284877
1558693441679 -288064
1558693442003 -286855
1558693442609 -312933
1558693443603 -282849
1558693444482 -314806
1558693444881 -291444
1558693445537 -284783
1558693446422 -315956
1558693449460 -295844
1558693452258 -321792
1558693455623 -294761
1558693457905 -327439
1558693457906 -327440
1558693458558 -297695
1558693460514 -299651
1558693460514 -299651
1558693460822 -293675
1558693461495 -300632
1558693461495 -300632
1558693461803 -294656
1558693464704 -297556
1558693465679 -298531
1558693465909 -304647
1558693468591 -301443
1558693468843 -307580
1558693469563 -302415
1558693472480 -305331
1558693474709 -302416
1558693475395 -308246
1558693477175 -310025
1558693478619 -306325
1558693480090 -312940
1558693481063 -313913
1558693490777 -323625
1558693491748 -324596
1558693497572 -330419
1558693512520 -3485
1558693512637 -2542
1558693512952 -584
1558693514329 -4478
1558693515423 -6388
1558693516268 -6417
1558693516572 -6477
1558693517796 -5427
1558693518331 -9296
1558693518331 -9296
1558693520273 -11238
1558693521272 -12237
1558693522134 -12282
1558693522495 -12400
1558693524173 -15138
1558693524647 -12277
1558693525147 -16112
1558693527034 -17182
1558693530082 -9410
1558693530497 -18127
1558693531469 -19099
1558693533719 -23867
1558693534700 -25648
1558693534700 -24847
1558693536192 -23821
1558693536956 -26860
1558693539543 -30491
1558693540555 -31503
1558693544010 -31639
1558693544399 -35345
1558693547946 -35574
1558693549250 -40196
1558693549250 -40196
1558693550334 -39121
1558693550345 -39132
1558693554754 -42382
1558693558239 -48006
1558693560462 -48089
1558693561911 -50697
1558693562147 -51914
1558693565806 -54592
1558693565807 -54593
1558693571436 -62382
1558693571682 -60468
1558693571941 -61705
1558693573166 -60792
1558693573374 -64320
1558693575121 -62115
1558693575586 -64372
1558693576628 -51860
1558693579032 -66026
1558693579730 -69493
1558693580534 -55766
1558693582271 -71057
1558693583257 -72043
1558693583908 -74853
1558693589149 -77935
1558693594077 -69308
1558693595530 -82523
1558693597472 -84465
1558693597472 -84465
1558693598414 -85407
1558693599284 -87684
1558693602329 -89321
1558693603174 -91570
1558693603310 -90302
1558693603838 -79068
1558693604008 -88604
1558693604167 -92563
1558693608051 -95043
1558693612635 -97231
1558693614630 -99226
1558693615816 -104211
1558693617520 -102116
1558693618495 -103091
1558693618725 -107120
1558693621278 -92480
1558693621430 -106026
1558693621731 -108722
1558693622481 -110876
1558693623398 -107994
1558693625628 -110148
1558693626188 -113409
1558693626188 -97389
1558693628121 -112717
1558693630061 -101262
1558693633781 -121002
1558693634099 -122493
1558693637858 -122451
1558693637983 -126377
1558693640647 -111847
1558693640896 -129289
1558693641630 -112830
1558693641867 -130260
1558693643736 -128329
1558693643810 -132203
1558693643810 -132203
1558693644530 -130694
1558693644530 -130694
1558693647483 -118683
1558693649435 -135599
1558693650570 -135163
1558693652189 -138353
1558693653167 -139331
1558693655304 -139897
1558693655636 -140153
1558693656290 -144638
1558693656587 -141104
1558693658250 -129449
1558693658250 -129449
1558693659190 -143783
1558693660189 -131387
1558693660494 -145011
1558693660991 -147153
1558693661135 -149482
1558693662123 -150470
1558693662451 -146968
1558693665895 -136075
1558693665898 -136078
1558693667833 -153995
1558693668831 -139011
1558693670771 -156933
1558693672222 -156738
1558693674684 -160845
1558693676627 -161219
1558693676653 -145750
1558693678604 -163196
1558693678656 -147753
1558693679963 -163431
1558693680436 -166597
1558693680947 -164415
1558693681604 -150701
1558693681984 -165452
1558693682581 -151678
1558693684296 -172642
1558693684296 -170457
1558693684777 -168245
1558693692138 -178298
1558693697018 -166010
1558693698466 -181934
1558693698968 -183360
1558693698968 -183360
1558693702878 -171869
1558693704679 -189071
1558693704800 -188608
1558693705822 -174813
1558693707605 -191996
1558693707610 -192001
1558693711970 -195438
1558693712495 -196886
1558693712507 -196898
1558693714464 -198855
1558693718365 -202756
1558693719328 -203719
1558693719444 -203251
1558693720299 -189289
1558693720315 -204705
1558693724219 -193208
1558693725186 -194175
1558693728080 -211887
1558693732536 -218065
1558693733008 -201997
1558693734481 -220010
1558693734956 -210003
1558693735484 -221013
1558693736959 -212006
1558693738409 -223938
1558693739706 -224095
1558693740149 -218731
1558693743058 -228566
1558693746945 -232453
1558693746991 -225573
1558693747456 -222502
1558693748486 -216253
1558693750742 -229324
1558693752263 -234011
1558693754298 -229343
1558693755694 -241202
1558693757230 -232275
1558693758095 -225862
1558693761515 -247023
1558693762015 -229782
1558693762044 -243792
1558693762487 -247995
1558693763475 -248983
1558693765439 -244021
1558693765998 -247746
1558693772650 -254397
1558693774028 -259474
1558693774057 -251661
1558693774079 -251683
1558693775048 -252652
1558693775954 -261400
1558693776919 -262365
1558693778569 -253613
1558693779624 -247390
1558693780821 -266235
1558693781449 -263196
1558693783431 -265178
1558693783807 -261411
1558693784677 -270091
1558693786393 -261437
1558693788258 -256024
1558693790343 -275757
1558693790647 -268251
1558693792630 -270234
1558693792639 -270243
1558693793152 -260918
1558693803141 -288554
1558693805789 -280195
1558693808737 -287211
1558693811117 -288721
1558693816593 -290999
1558693816940 -281706
1558693818433 -270301
1558693818457 -270325
1558693819411 -271279
1558693821304 -295710
1558693821396 -273263
1558693822260 -296666
1558693824325 -276192
1558693825189 -299595
1558693825189 -305336
1558693832020 -283886
1558693832487 -285493
1558693835857 -302045
1558693836652 -316799
1558693837869 -312275
1558693839203 -292208
1558693839729 -274659
1558693845631 -280561
1558693848413 -301894
1558693849378 -302858
1558693849385 -302865
1558693850361 -303841
1558693850478 -285407
1558693851248 -305588
1558693851351 -304831
1558693852752 -288358
1558693852762 -288368
1558693853705 -289311
1558693854247 -289175
1558693856261 -307244
1558693858034 -312373
1558693858142 -280447
1558693859156 -301076
1558693860177 -311159
1558693860177 -311159
1558693860780 -315119
1558693861145 -312127
1558693862127 -304046
1558693863726 -318064
1558693864005 -286308
1558693864458 -300062
1558693866862 -317843
1558693869923 -292226
1558693871726 -322707
1558693872795 -266034
1558693875051 -277604
1558693875349 -329686
1558693875641 -326621
1558693876609 -327589
1558693878260 -332597
1558693878524 -271762
1558693879241 -333577
1558693880217 -334553
1558693880517 -309654
1558693882398 -275635
1558693887333 -294075
1558693887813 -342148
1558693888261 -281497
1558693889759 -344094
1558693891087 -342065
1558693891702 -297064
1558693894038 -310533
1558693895970 -312465
1558693897376 -299926
1558693897377 -299926
1558693899900 -316394
1558693906503 -309051
1558693908552 -313912
1558693908937 -289914
1558693910349 -312897
1558693911223 -316582
1558693911790 -328283
1558693912722 -329215
1558693913109 -315656
1558693913532 -330025
1558693915079 -286530
1558693918286 -334778
1558693918744 -324102
1558693922641 -327999
1558693925540 -330897
1558693928082 -344573
1558693930251 -335606
1558693930256 -335611
1558693931014 -347505
1558693931935 -298685
1558693933933 -282555
1558693942682 -298971
1558693943554 -292175
1558693944961 -279581
1558693945519 -294140
1558693946494 -295115
1558693946577 -292254
1558693949346 -295023
1558693950327 -296004
1558693950409 -299029
1558693951397 -297074
1558693955741 -290360
1558693956223 -311514
1558693957202 -312493
1558693957203 -312494
1558693957266 -305885
1558693957678 -292296
1558693959149 -304825
1558693960163 -308782
1558693961005 -309624
1558693962059 -297043
1558693963040 -298024
1558693965824 -321114
1558693965958 -300941
1558693966852 -315468
1558693967827 -273747
1558693970766 -276686
1558693971695 -326984
1558693971854 -305855
1558693971854 -305855
1558693972835 -306836
1558693974130 -308746
1558693975606 -330894
1558693975660 -281579
1558693976086 -310702
1558693979484 -313484
1558693979591 -285509
1558693980485 -335772
1558693983967 -288449
1558693988652 -293134
1558693993013 -348259
1558693994515 -298996
1558693995040 -300956
1558693998425 -302906
1558693999861 -291115
1558694003768 -330744
1558694003842 -309757
1558694005797 -311711
1558694006518 -340508
1558694007751 -313665
1558694007751 -313665
1558694012505 -284537
1558694014896 -289407
1558694021084 -313644
1558694021189 -348163
1558694024683 -299193
1558694026756 -319315
1558694027034 -354007
1558694027719 -320278
1558694030983 -357955
1558694030983 -357955
1558694031543 -306052
1558694032861 -304884
1558694033484 -307993
1558694033913 -295196
1558694037196 -311704
1558694039444 -332001
1558694041695 -313715
1558694041788 -303070
1558694042746 -304028
1558694044289 -336845
1558694044629 -316648
1558694045484 -306766
1558694047974 -340530
1558694051349 -312630
1558694052827 -345382
1558694054295 -285450
1558694054305 -285460
1558694055744 -348298
1558694055768 -296232
1558694056166 -306461
1558694059626 -352179
1558694059944 -329788
1558694060130 -291284
1558694062458 -302921
1558694062464 -302927
1558694063552 -356104
1558694063970 -314264
1558694064827 -334671
1558694065407 -305870
1558694066364 -306827
1558694068856 -289386
1558694071787 -302940
1558694076706 -297234
1558694076718 -297246
1558694077656 -298184
1558694080319 -350161
1558694081029 -291357
1558694082802 -342647
1558694083387 -303914
1558694083463 -314615
1558694085712 -345557
1558694087726 -298053
1558694091529 -351373
1558694092021 -331809
1558694092996 -332784
1558694095000 -297968
1558694095929 -335716
1558694096226 -356069
1558694101093 -360935
1558694101390 -311715
1558694103358 -313683
1558694104046 -363887
1558694105004 -364844
1558694106551 -346337
1558694107133 -317457
1558694108752 -348537
1558694109802 -349587
1558694109802 -300170
1558694109899 -312865
1558694111025 -313991
1558694111025 -313991
1558694111977 -314943
1558694115908 -297050
1558694119277 -305532
1558694120252 -306507
1558694123327 -313693
1558694125211 -321188
1558694128991 -286474
1558694128991 -286474
1558694129582 -310722
1558694131004 -287382
1558694131042 -327017
1558694131045 -327020
1558694132904 -290387
1558694133341 -314481
1558694134912 -291290
1558694135656 -324927
1558694138588 -327859
1558694139199 -296041
1558694141732 -337704
1558694144499 -340471
1558694144538 -300914
1558694145471 -341443
1558694146598 -304079
1558694147010 -303851
1558694147385 -336655
1558694147466 -303842
1558694149414 -305790
1558694149414 -305790
1558694152252 -348223
1558694152300 -309780
1558694153218 -349189
1558694154352 -343621
1558694154548 -312027
1558694154764 -311604
1558694154873 -311713
1558694159108 -355079
1558694161152 -287399
1558694164877 -330627
1558694164889 -291135
1558694165011 -292345
1558694165864 -292110
1558694166749 -356017
1558694166751 -356019
1558694167724 -356991
1558694168607 -334357
1558694168800 -295046
1558694169776 -296022
1558694173258 -300160
1558694174228 -301130
1558694176380 -342129
1558694176592 -303925
1558694178573 -304818
1558694179289 -345038
1558694181241 -346989
1558694182204 -347952
1558694182501 -308745
1558694182501 -308745
1558694183473 -309717
1558694184143 -349891
1558694184444 -310688
1558694185797 -312698
1558694188032 -353779
1558694188080 -326545
1558694189011 -354758
1558694189865 -355612
1558694190179 -316422
1558694192654 -293319
1558694193226 -298238
1558694193714 -359461
1558694194179 -299191
1558694195580 -296245
1558694195955 -334419
1558694196726 -362472
1558694197606 -298270
1558694198160 -303172
1558694198763 -337227
1558694200002 -301931
1558694202551 -368296
1558694207574 -346037
1558694207617 -346080
1558694208184 -308847
1558694208332 -314642
1558694208777 -310705
1558694208798 -310726
1558694210665 -315675
1558694211529 -313457
1558694212362 -350824
1558694212479 -314407
1558694217145 -323453
1558694217708 -297453
1558694219660 -306180
1558694222076 -328384
1558694225308 -305051
1558694228844 -315363
1558694228870 -315389
1558694230524 -301044
1558694230524 -301044
1558694230795 -317314
1558694231078 -310820
1558694231440 -337746
1558694231471 -301991
1558694235828 -311734
1558694236069 -315810
1558694240100 -346404
1558694241980 -291582
1558694244567 -331084
1558694246829 -296430
1558694247366 -291642
1558694249176 -293452
1558694252643 -302243
1558694256097 -342613
1558694257138 -343654
1558694257862 -302136
1558694257862 -302136
1558694258842 -303116
1558694261823 -306097
1558694262288 -339640
1558694262804 -307078
1558694266119 -312864
1558694270142 -347493
1558694272078 -290644
1558694272768 -286901
1558694275920 -353270
1558694276401 -290533
1558694281657 -300222
1558694282886 -302339
1558694284552 -361901
1558694286389 -320567
1558694287223 -301354
1558694287532 -306096
1558694290415 -367763
1558694291468 -310031
1558694292473 -311036
1558694293358 -314815
1558694296519 -315970
1558694296883 -311012
1558694297040 -331217
1558694297483 -316934
1558694299974 -334150
1558694300834 -314963
1558694301315 -295565
1558694305077 -326532
1558694305077 -326532
1558694306093 -327548
1558694309805 -331260
1558694313750 -347924
1558694313750 -347924
1558694317163 -306639
1558694317550 -305607
1558694317630 -339084
1558694318609 -340062
1558694319836 -314083
1558694320465 -354637
1558694320929 -310404
1558694321465 -355637
1558694321916 -311391
1558694323902 -313377
1558694327211 -315266
1558694327215 -315270
1558694331491 -295639
1558694337051 -294953
1558694337654 -296985
1558694338637 -297967
1558694339935 -327391
1558694339935 -327391
1558694343941 -301842
1558694344253 -308399
1558694348743 -336198
1558694349296 -308625
1558694355574 -313473
1558694356391 -343845
1558694356676 -342295
1558694357539 -315438
1558694360618 -346237
1558694364223 -351676
1558694365512 -351130
1558694366710 -300713
1558694367141 -354593
1558694367321 -352938
1558694367819 -296011
1558694368674 -302676
1558694369686 -303688
1558694370083 -357535
1558694370173 -297924
1558694371649 -305651
1558694373730 -301921
1558694375942 -363393
1558694375942 -363393
1558694377894 -365344
1558694378638 -306829
1558694379695 -367145
1558694381594 -309784
1558694381650 -309500
1558694381964 -309711
1558694382074 -320142
1558694383261 -291194
1558694386886 -314631
1558694390451 -318300
1558694392125 -300057
1558694392628 -290248
1558694392731 -330797
1558694393704 -331770
1558694393704 -331770
1558694397533 -295153
1558694398151 -298163
1558694398620 -336686
1558694399236 -327084
1558694399995 -307926
1558694400219 -328067
1558694401791 -309721
1558694403971 -331818
1558694404577 -342642
1558694407993 -308003
1558694410320 -307938
1558694410800 -338646
1558694410938 -310948
1558694411293 -308911
1558694411626 -302532
1558694411923 -311933
1558694412278 -309896
1558694413262 -310880
1558694415498 -313116
1558694415795 -315804
1558694415795 -343640
1558694415863 -343708
1558694416300 -354364
1558694416744 -307649
1558694417258 -314875
1558694418297 -356360
1558694418766 -318775
1558694419267 -357330
1558694419763 -319772
1558694420986 -289610
1558694421954 -290578
1558694424484 -352326
1558694425246 -295180
1558694427261 -355102
1558694427941 -335671
1558694433099 -303032
1558694435076 -332576
1558694436815 -344542
1558694437032 -334531
1558694438008 -335507
1558694438726 -307347
1558694439007 -308939
1558694440484 -309105
1558694447015 -313126
1558694447783 -345281
1558694448429 -356152
1558694450561 -348059
1558694450638 -292407
1558694453356 -361077
1558694455322 -363042
1558694460785 -296707
1558694462615 -298536
1558694465214 -362710
1558694465215 -362711
1558694465541 -301462
1558694466400 -308166
1558694467552 -303473
1558694468492 -304412
1558694470804 -310253
1558694470877 -318675
1558694471308 -313073
1558694471446 -307366
1558694472292 -314057
1558694473067 -324674
1558694476698 -316146
1558694476699 -316147
1558694477348 -313267
1558694477747 -325544
1558694479325 -315243
1558694479716 -327513
1558694481682 -329479
1558694482266 -288048
1558694482598 -295829
1558694483649 -331446
1558694483650 -331447
1558694486427 -334224
1558694488007 -293789
1558694488856 -309264
1558694489826 -310234
1558694490377 -338173
1558694492927 -298708
1558694498169 -311397
1558694499214 -347009
1558694500813 -306593
1558694501065 -352668
1558694501458 -288014
1558694504083 -317311
1558694507688 -313467
1558694508339 -294894
1558694508339 -294894
1558694509035 -356828
1558694510422 -296977
1558694512457 -291875
1558694512828 -360621
1558694513740 -296760
1558694514408 -293826
1558694516685 -299705
1558694516686 -299705
1558694517188 -303742
1558694518650 -318887
1558694519639 -302658
1558694520678 -309292
1558694521610 -304629
1558694521948 -308501
1558694522399 -322636
1558694526382 -326618
1558694527715 -310733
1558694530296 -309712
1558694536701 -295027
1558694538667 -296993
1558694539198 -327810
1558694539818 -289124
1558694542601 -300926
1558694544070 -306635
1558694546030 -308595
1558694546054 -334665
1558694548024 -336635
1558694548670 -297975
1558694548986 -311551
1558694550638 -299943
1558694551286 -309610
1558694552534 -352767
1558694555878 -344488
1558694556561 -305865
1558694557206 -315530
1558694561332 -310635
1558694561345 -310648
1558694561345 -310648
1558694563139 -298009
1558694564265 -288223
1558694564613 -296905
