1558693135606 -11865
1558693138527 -14786
1558693156779 -33037
1558693165255 -41513
1558693174973 -50261
1558693175910 -51198
1558693190894 -66182
1558693199861 -75149
1558693204687 -79974
1558693206643 -81930
1558693207563 -82850
1558693220138 -94719
1558693223057 -97638
1558693226915 -101496
1558693227872 -102453
1558693234462 -109043
1558693239288 -113869
1558693256652 -131232
1558693267183 -138492
1558693287570 -158878
1558693290357 -161665
1558693299071 -170379
1558693301028 -172336
1558693306856 -178162
1558693324174 -195480
1558693334667 -205973
1558693347325 -217542
1558693347334 -217551
1558693353141 -223358
1558693360742 -230959
1558693361710 -231927
1558693363659 -233876
1558693365610 -235827
1558693367552 -237769
1558693370474 -240691
1558693373375 -243592
1558693373376 -243593
1558693377283 -247500
1558693383902 -254119
1558693384882 -255099
1558693384885 -255102
1558693391683 -261900
1558693395577 -265792
1558693411930 -282145
1558693418707 -288922
1558693419679 -289894
1558693422674 -292889
1558693433336 -303550
1558693442923 -311326
1558693445757 -295732
1558693447706 -297681
1558693460176 -310149
1558693462099 -312072
1558693463073 -313046
1558693465014 -314986
1558693469873 -319845
1558693470841 -320813
1558693481366 -331336
1558693515013 -3575
1558693519868 -8430
1558693543059 -31620
1558693548857 -37418
1558693560356 -46924
1558693568119 -54686
1558693568121 -54688
1558693580788 -67354
1558693584482 -71048
1558693585475 -72041
1558693585492 -72058
1558693592297 -78861
1558693599060 -85624
1558693611557 -97052
1558693613521 -99016
1558693615421 -100916
1558693626143 -111637
1558693629816 -115309
1558693636611 -122104
1558693642441 -127933
1558693645357 -130849
1558693652963 -138455
1558693652964 -138456
1558693653939 -139431
1558693663650 -149141
1558693664624 -150115
1558693667544 -153034
1558693682971 -164691
1558693691682 -173401
1558693700249 -181967
1558693702188 -183906
1558693703161 -184879
1558693707047 -188765
1558693713850 -195567
1558693722598 -201930
1558693738024 -217355
1558693745835 -225165
1558693751426 -230756
1558693754324 -233654
1558693764135 -243465
1558693765109 -244439
1558693766977 -246307
1558693771670 -251000
1558693775600 -252856
1558693776545 -253801
1558693781387 -258643
1558693795835 -273091
1558693796759 -274015
1558693805490 -282746
1558693805491 -282747
1558693807502 -284758
1558693812357 -289613
1558693812357 -289613
1558693818018 -286275
1558693820920 -289177
1558693825769 -294025
1558693836424 -304679
1558693847943 -316196
1558693854752 -323004
1558693860540 -304515
1558693871118 -315091
1558693874966 -318939
1558693888560 -332531
1558693891312 -335282
1558693893272 -337242
1558693901114 -345081
1558693901114 -345081
1558693911934 -325423
1558693914662 -328150
1558693926174 -339661
1558693926174 -339661
1558693930021 -343507
1558693931974 -345460
1558693935850 -349335
1558693938620 -352105
1558693947346 -298101
1558693949281 -300036
1558693956083 -306837
1558693957051 -307805
1558693959804 -310558
1558693970487 -321239
1558693981188 -331939
1558693995587 -346333
1558693996568 -347314
1558694001412 -302938
1558694007084 -308609
1558694012938 -314462
1558694018748 -320272
1558694018748 -320272
1558694032189 -333711
1558694044850 -346369
1558694049669 -351187
1558694066030 -338420
1558694076743 -349131
1558694091123 -363510
1558694095013 -367399
1558694101672 -327066
1558694109657 -335049
1558694114410 -339800
1558694124967 -350353
1558694124967 -350352
1558694134528 -359910
1558694148948 -324117
1558694161571 -336738
1558694166432 -341598
1558694171284 -346449
1558694175003 -350167
1558694181811 -356973
1558694181811 -356973
1558694198264 -323304
1558694202207 -327247
1558694205053 -330092
1558694212743 -337781
1558694216839 -341877
1558694216839 -341877
1558694218861 -343898
1558694241881 -335947
1558694248587 -342652
1558694250538 -344603
1558694271880 -365942
1558694275668 -322401
1558694276653 -323386
1558694282535 -329267
1558694287391 -334123
1558694299931 -346661
1558694306780 -353509
1558694307750 -354479
1558694311665 -358394
1558694316386 -363114
1558694316389 -363117
1558694326152 -314212
1558694334947 -323006
1558694338698 -326757
1558694351412 -339465
1558694356290 -344342
1558694358248 -346300
1558694360213 -348265
1558694360217 -348269
1558694378610 -324044
1558694381540 -326973
1558694388218 -333650
1558694393124 -338555
1558694395066 -340497
1558694408752 -354180
1558694417619 -333217
1558694425222 -340819
1558694428133 -343729
1558694429114 -344710
1558694437765 -353360
1558694452419 -368011
1558694461045 -324571
1558694479614 -343138
1558694488252 -351774
1558694488252 -351774
1558694494116 -357637
1558694496072 -359593
1558694504872 -317189
1558694506663 -318980
1558694507638 -319955
1558694515464 -327780
1558694535830 -348142
1558694538747 -351058
