1558693136154 -3763
1558693136708 -3773
1558693137058 -4667
1558693138009 -5618
1558693139018 -6627
1558693142553 -9618
1558693143464 -10529
1558693145459 -12524
1558693148695 -16303
1558693150656 -18264
1558693153211 -20276
1558693155382 -22989
1558693155388 -22995
1558693158357 -25964
1558693163645 -30710
1558693165631 -32696
1558693168069 -35675
1558693169501 -36566
1558693171017 -38622
1558693174002 -41607
1558693176887 -44492
1558693180625 -48229
1558693184555 -52159
1558693189855 -57459
1558693195595 -62633
1558693196357 -63594
1558693200385 -67423
1558693202945 -70182
1558693206901 -74137
1558693218546 -85781
1558693219522 -86757
1558693221480 -88715
1558693224397 -91632
1558693225377 -92612
1558693226348 -93583
1558693235013 -102248
1558693236942 -104177
1558693236959 -103670
1558693237930 -105165
1558693238917 -106128
1558693240868 -108079
1558693240875 -108086
1558693242801 -109512
1558693244724 -111435
1558693244759 -111970
1558693245736 -112947
1558693248669 -115880
1558693260242 -127453
1558693266894 -133604
1558693266895 -133605
1558693273695 -136335
1558693273695 -136335
1558693276455 -139095
1558693283527 -150731
1558693286707 -153911
1558693287231 -149870
1558693289068 -151707
1558693289390 -156594
1558693292041 -154680
1558693292381 -159585
1558693307801 -175005
1558693308338 -170977
1558693309312 -171951
1558693317076 -179708
1558693320008 -182640
1558693321448 -188645
1558693325205 -192402
1558693329129 -196326
1558693331589 -193366
1558693332587 -194364
1558693334970 -202167
1558693338419 -200196
1558693341343 -203120
1558693342326 -204103
1558693345561 -212753
1558693355329 -222495
1558693356841 -218618
1558693357264 -224430
1558693357822 -219598
1558693360738 -222514
1558693361168 -228330
1558693363109 -230264
1558693363668 -225444
1558693365063 -232218
1558693371747 -238899
1558693380538 -247690
1558693383469 -250621
1558693385422 -252574
1558693386947 -247886
1558693393645 -254583
1558693398919 -266066
1558693398922 -266069
1558693400490 -261428
1558693409265 -268850
1558693411678 -256301
1558693413176 -272760
1558693418867 -278451
1558693419297 -263919
1558693419840 -279424
1558693421262 -265884
1558693424195 -268816
1558693424195 -268816
1558693425698 -285282
1558693427095 -271716
1558693431994 -276362
1558693433290 -277658
1558693436948 -281315
1558693438488 -273731
1558693439420 -274662
1558693442205 -277447
1558693444110 -279352
1558693446465 -277284
1558693448428 -279247
1558693448993 -284234
1558693451928 -287169
1558693455834 -291074
1558693455834 -291074
1558693511870 -329264
1558693511871 -4
1558693520224 -8357
1558693525121 -13254
1558693530019 -18152
1558693530881 -10295
1558693530981 -19114
1558693539617 -27750
1558693543423 -22837
1558693543423 -22837
1558693544494 -32626
1558693545377 -24791
1558693547336 -26750
1558693550259 -29673
1558693552306 -40409
1558693553189 -32603
1558693556122 -35536
1558693557166 -45268
1558693561908 -50010
1558693565894 -41119
1558693569716 -57818
1558693573543 -48767
1558693573543 -48767
1558693578500 -66600
1558693579475 -67575
1558693581364 -56587
1558693586323 -61546
1558693588144 -76244
1558693590200 -65423
1558693590213 -65436
1558693590992 -66215
1558693593968 -82068
1558693598789 -74011
1558693601789 -89889
1558693606641 -81842
1558693610423 -97139
1558693615235 -90436
1558693618167 -89379
1558693618167 -89379
1558693623133 -109848
1558693625988 -97200
1558693629801 -116515
1558693632731 -119445
1558693638516 -109726
1558693642430 -113639
1558693647320 -118529
1558693649274 -120483
1558693649274 -120483
1558693649325 -136024
1558693650302 -137001
1558693650302 -137001
1558693652204 -123413
1558693657952 -144651
1558693662790 -133998
1558693662839 -149538
1558693663769 -134977
1558693667723 -154422
1558693668702 -155401
1558693671584 -141748
1558693676513 -163212
1558693680295 -166994
1558693680295 -166994
1558693682270 -168969
1558693683315 -153478
1558693689007 -159170
1558693693939 -180636
1558693695840 -166003
1558693696821 -166984
1558693703534 -190231
1558693704648 -174811
1558693708564 -178727
1558693712280 -182440
1558693712324 -199020
1558693714236 -184396
1558693718186 -204882
1558693721119 -206164
1558693726814 -211859
1558693731701 -216746
1558693732679 -217724
1558693732806 -201905
1558693738553 -223598
1558693743436 -228481
1558693757064 -226162
1558693757879 -226977
1558693759833 -228931
1558693760811 -229909
1558693762765 -231863
1558693766699 -235797
1558693767654 -236752
1558693770587 -239685
1558693772410 -257452
1558693785117 -270159
1558693791955 -273902
1558693796688 -278635
1558693798693 -280640
1558693807452 -275217
1558693808468 -276233
1558693817166 -282184
1558693820147 -285165
1558693826957 -291973
1558693841429 -287205
1558693841449 -301659
1558693846350 -292125
1558693847334 -293109
1558693849271 -279593
1558693856923 -317131
1558693868742 -275811
1558693869598 -329804
1558693872404 -332610
1558693877287 -337492
1558693879234 -286301
1558693889969 -296972
1558693894711 -291952
1558693907733 -299572
1558693911628 -308867
1558693915130 -312369
1558693917991 -315229
1558693918148 -297985
1558693924815 -304651
1558693926766 -306602
1558693930680 -294889
1558693934599 -298808
1558693934608 -331841
1558693937538 -334770
1558693939464 -303672
1558693944195 -341424
1558693947126 -344354
1558693948102 -345330
1558693958835 -306594
1558693960826 -298911
1558693964694 -312453
1558693967624 -315382
1558693972384 -304548
1558693974310 -306474
1558693977228 -309392
1558693978210 -316295
1558693984077 -322162
1558693986840 -324925
1558693995632 -333717
1558694002462 -340546
1558694003450 -293123
1558694004416 -342499
1558694012078 -350161
1558694012240 -301912
1558694016149 -305818
1558694020879 -326912
1558694022825 -328857
1558694026734 -332766
1558694026737 -316404
1558694030668 -320334
1558694031687 -321352
1558694033592 -298022
1558694039463 -303893
1558694048059 -354088
1558694049036 -355065
1558694054902 -319042
1558694055879 -320019
1558694060760 -324899
1558694061739 -325878
1558694063695 -327834
1558694066461 -301687
1558694068414 -303640
1558694071375 -306600
1558694078179 -313403
1558694080135 -337629
1558694080135 -337629
1558694089891 -299933
1558694096573 -306614
1558694098551 -356034
1558694103422 -313462
1558694108455 -318304
1558694115991 -319077
1558694127680 -330764
1558694129490 -332574
1558694131593 -318317
1558694133396 -336479
1558694134377 -337460
1558694149008 -313404
1558694153906 -326995
1558694163537 -336625
1558694170332 -308543
1558694178008 -351094
1558694178985 -352071
1558694179132 -316979
1558694181923 -355008
1558694183863 -356948
1558694185809 -323655
1558694189747 -300755
1558694191761 -364845
1558694193620 -304627
1558694200398 -325028
1558694201337 -325967
1558694201532 -312536
1558694201532 -312536
1558694206454 -317457
1558694208346 -319348
1558694224058 -303973
1558694224912 -304827
1558694226729 -306643
1558694226745 -306659
1558694232575 -312488
1558694237309 -361934
1558694251192 -304894
1558694262574 -316212
1558694264526 -329885
1558694273461 -301067
1558694274359 -301964
1558694282024 -347379
1558694286956 -314559
1558694288918 -316521
1558694289881 -355233
1558694302509 -323287
1558694303484 -324262
1558694306487 -312599
1558694312347 -289517
1558694315278 -336054
1558694317272 -294442
1558694318253 -295422
1558694320030 -340806
1558694320212 -297381
1558694333789 -354563
1558694334802 -311969
1558694336735 -325469
1558694339712 -316879
1558694341664 -330397
1558694341690 -318856
1558694342635 -331368
1558694348371 -337103
1558694351324 -340055
1558694351324 -340055
1558694362124 -350854
1558694363105 -351835
1558694369042 -305307
1558694371789 -360518
1558694374760 -363488
1558694378664 -367391
1558694384560 -319042
1558694388493 -322975
1558694393261 -327742
1558694393474 -315169
1558694399129 -333609
1558694399354 -293992
1558694400172 -294810
1558694401100 -335580
1558694401100 -335580
1558694404097 -298734
1558694406088 -300725
1558694410914 -345393
1558694411899 -346377
1558694411899 -346377
1558694417740 -352213
1558694417958 -312593
1558694418948 -313583
1558694419885 -314520
1558694421801 -316435
1558694421804 -316438
1558694424515 -358987
1558694428449 -308582
1558694432383 -312515
1558694435337 -315468
1558694437299 -317430
1558694440315 -310694
1558694444981 -325110
1558694455799 -335927
1558694456854 -300946
1558694463748 -307839
1558694465719 -309810
1558694471372 -351497
1558694472423 -316495
1558694473402 -317474
1558694484213 -306018
1558694486922 -310707
1558694489136 -310940
1558694494784 -318568
1558694494784 -318568
1558694495843 -317646
1558694495845 -317648
1558694496748 -320532
1558694501739 -298309
1558694502655 -326438
1558694505676 -302246
1558694509544 -333326
1558694516244 -340026
1558694517475 -314043
1558694518212 -341993
1558694519196 -342977
1558694522221 -318719
1558694523128 -346908
1558694524116 -347896
1558694526122 -349901
1558694526123 -349902
1558694528202 -351980
1558694530203 -353981
1558694540666 -364440
1558694542867 -315143
1558694543612 -307309
1558694543684 -315960
1558694549608 -321884
1558694550496 -314192
1558694550504 -314200
1558694558443 -306461
1558694564136 -327830
1558694570994 -334686
1558694572035 -319970
1558694586530 -350218
1558694587514 -351202
1558694588499 -352186
1558694593407 -357093
1558694594492 -316161
1558694597433 -319102
1558694599322 -303702
1558694608238 -306509
1558694609224 -307495
1558694613157 -311427
1558694616939 -315209
1558694618795 -323173
1558694619774 -324152
1558694620757 -325135
1558694622834 -301627
1558694630423 -334799
1558694635344 -339719
1558694637566 -316357
1558694638289 -342664
1558694639271 -343646
1558694641362 -320152
1558694645172 -349545
1558694645273 -302612
1558694654022 -358392
1558694656088 -313388
1558694667638 -341419
1558694675478 -349258
1558694675581 -305556
1558694676461 -350241
1558694679295 -353075
1558694684428 -314402
1558694685410 -315384
1558694687213 -317187
1558694689180 -319154
1558694689180 -319154
1558694690059 -363838
1558694697933 -371710
1558694700971 -305555
1558694703918 -308502
1558694704908 -309492
1558694709819 -314402
1558694710799 -315382
1558694720410 -333794
1558694724710 -329191
1558694725662 -339045
1558694727387 -340770
1558694730269 -343652
1558694732332 -311476
1558694733268 -312412
1558694735042 -314185
1558694735964 -349346
1558694737004 -316147
1558694738876 -352258
1558694738876 -352258
1558694741825 -355206
1558694741922 -321064
1558694749687 -310553
1558694753456 -314322
1558694753720 -303741
1558694761408 -311428
1558694764263 -325127
1558694769270 -319289
1558694773203 -323222
1558694773203 -323222
1558694775172 -325190
1558694780810 -341672
1558694782871 -306476
1558694785822 -309427
1558694787785 -311390
1558694792599 -353458
1558694795543 -356401
1558694799309 -360166
1558694804500 -302761
1558694809251 -307511
1558694811215 -309475
1558694813072 -309432
1558694815151 -313411
