1558693140998 -9924
1558693141044 -9970
1558693142931 -11857
1558693156336 -25261
1558693159304 -28229
1558693179512 -47797
1558693181468 -49753
1558693183392 -51677
1558693198069 -66354
1558693204625 -72910
1558693207521 -75805
1558693210444 -78728
1558693213364 -81648
1558693213371 -81655
1558693216277 -84561
1558693218219 -86503
1558693220173 -88457
1558693239569 -101800
1558693250126 -112356
1558693261870 -124100
1558693264808 -127038
1558693277352 -139397
1558693278326 -140371
1558693299675 -161708
1558693315346 -176101
1558693315346 -176101
1558693333737 -194490
1558693334720 -195473
1558693338636 -199389
1558693350241 -210993
1558693350279 -211031
1558693352166 -212918
1558693359025 -219776
1558693374497 -235140
1558693375468 -236111
1558693384267 -244909
1558693401701 -262343
1558693410532 -271173
1558693411506 -272147
1558693418174 -278815
1558693424058 -284699
1558693425013 -285654
1558693429905 -290546
1558693434941 -294686
1558693441479 -301224
1558693442491 -302236
1558693446364 -286047
1558693448320 -288003
1558693466722 -306400
1558693469654 -299672
1558693478457 -308474
1558693520352 -12
1558693520354 -14
1558693521917 -1577
1558693522891 -2551
1558693540503 -20163
1558693553998 -33657
1558693559868 -39527
1558693566716 -46210
1558693573391 -52885
1558693576328 -55822
1558693582194 -61688
1558693592818 -72311
1558693593773 -73266
1558693597683 -77176
1558693608433 -87926
1558693613349 -92842
1558693617072 -96565
1558693620008 -99501
1558693636649 -111837
1558693643335 -118523
1558693644292 -119480
1558693650158 -125346
1558693653096 -128284
1558693658966 -134154
1558693671505 -146692
1558693674439 -149626
1558693688945 -160161
1558693699715 -170930
1558693703640 -174855
1558693705616 -176831
1558693720065 -191278
1558693728881 -200094
1558693728888 -200101
1558693730835 -202048
1558693731808 -201968
1558693739461 -209621
1558693741414 -211574
1558693743373 -213533
1558693746307 -216467
1558693759830 -229989
1558693764753 -234911
1558693775502 -245660
1558693779399 -249557
1558693786070 -256228
1558693787046 -257204
1558693789000 -259158
1558693794948 -265106
1558693809448 -278548
1558693817192 -286291
1558693822119 -291218
1558693823100 -292199
1558693828753 -297852
1558693832790 -287533
1558693835596 -290337
1558693839512 -294250
1558693845386 -300121
1558693855008 -294108
1558693871633 -291305
1558693873601 -293273
1558693882221 -301893
1558693885144 -304816
1558693897858 -291339
1558693899833 -293313
1558693901725 -295205
1558693911579 -291549
1558693918256 -298225
1558693919248 -299216
1558693929796 -291373
1558693940566 -302141
1558693951149 -292167
1558693957013 -298030
1558693963893 -304909
1558693979358 -298012
1558693983280 -301934
1558693986199 -304852
1558693987180 -305833
1558694001687 -298029
1558694007549 -303890
1558694027907 -294315
1558694030859 -297267
1558694031847 -298254
1558694038689 -305095
1558694046331 -312736
1558694060017 -296280
1558694067678 -303940
1558694074524 -310785
1558694096845 -302949
1558694101737 -307794
1558694103763 -309820
1558694109795 -315852
1558694110891 -316948
1558694131883 -312714
1558694135790 -316620
1558694140518 -291230
1558694149321 -300032
1558694167737 -318445
1558694171653 -292379
1558694172648 -293374
1558694174579 -295305
1558694179475 -300200
1558694189117 -309840
1558694193982 -314651
1558694194959 -315628
1558694204883 -292473
1558694210465 -298054
1558694223501 -311088
1558694243679 -297245
1558694256318 -309882
1558694260091 -313655
1558694279769 -303359
1558694282579 -306168
1558694283532 -307121
1558694287467 -311055
1558694299275 -292713
1558694307963 -301400
1558694308950 -302387
1558694314854 -308290
1558694324689 -318124
1558694325691 -292849
1558694332409 -299567
1558694338292 -305449
1558694351081 -288100
1558694352062 -289081
1558694356817 -293835
1558694356817 -293835
1558694357802 -294820
1558694358798 -295816
1558694386163 -293231
1558694390112 -297179
1558694394033 -301100
1558694405706 -312771
1558694406678 -313743
1558694406678 -313743
1558694410604 -292374
1558694427164 -308932
1558694431081 -312848
1558694440921 -297431
1558694440922 -297432
1558694445838 -302347
1558694450592 -307100
1558694465357 -292729
1558694468300 -295671
1558694470286 -297657
1558694475021 -302391
1558694481934 -309303
1558694482894 -310263
1558694489785 -317153
1558694490779 -318147
1558694499470 -296659
1558694499477 -296666
1558694502424 -299612
1558694520953 -289935
1558694520962 -289944
1558694540614 -309592
1558694545361 -314338
1558694546344 -315321
1558694551262 -300756
1558694554218 -303712
1558694570804 -293974
1558694574711 -297881
1558694581598 -304767
1558694586519 -309687
1558694615873 -309869
1558694626534 -291153
1558694632436 -297054
1558694638351 -302968
1558694652928 -287261
1558694653916 -288249
1558694669490 -303821
1558694679355 -313685
1558694681296 -315626
1558694699829 -304812
1558694727357 -302168
1558694744747 -293129
1558694753610 -301991
1558694756561 -304941
1558694760331 -308711
1558694768203 -316582
1558694772133 -293175
1558694782952 -303993
1558694785746 -306787
1558694788697 -309737
1558694791643 -312683
1558694792627 -313667
