1558693131425 -781
1558693140166 -9522
1558693142117 -11473
1558693147892 -17248
1558693151793 -21149
1558693161409 -30765
1558693164232 -33588
1558693171037 -40392
1558693172139 -41494
1558693175942 -45258
1558693182552 -51868
1558693186566 -55882
1558693193400 -62715
1558693203754 -73068
1558693204738 -74052
1558693208602 -77915
1558693210576 -79889
1558693211531 -80844
1558693213467 -82780
1558693216383 -85696
1558693220277 -89590
1558693221256 -90569
1558693222215 -91528
1558693227902 -97215
1558693252980 -121867
1558693262682 -131569
1558693266566 -135453
1558693267540 -136427
1558693277118 -146004
1558693279048 -147934
1558693281087 -149973
1558693297425 -161100
1558693301280 -164954
1558693307151 -170825
1558693311053 -174727
1558693323600 -187273
1558693342189 -205799
1558693359612 -223222
1558693360577 -224187
1558693361557 -225166
1558693362564 -226173
1558693368233 -231841
1558693382896 -245095
1558693394459 -256658
1558693409120 -271319
1558693409122 -271321
1558693414013 -276212
1558693416781 -278979
1558693422686 -284850
1558693433574 -291468
1558693436449 -294343
1558693445945 -303838
1558693453754 -297998
1558693456692 -300936
1558693463368 -307572
1558693464345 -308549
1558693514570 -609
1558693515484 -1523
1558693515487 -1526
1558693519408 -5447
1558693525320 -11358
1558693541783 -27820
1558693545636 -31673
1558693551507 -35955
1558693559318 -43766
1558693574796 -59207
1558693576745 -61155
1558693592275 -76684
1558693594216 -78625
1558693605940 -90348
1558693606917 -91325
1558693610664 -95072
1558693616543 -91771
1558693628251 -103477
1558693636854 -112080
1558693637832 -113058
1558693638811 -114036
1558693641748 -116973
1558693650548 -125773
1558693650556 -125781
1558693651541 -124340
1558693680605 -153385
1558693681584 -154364
1558693688369 -161149
1558693702039 -170698
1558693707736 -176394
1558693712636 -181294
1558693717512 -186170
1558693718491 -187149
1558693726333 -194990
1558693732007 -200664
1558693735938 -204595
1558693748633 -217129
1558693749609 -218105
1558693752381 -220877
1558693760199 -228695
1558693765178 -233674
1558693784467 -252962
1558693793343 -261182
1558693816673 -279816
1558693833151 -284504
1558693837925 -289278
1558693841814 -293166
1558693848544 -290193
1558693850463 -292112
1558693851481 -293128
1558693875717 -295011
1558693875732 -295026
1558693898010 -282464
1558693902055 -286506
1558693906072 -290520
1558693906269 -290716
1558693910107 -294551
1558693914720 -299162
1558693936953 -298144
1558693950487 -291312
1558693970834 -294989
1558693971814 -295969
1558693972801 -296956
1558693973786 -297940
1558693975746 -299900
1558693977694 -301848
1558693978672 -302826
1558693981600 -305753
1558693982577 -306730
1558693987475 -311628
1558693995113 -304782
1558694005861 -315528
1558694030166 -289351
1558694036807 -295992
1558694038777 -297961
1558694042714 -301898
1558694062072 -287383
1558694078684 -303993
1558694078684 -303993
1558694086333 -311641
1558694091215 -290255
1558694097079 -296118
1558694103979 -303017
1558694114682 -313719
1558694124292 -294208
1558694127229 -297144
1558694135856 -305770
1558694138793 -308707
1558694140752 -310666
1558694150534 -294219
1558694151512 -295197
1558694184411 -297962
1558694197228 -310777
1558694202068 -315617
1558694219673 -303075
1558694221808 -305209
1558694233929 -287365
1558694238908 -292344
1558694239930 -293365
1558694248801 -302235
1558694249808 -303242
1558694254418 -307852
1558694258334 -311767
1558694264232 -283618
1558694267217 -286603
1558694282760 -302144
1558694285704 -305087
1558694286759 -306142
1558694300310 -297379
1558694314079 -311147
1558694336518 -317091
1558694342416 -292901
1558694346188 -296672
1558694347166 -297650
1558694354050 -304533
1558694359956 -310438
1558694361920 -312402
1558694370625 -290973
1558694372588 -292936
1558694379461 -299808
1558694384370 -304716
1558694401909 -296009
1558694406838 -300938
1558694429281 -294401
1558694442887 -308005
1558694449775 -314892
1558694452734 -283802
1558694461574 -292641
1558694464545 -295611
1558694472232 -303297
1558694476166 -307231
1558694485011 -316075
1558694490774 -292660
1558694503537 -305422
1558694504516 -306401
1558694515188 -301579
1558694539591 -295821
1558694554347 -310575
1558694568943 -294868
1558694573854 -299778
1558694575818 -301741
1558694583693 -309615
1558694587457 -313378
1558694587457 -313378
1558694588442 -314362
1558694591391 -317310
1558694604179 -300931
1558694625670 -296015
1558694657789 -299806
1558694659759 -301776
1558694683196 -298828
1558694688105 -303736
1558694688105 -303736
1558694695074 -310704
1558694699907 -315536
1558694701874 -317503
1558694705652 -290931
1558694715491 -300769
1558694729238 -314514
1558694734017 -292931
1558694734989 -293903
1558694741868 -300781
1558694751696 -310608
1558694761371 -290125
1558694770223 -298976
1558694775142 -303894
1558694794647 -293079
1558694796614 -295046
