1558693138735 -14701
1558693141643 -17609
1558693142644 -18610
1558693145535 -21500
1558693155065 -31030
1558693158990 -34955
1558693161003 -36968
1558693161920 -37885
1558693174418 -49990
1558693177216 -52788
1558693183038 -58610
1558693186072 -61644
1558693201345 -76916
1558693209111 -84682
1558693210086 -85657
1558693213007 -88578
1558693214939 -88420
1558693223528 -97009
1558693230318 -103799
1558693231300 -104781
1558693241011 -114491
1558693247654 -121134
1558693254453 -127933
1558693260300 -132695
1558693264218 -136612
1558693282651 -155045
1558693285866 -158260
1558693287687 -160081
1558693292328 -164722
1558693302050 -174444
1558693311782 -181173
1558693311790 -181181
1558693324334 -193725
1558693330217 -199607
1558693337008 -206398
1558693337008 -206398
1558693340877 -210267
1558693341751 -211141
1558693353487 -222876
1558693369926 -239315
1558693369930 -239319
1558693411685 -270806
1558693412635 -271756
1558693413590 -272711
1558693426289 -270251
1558693427268 -271230
1558693434205 -278166
1558693435104 -279065
1558693435104 -279065
1558693448607 -292566
1558693451553 -284774
1558693454472 -287692
1558693458221 -291441
1558693460185 -293404
1558693460186 -293405
1558693517565 -5338
1558693523452 -11225
1558693531264 -19037
1558693537965 -25738
1558693551627 -39400
1558693554553 -42326
1558693563194 -49995
1558693565201 -52002
1558693569060 -55860
1558693589496 -76295
1558693590463 -77262
1558693596347 -83144
1558693602136 -88933
1558693606062 -92859
1558693608830 -93536
1558693610795 -95501
1558693614734 -99440
1558693615654 -100360
1558693627409 -112114
1558693635076 -119780
1558693653612 -138315
1558693655456 -140159
1558693659316 -142627
1558693661274 -144585
1558693662255 -145566
1558693669133 -152443
1558693670106 -153416
1558693671081 -154391
1558693680770 -164080
1558693687563 -170872
1558693705908 -184738
1558693724472 -203301
1558693727252 -206081
1558693740950 -219779
1558693742889 -221718
1558693748761 -227590
1558693754468 -231980
1558693757401 -234913
1558693777753 -255264
1558693778731 -256242
1558693778731 -256242
1558693784599 -260024
1558693784599 -260024
1558693791452 -266876
1558693798219 -273642
1558693802213 -265207
1558693803144 -266138
1558693807998 -270991
1558693808031 -271024
1558693824450 -270832
1558693825418 -271800
1558693827305 -273687
1558693836095 -282476
1558693839996 -286376
1558693848658 -295037
1558693856446 -288170
1558693856447 -288171
1558693867228 -298950
1558693869104 -300826
1558693875864 -294006
1558693876862 -295004
1558693894283 -282538
1558693895235 -283490
1558693898165 -286420
1558693903317 -291571
1558693906378 -294631
1558693913033 -301285
1558693916621 -304873
1558693917591 -305843
1558693918562 -306813
1558693920522 -308773
1558693930277 -273893
1558693941851 -285465
1558693958495 -302106
1558693965151 -308760
1558693967093 -310701
1558693968075 -311683
1558693973940 -292234
1558693992382 -310673
1558693993351 -311642
1558693995305 -298477
1558694007013 -310183
1558694011751 -287280
1558694018579 -294107
1558694032260 -307786
1558694042891 -300920
1558694062218 -295985
1558694087474 -292098
1558694088444 -293068
1558694089423 -294047
1558694092358 -296981
1558694093337 -297960
1558694093337 -297960
1558694107947 -312568
1558694111002 -315622
1558694112029 -286681
1558694114008 -288660
1558694118588 -293239
1558694120545 -295196
1558694125439 -300089
1558694128374 -303024
1558694132110 -306759
1558694136997 -311646
1558694143843 -295164
1558694146780 -298101
1558694181657 -303842
1558694187531 -309716
1558694193373 -315557
1558694195325 -287266
1558694214754 -306691
1558694227306 -293088
1558694227306 -293088
1558694230249 -296031
1558694239175 -304955
1558694241151 -306931
1558694271538 -311073
1558694281077 -291663
1558694282033 -292618
1558694288926 -299510
1558694292868 -303452
1558694292868 -303452
1558694297620 -308203
1558694304498 -315081
1558694309443 -289900
1558694311383 -291840
1558694315325 -295781
1558694316331 -296787
1558694320228 -300684
1558694322040 -302496
1558694326965 -307420
1558694329949 -310404
1558694330922 -311377
1558694332852 -313306
1558694333836 -314290
1558694334823 -315277
1558694338749 -300699
1558694347453 -309402
1558694358248 -292121
1558694367099 -300971
1558694372881 -306752
1558694374837 -308708
1558694375785 -309656
1558694379723 -313593
1558694383670 -317539
1558694383670 -317539
1558694401205 -304935
1558694408082 -311812
1558694409070 -312800
1558694412029 -315758
1558694415150 -318879
1558694418837 -292427
1558694419803 -293393
1558694425624 -299213
1558694432511 -306099
1558694447099 -298348
1558694451030 -302279
1558694454980 -306228
1558694456934 -308182
1558694466631 -317878
1558694476446 -302415
1558694477440 -303409
1558694482347 -308315
1558694503849 -303574
1558694516446 -316169
1558694517427 -317150
1558694518411 -318134
1558694521370 -321092
1558694522344 -288185
1558694536128 -301967
1558694540862 -306701
1558694563369 -298877
1558694574146 -309652
1558694598559 -304720
1558694598559 -304720
1558694622970 -295035
1558694626900 -298965
1558694629856 -301920
1558694630862 -302926
1558694644449 -316511
1558694661006 -302760
1558694661987 -303741
1558694663966 -305719
1558694665929 -307682
1558694668889 -310642
1558694669865 -311618
1558694672807 -314559
1558694676742 -284227
1558694677733 -285218
1558694680512 -287997
1558694684447 -291931
1558694692399 -299882
1558694699201 -306683
1558694701169 -308651
1558694705922 -313404
1558694710839 -284230
1558694718719 -292109
1558694726908 -300297
1558694727766 -301155
1558694741165 -314552
1558694744118 -288164
1558694752802 -296847
1558694758702 -302746
1558694764604 -308647
1558694766570 -310613
1558694771488 -315530
1558694778212 -297797
1558694784113 -303697
1558694787064 -306648
1558694788047 -307631
1558694794932 -314515
1558694795918 -315501
