1558693136420 -8627
1558693141145 -13352
1558693146850 -19057
1558693149758 -21965
1558693151678 -23884
1558693164268 -36474
1558693173030 -45232
1558693175800 -48001
1558693178650 -50851
1558693190541 -62741
1558693200907 -73107
1558693210471 -82670
1558693211428 -83627
1558693212408 -84607
1558693212408 -84607
1558693242119 -114282
1558693247919 -120070
1558693255635 -127785
1558693265146 -137296
1558693269002 -141152
1558693290091 -162145
1558693293039 -165093
1558693297813 -169867
1558693299731 -171785
1558693301688 -173742
1558693314037 -185924
1558693315009 -186896
1558693324652 -196539
1558693331409 -203295
1558693333229 -205115
1558693335131 -207017
1558693335131 -207017
1558693337040 -208926
1558693338006 -209892
1558693354471 -226356
1558693359115 -231000
1558693361021 -232906
1558693368778 -240663
1558693369708 -241593
1558693377435 -249210
1558693385947 -257722
1558693399486 -271260
1558693400459 -272233
1558693408066 -279840
1558693415818 -287592
1558693423644 -295338
1558693432187 -303880
1558693436135 -307828
1558693439939 -311631
1558693439939 -311631
1558693442943 -314635
1558693443836 -315528
1558693443836 -315528
1558693450467 -322095
1558693474568 -346195
1558693476511 -348138
1558693476511 -348138
1558693480393 -352020
1558693484279 -329518
1558693489129 -334368
1558693505478 -350714
1558693512277 -357512
1558693517131 -362365
1558693517131 -362365
1558693534979 -25793
1558693537897 -28711
1558693537897 -28711
1558693539837 -30651
1558693541815 -32629
1558693547606 -38419
1558693550330 -41143
1558693553237 -44050
1558693555171 -45984
1558693557115 -47928
1558693562953 -53765
1558693563962 -54774
1558693576373 -64360
1558693581231 -69218
1558693581231 -69218
1558693586089 -74075
1558693590944 -78930
1558693591914 -79900
1558693600510 -88495
1558693602432 -90417
1558693603399 -91384
1558693610242 -98227
1558693630442 -117474
1558693638206 -125237
1558693642093 -129124
1558693648733 -135763
1558693658464 -145493
1558693662343 -149372
1558693664273 -151302
1558693665257 -152286
1558693667068 -154097
1558693673886 -152546
1558693678726 -157386
1558693680745 -159405
1558693684523 -163183
1558693695039 -173698
1558693696020 -174679
1558693697962 -176620
1558693699881 -178539
1558693718165 -196821
1558693725944 -203012
1558693739376 -216443
1558693745203 -222270
1558693746200 -223267
1558693747144 -224211
1558693757857 -234923
1558693760739 -237805
1558693767378 -244444
1558693767380 -244446
1558693774198 -251264
1558693779056 -250912
1558693791507 -263363
1558693808930 -280786
1558693814764 -286619
1558693817631 -289486
1558693818607 -290462
1558693822526 -294381
1558693824429 -296284
1558693833110 -304335
1558693836859 -308084
1558693841703 -312928
1558693847552 -318777
1558693854351 -325576
1558693854351 -325576
1558693860957 -302766
1558693881191 -322997
1558693882152 -323958
1558693888960 -330765
1558693893815 -335619
1558693913248 -314495
1558693913295 -314542
1558693915093 -316339
1558693915093 -316339
1558693916001 -317247
1558693928446 -329691
1558693930387 -331632
1558693943995 -345237
1558693947870 -320140
1558693948836 -321106
1558693955532 -327801
1558693958394 -330662
1558693962319 -334587
1558693965188 -337456
1558693968093 -340360
1558693971014 -343281
1558693971018 -343285
1558693974755 -347021
1558693980586 -352852
1558693988336 -360600
1558693994161 -304792
1558693997903 -308533
1558694000822 -311452
1558694006627 -317256
1558694009536 -320164
1558694021203 -331830
1558694049039 -329679
1558694052927 -333567
1558694053904 -334543
1558694067511 -348149
1558694075110 -355747
1558694079962 -360598
1558694093385 -317557
1558694106050 -330221
1558694108064 -332234
1558694117509 -341678
1558694119454 -343623
1558694128197 -352365
1558694132084 -314309
1558694136936 -319161
1558694145521 -327745
1558694158237 -340459
1558694164785 -347006
1558694167690 -349911
1558694173547 -307691
1558694176438 -310581
1558694184207 -318349
1558694186963 -321105
1558694216134 -350272
1558694245036 -349228
1558694256574 -360762
1558694259318 -363505
1558694266166 -310184
1558694274872 -318889
1558694274875 -318892
1558694276822 -320839
1558694287399 -331415
1558694291309 -335324
1558694295238 -339253
1558694313630 -322094
1558694318521 -326984
1558694321459 -329922
1558694331072 -339533
1558694332031 -340492
1558694334962 -343423
1558694338868 -347329
1558694338870 -347330
1558694339841 -348301
1558694348635 -357094
1558694350589 -359047
1558694354336 -362793
1558694359236 -314032
1558694366073 -320868
1558694371922 -326716
1558694381534 -336327
1558694381535 -336328
1558694386439 -341232
1558694393282 -348074
1558694395212 -350004
1558694400102 -354892
1558694409718 -335460
1558694415780 -341521
1558694420517 -346257
1558694431043 -356782
1558694431045 -356784
1558694438887 -364625
1558694438895 -364633
1558694449477 -324073
1558694450445 -325041
1558694465083 -339676
1558694465084 -339677
1558694470006 -344598
1558694477623 -352214
1558694487394 -361982
1558694492278 -307103
1558694496028 -310853
1558694497005 -311830
1558694514598 -329423
1558694531441 -346265
1558694536929 -351753
1558694537891 -352715
1558694542773 -357597
1558694559242 -344125
1558694560216 -345099
1558694565126 -350008
1558694567883 -352765
1558694580551 -365431
1558694583503 -368383
1558694592105 -317115
1558694596054 -321063
1558694603832 -328840
1558694606771 -331779
1558694606774 -331782
1558694613602 -338609
1558694618338 -343344
1558694629070 -354075
1558694631039 -356043
1558694655296 -349897
1558694659208 -353808
1558694660181 -354780
1558694661966 -356565
1558694662944 -357543
1558694664901 -359499
1558694668810 -363406
1558694684451 -323716
1558694698952 -338216
1558694699928 -339192
1558694699929 -339193
1558694706772 -346035
1558694707746 -347009
1558694708723 -347985
1558694721354 -360615
1558694723431 -311731
1558694726415 -314715
1558694729194 -317493
1558694732094 -320393
1558694733024 -321323
1558694741623 -329921
1558694741623 -329921
1558694742593 -330891
1558694743569 -331867
