1558693138310 -13561
1558693139274 -14525
1558693143167 -18418
1558693158680 -33929
1558693159629 -34878
1558693163454 -38703
1558693189214 -61830
1558693189214 -61830
1558693194734 -67350
1558693196422 -69038
1558693196479 -69095
1558693219648 -92160
1558693222583 -95095
1558693222586 -95098
1558693226505 -99016
1558693231381 -103891
1558693238225 -110735
1558693245870 -118380
1558693246850 -119360
1558693247819 -120329
1558693250751 -123261
1558693255648 -128158
1558693256630 -129140
1558693259549 -132059
1558693277014 -147818
1558693278976 -149780
1558693282875 -153679
1558693296425 -167228
1558693298351 -169154
1558693305179 -175982
1558693312984 -183787
1558693320637 -191439
1558693326492 -193924
1558693326492 -193924
1558693352712 -220106
1558693356615 -224009
1558693359563 -226957
1558693366231 -233624
1558693377959 -245352
1558693377959 -245352
1558693383820 -251213
1558693384795 -252188
1558693388558 -255951
1558693392449 -259842
1558693395381 -261777
1558693411851 -278246
1558693424559 -276482
1558693428447 -280369
1558693428449 -280371
1558693438117 -290038
1558693439085 -291006
1558693441995 -293916
1558693471117 -300646
1558693474071 -303600
1558693486584 -316110
1558693490493 -320018
1558693491471 -320995
1558693492449 -321973
1558693495380 -324903
1558693516788 -7516
1558693519751 -10478
1558693524627 -15354
1558693529517 -20244
1558693534217 -24943
1558693537149 -27875
1558693538127 -28852
1558693539103 -29828
1558693540165 -30890
1558693546920 -37645
1558693553762 -44486
1558693556538 -47262
1558693557507 -48231
1558693580847 -68949
1558693600391 -88492
1558693607057 -95157
1558693608030 -96130
1558693631322 -118548
1558693632311 -119537
1558693633270 -120496
1558693635310 -122536
1558693641090 -128316
1558693642068 -129294
1558693643110 -130336
1558693647924 -135150
1558693651692 -138918
1558693659485 -146711
1558693687718 -174941
1558693730439 -214412
1558693730439 -214412
1558693739166 -223138
1558693747789 -231760
1558693756577 -240547
1558693762436 -246406
1558693766388 -250358
1558693776942 -260220
1558693777913 -261191
1558693781815 -265092
1558693785719 -268996
1558693797347 -280624
1558693801348 -284625
1558693812089 -295007
1558693813976 -296894
1558693828394 -311311
1558693831325 -314242
1558693831327 -314244
1558693832516 -315433
1558693833394 -316311
1558693838165 -315463
1558693840113 -317411
1558693841091 -318389
1558693852704 -330001
1558693868226 -345523
1558693869260 -346557
1558693873041 -350338
1558693877935 -355231
1558693892428 -342442
1558693900277 -350290
1558693905578 -355590
1558693907383 -357394
1558693917692 -367701
1558693920622 -370630
1558693924492 -338664
1558693945864 -360034
1558693952690 -366859
1558693956586 -370754
1558693956588 -370756
1558693960360 -374528
1558693962319 -376487
1558693964257 -378424
1558693965224 -379391
1558693975976 -345550
1558693993428 -363000
1558693994391 -363963
1558694012843 -314412
1558694019619 -321187
1558694035098 -336663
1558694047798 -349360
1558694048776 -350338
1558694065268 -336808
1558694071130 -342669
1558694077929 -349467
1558694079742 -351280
1558694083668 -355205
1558694116718 -358181
1558694120619 -362082
1558694127306 -368768
1558694138045 -379504
1558694160381 -341733
1558694184621 -365968
1558694186574 -367920
1558694198264 -354341
1558694199186 -355262
1558694218011 -374085
1558694229273 -385345
1558694230289 -386360
1558694245973 -350605
1558694251816 -356447
1558694276094 -317533
1558694278057 -319496
1558694294647 -336079
1558694299532 -340963
1558694306444 -347872
1558694324952 -336405
1558694337732 -349183
1558694339706 -351157
1558694342482 -353933
1558694350375 -361825
1558694351346 -362795
1558694353303 -364752
1558694354283 -365732
1558694359222 -370670
1558694361208 -372656
1558694366903 -347875
1558694374803 -355773
1558694377720 -358690
1558694384607 -365576
1558694384609 -365578
1558694400186 -381153
1558694402162 -383129
1558694409035 -345625
1558694419766 -356355
1558694438224 -374810
1558694449017 -327413
1558694454941 -333336
1558694464610 -343004
1558694465579 -343973
1558694466576 -344970
1558694472463 -350856
1558694479372 -357764
1558694480335 -358727
1558694494907 -343277
1558694516389 -364756
1558694528344 -376709
1558694529425 -377790
1558694529503 -377868
1558694533138 -381502
1558694534963 -341537
1558694536873 -343447
1558694539812 -346385
1558694542760 -349333
1558694546691 -353263
1558694561337 -367908
1558694562306 -368877
1558694563291 -369861
1558694592600 -346687
1558694593587 -347674
1558694596534 -350620
1558694599507 -353593
1558694620955 -375038
1558694626848 -338876
1558694628664 -340691
1558694628664 -340691
1558694633574 -345597
1558694635545 -347567
1558694636524 -348545
1558694655044 -367054
1558694669801 -328295
1558694672751 -331245
1558694674721 -333215
1558694676521 -335014
1558694681431 -339924
1558694682490 -340982
1558694682490 -340982
1558694716669 -346631
1558694720684 -350645
1558694729569 -359529
1558694731354 -361314
1558694734213 -364173
1558694741094 -371052
