1558693124532 -459
1558693124861 -788
1558693126590 -2031
1558693134537 -7090
1558693135542 -8029
1558693135542 -8029
1558693140360 -16286
1558693141781 -17221
1558693143680 -18773
1558693144094 -16581
1558693145606 -21045
1558693148851 -21338
1558693149224 -24335
1558693151766 -24253
1558693155054 -30164
1558693155054 -30164
1558693156731 -29216
1558693159094 -34186
1558693159922 -35032
1558693163705 -38815
1558693166613 -41723
1558693170518 -45627
1558693174174 -46659
1558693175181 -44111
1558693179711 -55158
1558693181012 -49942
1558693186145 -60807
1558693190876 -63360
1558693192395 -67842
1558693192914 -61844
1558693196086 -69615
1558693196425 -68898
1558693196992 -70521
1558693199306 -68235
1558693200129 -71058
1558693200785 -74314
1558693201438 -76099
1558693204000 -74929
1558693204364 -79025
1558693205121 -76050
1558693207956 -78885
1558693212285 -85814
1558693213263 -86792
1558693215649 -86577
1558693217048 -87974
1558693217143 -90672
1558693218732 -87661
1558693219095 -92624
1558693219460 -90388
1558693219526 -88443
1558693221777 -92703
1558693224377 -93294
1558693225358 -94275
1558693226323 -95240
1558693226682 -97608
1558693226682 -97608
1558693227294 -96211
1558693230214 -99131
1558693231567 -102465
1558693232161 -101078
1558693232540 -103438
1558693236043 -104960
1558693237037 -107965
1558693237433 -108330
1558693238001 -108929
1558693238401 -111922
1558693240315 -113396
1558693240915 -109831
1558693240919 -109835
1558693243124 -114021
1558693244127 -115024
1558693246575 -115491
1558693246639 -113267
1558693252897 -123266
1558693253430 -117068
1558693253430 -117068
1558693255370 -119008
1558693257338 -120976
1558693258600 -131680
1558693258761 -129130
1558693263207 -126845
1558693264421 -137501
1558693266380 -139460
1558693266380 -139460
1558693266380 -139460
1558693266746 -133372
1558693267353 -140433
1558693268386 -138754
1558693270260 -143340
1558693273284 -143652
1558693276207 -146575
1558693278327 -144952
1558693280031 -151919
1558693280309 -146934
1558693281039 -152927
1558693281039 -152927
1558693281275 -147900
1558693283077 -153445
1558693283146 -149771
1558693284032 -154400
1558693285185 -151810
1558693287719 -159607
1558693288487 -152123
1558693290749 -161117
1558693292359 -155979
1558693292359 -155979
1558693294663 -160411
1558693300051 -163671
1558693301207 -173093
1558693307901 -171521
1558693308079 -173827
1558693308290 -176633
1558693309843 -173463
1558693310760 -182645
1558693311791 -175411
1558693313651 -185536
1558693314640 -186525
1558693314951 -183293
1558693315651 -187086
1558693316740 -182488
1558693316909 -185251
1558693317509 -181128
1558693317551 -188986
1558693317708 -183456
1558693317883 -186225
1558693321818 -190160
1558693322418 -193853
1558693325419 -191167
1558693326686 -195028
1558693329269 -191447
1558693330969 -202403
1558693331189 -193367
1558693331189 -193365
1558693333153 -195329
1558693333893 -205327
1558693334875 -206309
1558693335094 -197270
1558693335828 -207262
1558693336796 -208230
1558693344580 -216014
1558693347056 -215396
1558693348479 -219913
1558693348645 -210821
1558693349012 -217352
1558693350400 -213403
1558693351396 -214399
1558693352538 -214714
1558693353154 -224588
1558693358081 -221084
1558693359763 -228103
1558693359938 -229855
1558693362140 -224315
1558693364485 -232825
1558693364673 -227676
1558693367559 -230562
1558693368536 -231539
1558693371627 -241544
1558693371911 -233877
1558693373565 -243482
1558693374258 -242598
1558693374263 -242475
1558693376215 -244427
1558693376294 -246211
1558693377200 -245412
1558693378172 -246384
1558693379752 -241718
1558693380106 -243109
1558693383113 -253030
1558693385437 -247403
1558693388796 -251791
1558693393661 -261872
1558693393661 -261872
1558693393671 -261882
1558693393780 -253489
1558693394644 -262855
1558693394644 -262855
1558693396484 -259478
1558693396624 -264835
1558693396637 -264848
1558693397664 -257373
1558693398151 -260116
1558693400106 -262071
1558693402475 -260725
1558693403072 -264712
1558693405492 -263742
1558693408202 -267909
1558693408320 -266570
1558693412123 -270372
1558693413682 -275319
1558693414034 -266606
1558693419852 -272423
1558693419852 -272423
1558693419857 -272428
1558693419898 -278146
1558693419910 -278158
1558693420865 -273436
1558693421492 -279740
1558693423634 -276205
1558693428697 -277344
1558693429400 -272531
1558693432590 -281236
1558693433432 -276563
1558693433665 -282311
1558693437053 -289433
1558693438980 -284906
1558693439333 -287979
1558693439895 -285821
1558693440088 -283216
1558693440254 -288899
1558693441055 -284183
1558693442046 -274370
1558693443035 -275359
1558693445760 -291685
1558693448662 -280985
1558693448686 -294610
1558693449218 -288406
1558693449662 -295586
1558693453064 -286725
1558693453927 -291007
1558693457686 -294765
1558693461597 -295256
1558693466406 -300064
1558693467103 -306185
1558693468080 -307160
1558693514290 -4465
1558693514563 -56
1558693518211 -6262
1558693519002 -4495
1558693520140 -8191
1558693522066 -10117
1558693522066 -10117
1558693522066 -10117
1558693524967 -15141
1558693525927 -13977
1558693526823 -12315
1558693526890 -14940
1558693528778 -14270
1558693528822 -16872
1558693530892 -18083
1558693531766 -21938
1558693533675 -19167
1558693533834 -21025
1558693533840 -21031
1558693535495 -25667
1558693536601 -23792
1558693539380 -24871
1558693539380 -29552
1558693539526 -26716
1558693541330 -26821
1558693542334 -32505
1558693543143 -31193
1558693545201 -35372
1558693545387 -32577
1558693546064 -34114
1558693547200 -32691
1558693548913 -36963
1558693554699 -42749
1558693556627 -44674
1558693557664 -46431
1558693557966 -43456
1558693558941 -44431
1558693561566 -50333
1558693562681 -48171
1558693563506 -52273
1558693564447 -52494
1558693564849 -51982
1558693569659 -56791
1558693570933 -58980
1558693574176 -62943
1558693575527 -62659
1558693578060 -66827
1558693581267 -66663
1558693583228 -68624
1558693583736 -72503
1558693589932 -75327
1558693594920 -82052
1558693596784 -82179
1558693598740 -86786
1558693599679 -85074
1558693601632 -80958
1558693606575 -91969
1558693606662 -93793
1558693610325 -89651
1558693610395 -97526
1558693610395 -97526
1558693610790 -98336
1558693611273 -96667
1558693611273 -96667
1558693611281 -90607
1558693615280 -99353
1558693616605 -104141
1558693617065 -96390
1558693620488 -108023
1558693622979 -96949
1558693624936 -98906
1558693626892 -100862
1558693628979 -113051
1558693629059 -116590
1558693635859 -123390
1558693638500 -112469
1558693641514 -125585
1558693642494 -126565
1558693643476 -127547
1558693646286 -120254
1558693646404 -130475
1558693647265 -121233
1558693649462 -136992
1558693651239 -138769
1558693656457 -135779
1558693658950 -142546
1558693659009 -146539
1558693659818 -133785
1558693659931 -143527
1558693660908 -144504
1558693661272 -140594
1558693661275 -140597
1558693664706 -138673
1558693666101 -144209
1558693666662 -140523
1558693667746 -155276
1558693667746 -155276
1558693668044 -146151
1558693668843 -146950
1558693669693 -157223
1558693670773 -148880
1558693673578 -147439
1558693675357 -161496
1558693676561 -160156
1558693678266 -164405
1558693680505 -158611
1558693684269 -162375
1558693689099 -167205
1558693689099 -172694
1558693689917 -176055
1558693689976 -158555
1558693690063 -168168
1558693690085 -173680
1558693691036 -169141
1558693691861 -177999
1558693692040 -175635
1558693694874 -172979
1558693700439 -186577
1558693702382 -188520
1558693706298 -176634
1558693707252 -177588
1558693708209 -194347
1558693708389 -176967
1558693712319 -180896
1558693714991 -185326
1558693716315 -199907
1558693716948 -201350
1558693721719 -192054
1558693724559 -208961
1558693725101 -208693
1558693728767 -197343
1558693731358 -215759
1558693732339 -216740
1558693734260 -204594
1558693735722 -219313
1558693739103 -209436
1558693741073 -225472
1558693743524 -221828
1558693743764 -214097
1558693744412 -212987
1558693748578 -218911
1558693750509 -220814
1558693751643 -236042
1558693754513 -238911
1558693757950 -226510
1558693758395 -242793
1558693764270 -248668
1558693768657 -238418
1558693768777 -247081
1558693768943 -250687
1558693773490 -243251
1558693774477 -252780
1558693775383 -243942
1558693775750 -257494
1558693785049 -254809
1558693787941 -257701
1558693787941 -257701
1558693788905 -258665
1558693788906 -258666
1558693792983 -260815
1558693794035 -271821
1558693794576 -264335
1558693794965 -262797
1558693796039 -273825
1558693797949 -279676
1558693799537 -269296
1558693799869 -277655
1558693800729 -268561
1558693804599 -272431
1558693805191 -273347
1558693807583 -275415
1558693807698 -289425
1558693808687 -290414
1558693809580 -281388
1558693811076 -279232
1558693811983 -280139
1558693815360 -273042
1558693815404 -297131
1558693816203 -297930
1558693818780 -286936
1558693819356 -291162
1558693819722 -287877
1558693820261 -277943
1558693821057 -300656
1558693823577 -291732
1558693825915 -283596
1558693826905 -284586
1558693828850 -286531
1558693829263 -297418
1558693829766 -309365
1558693829821 -287501
1558693831769 -311368
1558693831825 -289505
1558693833731 -313330
1558693833816 -291496
1558693834727 -292407
1558693839652 -284325
1558693841262 -300691
1558693841262 -300691
1558693846341 -291013
1558693847096 -306524
1558693847461 -315615
1558693848424 -316578
1558693850006 -309434
1558693851219 -295890
1558693851228 -295899
1558693854111 -294155
1558693854866 -314293
1558693859032 -293051
1558693859039 -293058
1558693859824 -327978
1558693860986 -295005
1558693862722 -330876
1558693863518 -322944
1558693865390 -324816
1558693867321 -326746
1558693867531 -310871
1558693868881 -295443
1558693869357 -328782
1558693871577 -305594
1558693874492 -301053
1558693875098 -334522
1558693878139 -321478
1558693878425 -293397
1558693879012 -338436
1558693880078 -323417
1558693881355 -296326
1558693882862 -321154
1558693884289 -303725
1558693885701 -329039
1558693886226 -301197
1558693888185 -291268
1558693890133 -293215
1558693890483 -328774
1558693891112 -294194
1558693895841 -298923
1558693897797 -300878
1558693898240 -336530
1558693899221 -342557
1558693900229 -338519
1558693901817 -286657
1558693904834 -289674
1558693905397 -348732
1558693905961 -290801
1558693909923 -294762
1558693911927 -301604
1558693916416 -306092
1558693917557 -355844
1558693918335 -308011
1558693921095 -305933
1558693921095 -305933
1558693922386 -360672
1558693923056 -307894
1558693924320 -281666
1558693925011 -309848
1558693931863 -278728
1558693932850 -280580
1558693933068 -290413
1558693935767 -282631
1558693935810 -293154
1558693935810 -293154
1558693937730 -284594
1558693937730 -284594
1558693938715 -286444
1558693938742 -296086
1558693942468 -289331
1558693944224 -333896
1558693945385 -292248
1558693951252 -298114
1558693952230 -299092
1558693955151 -302878
1558693957151 -304012
1558693958110 -304971
1558693959073 -306800
1558693962028 -308889
1558693962987 -310713
1558693965769 -323107
1558693970630 -300597
1558693971070 -317488
1558693971597 -328933
1558693974578 -291448
1558693975562 -292432
1558693975892 -322310
1558693983386 -300255
1558693984567 -330984
1558693985027 -342358
1558693987941 -297052
1558693988246 -305114
1558693988474 -334890
1558693991982 -289196
1558693991982 -289196
1558693992013 -308881
1558693995704 -304814
1558693998078 -344493
1558693998814 -296027
1558693999828 -305906
1558694000770 -297982
1558694001546 -310655
1558694005690 -311766
1558694007656 -313731
1558694011092 -320198
1558694011092 -320198
1558694011092 -320198
1558694014277 -311487
1558694014283 -311493
1558694014993 -324098
1558694015311 -297139
1558694018188 -315397
1558694019142 -324172
1558694021068 -326098
1558694021769 -330870
1558694022097 -294179
1558694029587 -334616
1558694031565 -336593
1558694032298 -341395
1558694032498 -337526
1558694032917 -314742
1558694035388 -340416
1558694038122 -347217
1558694041585 -302995
1558694043481 -315560
1558694044075 -349102
1558694049326 -295184
1558694051280 -297138
1558694052528 -332634
1558694052579 -298177
1558694055188 -301045
1558694058120 -303977
1558694063192 -308789
1558694063830 -309686
1558694065842 -298122
1558694066130 -346233
1558694066761 -312617
1558694072008 -352109
1558694073904 -354004
1558694074759 -320354
1558694075726 -321321
1558694078483 -298105
1558694078553 -310831
1558694079520 -311798
1558694079520 -311798
1558694082451 -314729
1558694083399 -303020
1558694086148 -305768
1558694088113 -307733
1558694092978 -312597
1558694097052 -327874
1558694097935 -303975
1558694098989 -329811
1558694102613 -348202
1558694106817 -312856
1558694110859 -341680
1558694114495 -304006
1558694115432 -298163
1558694115469 -298200
1558694116321 -347141
1558694117296 -348116
1558694119218 -308728
1558694120941 -308049
1558694122222 -304953
1558694123122 -353941
1558694125156 -307886
1558694131363 -318469
1558694133696 -293074
1558694134605 -321142
1558694136628 -296006
1558694137152 -324257
1558694138698 -296162
1558694139464 -326000
1558694141642 -299106
1558694141985 -329088
1558694142375 -328910
1558694143479 -302856
1558694147482 -304945
1558694149017 -335551
1558694151472 -338575
1558694152441 -339543
1558694152899 -339433
1558694153253 -312628
1558694154380 -313755
1558694159214 -346316
1558694159966 -298744
1558694163945 -287510
1558694166781 -305558
1558694167467 -353998
1558694167867 -291432
1558694169790 -307732
1558694169821 -293385
1558694171784 -295348
1558694172669 -311445
1558694174117 -306789
1558694174465 -312406
1558694176047 -308718
1558694176397 -314338
1558694176397 -314338
1558694176397 -314337
1558694180246 -318186
1558694181406 -304969
1558694182839 -315509
1558694186726 -319395
1558694190927 -328865
1558694195730 -333667
1558694199270 -331938
1558694199928 -308814
1558694200230 -332898
1558694203871 -301142
1558694204130 -336797
1558694204710 -313596
1558694210486 -285483
1558694220181 -313106
1558694222733 -289901
1558694223508 -290676
1558694225369 -292537
1558694230889 -305882
1558694230953 -298120
1558694230956 -298123
1558694231943 -299110
1558694235022 -315557
1558694236000 -303167
1558694237816 -312808
1558694238802 -313794
1558694238822 -313814
1558694238873 -331796
1558694241837 -334760
1558694245644 -326177
1558694245772 -338694
1558694245772 -290624
1558694249701 -342623
1558694250627 -295478
1558694251544 -332076
1558694253373 -346294
1558694253457 -290468
1558694255346 -300196
1558694256262 -349183
1558694256383 -293393
1558694257285 -337816
1558694258208 -338739
1558694262933 -302267
1558694264865 -304199
1558694265240 -302249
1558694268137 -312985
1558694268884 -349412
1558694270117 -314965
1558694271173 -316021
1558694271253 -308261
1558694272205 -309213
1558694272920 -353446
1558694273085 -317933
1558694273689 -313022
1558694276771 -296333
1558694278738 -298300
1558694279731 -299293
1558694280394 -319726
1558694283655 -303216
1558694283766 -290792
1558694284084 -323416
1558694286720 -293746
1558694286720 -293745
1558694288371 -338950
1558694292518 -312078
1558694294480 -314040
1558694295472 -315031
1558694296474 -316033
1558694297430 -316989
1558694301319 -308343
1558694302850 -353427
1558694304459 -343787
1558694304812 -355389
1558694305243 -312266
1558694309193 -348519
1558694309685 -360261
1558694309688 -360264
1558694310172 -317195
1558694310664 -361240
1558694311044 -300504
1558694311101 -350426
1558694311161 -318183
1558694312022 -301481
1558694312067 -351392
1558694313423 -363998
1558694315379 -365954
1558694315947 -355271
1558694316100 -290045
1558694319017 -292961
1558694319888 -309347
1558694319888 -309346
1558694322739 -304563
1558694323668 -313126
1558694324649 -314107
1558694324681 -306505
1558694325634 -315092
1558694327726 -301669
1558694329560 -311383
1558694330062 -323511
1558694330070 -323519
1558694330581 -291041
1558694335187 -316432
1558694337445 -297904
1558694342586 -335986
1558694345529 -338929
1558694345869 -327113
1558694346505 -339904
1558694347508 -340907
1558694348099 -308556
1558694351152 -298851
1558694351688 -332931
1558694351688 -332931
1558694352999 -313455
1558694359208 -352603
1558694360259 -341501
1558694363821 -294091
1558694366763 -297032
1558694369788 -331333
1558694371671 -290192
1558694371756 -333300
1558694372916 -354153
1558694376761 -308179
1558694378406 -308674
1558694378536 -309954
1558694382418 -313835
1558694385290 -315557
1558694386302 -317719
1558694387272 -318689
1558694388240 -288425
1558694389372 -307891
1558694390145 -351681
1558694400927 -362457
1558694401662 -333077
1558694402639 -334054
1558694402826 -303009
1558694402849 -364379
1558694403612 -335026
1558694403829 -365358
1558694403965 -292397
1558694406765 -306947
1558694406928 -295360
1558694408556 -370083
1558694408725 -308907
1558694408890 -297322
1558694410411 -341825
1558694411377 -342790
1558694414379 -345792
1558694414480 -312694
1558694415815 -315996
1558694417731 -287737
1558694418365 -349777
1558694419281 -350692
1558694420435 -290441
1558694420435 -290441
1558694420435 -290441
1558694421266 -319478
1558694422488 -310918
1558694423022 -354432
1558694423991 -296483
1558694425775 -298267
1558694427136 -325348
1558694427243 -297248
1558694428099 -326310
1558694429085 -327296
1558694430361 -284832
1558694430623 -303114
1558694433145 -303149
1558694435776 -333986
1558694437262 -291732
1558694437433 -309923
1558694439045 -309048
1558694442816 -312819
1558694442994 -297463
1558694442996 -297465
1558694444573 -342782
1558694445182 -317523
1558694445535 -343744
1558694447731 -287789
1558694451667 -291725
1558694452379 -350585
1558694453357 -351562
1558694456112 -354316
1558694456584 -296641
1558694456670 -329010
1558694458067 -356270
1558694458551 -298608
1558694461975 -327298
1558694462496 -302552
1558694462711 -287025
1558694463477 -303533
1558694466634 -290947
1558694467415 -339753
1558694471758 -337079
1558694472040 -344378
1558694475107 -285026
1558694476892 -349229
1558694477608 -342928
1558694477859 -350196
1558694477859 -350196
1558694480023 -289942
1558694480218 -304529
1558694481009 -290928
1558694482334 -347654
1558694482334 -347654
1558694483315 -348635
1558694483704 -356040
1558694485265 -350584
1558694486912 -296830
1558694487571 -359906
1558694487893 -297811
1558694488197 -353516
1558694490698 -300615
1558694494811 -296768
1558694501893 -367210
1558694507419 -292039
1558694507604 -309559
1558694509361 -293981
1558694511585 -313540
1558694512334 -296953
1558694512496 -324502
1558694514597 -327561
1558694516388 -328394
1558694518342 -330347
1558694519033 -303651
1558694520294 -332299
1558694521281 -333286
1558694528309 -313776
1558694529135 -313752
1558694529306 -314773
1558694530306 -315773
1558694531348 -344309
1558694533034 -345994
1558694533943 -346903
1558694536960 -296136
1558694537556 -295785
1558694537718 -350677
1558694540641 -353599
1558694541490 -299719
1558694545421 -303649
1558694546404 -304632
1558694547266 -300653
1558694547497 -359497
1558694548600 -307774
1558694551550 -310724
1558694552302 -310529
1558694555997 -309383
1558694556138 -324032
1558694559073 -326966
1558694560196 -297675
1558694561069 -328961
1558694561236 -298715
1558694561452 -294243
1558694562846 -316124
1558694563049 -330940
1558694563049 -330940
1558694564778 -318055
1558694565188 -297979
1558694566940 -304418
1558694569857 -307335
1558694570428 -323704
1558694571775 -339662
1558694571808 -309285
1558694572365 -325641
1558694577952 -310741
1558694581086 -334361
1558694582655 -295021
1558694583363 -351246
1558694584605 -296970
1558694584973 -338248
1558694586270 -354151
1558694586886 -340161
1558694587860 -341134
1558694592123 -360002
1558694592546 -295016
1558694594264 -306628
1558694596480 -298949
1558694597009 -334811
1558694598447 -300916
1558694602122 -314485
1558694603228 -356500
1558694603367 -305835
1558694604092 -297419
1558694604358 -306826
1558694608025 -301352
1558694609046 -306479
1558694609547 -347347
1558694610808 -304134
1558694612092 -314559
1558694616651 -314081
1558694618360 -356159
1558694619338 -357137
1558694623599 -299920
1558694623895 -296183
1558694623895 -296183
1558694625037 -362835
1558694627807 -300095
1558694631239 -328663
1558694632184 -329608
1558694637848 -335269
1558694639458 -311744
1558694640151 -316470
1558694640433 -312719
1558694640663 -331847
1558694642405 -314690
1558694642702 -340122
1558694643394 -315679
1558694644573 -335756
1558694645069 -295947
1558694651251 -342433
1558694652410 -349826
1558694652410 -349826
1558694655161 -346343
1558694659074 -350255
1558694659953 -301912
1558694660639 -311515
1558694661940 -302612
1558694662908 -303580
1558694662911 -303583
1558694663957 -355137
1558694664870 -306828
1558694665917 -357097
1558694671765 -313722
1558694672619 -313289
1558694673414 -294025
1558694673415 -294026
1558694674392 -295003
1558694677674 -299093
1558694682421 -310673
1558694683342 -311594
1558694684110 -324779
1558694685069 -325738
1558694687984 -328652
1558694689968 -310577
1558694691872 -332540
1558694691950 -312559
1558694691956 -312565
1558694693867 -334535
1558694696882 -317490
1558694698817 -327067
1558694699791 -328041
1558694703077 -290263
1558694705547 -299720
1558694706030 -293216
1558694706523 -300696
1558694706523 -300696
1558694710537 -338785
1558694713739 -300924
1558694716418 -344665
1558694718333 -312505
1558694719172 -347418
1558694719655 -306839
1558694722432 -316603
1558694722502 -316673
1558694724125 -303950
1558694724433 -318604
1558694725882 -313065
1558694726713 -313895
1558694727707 -314889
1558694727864 -307687
1558694728210 -356451
1558694730666 -310488
1558694731936 -360176
1558694732886 -361126
1558694734813 -306715
1558694737173 -316993
1558694739692 -311594
1558694740151 -300930
1558694740796 -305680
1558694742018 -321836
1558694743748 -308632
1558694745713 -310597
1558694746373 -318273
1558694746879 -326696
1558694747350 -319250
1558694748014 -308791
1558694759656 -295009
1558694760280 -340092
1558694760280 -340092
1558694761623 -296976
1558694762262 -300715
1558694762985 -334883
1558694764226 -302679
1558694769017 -348826
1558694769663 -341560
1558694771465 -306816
1558694772449 -307800
1558694772900 -352708
1558694774549 -346444
1558694775526 -347420
1558694778456 -350349
1558694785692 -298738
1558694786673 -299718
1558694788029 -289281
1558694789012 -290264
1558694789997 -291249
1558694790603 -303648
1558694791974 -333739
1558694793929 -335694
1558694794919 -296171
1558694796504 -309548
1558694798473 -311517
1558694798853 -300104
