1558693134731 -3880
1558693135758 -4907
1558693136379 -5770
1558693136685 -5834
1558693137595 -6744
1558693140173 -9564
1558693141146 -10537
1558693141512 -10661
1558693141869 -9666
1558693143749 -11546
1558693146744 -14541
1558693147915 -17306
1558693149197 -18346
1558693152204 -21352
1558693153518 -25694
1558693153518 -25694
1558693154492 -22289
1558693154918 -24066
1558693156903 -26051
1558693159294 -31467
1558693161224 -29021
1558693162341 -31731
1558693163085 -30882
1558693165584 -34732
1558693166555 -35703
1558693168475 -37623
1558693170434 -39582
1558693172801 -44974
1558693173697 -45870
1558693175942 -44794
1558693177477 -49649
1558693181997 -48597
1558693183475 -51067
1558693184520 -53372
1558693189510 -61677
1558693191999 -58599
1558693192877 -59477
1558693195731 -62331
1558693197639 -64238
1558693199577 -66176
1558693200847 -69699
1558693205742 -74594
1558693207158 -73757
1558693209032 -81197
1558693210734 -78326
1558693214629 -82221
1558693214825 -86989
1558693218877 -85476
1558693219485 -87076
1558693220628 -92792
1558693220628 -92792
1558693222428 -90019
1558693226260 -98424
1558693227226 -99390
1558693227522 -94118
1558693228190 -100148
1558693232399 -98995
1558693233029 -104987
1558693234984 -106942
1558693234996 -106954
1558693235337 -101933
1558693236300 -102896
1558693236724 -100419
1558693236726 -100421
1558693236882 -108840
1558693237716 -101411
1558693238834 -110792
1558693243167 -109763
1558693243650 -115608
1558693243782 -108891
1558693244560 -108255
1558693246711 -111820
1558693251214 -123172
1558693253404 -118513
1558693253412 -118520
1558693253744 -119390
1558693256047 -128005
1558693256674 -122320
1558693259041 -122734
1558693259269 -124377
1558693260996 -124689
1558693263767 -135606
1558693266147 -131255
1558693267840 -131533
1558693268079 -133123
1558693268595 -140434
1558693268595 -140434
1558693269807 -133500
1558693271986 -137030
1558693272978 -138022
1558693274758 -139802
1558693275055 -140699
1558693275739 -140783
1558693276751 -141795
1558693278013 -143657
1558693278696 -143740
1558693279704 -144748
1558693280156 -151994
1558693280729 -145773
1558693280996 -146640
1558693282017 -153855
1558693282042 -153880
1558693282363 -145950
1558693283925 -155763
1558693286693 -151737
1558693287831 -159669
1558693289435 -154479
1558693289724 -155351
1558693292512 -157556
1558693295611 -159514
1558693296427 -160330
1558693296444 -160347
1558693297305 -169142
1558693298068 -163112
1558693298806 -162393
1558693300764 -164351
1558693302032 -167076
1558693302743 -166330
1558693309091 -172993
1558693310558 -174145
1558693313494 -175704
1558693315936 -179837
1558693318611 -181540
1558693321276 -193112
1558693325296 -188224
1558693326031 -188240
1558693327058 -198769
1558693329945 -192153
1558693335075 -198003
1558693339225 -202672
1558693342333 -214044
1558693342652 -204859
1558693345431 -207638
1558693346886 -210333
1558693348618 -211526
1558693351777 -215224
1558693352963 -224673
1558693353933 -225643
1558693353933 -225643
1558693355211 -217418
1558693357378 -220285
1558693357805 -229515
1558693358141 -220292
1558693359124 -221275
1558693359355 -222262
1558693359586 -223033
1558693360092 -222243
1558693360092 -222243
1558693360695 -232405
1558693361056 -223207
1558693361283 -224190
1558693363595 -235305
1558693364214 -227121
1558693364978 -227129
1558693365191 -228098
1558693366415 -229861
1558693366918 -229069
1558693367283 -238993
1558693371659 -233810
1558693372095 -235541
1558693373073 -236519
1558693375566 -237716
1558693376561 -238711
1558693382846 -246292
1558693385328 -247478
1558693389710 -252207
1558693391360 -262998
1558693392330 -263968
1558693392998 -255148
1558693395252 -266890
1558693397191 -268829
1558693397883 -260033
1558693398165 -269803
1558693399836 -261986
1558693401252 -263748
1558693402769 -264919
1558693405033 -264177
1558693405804 -267954
1558693405804 -267954
1558693405804 -267954
1558693407920 -279558
1558693408672 -270822
1558693412592 -274576
1558693412604 -274588
1558693414509 -276492
1558693414522 -286160
1558693415318 -277301
1558693419407 -291043
1558693423434 -282575
1558693424547 -283966
1558693424568 -283987
1558693425226 -296814
1558693426307 -269015
1558693427154 -298742
1558693427283 -269991
1558693429013 -287876
1558693432035 -303623
1558693432215 -274922
1558693433357 -276064
1558693433407 -276114
1558693436342 -282906
1558693443552 -315139
1558693447410 -318997
1558693449390 -294684
1558693450544 -315761
1558693450865 -316082
1558693451146 -316343
1558693451168 -316365
1558693451297 -322884
1558693451334 -296628
1558693451373 -316570
1558693452569 -316556
1558693452598 -316585
1558693453719 -315145
1558693454020 -315445
1558693454264 -299557
1558693455008 -316431
1558693455009 -316432
1558693455069 -316492
1558693455401 -316824
1558693455608 -316842
1558693455619 -316853
1558693455901 -317135
1558693455940 -317174
1558693456387 -317619
1558693456595 -317827
1558693457095 -318313
1558693457364 -318582
1558693457452 -318670
1558693457559 -318777
1558693458007 -319224
1558693458333 -318600
1558693458534 -318800
1558693458976 -319242
1558693459088 -319354
1558693459302 -319568
1558693460187 -320218
1558693460215 -320246
1558693461173 -318674
1558693461194 -318695
1558693461453 -305392
1558693461753 -305691
1558693461813 -304224
1558693462781 -305192
1558693463279 -302416
1558693463874 -298463
1558693471528 -313938
1558693473472 -315882
1558693473651 -308239
1558693484973 -327381
1558693510236 -141
1558693514629 -5400
1558693514634 -4539
1558693516572 -6477
1558693517077 -3511
1558693518055 -4489
1558693518055 -4489
1558693518065 -1425
1558693518450 -9221
1558693520019 -3379
1558693522396 -13166
1558693524332 -15102
1558693526016 -16190
1558693527002 -17176
1558693528302 -18206
1558693530157 -20927
1558693531120 -21890
1558693536104 -19463
1558693536802 -27571
1558693537908 -27812
1558693539410 -25844
1558693540690 -31459
1558693543316 -29749
1558693548238 -31596
1558693548347 -38521
1558693549184 -35617
1558693549319 -39493
1558693549607 -39511
1558693551140 -37573
1558693551559 -41463
1558693552119 -38552
1558693553282 -44050
1558693556982 -47153
1558693556999 -45083
1558693557993 -44172
1558693558108 -41465
1558693559218 -48985
1558693559915 -50085
1558693561068 -44425
1558693561073 -44429
1558693562831 -50915
1558693562972 -37846
1558693565116 -54883
1558693565738 -53821
1558693567683 -55766
1558693568576 -54754
1558693569551 -44425
1558693569684 -59854
1558693569953 -59717
1558693571506 -46380
1558693571508 -57686
1558693572548 -60631
1558693573473 -48347
1558693573476 -48350
1558693574576 -64746
1558693575422 -50295
1558693576425 -64508
1558693577399 -65482
1558693577780 -67544
1558693579342 -67424
1558693580155 -68237
1558693581255 -71425
1558693582274 -65967
1558693582294 -57167
1558693583070 -71152
1558693583481 -73244
1558693584197 -74367
1558693584454 -74217
1558693585033 -68726
1558693585184 -75354
1558693586466 -76229
1558693587380 -62253
1558693588004 -76085
1558693588022 -71715
1558693588965 -77046
1558693592810 -80890
1558693593810 -68682
1558693595722 -83802
1558693599846 -88654
1558693602056 -86652
1558693602496 -90576
1558693603055 -87651
1558693603614 -87305
1558693604597 -88288
1558693604609 -79479
1558693605569 -89260
1558693606546 -95354
1558693610201 -97190
1558693611028 -85898
1558693613225 -88094
1558693614216 -97906
1558693614616 -99212
1558693615331 -104138
1558693616567 -101163
1558693618258 -107065
1558693619094 -102784
1558693620079 -91413
1558693620453 -105049
1558693621207 -110014
1558693621779 -108766
1558693628966 -100300
1558693629081 -113677
1558693631637 -115326
1558693633750 -122555
1558693634249 -121235
1558693634834 -106168
1558693634834 -106168
1558693635558 -111150
1558693636538 -107872
1558693637650 -126454
1558693638140 -125126
1558693639459 -115051
1558693642772 -127365
1558693643372 -118963
1558693643374 -118965
1558693644348 -119939
1558693644368 -115702
1558693646655 -131248
1558693650574 -135167
1558693653332 -137925
1558693655229 -126562
1558693657430 -136128
1558693660325 -139023
1558693661148 -145741
1558693661950 -147420
1558693663244 -141942
1558693663744 -133686
1558693664214 -142912
1558693664712 -140302
1558693664773 -134715
1558693665200 -143898
1558693668621 -144211
1558693668670 -138612
1558693669608 -145198
1558693670582 -146172
1558693672004 -150701
1558693673943 -158535
1558693675740 -154437
1558693677440 -153030
1558693678616 -163208
1558693679214 -154804
1558693681372 -166841
1558693682195 -157785
1558693683064 -153005
1558693684121 -154061
1558693685100 -155040
1558693686446 -165142
1558693687036 -162626
1558693688398 -167094
1558693688989 -158929
1558693690331 -169027
1558693691941 -161881
1558693693088 -175831
1558693693880 -169417
1558693697796 -173333
1558693698095 -176790
1558693698175 -181983
1558693698778 -174315
1558693699758 -175295
1558693700769 -170708
1558693701705 -184448
1558693704469 -180006
1558693704636 -187379
1558693705623 -188366
1558693705623 -188366
1558693706429 -181966
1558693706738 -190546
1558693708568 -191311
1558693709370 -184907
1558693709804 -178984
1558693710671 -194479
1558693711317 -186854
1558693711646 -195454
1558693712483 -195226
1558693713286 -182466
1558693713480 -190457
1558693714599 -198407
1558693715230 -190767
1558693717182 -192719
1558693718326 -195302
1558693718326 -195302
1558693722375 -206182
1558693723010 -199985
1558693729888 -206863
1558693731672 -200851
1558693733707 -210682
1558693733957 -209004
1558693734682 -211657
1558693734946 -209993
1558693735609 -204788
1558693735660 -212635
1558693737770 -220510
1558693738867 -213914
1558693739677 -222417
1558693740783 -215829
1558693742609 -225349
1558693744557 -227297
1558693747316 -216495
1558693748116 -225089
1558693752043 -227579
1558693752223 -234963
1558693753338 -228383
1558693753948 -226299
1558693753948 -226299
1558693754977 -230513
1558693755276 -230321
1558693755276 -230321
1558693757231 -232276
1558693761026 -243766
1558693761037 -243777
1558693762155 -237200
1558693762695 -235046
1558693762800 -234652
1558693762811 -231988
1558693764167 -239212
1558693767028 -242072
1558693767684 -236861
1558693768850 -251589
1558693768972 -244016
1558693769837 -252576
1558693773243 -245593
1558693775356 -247207
1558693775579 -258318
1558693776635 -251679
1558693779457 -254740
1558693780559 -255603
1558693781032 -253381
1558693781224 -250401
1558693781972 -254321
1558693785222 -254399
1558693786124 -255300
1558693788052 -259903
1558693792267 -266674
1558693794942 -266793
1558693794979 -270262
1558693795084 -269491
1558693795949 -267800
1558693799049 -273456
1558693800085 -274492
1558693800988 -275395
1558693806728 -282010
1558693812379 -284229
1558693816275 -288125
1558693816593 -290999
1558693817247 -284963
1558693818273 -293554
1558693818488 -286204
1558693819609 -290833
1558693821279 -288995
1558693821325 -295731
1558693822540 -293764
1558693822963 -290679
1558693825434 -296658
1558693826210 -293926
1558693826669 -294385
1558693826830 -295514
1558693827295 -281915
1558693829266 -300490
1558693829771 -284390
1558693830742 -299426
1558693833009 -300206
1558693834102 -308508
1558693834887 -302084
1558693835383 -290002
1558693836083 -307306
1558693837859 -312265
1558693837859 -312265
1558693838569 -293187
1558693838786 -305983
1558693839812 -314218
1558693840526 -295144
1558693846221 -301506
1558693846222 -301507
1558693846439 -296131
1558693847433 -297125
1558693848572 -319625
1558693849415 -320508
1558693849441 -287525
1558693854323 -305306
1558693858219 -309201
1558693858936 -314219
1558693859187 -310169
1558693860892 -316175
1558693863717 -285368
1558693865029 -316011
1558693865914 -316896
1558693866767 -322049
1558693866943 -288593
1558693868888 -319486
1558693870564 -325845
1558693870753 -309805
1558693871491 -293141
1558693872706 -323687
1558693873689 -324669
1558693874409 -329689
1558693874413 -296062
1558693877342 -332621
1558693877595 -328575
1558693878324 -275691
1558693879321 -297992
1558693879506 -330103
1558693879526 -281643
1558693880536 -331516
1558693880562 -331542
1558693881258 -278625
1558693882237 -300907
1558693882410 -333006
1558693883208 -301878
1558693884345 -334941
1558693885164 -303834
1558693885317 -335913
1558693888099 -306768
1558693888375 -339353
1558693890063 -308732
1558693892936 -343531
1558693894156 -291521
1558693895852 -346446
1558693895960 -298074
1558693896932 -299046
1558693897744 -295018
1558693901754 -320422
1558693904778 -301261
1558693907068 -323561
1558693907068 -309181
1558693907832 -326499
1558693909162 -325655
1558693909281 -325774
1558693910793 -312905
1558693910793 -312905
1558693911849 -313961
1558693914614 -291430
1558693915178 -311660
1558693916362 -332854
1558693918293 -334785
1558693918999 -315480
1558693919574 -284840
1558693922982 -288247
1558693928082 -344573
1558693928085 -304899
1558693928846 -294110
1558693931978 -348468
1558693932753 -298016
1558693932971 -309784
1558693934889 -351378
1558693939771 -282710
1558693945292 -306766
1558693945516 -282609
1558693953144 -296081
1558693954108 -297045
1558693954254 -309545
1558693955788 -283791
1558693956312 -299249
1558693957203 -312494
1558693959216 -296307
1558693959237 -296328
1558693960987 -298078
1558693961963 -299054
1558693962919 -318209
1558693962919 -318209
1558693962919 -318209
1558693965337 -293338
1558693965836 -321126
1558693970193 -298194
1558693970712 -326001
1558693970761 -307851
1558693971529 -333000
1558693971689 -326978
1558693973495 -299002
1558693974700 -311789
1558693975444 -336914
1558693976013 -304013
1558693976417 -337887
1558693980896 -308895
1558693981534 -318622
1558693982501 -319589
1558693983439 -289561
1558693983503 -277884
1558693985571 -313570
1558693987182 -348649
1558693989163 -283542
1558693992050 -347333
1558693995037 -289412
1558693995814 -301934
1558693996795 -302915
1558693997761 -359225
1558693998218 -326215
1558693999187 -327184
1558694000723 -289415
1558694001823 -357066
1558694002862 -297233
1558694003638 -292329
1558694004602 -305788
1558694004603 -305789
1558694005787 -300157
1558694006782 -334776
1558694006782 -334776
1558694007546 -308732
1558694008477 -335452
1558694008528 -297217
1558694009462 -336437
1558694012430 -339405
1558694013242 -314427
1558694014364 -341338
1558694015331 -342305
1558694015546 -343536
1558694017482 -345472
1558694019109 -320293
1558694022031 -280582
1558694026932 -328115
1558694028169 -356155
1558694029093 -297200
1558694031926 -299191
1558694031947 -358919
1558694032912 -291462
1558694034710 -361682
1558694034852 -293402
1558694035772 -303879
1558694036748 -295297
1558694037725 -304989
1558694039624 -366595
1558694040665 -307929
1558694042645 -309909
1558694043110 -301596
1558694043598 -310862
1558694044374 -345554
1558694044958 -303443
1558694045333 -303818
1558694046308 -304793
1558694046311 -304796
1558694046491 -313754
1558694047507 -315612
1558694048377 -318223
1558694049463 -288442
1558694050492 -289470
1558694051345 -318608
1558694052208 -280613
1558694052289 -322134
1558694052322 -319585
1558694052399 -291377
1558694052401 -291379
1558694053165 -354342
1558694056161 -295139
1558694058043 -286447
1558694061973 -290377
1558694062836 -330097
1558694064742 -293145
1558694064742 -293145
1558694067677 -296080
1558694070628 -337888
1558694071832 -310808
1558694072671 -342514
1558694073536 -340795
1558694074519 -315628
1558694074529 -302931
1558694076594 -304996
1558694079187 -346445
1558694079402 -320399
1558694080154 -347411
1558694081399 -284543
1558694083092 -350348
1558694085991 -353246
1558694086249 -289392
1558694086959 -354214
1558694088905 -356159
1558694089238 -294305
1558694090211 -295278
1558694091014 -294156
1558694092948 -296090
1558694092996 -332784
1558694095707 -307863
1558694097885 -337672
1558694098636 -310791
1558694098798 -339792
1558694098853 -338640
1558694100805 -340591
1558694101783 -341569
1558694101950 -307016
1558694102933 -307998
1558694105307 -317461
1558694105326 -317480
1558694110969 -316033
1558694111608 -351393
1558694112342 -324496
1558694114449 -354234
1558694114449 -354234
1558694114617 -289489
1558694115371 -355156
1558694115401 -355185
1558694116129 -319115
1558694116233 -357220
1558694116383 -319369
1558694116856 -297652
1558694119164 -360150
1558694119844 -331997
1558694121343 -296214
1558694122103 -302898
1558694123079 -303874
1558694125254 -300124
1558694127213 -302083
1558694128999 -303869
1558694129405 -341556
1558694129979 -304849
1558694130772 -370553
1558694131887 -282563
1558694132870 -283545
1558694132870 -283545
1558694133898 -308767
1558694134682 -323954
1558694136202 -348352
1558694137173 -349323
1558694137575 -315618
1558694142040 -354188
1558694142474 -293148
1558694143447 -321369
1558694143673 -293297
1558694144448 -333718
1558694150286 -328207
1558694153545 -302074
1558694154545 -332465
1558694157404 -307026
1558694159463 -307991
1558694159463 -307991
1558694161317 -309845
1558694162851 -352119
1558694163293 -311821
1558694167723 -356991
1558694172624 -361891
1558694172844 -299412
1558694172891 -297254
1558694173592 -362859
1558694177334 -315801
1558694178485 -356397
1558694178549 -302911
1558694179303 -357215
1558694181263 -359174
1558694182548 -331073
1558694184172 -284509
1558694185146 -323612
1558694185146 -323612
1558694187377 -311738
1558694188079 -326544
1558694189220 -289556
1558694192071 -330536
1558694193003 -310725
1558694193248 -341771
1558694194932 -295267
1558694196056 -344578
1558694196961 -314682
1558694198764 -337228
1558694201952 -300043
1558694206621 -345084
1558694210604 -359118
1558694210914 -311248
1558694211679 -312004
1558694212310 -312634
1558694212379 -330099
1558694213602 -311691
1558694214312 -292301
1558694217544 -335263
1558694223384 -312066
1558694225176 -313858
1558694225176 -342894
1558694225284 -293301
1558694225330 -293347
1558694226046 -304035
1558694226563 -304552
1558694226949 -344666
1558694226990 -315671
1558694227819 -305808
1558694228132 -306120
1558694228879 -346595
1558694229264 -307252
1558694231824 -309811
1558694232734 -310721
1558694235023 -303038
1558694235746 -324426
1558694236749 -354462
1558694240683 -327201
1558694242419 -331098
1558694243193 -291068
1558694243864 -311878
1558694247459 -333976
1558694247684 -286703
1558694249719 -288737
1558694250712 -289730
1558694252341 -313545
1558694252579 -291597
1558694254296 -302170
1558694254421 -293439
1558694254828 -302702
1558694254980 -302854
1558694255432 -294450
1558694255740 -303614
1558694255792 -303666
1558694256387 -295404
1558694256979 -345656
1558694257698 -286182
1558694257996 -319199
1558694259323 -298340
1558694259875 -348551
1558694261109 -289593
1558694265239 -304255
1558694266935 -353447
1558694267876 -329078
1558694270795 -331997
1558694272639 -301122
1558694274804 -303287
1558694275444 -336645
1558694275592 -309772
1558694276428 -337628
1558694276868 -315883
1558694277673 -278944
1558694278839 -291587
1558694279549 -313728
1558694280519 -314698
1558694281693 -282964
1558694285721 -298468
1558694286760 -299507
1558694292361 -293630
1558694293253 -327430
1558694296341 -297609
1558694298186 -299454
1558694300870 -304044
1558694300960 -335136
1558694301913 -303180
1558694303911 -338087
1558694305806 -308980
1558694305925 -340101
1558694308439 -338249
1558694310704 -313877
1558694312757 -285840
1558694312790 -285873
1558694313319 -343127
1558694313657 -316829
1558694315840 -288923
1558694318057 -347864
1558694318566 -321738
1558694320000 -349806
1558694320532 -323703
1558694320833 -313072
1558694321638 -294720
1558694321799 -314038
1558694322341 -325512
1558694322931 -352736
1558694323783 -291707
1558694325752 -293676
1558694327710 -295634
1558694329361 -314984
1558694330251 -333421
1558694330334 -315957
1558694330715 -298638
1558694331305 -316927
1558694331749 -305477
1558694333160 -336330
1558694335214 -320836
1558694336188 -309262
1558694336546 -304468
1558694337191 -322813
1558694337445 -311173
1558694342046 -345214
1558694342904 -328525
1558694344278 -318005
1558694348172 -297949
1558694349789 -335409
1558694351762 -337382
1558694352123 -299654
1558694354088 -301618
1558694355039 -328765
1558694357975 -331700
1558694360927 -334652
1558694360997 -308526
1558694361007 -308536
1558694361633 -347252
1558694363550 -292958
1558694363680 -337404
1558694363680 -337404
1558694364767 -294174
1558694365470 -301708
1558694368685 -316213
1558694370670 -318198
1558694371520 -345242
1558694371690 -301097
1558694373603 -296872
1558694375569 -298838
1558694379076 -315148
1558694383057 -321125
1558694385410 -308678
1558694387941 -324010
1558694390948 -297059
1558694391149 -314416
1558694391733 -329800
1558694392872 -328939
1558694392872 -306881
1558694392872 -306881
1558694394648 -330714
1558694395645 -331711
1558694397638 -335704
1558694400856 -306965
1558694403617 -281534
1558694405007 -282924
1558694407491 -345556
1558694407542 -321549
1558694412237 -326244
1558694412383 -350447
1558694413218 -327225
1558694415354 -353418
1558694416259 -294174
1558694421882 -299796
1558694422047 -360109
1558694423011 -304714
1558694425248 -303144
1558694430344 -293514
1558694430895 -312597
1558694431875 -313576
1558694432314 -295484
1558694434558 -348560
1558694434826 -316527
1558694436526 -350527
1558694436968 -292560
1558694437505 -351506
1558694440559 -348285
1558694440738 -322438
1558694445919 -309087
1558694446901 -310069
1558694447441 -329141
1558694447441 -329141
1558694448435 -330134
1558694452164 -304461
1558694452364 -360086
1558694452368 -334067
1558694453360 -335059
1558694455430 -286746
1558694456299 -337997
1558694459693 -292712
1558694462293 -293608
1558694463269 -294584
1558694464631 -295946
1558694466411 -297726
1558694466694 -318989
1558694468385 -301403
1558694468385 -301403
1558694468623 -320918
1558694472911 -304225
1558694475784 -323582
1558694476787 -307794
1558694477233 -310250
1558694477773 -308780
1558694479206 -312223
1558694479400 -331694
1558694480706 -328503
1558694480706 -328503
1558694481168 -314185
1558694482143 -334437
1558694483687 -314693
1558694484672 -315678
1558694484730 -295619
1558694485769 -296658
1558694486911 -289758
1558694488994 -341286
1558694490418 -321423
1558694490766 -301654
1558694490871 -293718
1558694491361 -339157
1558694491396 -322401
1558694493402 -304290
1558694494781 -297627
1558694495766 -298612
1558694497293 -328297
1558694497810 -350099
1558694497816 -350105
1558694501219 -332223
1558694501670 -304515
1558694502160 -349954
1558694504417 -298658
1558694506205 -300445
1558694507141 -338144
1558694508172 -302412
1558694510144 -341146
1558694510426 -313270
1558694510874 -358667
1558694511116 -342118
1558694511381 -314225
1558694515256 -311420
1558694516205 -312369
1558694521898 -290162
1558694524140 -300793
1558694526012 -322172
1558694529944 -326103
1558694530896 -319509
1558694531900 -316326
1558694532441 -309093
1558694534756 -330914
1558694534874 -311526
1558694535989 -304252
1558694536554 -304816
1558694536682 -304944
1558694542257 -288999
1558694542441 -338598
1558694546600 -293167
1558694547578 -294145
1558694548158 -294899
1558694549099 -333522
1558694549284 -345440
1558694550008 -338618
1558694551510 -298076
1558694552163 -298903
1558694553034 -349190
1558694554026 -350182
1558694555006 -351162
1558694556027 -302766
1558694556982 -353138
1558694557967 -342389
1558694558090 -304762
1558694559910 -356065
1558694562304 -308976
1558694562663 -351271
1558694562898 -359053
