1558693125951 -1880
1558693131467 -6578
1558693136716 -13319
1558693139278 -14389
1558693142146 -18074
1558693145022 -20068
1558693145996 -21924
1558693148677 -24605
1558693148717 -23763
1558693152636 -27682
1558693154723 -21092
1558693156421 -32348
1558693159379 -35306
1558693161461 -27826
1558693162257 -37701
1558693164435 -40880
1558693164441 -40886
1558693168275 -44720
1558693169242 -45687
1558693171726 -47170
1558693175772 -50817
1558693177862 -54306
1558693178698 -53742
1558693184583 -59627
1558693185555 -60599
1558693186604 -52968
1558693187693 -54057
1558693189791 -64955
1558693193568 -68732
1558693194298 -60662
1558693196181 -65488
1558693196320 -71461
1558693199101 -65465
1558693199114 -65478
1558693200056 -66420
1558693202958 -65979
1558693203833 -73140
1558693204738 -79879
1558693206686 -81827
1558693206705 -69726
1558693206758 -76065
1558693208578 -83719
1558693211485 -86626
1558693213430 -88571
1558693214436 -77457
1558693214999 -90440
1558693215453 -84760
1558693216456 -85763
1558693217352 -80373
1558693217352 -80373
1558693218692 -92229
1558693220283 -83304
1558693221148 -96287
1558693225019 -94326
1558693225997 -101135
1558693226991 -96298
1558693227944 -97250
1558693231336 -104873
1558693231859 -101165
1558693234510 -109648
1558693238125 -111662
1558693238604 -101624
1558693238678 -107944
1558693241254 -116392
1558693242219 -117357
1558693243190 -118328
1558693244430 -106108
1558693245256 -114522
1558693246351 -108029
1558693247349 -109027
1558693247683 -121217
1558693248164 -117430
1558693248307 -109985
1558693249284 -110962
1558693250898 -126036
1558693250898 -126036
1558693251080 -112757
1558693251080 -112757
1558693256426 -129492
1558693256694 -131832
1558693256939 -126205
1558693257926 -127192
1558693262474 -137611
1558693264222 -137288
1558693264409 -139041
1558693267447 -136713
1558693271606 -133282
1558693271812 -144877
1558693271812 -144877
1558693273909 -148541
1558693276819 -151451
1558693281124 -150016
1558693284531 -157596
1558693291157 -164222
1558693295030 -168095
1558693296968 -170033
1558693297895 -170960
1558693298657 -159675
1558693298834 -173465
1558693299794 -174425
1558693301598 -162616
1558693302779 -174676
1558693304514 -165531
1558693306469 -167486
1558693306471 -167488
1558693307456 -168473
1558693307461 -168478
1558693310539 -182436
1558693311001 -179893
1558693313284 -185181
1558693314297 -175314
1558693316272 -187223
1558693321577 -185256
1558693324513 -188191
1558693325903 -197800
1558693327843 -199739
1558693328426 -192104
1558693330681 -201632
1558693330740 -191755
1558693330743 -191758
1558693331733 -203629
1558693332626 -203577
1558693333676 -205572
1558693335613 -207509
1558693337587 -198602
1558693339341 -211237
1558693339343 -211239
1558693340556 -201571
1558693341949 -205626
1558693347040 -217991
1558693351156 -211603
1558693352006 -223435
1558693352090 -212537
1558693352848 -223783
1558693359649 -230584
1558693360558 -231987
1558693360879 -221325
1558693364516 -235451
1558693364516 -235451
1558693365429 -236858
1558693365488 -236423
1558693366235 -229842
1558693366467 -237402
1558693367732 -228177
1558693371124 -234731
1558693374152 -245580
1558693375023 -245958
1558693375379 -235824
1558693376967 -247902
1558693376984 -240589
1558693379009 -250437
1558693381875 -245480
1558693381927 -251845
1558693382897 -252815
1558693384173 -244112
1558693384686 -254604
1558693384737 -255671
1558693385628 -249232
1558693385653 -255571
1558693392011 -251950
1558693393444 -257048
1558693393481 -264415
1558693393792 -253731
1558693394769 -254708
1558693398677 -258616
1558693401269 -264872
1558693402065 -270469
1558693404554 -264493
1558693405574 -265513
1558693406157 -262713
1558693407498 -267436
1558693407913 -276317
1558693409822 -259095
1558693410788 -260061
1558693416747 -278948
1558693418441 -280826
1558693419413 -281798
1558693419680 -281881
1558693423447 -262979
1558693424423 -263955
1558693426528 -288729
1558693428826 -285787
1558693428826 -285787
1558693430188 -269719
1558693433308 -289936
1558693433419 -295619
1558693437178 -299378
1558693445282 -286863
1558693447872 -310072
1558693450807 -313007
1558693451143 -279844
1558693457119 -296414
1558693458073 -297368
1558693459044 -298339
1558693464334 -301811
1558693466289 -303766
1558693485683 -323157
1558693500351 -337822
1558693505073 -342543
1558693506052 -343521
1558693511168 -6
1558693514958 -2525
1558693518537 -8333
1558693520672 -4464
1558693520786 -8352
1558693521648 -10486
1558693522496 -12289
1558693522660 -11498
1558693525388 -15181
1558693525388 -15181
1558693526537 -15374
1558693526545 -15382
1558693526620 -14186
1558693527555 -16392
1558693527608 -15174
1558693528495 -12287
1558693529500 -13291
1558693530428 -19265
1558693533379 -22216
1558693534172 -23009
1558693534918 -24710
1558693536864 -26655
1558693538265 -22056
1558693541042 -28606
1558693545900 -34737
1558693549481 -39272
1558693555703 -39356
1558693556658 -35410
1558693557078 -46868
1558693561938 -51706
1558693562232 -49788
1558693563195 -50751
1558693564383 -43135
1558693570962 -58518
1558693574555 -64322
1558693576053 -59706
1558693583904 -67557
1558693584871 -68524
1558693590582 -69332
1558693591573 -70323
1558693592857 -82623
1558693592861 -82627
1558693593194 -80749
1558693596506 -75255
1558693599650 -89416
1558693599970 -87525
1558693603540 -90308
1558693605215 -79177
1558693605792 -93347
1558693608235 -95002
1558693608553 -95614
1558693610225 -96992
1558693619219 -106280
1558693619729 -98105
1558693621840 -108607
1558693625725 -112492
1558693634221 -112596
1558693636173 -110079
1558693638488 -125548
1558693644026 -130793
1558693646936 -133700
1558693646936 -133700
1558693652801 -122933
1558693653863 -140920
1558693656696 -130601
1558693657481 -144245
1558693659421 -146185
1558693662409 -136314
1558693662415 -132547
1558693662415 -132547
1558693663381 -137286
1558693669426 -153827
1558693670245 -140377
1558693671205 -142618
1558693672171 -143584
1558693673130 -159894
1558693676199 -160600
1558693677058 -148471
1558693679809 -166573
1558693680079 -151492
1558693680689 -167453
1558693680951 -151002
1558693681731 -168495
1558693682646 -169410
1558693683556 -170320
1558693683808 -168209
1558693685712 -157125
1558693687737 -172138
1558693690584 -161996
1558693691583 -162995
1558693691605 -161656
1558693692308 -175794
1558693693528 -177929
1558693693546 -163597
1558693695228 -178714
1558693695487 -179888
1558693696446 -180847
1558693697451 -167502
1558693698446 -168497
1558693698446 -168497
1558693700321 -184722
1558693702173 -172224
1558693702173 -172224
1558693702310 -173721
1558693703156 -173207
1558693704133 -174184
1558693704773 -188258
1558693706101 -176152
1558693706712 -190197
1558693707065 -177116
1558693707681 -191166
1558693709080 -179131
1558693709643 -193128
1558693710979 -181029
1558693711926 -183337
1558693715751 -199287
1558693715916 -185966
1558693716847 -186897
1558693717393 -200877
1558693720558 -204094
1558693722678 -192504
1558693722714 -192764
1558693724033 -207517
1558693726230 -209761
1558693726588 -196414
1558693727447 -195321
1558693728422 -196295
1558693729494 -197367
1558693730843 -214326
1558693731085 -214615
1558693731808 -215291
1558693732051 -215581
1558693732307 -202133
1558693733311 -201184
1558693734289 -202162
1558693735310 -203183
1558693738222 -208047
1558693738626 -222109
1558693741084 -210909
1558693741515 -224979
1558693742748 -226278
1558693743090 -210963
1558693747193 -230656
1558693748159 -231622
1558693750750 -218622
1558693752702 -220574
1558693753632 -223457
1558693753682 -221554
1558693757592 -225464
1558693759495 -229320
1558693762031 -240410
1558693770755 -249134
1558693776983 -244798
1558693777383 -255762
1558693782825 -252130
1558693782880 -250695
1558693782998 -266459
1558693783774 -253079
1558693788065 -266406
1558693788709 -256524
1558693789689 -257504
1558693790607 -259911
1558693790977 -269318
1558693795586 -264890
1558693796515 -265819
1558693797398 -265212
1558693800434 -279615
1558693800501 -268315
1558693800630 -278971
1558693804335 -283515
1558693806129 -275433
1558693807201 -275015
1558693813075 -280889
1558693813982 -293101
1558693816005 -295124
1558693817080 -292390
1558693818071 -293381
1558693819732 -287545
1558693822694 -290507
1558693823516 -302635
1558693825477 -304596
1558693825593 -293406
1558693828330 -307449
1558693829301 -308420
1558693831336 -280486
1558693832543 -293419
1558693832581 -293457
1558693833477 -294353
1558693834399 -302212
1558693838063 -307817
1558693838251 -306064
1558693838252 -306065
1558693841160 -290389
1558693842742 -312495
1558693844935 -312742
1558693846654 -316407
1558693848844 -316651
1558693854731 -322538
1558693856665 -324471
1558693862244 -331995
1558693866132 -299977
1558693869410 -292368
1558693869896 -339646
1558693870827 -340577
1558693874994 -285394
1558693875649 -345398
1558693876065 -319997
1558693879714 -273934
1558693883401 -315439
1558693883789 -276615
1558693883882 -327813
1558693885547 -279765
1558693885843 -329774
1558693887792 -331722
1558693888442 -282659
1558693891561 -335490
1558693892605 -285429
1558693896048 -290262
1558693896428 -340357
1558693898323 -291146
1558693900295 -293118
1558693900394 -344322
1558693900394 -344322
1558693901477 -345405
1558693903394 -296217
1558693904431 -297254
1558693905580 -349508
1558693906039 -338074
1558693907214 -301423
1558693907780 -339815
1558693908789 -277344
1558693910273 -278828
1558693912249 -356175
1558693912720 -271322
1558693913066 -281620
1558693915366 -273966
1558693916866 -285420
1558693917837 -286390
1558693920003 -352036
1558693921703 -316077
1558693922675 -317049
1558693922905 -354938
1558693923895 -319374
1558693926791 -322269
1558693928422 -276614
1558693930491 -324863
1558693932800 -291394
1558693933426 -327798
1558693933604 -329082
1558693934402 -328774
1558693935269 -283460
1558693935702 -294295
1558693936359 -330731
1558693936359 -330730
1558693939258 -334735
1558693940402 -298993
1558693944892 -293082
1558693945093 -340569
1558693947200 -305788
1558693949955 -345431
1558693951907 -347382
1558693954662 -288354
1558693955780 -350149
1558693957893 -291404
1558693958543 -354018
1558693958576 -292268
1558693959830 -293341
1558693960515 -355989
1558693965345 -360818
1558693965503 -299013
1558693966387 -300078
1558693969409 -302918
1558693971123 -304813
1558693973155 -302080
1558693973262 -306771
1558693976004 -294142
1558693976004 -294142
1558693976981 -295119
1558693979081 -321504
1558693981993 -287490
1558693986588 -315512
1558693986707 -292203
1558693990648 -333027
1558693991658 -334037
1558693992623 -335002
1558693997365 -285438
1558693997365 -285438
1558693998233 -327155
1558694002236 -307730
1558694002240 -307733
1558694007092 -312585
1558694009202 -351581
1558694011979 -354358
1558694012793 -288511
1558694013616 -342533
1558694013744 -289461
1558694015673 -291390
1558694015763 -303833
1558694015888 -358267
1558694016633 -292350
1558694018819 -315619
1558694020662 -279579
1558694020776 -317576
1558694021509 -297225
1558694023345 -352258
1558694025669 -322468
1558694026643 -323442
1558694027621 -324420
1558694028165 -301219
1558694028296 -304011
1558694028609 -325408
1558694029144 -302198
1558694029581 -326380
1558694030943 -303996
1558694032033 -307748
1558694032518 -329316
1558694032518 -329316
1558694035776 -308829
1558694037241 -334039
1558694040035 -298949
1558694040655 -313707
1558694041669 -314721
1558694042164 -338961
1558694043592 -316644
1558694043613 -316665
1558694043949 -272729
1558694044942 -273722
1558694045087 -341884
1558694046874 -275653
1558694047455 -320506
1558694049405 -322456
1558694053106 -326156
1558694053382 -300119
1558694053726 -282504
1558694058950 -331999
1558694059047 -305783
1558694060543 -357336
1558694061523 -358316
1558694062937 -309672
1558694065307 -294084
1558694069196 -297972
1558694072330 -304960
1558694072587 -345633
1558694072691 -289476
1558694073268 -305898
1558694073645 -290430
1558694075059 -303834
1558694075203 -307833
1558694076041 -304816
1558694077515 -294299
1558694079129 -311759
1558694079296 -296080
1558694081918 -279709
1558694083889 -281680
1558694086779 -319392
1558694088033 -304816
1558694090682 -323294
1558694094728 -330920
1558694100468 -333079
1558694102346 -338537
1558694103438 -290259
1558694105237 -337847
1558694106266 -342457
1558694106277 -342468
1558694106355 -293175
1558694109412 -296232
1558694110423 -297243
1558694113347 -349537
1558694114013 -282672
1558694115062 -351252
1558694115986 -352175
1558694117758 -286417
1558694118881 -351487
1558694121673 -290331
1558694123805 -310623
1558694123808 -310625
1558694125729 -358332
1558694127544 -314361
1558694127681 -360284
1558694129488 -301947
1558694138129 -318059
1558694139276 -311733
1558694143009 -281536
1558694143967 -323896
1558694145911 -325839
1558694149856 -288382
1558694150697 -307750
1558694152642 -309694
1558694152788 -325243
1558694157692 -314744
1558694160425 -289452
1558694160619 -333073
1558694161415 -299940
1558694161573 -334027
1558694162558 -335011
1558694163422 -301946
1558694163554 -336007
1558694164283 -293309
1558694168178 -297204
1558694168420 -340872
1558694169149 -298174
1558694169232 -277620
1558694169396 -341848
1558694171004 -350927
1558694174293 -346743
1558694175791 -304816
1558694178037 -350485
1558694178626 -295237
1558694181630 -310654
1558694182922 -355369
1558694183728 -292114
1558694185685 -294071
1558694188616 -297002
1558694189641 -297928
1558694190791 -312546
1558694194251 -297233
1558694196547 -304833
1558694196547 -304833
1558694197144 -300126
1558694197479 -305765
1558694197957 -314565
1558694200057 -303039
1558694203400 -325154
1558694204393 -326147
1558694204793 -321400
1558694205146 -292134
1558694205852 -308833
1558694206879 -309860
1558694207720 -324327
1558694209716 -312696
1558694209974 -296960
1558694211913 -298899
1558694220635 -337238
1558694223249 -339851
1558694224184 -340786
1558694225661 -282571
1558694230549 -352256
1558694231494 -353201
1558694236663 -353260
1558694246265 -305178
1558694247549 -299377
1558694248116 -307029
1558694248324 -316658
1558694254789 -313701
1558694257564 -284490
1558694261107 -312933
1558694261107 -312933
1558694264650 -332982
1558694265419 -292343
1558694268821 -290705
1558694270408 -338739
1558694271411 -298334
1558694273363 -300285
1558694273690 -295574
1558694276210 -344540
1558694279142 -347471
1558694280495 -302378
1558694281108 -339728
1558694281125 -349453
1558694282442 -304324
1558694286336 -308218
1558694287868 -288571
1558694288310 -310191
1558694288925 -304275
1558694289734 -305084
1558694289734 -305084
1558694291812 -292514
1558694291816 -292518
1558694292029 -313910
1558694292663 -308013
1558694292888 -351504
1558694293873 -352489
1558694295598 -310947
1558694295671 -354286
1558694300593 -359207
1558694300595 -359209
1558694303768 -291983
1558694304525 -310569
1558694307387 -278925
1558694307669 -295883
1558694308310 -323658
1558694308310 -323658
1558694310332 -281870
1558694312557 -300771
1558694313202 -328549
1558694313202 -328549
1558694313614 -319655
1558694315247 -286784
1558694315985 -331332
1558694315993 -331340
1558694317280 -305493
1558694317317 -323356
1558694317318 -323357
1558694318210 -289747
1558694318256 -306469
1558694318903 -334249
1558694319877 -335223
1558694320862 -336208
1558694321832 -337178
1558694325905 -297441
1558694326752 -342097
1558694326983 -333018
1558694331804 -303339
1558694331892 -337925
1558694338690 -280087
1558694339759 -345789
1558694340577 -302736
1558694340657 -282054
1558694340743 -346773
1558694341221 -310254
1558694343508 -305667
1558694346106 -315138
1558694347085 -316117
1558694350428 -356454
1558694350992 -320023
1558694351332 -292727
1558694352303 -293698
1558694353367 -359392
1558694354268 -295663
1558694354904 -323935
1558694356206 -288412
1558694358158 -290364
1558694358822 -327852
1558694359812 -328842
1558694362135 -303355
1558694364210 -320702
1558694364221 -320713
1558694367052 -308272
1558694371699 -303903
1558694372825 -284249
1558694377547 -309750
1558694380655 -292077
1558694382451 -314654
1558694383098 -352124
1558694384892 -353918
1558694385365 -287629
1558694390758 -309509
1558694392475 -303896
1558694393028 -295291
1558694393685 -312435
1558694397322 -353807
1558694397598 -316348
1558694398575 -317324
1558694399562 -318311
1558694399862 -302123
1558694400867 -303128
1558694401148 -282427
1558694406716 -308932
1558694411123 -329871
1558694412080 -315485
1558694416164 -334911
1558694416524 -288991
1558694417923 -321328
1558694417962 -321367
1558694419041 -337788
1558694420793 -324197
1558694425682 -329085
1558694426564 -289390
1558694427650 -331053
1558694428631 -332034
1558694428725 -347471
1558694430678 -349423
1558694432603 -336005
1558694433447 -352191
1558694437502 -340903
1558694438390 -302160
1558694443224 -306994
1558694443226 -306996
1558694443231 -346631
1558694445204 -348604
1558694448414 -291839
1558694451967 -288592
1558694453295 -296720
1558694454278 -297703
1558694455259 -298684
1558694455914 -292538
1558694456022 -359418
1558694459960 -304150
1558694461643 -325410
1558694463907 -307330
1558694463907 -307330
1558694465739 -302362
1558694466715 -310904
1558694466757 -303380
1558694467835 -311215
1558694469660 -313849
1558694469794 -313174
1558694470449 -334215
1558694474428 -291634
1558694474548 -318736
1558694475328 -339094
1558694479368 -296573
1558694484265 -301469
1558694486199 -299722
1558694486889 -350651
1558694487865 -351626
1558694488865 -352626
1558694489825 -353586
1558694493073 -337259
1558694497683 -305442
1558694499965 -344149
1558694500615 -308373
1558694500874 -314394
1558694500955 -345138
1558694506301 -314058
1558694508235 -315992
1558694510243 -317999
1558694511638 -355817
1558694511687 -302698
1558694513611 -304622
1558694517035 -324791
1558694518495 -307333
1558694520235 -303712
1558694521328 -283172
1558694522429 -311267
1558694523418 -312256
1558694523872 -331627
1558694527308 -310784
1558694527848 -335602
1558694528646 -317483
1558694528873 -336627
1558694529532 -318369
1558694530484 -292327
1558694530484 -292327
1558694531131 -314607
1558694532464 -294306
1558694532962 -316437
1558694533427 -322263
1558694534861 -318336
1558694537404 -345155
1558694538643 -296906
1558694539622 -297885
1558694542288 -350037
1558694543262 -351011
1558694544504 -302766
1558694545214 -352962
1558694545482 -303744
1558694546469 -304731
1558694547168 -354915
1558694549808 -338642
1558694551774 -340608
1558694552758 -341592
1558694553291 -311552
1558694553741 -342575
1558694557680 -346513
1558694558530 -290147
1558694558737 -310542
1558694558998 -317258
1558694559728 -311533
1558694560526 -292143
1558694562002 -290296
1558694562507 -351339
1558694563693 -315498
1558694564299 -295916
1558694564659 -316464
1558694567375 -356205
1558694572445 -324248
1558694576067 -277377
1558694577141 -328944
1558694578431 -306723
1558694579125 -330927
1558694579195 -307756
1558694580097 -331899
1558694581004 -282314
1558694582163 -310724
1558694582954 -311515
1558694582993 -284303
1558694583981 -285290
1558694584935 -286244
1558694585275 -313566
1558694587706 -289015
1558694587706 -289015
1558694589673 -290982
1558694589820 -318283
1558694592626 -293934
1558694592780 -344580
1558694593619 -294927
1558694594038 -292236
1558694594742 -346541
1558694598533 -299840
1558694598660 -350458
1558694599543 -300850
1558694600642 -329104
1558694611197 -310669
1558694611197 -310669
1558694614248 -342707
1558694614403 -312598
1558694615136 -314608
1558694615387 -313582
1558694616088 -315559
1558694620002 -298854
1558694620150 -348607
1558694621238 -319432
1558694622210 -290277
1558694623106 -351562
1558694624921 -303772
1558694627035 -355490
1558694627650 -327119
1558694628639 -328108
1558694629838 -308689
1558694630876 -298942
1558694638687 -306752
1558694639501 -288184
1558694639662 -326914
1558694641647 -328899
1558694646481 -314545
1558694649005 -348469
1558694652295 -300976
1558694654137 -292072
1558694655116 -293051
1558694656225 -343475
1558694656816 -311660
1558694657209 -305484
1558694658190 -345439
1558694658191 -306466
1558694659023 -296957
1558694659176 -307451
1558694659176 -307451
1558694660975 -309250
1558694661706 -316549
1558694662937 -300870
1558694665075 -352324
1558694665876 -303809
1558694667051 -354299
1558694671967 -359215
1558694676711 -298650
1558694676884 -301045
1558694677437 -315368
1558694677709 -299647
1558694683075 -337915
1558694687941 -342781
1558694689896 -344736
1558694690320 -282289
1558694691113 -299069
1558694691847 -346686
1558694693120 -301076
1558694693140 -301096
1558694693503 -317662
1558694695663 -350502
1558694698194 -290160
1558694699346 -323504
1558694699509 -354346
1558694702303 -326461
1558694703448 -313615
1558694706058 -298021
1558694709824 -301620
1558694714931 -339087
1558694715906 -340062
1558694717339 -296138
1558694718319 -297118
1558694719858 -344012
1558694719914 -330079
1558694720919 -345073
1558694722970 -347123
1558694724270 -303069
1558694725113 -349265
1558694726225 -305023
1558694726758 -350909
1558694726919 -337083
1558694727153 -305951
1558694727845 -338009
1558694728653 -294227
1558694729675 -295249
1558694731600 -355750
1558694732359 -297844
1558694735555 -345718
1558694736409 -360557
1558694738373 -362520
1558694740339 -309672
1558694744155 -354315
1558694744377 -293040
1558694746052 -285234
1558694747096 -357255
1558694749004 -288186
1558694749044 -309552
1558694759035 -307696
1558694761622 -300802
1558694761971 -310632
1558694764570 -303750
1558694765875 -314535
1558694767521 -276380
1558694776372 -285230
1558694778420 -296943
1558694779157 -288014
1558694780142 -288999
1558694781358 -299880
1558694784075 -292931
1558694785060 -293916
1558694785266 -303788
1558694786027 -346526
1558694787024 -295880
1558694791946 -310467
1558694794891 -303587
1558694803452 -322301
1558694804429 -323278
1558694805408 -324257
1558694814043 -332891
1558694815021 -333869
