1558693134698 -12446
1558693139584 -17332
1558693152043 -29791
1558693152991 -30738
1558693163645 -41392
1558693168498 -46241
1558693178055 -55795
1558693193621 -71357
1558693193621 -71357
1558693194513 -72249
1558693206131 -83864
1558693218529 -96259
1558693230184 -107913
1558693236984 -114711
1558693242648 -120374
1558693254331 -132055
1558693267760 -145482
1558693271638 -149360
1558693271638 -149360
1558693282342 -160062
1558693287214 -164912
1558693296757 -174455
1558693301607 -179305
1558693313117 -190814
1558693314079 -191776
1558693317001 -194612
1558693328675 -206286
1558693333529 -211140
1558693335295 -212905
1558693342106 -219716
1558693351843 -229453
1558693359475 -237084
1558693363360 -240969
1558693366294 -243903
1558693373139 -250748
1558693378029 -255637
1558693390590 -268165
1558693390590 -268165
1558693392546 -270121
1558693394495 -272070
1558693397426 -275000
1558693407056 -284630
1558693436285 -313852
1558693453659 -319806
1558693455616 -321763
1558693456596 -322743
1558693473215 -339361
1558693485757 -317086
1558693486733 -318062
1558693491622 -322950
1558693498468 -329795
1558693499445 -330772
1558693499445 -330772
1558693504172 -335498
1558693506128 -337454
1558693512991 -344316
1558693520806 -352130
1558693535985 -26723
1558693548540 -39277
1558693561226 -49309
1558693581619 -69700
1558693584537 -72618
1558693591250 -79331
1558693596170 -84251
1558693602988 -91069
1558693610640 -98721
1558693616489 -104570
1558693617471 -105552
1558693641738 -128969
1558693646629 -133860
1558693664074 -147903
1558693666022 -149851
1558693666999 -150828
1558693687449 -171277
1558693693267 -177094
1558693695210 -179037
1558693697149 -180976
1558693717502 -200838
1558693719461 -202797
1558693724511 -207846
1558693726334 -209669
1558693735951 -219285
1558693745739 -229073
1558693788400 -265647
1558693796284 -273531
1558693804899 -281908
1558693810812 -287821
1558693815701 -292710
1558693830110 -307118
1558693835042 -312050
1558693844802 -321357
1558693852487 -329041
1558693880675 -344657
1558693882581 -346563
1558693886500 -350481
1558693893352 -357332
1558693914773 -339746
1558693915722 -340695
1558693925293 -350264
1558693933101 -358071
1558693936042 -361011
1558693937988 -362956
1558693938977 -363944
1558693946633 -327051
1558693957391 -337804
1558693959366 -339778
1558693966130 -346540
1558693972872 -353279
1558693977771 -358176
1558693990318 -344640
1558694018493 -372810
1558694025370 -379685
1558694030248 -324261
1558694038894 -332906
1558694048645 -342656
1558694049627 -343638
1558694057466 -351475
1558694068031 -362039
1558694073898 -334987
1558694077816 -338904
1558694080774 -341862
1558694110137 -371221
1558694114766 -375849
1558694121473 -352409
1558694144770 -375702
1558694146734 -377665
1558694148707 -379638
1558694152609 -383539
1558694159343 -345528
1558694160283 -346468
1558694160283 -346468
1558694164174 -350358
1558694170039 -356222
1558694180667 -366849
1558694190448 -376629
1558694194320 -380500
1558694211787 -341646
1558694219980 -349838
1558694219980 -349838
1558694228264 -358121
1558694254496 -350263
1558694256455 -352222
1558694257470 -353237
1558694259405 -355171
1558694264323 -360089
1558694275154 -370918
1558694276952 -372716
1558694281869 -377632
1558694309306 -356749
1558694315157 -362600
1558694317133 -364575
1558694322054 -369496
1558694323041 -370483
1558694323852 -371293
1558694323873 -371314
1558694326821 -374262
1558694330770 -378210
1558694333689 -324793
1558694335659 -326762
1558694338605 -329708
1558694343524 -334626
1558694344513 -335615
1558694353194 -344295
1558694384512 -349383
1558694390416 -355286
1558694393381 -358251
1558694399095 -363964
1558694403031 -367900
1558694404015 -368883
1558694409942 -374810
1558694410899 -375767
1558694410899 -375767
1558694426482 -329243
1558694431404 -334164
1558694435350 -338110
1558694444025 -346784
1558694447960 -350718
1558694457800 -360557
1558694467507 -341029
1558694474358 -347877
1558694477311 -350829
1558694483204 -356719
1558694483204 -356719
1558694507639 -328736
1558694525185 -346279
1558694528378 -349472
1558694529399 -350492
1558694530506 -351599
1558694535994 -357087
1558694536976 -358068
1558694550592 -341704
1558694556488 -347599
1558694557467 -348578
1558694583920 -375028
1558694588632 -379739
1558694601435 -339802
1558694607337 -345703
1558694609295 -347661
1558694615043 -353409
1558694619959 -358324
1558694649301 -357538
1558694652254 -360491
1558694659954 -368190
1558694663893 -372128
1558694665855 -374090
1558694675697 -383930
1558694677681 -328958
1558694682500 -333777
1558694690289 -341565
1558694700128 -351403
1558694706854 -358128
1558694715709 -366982
1558694715710 -366982
1558694720692 -371963
1558694721767 -343139
1558694727818 -349189
1558694731465 -352835
1558694735222 -356592
1558694744072 -365441
1558694748990 -370358
1558694749975 -371343
