1558693127419 -3851
1558693132138 -8570
1558693133827 -1561
1558693133844 -1578
1558693135175 -11607
1558693136309 -11140
1558693139035 -15467
1558693142879 -19311
1558693147540 -23971
1558693149457 -25888
1558693153400 -29831
1558693160248 -36679
1558693160248 -36679
1558693162165 -38596
1558693164067 -38897
1558693168899 -44000
1558693169813 -34907
1558693170823 -35917
1558693171710 -46811
1558693173643 -48298
1558693177429 -52084
1558693177430 -52085
1558693177480 -52581
1558693183229 -57884
1558693183328 -48421
1558693185294 -50387
1558693187412 -52505
1558693191575 -56668
1558693193256 -68356
1558693199532 -74186
1558693202396 -77050
1558693208187 -82841
1558693212044 -86698
1558693212545 -77636
1558693219650 -92314
1558693221593 -94257
1558693223550 -96214
1558693225200 -90266
1558693225501 -98165
1558693226193 -91259
1558693231742 -105671
1558693233842 -98907
1558693236611 -110540
1558693239699 -104764
1558693240055 -112718
1558693240055 -112718
1558693240679 -105744
1558693244595 -109659
1558693247522 -112586
1558693249474 -114538
1558693250590 -123127
1558693251110 -125038
1558693252535 -125072
1558693253077 -127005
1558693253220 -118284
1558693257994 -130794
1558693263246 -135782
1558693263976 -126879
1558693266911 -129814
1558693266983 -139519
1558693269888 -142424
1558693270820 -133722
1558693271818 -144354
1558693272799 -145335
1558693277698 -150234
1558693278644 -151180
1558693280493 -143394
1558693282254 -155054
1558693283230 -156029
1558693284522 -157058
1558693287243 -160042
1558693288132 -160931
1558693289233 -152134
1558693290152 -162687
1558693291170 -163705
1558693292167 -164702
1558693297088 -159972
1558693298720 -171519
1558693300818 -171153
1558693302776 -165660
1558693311433 -183769
1558693311541 -181875
1558693313219 -185555
1558693315189 -187525
1558693315200 -187536
1558693315508 -178391
1558693320132 -190466
1558693322035 -194370
1558693323992 -194326
1558693324004 -194338
1558693328014 -190653
1558693329810 -200144
1558693338484 -210818
1558693340361 -210694
1558693341420 -213754
1558693346330 -217249
1558693347294 -218213
1558693351405 -214042
1558693353164 -224082
1558693356187 -218824
1558693358831 -229164
1558693362051 -224688
1558693362055 -224692
1558693364002 -226639
1558693364734 -235652
1558693369618 -240536
1558693370314 -240647
1558693371578 -242496
1558693372258 -242591
1558693373538 -244454
1558693375482 -246398
1558693376576 -238982
1558693377455 -248371
1558693378427 -249343
1558693380027 -245639
1558693381477 -243883
1558693388026 -258319
1558693388280 -250686
1558693389269 -251675
1558693390570 -256180
1558693391220 -253626
1558693393173 -255579
1558693394445 -247555
1558693400740 -271033
1558693401250 -254359
1558693402782 -265188
1558693403191 -256299
1558693404685 -274978
1558693407596 -277889
1558693408400 -278693
1558693412371 -282664
1558693415512 -277917
1558693415666 -261200
1558693419175 -289468
1558693421525 -267058
1558693424471 -270003
1558693425029 -295321
1558693425385 -270917
1558693426984 -297276
1558693427067 -284222
1558693430990 -279229
1558693434104 -282343
1558693435985 -284224
1558693441785 -275738
1558693459895 -301615
1558693463807 -305526
1558693480267 -321984
1558693481246 -322963
1558693482222 -323939
1558693482222 -323939
1558693483213 -324930
1558693510218 -96
1558693510331 -706
1558693511605 -1535
1558693521488 -11365
1558693524279 -14208
1558693524400 -14277
1558693527255 -17184
1558693531225 -21102
1558693532382 -22259
1558693533532 -23905
1558693533997 -23874
1558693535964 -25841
1558693536954 -26831
1558693537438 -27811
1558693540410 -30782
1558693543567 -33495
1558693547225 -35789
1558693548670 -38547
1558693552118 -40682
1558693554215 -44142
1558693557936 -47863
1558693558906 -48833
1558693560207 -49984
1558693561828 -51753
1558693562797 -52460
1558693563779 -53442
1558693567600 -56163
1558693568028 -57803
1558693568575 -57138
1558693569983 -59758
1558693570963 -60738
1558693571969 -61744
1558693572520 -62182
1558693573494 -63156
1558693574462 -64124
1558693577810 -67585
1558693584059 -72620
1558693584059 -72047
1558693585526 -70041
1558693588992 -76980
1558693589437 -73952
1558693591896 -79884
1558693594301 -78816
1558693594721 -84383
1558693600574 -90235
1558693600688 -88675
1558693609328 -97314
1558693610310 -98296
1558693610313 -98299
1558693616172 -104157
1558693619824 -106846
1558693620492 -105006
1558693621063 -109048
1558693623019 -111003
1558693625667 -112688
1558693625965 -113949
1558693629133 -112970
1558693629698 -117682
1558693631654 -119638
1558693632301 -119322
1558693635278 -122298
1558693637159 -124179
1558693640455 -126394
1558693642412 -128351
1558693643050 -130070
1558693643067 -130087
1558693644751 -128588
1558693645911 -132491
1558693654544 -141123
1558693654961 -140900
1558693656333 -140170
1558693657315 -141152
1558693658300 -142137
1558693658871 -144810
1558693661213 -145050
1558693661804 -147743
1558693666695 -152634
1558693668106 -154684
1558693670608 -156547
1558693671015 -154849
1558693672564 -158503
1558693672565 -158504
1558693674517 -160456
1558693676703 -163280
1558693677662 -161496
1558693681645 -168222
1558693682618 -166452
1558693686464 -173040
1558693688442 -172276
1558693689421 -173255
1558693695864 -180704
1558693696247 -180080
1558693697214 -181047
1558693698796 -183636
1558693702789 -186398
1558693702797 -186406
1558693703891 -187724
1558693703891 -187724
1558693704874 -188707
1558693705849 -189682
1558693708416 -193255
1558693715265 -200104
1558693716243 -201082
1558693717215 -202054
1558693717360 -200968
1558693719169 -199710
1558693719529 -194581
1558693721242 -204849
1558693725229 -200280
1558693726205 -201256
1558693726206 -201257
1558693726206 -201257
1558693726914 -210521
1558693728164 -203215
1558693728785 -209325
1558693729861 -213468
1558693730804 -214411
1558693733056 -208107
1558693736633 -220239
1558693737030 -212081
1558693740507 -224113
1558693740509 -224115
1558693740884 -215934
1558693741849 -216899
1558693742451 -226057
1558693744401 -228007
1558693748118 -230863
1558693749090 -231835
1558693749164 -229703
1558693750063 -232808
1558693751123 -231662
1558693752458 -227507
1558693755894 -238639
1558693758810 -241555
1558693760752 -243496
1558693762235 -237283
1558693765234 -240282
1558693767555 -250299
1558693772825 -247873
1558693773822 -248870
1558693776141 -258885
1558693778666 -253071
1558693782966 -265710
1558693784528 -258866
1558693785856 -265188
1558693789102 -268799
1558693790391 -264729
1558693793023 -272720
1558693793392 -267730
1558693796767 -276464
1558693797397 -276729
1558693798404 -277736
1558693799816 -279512
1558693803063 -277401
1558693805163 -284495
1558693805571 -285267
1558693805576 -285272
1558693808904 -283242
1558693811102 -279028
1558693812466 -292162
1558693818152 -297848
1558693818166 -297862
1558693824018 -303714
1558693825351 -299688
1558693825949 -305645
1558693831228 -284746
1558693831883 -286617
1558693832371 -285889
1558693833259 -286776
1558693835069 -309406
1558693835146 -288663
1558693853492 -324687
1558693854145 -308763
1558693854478 -325673
1558693856097 -310715
1558693862281 -333475
1558693863963 -266332
1558693864918 -267287
1558693866700 -321317
1558693880689 -301883
1558693881497 -283863
1558693883336 -337946
1558693883583 -304777
1558693885282 -339892
1558693886255 -340864
1558693887271 -289636
1558693889443 -310488
1558693893929 -301994
1558693899760 -302122
1558693900837 -308901
1558693901107 -322148
1558693907993 -293016
1558693908821 -316884
1558693912373 -297396
1558693914428 -322491
1558693916493 -337528
1558693917497 -338531
1558693918053 -303075
1558693919216 -327278
1558693919491 -340525
1558693920158 -328220
1558693921940 -306962
1558693923891 -274094
1558693925064 -333125
1558693927022 -335082
1558693927766 -277969
1558693930166 -351196
1558693931191 -301090
1558693931689 -281891
1558693932122 -302020
1558693935053 -304951
1558693940531 -348586
1558693944454 -308793
1558693946407 -310746
1558693950951 -301150
1558693952487 -322186
1558693958150 -322487
1558693960910 -325246
1558693961886 -326222
1558693962467 -277994
1558693963843 -328179
1558693968268 -283794
1558693968742 -333077
1558693968930 -338626
1558693969271 -284797
1558693970687 -335022
1558693971676 -336011
1558693973827 -343523
1558693977001 -292526
1558693978984 -294509
1558693981435 -345767
1558693983672 -299196
1558693987159 -351488
1558693989310 -359003
1558693995947 -303991
1558693997120 -305723
1558694000191 -315712
1558694005719 -313762
1558694011423 -319465
1558694011627 -320228
1558694012624 -321225
1558694014372 -322413
1558694016500 -325100
1558694016500 -325100
1558694017480 -326080
1558694020241 -328281
1558694022179 -330219
1558694023171 -331211
1558694024369 -332968
1558694025348 -333947
1558694027249 -335848
1558694027249 -335848
1558694028226 -336824
1558694031192 -339790
1558694033767 -341802
1558694034740 -342775
1558694035704 -343739
1558694038833 -347428
1558694045663 -354256
1558694049428 -309889
1558694050589 -306430
1558694054321 -299243
1558694055084 -315544
1558694059009 -303930
1558694060934 -287701
1558694063844 -290610
1558694064072 -319911
1558694065047 -320886
1558694065049 -320888
1558694069961 -325799
1558694072762 -317679
1558694074527 -301291
1558694074822 -330660
1558694078257 -305021
1558694082336 -327251
1558694083347 -328261
1558694083509 -339345
1558694084305 -329219
1558694087970 -314732
1558694090299 -346134
1558694096988 -341898
1558694101885 -346793
1558694103714 -348621
1558694104849 -300909
1558694112815 -308874
1558694113301 -311041
1558694115504 -312791
1558694116020 -313759
1558694119470 -315529
1558694124211 -321497
1558694124360 -320418
1558694124603 -292369
1558694125340 -321398
1558694128953 -326239
1558694129921 -327206
1558694131038 -327095
1558694132859 -330144
1558694139841 -335897
1558694141149 -308912
1558694142778 -338833
1558694147522 -344805
1558694150456 -347738
1558694150685 -293389
1558694156483 -352534
1558694157678 -300382
1558694158193 -355471
1558694158311 -354361
1558694160086 -357363
1558694160234 -356283
1558694160421 -303124
1558694161196 -357245
1558694161371 -304074
1558694162330 -305033
1558694164273 -306976
1558694166213 -308915
1558694173929 -326172
1558694175677 -327920
1558694175677 -327919
1558694175678 -327920
1558694177647 -329889
1558694178489 -319421
1558694178693 -287698
1558694181559 -333801
1558694181616 -290621
1558694184479 -336720
1558694196202 -337131
1558694198059 -307062
1558694199040 -351280
1558694201926 -310928
1558694203841 -344732
1558694205867 -346758
1558694206941 -315943
1558694214538 -355428
1558694215556 -294554
1558694226056 -305054
1558694226202 -323128
1558694228088 -316318
1558694228979 -307977
1558694230135 -327060
1558694232871 -311869
1558694233023 -329948
1558694233023 -329948
1558694233998 -330923
1558694234873 -313871
1558694234964 -323191
1558694236951 -325177
1558694250633 -347555
1558694255441 -343659
1558694256188 -301370
1558694257400 -345617
1558694260296 -348512
1558694261230 -358148
1558694262316 -350531
1558694263156 -360074
1558694264017 -309198
1558694265008 -310189
1558694268222 -356435
1558694268799 -313979
1558694270198 -310912
1558694271026 -311740
1558694271743 -287130
1558694273741 -289128
1558694273972 -314685
1558694275879 -316592
1558694276568 -291954
1558694277663 -331909
1558694279850 -320562
1558694284402 -299787
1558694288676 -329387
1558694290636 -331347
1558694291058 -306442
1558694291058 -306442
1558694292037 -307420
1558694295029 -310412
1558694295173 -349412
1558694296156 -350395
1558694297903 -313286
1558694298357 -339067
1558694306258 -346967
1558694308924 -303991
1558694312854 -307921
1558694313124 -353831
1558694314831 -309897
1558694317799 -312865
1558694318603 -313669
1558694319840 -311947
1558694320828 -312935
1558694321213 -303711
1558694322194 -304692
1558694322802 -314908
1558694326742 -318848
1558694326756 -318862
1558694328451 -323394
1558694339502 -331606
1558694340485 -332589
1558694346495 -295132
1558694351382 -300018
1558694352352 -300988
1558694352865 -347802
1558694353331 -301967
1558694357775 -352710
1558694360003 -352103
1558694361737 -356670
1558694362950 -355049
1558694365640 -360572
1558694369448 -304360
1558694375346 -310258
1558694378536 -313651
1558694379565 -302285
1558694381206 -316117
1558694387390 -322504
1558694389078 -323988
1558694398060 -333172
1558694399031 -334143
1558694405820 -310032
1558694409581 -313793
1558694409581 -313793
1558694409864 -344973
1558694413522 -348428
1558694414386 -349292
1558694417742 -352848
1558694419646 -354751
1558694421206 -356110
1558694426421 -307055
1558694429387 -310021
1558694430359 -310993
1558694432857 -311023
1558694433002 -304899
1558694436947 -308843
1558694436947 -308843
1558694437753 -315919
1558694437788 -309684
1558694441719 -313615
1558694445944 -326576
1558694449492 -297844
1558694450469 -298821
1558694450547 -322442
1558694452424 -300775
1558694453400 -301751
1558694453404 -301755
1558694454807 -335437
1558694455790 -336420
1558694457424 -329318
1558694459397 -331290
1558694462524 -343154
1558694463018 -311368
1558694469057 -340947
1558694469413 -350041
1558694471818 -291176
1558694473347 -353973
1558694475940 -347828
1558694480452 -299809
1558694482408 -301765
1558694485618 -357503
1558694486607 -358491
1558694486607 -358491
1558694488920 -314137
1558694490553 -299200
1558694493172 -312527
1558694499395 -308039
1558694500420 -309063
1558694500732 -325948
1558694501961 -291353
1558694504647 -329862
1558694507672 -297063
1558694508252 -316893
1558694508652 -298043
1558694509630 -299021
1558694513350 -338564
1558694515333 -340546
1558694523315 -312699
1558694524304 -313688
1558694528314 -317696
1558694530004 -338636
1558694532306 -293554
1558694537428 -346057
1558694537775 -362979
1558694537828 -299075
1558694538801 -300048
1558694541361 -349988
1558694546622 -307868
1558694549591 -310837
1558694551558 -316658
1558694552540 -317640
1558694555278 -290288
1558694557927 -314795
1558694560176 -295185
1558694564113 -299122
1558694573039 -338004
1558694577959 -342923
1558694579571 -336436
1558694580539 -337404
1558694582546 -295221
1558694583700 -348663
1558694586651 -351614
1558694588621 -353583
1558694590216 -347080
1558694590306 -302980
1558694599961 -312634
1558694601021 -357881
1558694601881 -314554
1558694604810 -317483
1558694606770 -285559
1558694607752 -310630
1558694607752 -286541
1558694610709 -313586
1558694611735 -314612
1558694617969 -327318
1558694617970 -327319
1558694618499 -297286
1558694619937 -329286
1558694623233 -302020
1558694623892 -333241
1558694627142 -305928
1558694628411 -331286
1558694631585 -340932
1558694632178 -335052
1558694632569 -341916
1558694636107 -338980
1558694639465 -348810
1558694644962 -347834
1558694645356 -354699
1558694645356 -354699
1558694648487 -297115
1558694659251 -307877
1558694660526 -306643
1558694662492 -308608
1558694665442 -311558
1558694666115 -288510
1558694666436 -312552
1558694669787 -315689
1558694673331 -319446
1558694676687 -299081
1558694677085 -323200
1558694678675 -301068
1558694679098 -325212
1558694684949 -331062
1558694688426 -310818
1558694688882 -334995
1558694695264 -341163
1558694699138 -345036
1558694701932 -347828
1558694703909 -293378
1558694705860 -295329
1558694705860 -295328
1558694707814 -297282
1558694708380 -354489
1558694709364 -355472
1558694709772 -299240
1558694710750 -300218
1558694710750 -300218
1558694713681 -303149
1558694713681 -303149
1558694717222 -302883
1558694719190 -304851
1558694720411 -309878
1558694720429 -309896
1558694721254 -306914
1558694721777 -303185
1558694724887 -306295
1558694726320 -311980
1558694726454 -290660
1558694726626 -308033
1558694727695 -309102
1558694728045 -313704
1558694729510 -310917
1558694732341 -313748
1558694733124 -297329
1558694736995 -301200
1558694740145 -321536
1558694740666 -326013
1558694742707 -306910
1558694745637 -309840
1558694748985 -330374
1558694749354 -334700
1558694750518 -314720
1558694754268 -339613
1558694755711 -337099
1558694761276 -291410
1558694762137 -347481
1558694764106 -349449
1558694766982 -297115
1558694768043 -353384
1558694770012 -355353
1558694773775 -359114
1558694773827 -303959
1558694776724 -362062
1558694778686 -309587
1558694780671 -310802
1558694790287 -293209
1558694792244 -295166
1558694796390 -327285
1558694800163 -331056
1558694811962 -342850
