1558693130734 -115
1558693132308 -4608
1558693132609 -2539
1558693134269 -6569
1558693136241 -8541
1558693136585 -5966
1558693138103 -10403
1558693138414 -6665
1558693139084 -11383
1558693141015 -13314
1558693141989 -14288
1558693142448 -12378
1558693151005 -19256
1558693152047 -20298
1558693153479 -25778
1558693154789 -24169
1558693155243 -27542
1558693155788 -25557
1558693156687 -24938
1558693157735 -25986
1558693159647 -27898
1558693160725 -30105
1558693163846 -36145
1558693166383 -34634
1558693166420 -35800
1558693167386 -36766
1558693170378 -40067
1558693175973 -45662
1558693177097 -43426
1558693180851 -48163
1558693185734 -54461
1558693185802 -53114
1558693188029 -54358
1558693190731 -59458
1558693191942 -59254
1558693194551 -66843
1558693197605 -63934
1558693200080 -68806
1558693202079 -74371
1558693203128 -70439
1558693203173 -69501
1558693204170 -70498
1558693207044 -74355
1558693210966 -78277
1558693214849 -82160
1558693215364 -84090
1558693216854 -83180
1558693218265 -80369
1558693218809 -85135
1558693219798 -86124
1558693221703 -86946
1558693223657 -88900
1558693227022 -89126
1558693227983 -90087
1558693231369 -97695
1558693233322 -99648
1558693233627 -105879
1558693234792 -96893
1558693238479 -110731
1558693239467 -101568
1558693241384 -103485
1558693246024 -118276
1558693246998 -119250
1558693248923 -114164
1558693249783 -116109
1558693250117 -112217
1558693251687 -116928
1558693253646 -118887
1558693257622 -123319
1558693261472 -133705
1558693261783 -123882
1558693262427 -127657
1558693266420 -132117
1558693267448 -129546
1558693269273 -134503
1558693269354 -135051
1558693274967 -140197
1558693276212 -138309
1558693278727 -150959
1558693279735 -151967
1558693281008 -146704
1558693281040 -146736
1558693282061 -144157
1558693283974 -146070
1558693285013 -147109
1558693285946 -148042
1558693286948 -152644
1558693286948 -152644
1558693287511 -159743
1558693288723 -154419
1558693291131 -163363
1558693291153 -163385
1558693293613 -154312
1558693294540 -155239
1558693295048 -167280
1558693299786 -172004
1558693299790 -172008
1558693301219 -165838
1558693302696 -174914
1558693303244 -166904
1558693303655 -175873
1558693307152 -170812
1558693307523 -179741
1558693309062 -173680
1558693310068 -173728
1558693311804 -172502
1558693312022 -175682
1558693312935 -177553
1558693313002 -176662
1558693313166 -185215
1558693314118 -186167
1558693317830 -182448
1558693317991 -190040
1558693321519 -182217
1558693321568 -186185
1558693326366 -187064
1558693327431 -192048
1558693327508 -191168
1558693330385 -195002
1558693331244 -190906
1558693333376 -197034
1558693334276 -197297
1558693335337 -198995
1558693336303 -199961
1558693338200 -201221
1558693339177 -202198
1558693339256 -202914
1558693340041 -212089
1558693341968 -213861
1558693343725 -203387
1558693344870 -207891
1558693346691 -206352
1558693351570 -211231
1558693351762 -214783
1558693351841 -215499
1558693352470 -212131
1558693354717 -218375
1558693355545 -227438
1558693359617 -223275
1558693361143 -233036
1558693364440 -227461
1558693365484 -229141
1558693369217 -232874
1558693375570 -235229
1558693379477 -239136
1558693383816 -246415
1558693384138 -243796
1558693388023 -247680
1558693388035 -259927
1558693389800 -253367
1558693390758 -254325
1558693390959 -262851
1558693395797 -255454
1558693397759 -269650
1558693398318 -260917
1558693398697 -258354
1558693400273 -262872
1558693402582 -262239
1558693402611 -274494
1558693403582 -275465
1558693404389 -264046
1558693408115 -261966
1558693411147 -274713
1558693414075 -273628
1558693417790 -281334
1558693419662 -273512
1558693420748 -284292
1558693422923 -294681
1558693425782 -297539
1558693426762 -298519
1558693430416 -289968
1558693433547 -293099
1558693433547 -284467
1558693433603 -274946
1558693433603 -305360
1558693434554 -306311
1558693436356 -295907
1558693437310 -278653
1558693437407 -288327
1558693440030 -281372
1558693442094 -301645
1558693444016 -294935
1558693445952 -305503
1558693448912 -299831
1558693450800 -310124
1558693451843 -291039
1558693455490 -314814
1558693457702 -296895
1558693459370 -318693
1558693459370 -318693
1558693460358 -319681
1558693462286 -321609
1558693463362 -335055
1558693463363 -335056
1558693466171 -325494
1558693469081 -328404
1558693470053 -329376
1558693475028 -317712
1558693476684 -336007
1558693481538 -340861
1558693484452 -343775
1558693485559 -328242
1558693486395 -345718
1558693487503 -330186
1558693489307 -348630
1558693493192 -352504
1558693497222 -339904
1558693500795 -360105
1558693503866 -346547
1558693505649 -364958
1558693507589 -366898
1558693507753 -350433
1558693509307 -316599
1558693510850 -1549
1558693513270 -4194
1558693513465 -372774
1558693513698 -3548
1558693518676 -9375
1558693519530 -9380
1558693519653 -10352
1558693519653 -10352
1558693519910 -10834
1558693524791 -15714
1558693526848 -386154
1558693529457 -20155
1558693531258 -21106
1558693531383 -22081
1558693532725 -392029
1558693535993 -25841
1558693536440 -27362
1558693542409 -380547
1558693543032 -33730
1558693546016 -36938
1558693549659 -39506
1558693549884 -40805
1558693549984 -388121
1558693550782 -41480
1558693551759 -42457
1558693552608 -42455
1558693554700 -43182
1558693554849 -392985
1558693555721 -46642
1558693555826 -393962
1558693556691 -47611
1558693557466 -45948
1558693557759 -395895
1558693559698 -397833
1558693563181 -53004
1558693564378 -52134
1558693566276 -54757
1558693569054 -58876
1558693570147 -57903
1558693572122 -59878
1558693572152 -60633
1558693572152 -60633
1558693573057 -60813
1558693573929 -63751
1558693575077 -63558
1558693576053 -64534
1558693582588 -72409
1558693587302 -72030
1558693587566 -75322
1558693589202 -73930
1558693589490 -77246
1558693591615 -79782
1558693592402 -80158
1558693593533 -81700
1558693595319 -79723
1558693597729 -82457
1558693599166 -86922
1558693599670 -84398
1558693601110 -88866
1558693604015 -91145
1558693604122 -90880
1558693608888 -96018
1558693610351 -95078
1558693611748 -96151
1558693612889 -99647
1558693613628 -100758
1558693614129 -98856
1558693620390 -107519
1558693621363 -108492
1558693624436 -108838
1558693626273 -113402
1558693626721 -111445
1558693627410 -114167
1558693627429 -114186
1558693628159 -115288
1558693628214 -112615
1558693629345 -116101
1558693629595 -114319
1558693632285 -119041
1558693633833 -120961
1558693634801 -121929
1558693635489 -120213
1558693636010 -120411
1558693636738 -123866
1558693637162 -123918
1558693637206 -121930
1558693639145 -123869
1558693640890 -125231
1558693641600 -119971
1558693644004 -130759
1558693644995 -129719
1558693646453 -124824
1558693647422 -125793
1558693647889 -132613
1558693650675 -135015
1558693651675 -136015
1558693655619 -142364
1558693656983 -135354
1558693660356 -145079
1558693662295 -147018
1558693664768 -143139
1558693665188 -140050
1558693666173 -150896
1558693667679 -146050
1558693669155 -144017
1558693669625 -147996
1558693670251 -156996
1558693671569 -149940
1558693673062 -147924
1558693673123 -157768
1558693675795 -150657
1558693677836 -162481
1558693678738 -153600
1558693678932 -165677
1558693679867 -154729
1558693680205 -158576
1558693680782 -155644
1558693681176 -159547
1558693682741 -167386
1558693682860 -169605
1558693682860 -169605
1558693683591 -158453
1558693684763 -171508
1558693686545 -161407
1558693688382 -173027
1558693688481 -163343
1558693689645 -176390
1558693689876 -168244
1558693690626 -177371
1558693692256 -176900
1558693692576 -179321
1558693697658 -176026
1558693698271 -173133
1558693701014 -175876
1558693702514 -179718
1558693705121 -184219
1558693712070 -189273
1558693713738 -188597
1558693718871 -196074
1558693722178 -194979
1558693722763 -199966
1558693723156 -195957
1558693728434 -207531
1558693729482 -208579
1558693730482 -209579
1558693731172 -205669
1558693731351 -208553
1558693731352 -208554
1558693732351 -211448
1558693735332 -214429
1558693735606 -208407
1558693736264 -215361
1558693738526 -211325
1558693739196 -218292
1558693742047 -213865
1558693743015 -214833
1558693743016 -214834
1558693747830 -226926
1558693750565 -225061
1558693751769 -228292
1558693752119 -223906
1558693756424 -230920
1558693760335 -234830
1558693762305 -234122
1558693763490 -240012
1558693769423 -241210
1558693770095 -241912
1558693770103 -241920
1558693770185 -246707
1558693773124 -249646
1558693775089 -251611
1558693775867 -246959
1558693777002 -253524
1558693778962 -255484
1558693782890 -254677
1558693786446 -258262
1558693787544 -258636
1558693790474 -261566
1558693790618 -262405
1558693792285 -264101
1558693794478 -271000
1558693796480 -266184
1558693800405 -272788
1558693801187 -272279
1558693805049 -274752
1558693808264 -280646
1558693808987 -275847
1558693810941 -280643
1558693811145 -283527
1558693813856 -280715
1558693815773 -282632
1558693816495 -287724
1558693818590 -285448
1558693821562 -291263
1558693822547 -292248
1558693823659 -296041
1558693826963 -298192
1558693827533 -291276
1558693828897 -300126
1558693832283 -285477
1558693833822 -279073
1558693837305 -301046
1558693841960 -278612
1558693842779 -279431
1558693843697 -313398
1558693847618 -317010
1558693848565 -317957
1558693849624 -286276
1558693852601 -289252
1558693852815 -316555
1558693853764 -317504
1558693854982 -300230
1558693857123 -326515
1558693857873 -303120
1558693859627 -323366
1558693860604 -324343
1558693861825 -307071
1558693862587 -326326
1558693862983 -332375
1558693863927 -333319
1558693863927 -333319
1558693866628 -311874
1558693868644 -313889
1558693868832 -338224
1558693871959 -297988
1558693876893 -288237
1558693878135 -323376
1558693878306 -347697
1558693880790 -292133
1558693881058 -326298
1558693881957 -299217
1558693882936 -300196
1558693882993 -301984
1558693883160 -352551
1558693884935 -303925
1558693887824 -305083
1558693887849 -306839
1558693893850 -363241
1558693894294 -305635
1558693895242 -306583
1558693895785 -363030
1558693899166 -278636
1558693900368 -319357
1558693901520 -320508
1558693910423 -327680
1558693910423 -367013
1558693915908 -334895
1558693919814 -337067
1558693920532 -299996
1558693920603 -339589
1558693920614 -339600
1558693923483 -302945
1558693924598 -381186
1558693927353 -306810
1558693927353 -306810
1558693927384 -346369
1558693928361 -347346
1558693928562 -345801
1558693929315 -308771
1558693930315 -298274
1558693931337 -299296
1558693932254 -300213
1558693932366 -388953
1558693932366 -388953
1558693933219 -301178
1558693934196 -302155
1558693935170 -275861
1558693936135 -304094
1558693936384 -280796
1558693937224 -393810
1558693940893 -281583
1558693940893 -281583
1558693942100 -286511
1558693942795 -310752
1558693943072 -287483
1558693943810 -284499
1558693949589 -317546
1558693950572 -318528
1558693950666 -374200
1558693951870 -296280
1558693952613 -293302
1558693955579 -296267
1558693957454 -380987
1558693959424 -382957
1558693964439 -308847
1558693965214 -388746
1558693967886 -335839
1558693972266 -316672
1558693972991 -313676
1558693974943 -296089
1558693976673 -344622
1558693977696 -401227
1558693981570 -405100
1558693982768 -303913
1558693984709 -305853
1558693985396 -353342
1558693988354 -411883
1558693989337 -412866
1558693989473 -310617
1558693991117 -414646
1558693993011 -311834
1558693996952 -369090
1558693997878 -316700
1558693998847 -317669
1558693999817 -318639
1558694000865 -373003
1558694006316 -350709
1558694006316 -350708
1558694007029 -303014
1558694013011 -302998
1558694013254 -332070
1558694013974 -303961
1558694013977 -303964
1558694014704 -310689
1558694015204 -334019
1558694018115 -336929
1558694018115 -336929
1558694021043 -393178
1558694022013 -394148
1558694024969 -343780
1558694025718 -315703
1558694027669 -317654
1558694028839 -400973
1558694029817 -348626
1558694030621 -320606
1558694030802 -402936
1558694035057 -298010
1558694036426 -355232
1558694036581 -385719
1558694037007 -299960
1558694038259 -328243
1558694041266 -331249
1558694042238 -332221
1558694042900 -305852
1558694044863 -307815
1558694046120 -395257
1558694050012 -339994
1558694051945 -401081
1558694052923 -402059
1558694054643 -296983
1558694055865 -315764
1558694058628 -318527
1558694059600 -319499
1558694059600 -319499
1558694060685 -409819
1558694062562 -352540
1558694064423 -413557
1558694064466 -324364
1558694065451 -325349
1558694067349 -416482
1558694072085 -314423
1558694075255 -310784
1558694076973 -291382
1558694077913 -292322
1558694078187 -313715
1558694079989 -315517
1558694080014 -339910
1558694080978 -340874
1558694083857 -374933
1558694085599 -376675
1558694087623 -347517
1558694087624 -347518
1558694087804 -323331
1558694088801 -324328
1558694089482 -303890
1558694091423 -382498
1558694092395 -383470
1558694092703 -328229
1558694094371 -308778
1558694096277 -387351
1558694097304 -311711
1558694099261 -313668
1558694100166 -391240
1558694101142 -392216
1558694101235 -301310
1558694103304 -338829
1558694104235 -304309
1558694109113 -400186
1558694110387 -345911
1558694111413 -346937
1558694112165 -312238
1558694114064 -298309
1558694114254 -349777
1558694114890 -299135
1558694115604 -406676
1558694117602 -317675
1558694118574 -318647
1558694118650 -302895
1558694120516 -320588
1558694121358 -390350
1558694121358 -390350
1558694121494 -321566
1558694122462 -322534
1558694123545 -307789
1558694126221 -395213
1558694126471 -310714
1558694130096 -399087
1558694130221 -314464
1558694131056 -331127
1558694132042 -401033
1558694132852 -401843
1558694132854 -401845
1558694134434 -315684
1558694134946 -335017
1558694136382 -317631
1558694136879 -336949
1558694139662 -408652
1558694139798 -339868
1558694140628 -409618
1558694142576 -411566
1558694142717 -342785
1558694148103 -329351
1558694148104 -329352
1558694151574 -310499
1558694157294 -357358
1558694157638 -286655
1558694158232 -298408
1558694159427 -288444
1558694159427 -288444
1558694160677 -341923
1558694160866 -429853
1558694161821 -430807
1558694162968 -303143
1558694162970 -303145
1558694163614 -344859
1558694165251 -294267
1558694167831 -308006
1558694168623 -377991
1558694168802 -308977
1558694169600 -378968
1558694170151 -299166
1558694170151 -299166
1558694180322 -320495
1558694180751 -309765
1558694183010 -392376
1558694186593 -285454
1558694186898 -396264
1558694194668 -404033
1558694198361 -297221
1558694200639 -340810
1558694202169 -301028
1558694206299 -385615
1558694207287 -386603
1558694208035 -306893
1558694208437 -348605
1558694209105 -388420
1558694209925 -308783
1558694211003 -390318
1558694218406 -315904
1558694219001 -287732
1558694219121 -287851
1558694220876 -400190
1558694220988 -289718
1558694221273 -350923
1558694222046 -290776
1558694223025 -352675
1558694223791 -292521
1558694228640 -358287
1558694230599 -300080
1558694235183 -414495
1558694235296 -304024
1558694235458 -332954
1558694236321 -305049
1558694239360 -336855
1558694242985 -422296
1558694244198 -341692
1558694247939 -427249
1558694248846 -428155
1558694249971 -347465
1558694251053 -320531
1558694251111 -320589
1558694252831 -291594
1558694253889 -323367
1558694254677 -352170
1558694254677 -352170
1558694256710 -295472
1558694260193 -388389
1558694269594 -339070
1558694271004 -399199
1558694272972 -401166
1558694274303 -343778
1558694275275 -344749
1558694275894 -323214
1558694276218 -288695
1558694277834 -325154
1558694279208 -348681
1558694283137 -352609
1558694283346 -411539
1558694283664 -330983
1558694288192 -416384
1558694291006 -360475
1558694291007 -360476
1558694291962 -304436
1558694291994 -303282
1558694293044 -367462
1558694294756 -307230
1558694295744 -308218
1558694295960 -370378
1558694298679 -311153
1558694298704 -373122
1558694300645 -313118
1558694301615 -376032
1558694302614 -315087
1558694303064 -350380
1558694304042 -351358
1558694304617 -315903
1558694305562 -287942
1558694306579 -288959
1558694307452 -381868
1558694308938 -356252
1558694311505 -322790
1558694312449 -294829
1558694313261 -387677
1558694313821 -305241
1558694317410 -328695
1558694318713 -310132
1558694320509 -311928
1558694322475 -313894
1558694323149 -334433
1558694323793 -398208
1558694324089 -306467
1558694324132 -335416
1558694324429 -315848
1558694326058 -308436
1558694327361 -318779
1558694329655 -404069
1558694330323 -321741
1558694335893 -291989
1558694338346 -382696
1558694339822 -295918
1558694340073 -331490
1558694342250 -386599
1558694345572 -301667
1558694348524 -304618
1558694351646 -343061
1558694354471 -313251
1558694354786 -399134
1558694356378 -312471
1558694357516 -348929
1558694358497 -349910
1558694359332 -315425
1558694361392 -320171
1558694361392 -320171
1558694361668 -406015
1558694363269 -294108
1558694363329 -322108
1558694364260 -295098
1558694364322 -323101
1558694367135 -309909
1558694369059 -327838
1558694370280 -414626
1558694371026 -329804
1558694377855 -308692
1558694377887 -320660
1558694378897 -337630
1558694380035 -384767
1558694380834 -323607
1558694387752 -346484
1558694390777 -395507
1558694391422 -334193
1558694392462 -295154
1558694394350 -337121
1558694396398 -299090
1558694398265 -341035
1558694398266 -341036
1558694399334 -302026
1558694399395 -404124
1558694403336 -302822
1558694406104 -348873
1558694408048 -350817
1558694408188 -310879
1558694409026 -351795
1558694410162 -312852
1558694411116 -415843
1558694414122 -418848
1558694415073 -297336
1558694415073 -314557
1558694415905 -299276
1558694417052 -421777
1558694417116 -316600
1558694418910 -423634
1558694419720 -303091
1558694422554 -305924
1558694423658 -384233
1558694425782 -325265
1558694426774 -326257
1558694428419 -311788
1558694428420 -311789
1558694428549 -389123
1558694429406 -312775
1558694435396 -395970
1558694437345 -397919
1558694439016 -322384
1558694439343 -291528
1558694440971 -324339
1558694441078 -401652
1558694442347 -341828
1558694443272 -295457
1558694444893 -328260
1558694445240 -297424
1558694445241 -297425
1558694452813 -413387
1558694452813 -413387
1558694453107 -305290
1558694454157 -353634
1558694459651 -420225
1558694460625 -421199
1558694464812 -308007
1558694465265 -348627
1558694466253 -349615
1558694470167 -353528
1558694471636 -295748
1558694471711 -314905
1558694471711 -314905
1558694476553 -300665
1558694478584 -321777
1558694479939 -318795
1558694480964 -399021
1558694481913 -320769
1558694482518 -325710
1558694484876 -402932
1558694485307 -328499
1558694486235 -310345
1558694488252 -331443
1558694489240 -332431
1558694495081 -292948
1558694496405 -335259
1558694497116 -340306
1558694498364 -337218
1558694499013 -296879
1558694501046 -344235
1558694502946 -300812
1558694504009 -347197
1558694509125 -380908
1558694509754 -352939
1558694511929 -350781
1558694515579 -313443
1558694516557 -314421
1558694516624 -317968
1558694520493 -292094
1558694523637 -311369
1558694525415 -297015
1558694525598 -397378
1558694525598 -313329
1558694528680 -316411
1558694529623 -330966
1558694529623 -301222
1558694530835 -402614
1558694532546 -304145
1558694532645 -333987
1558694535156 -306755
1558694535207 -336549
1558694536146 -337488
1558694536196 -323926
1558694540083 -341424
1558694542027 -413804
1558694543031 -344372
1558694544984 -332713
1558694545909 -317506
1558694545958 -333687
1558694546889 -289194
1558694546934 -334663
1558694547948 -349288
1558694549827 -421601
1558694553801 -341529
1558694554731 -371351
1558694554787 -297089
1558694560548 -302849
1558694562602 -317119
1558694568249 -384868
1558694568299 -356023
1558694570455 -324969
1558694573281 -315579
1558694574094 -390712
1558694575070 -391688
1558694575348 -329860
1558694581092 -335602
1558694582004 -293978
1558694583998 -295971
1558694586630 -403246
1558694587697 -329998
1558694587697 -329998
1558694589653 -331953
1558694591611 -333911
1558694592590 -334890
1558694593575 -335874
1558694594458 -383271
1558694595525 -337824
1558694595528 -337827
1558694597386 -386199
1558694599473 -341771
1558694601741 -356244
1558694601741 -356244
1558694603233 -392045
1558694603612 -315583
1558694611321 -292969
1558694611888 -400699
1558694612328 -293976
1558694612969 -355265
1558694613373 -319418
1558694616331 -322376
1558694617221 -298869
1558694618204 -299851
1558694619687 -408497
1558694619812 -309783
1558694620665 -409475
1558694620665 -409475
1558694621643 -410453
1558694623747 -313718
1558694624583 -413392
1558694626080 -307727
1558694626163 -332206
1558694626164 -332207
1558694631824 -313470
1558694632362 -322332
1558694633349 -323318
1558694635151 -423958
1558694636126 -379509
1558694636269 -326238
1558694636732 -318377
1558694638229 -328198
1558694638229 -328198
1558694639081 -382463
1558694643148 -333116
1558694646572 -298056
1558694646645 -352685
1558694650775 -394156
1558694652563 -358602
1558694655261 -306744
1558694655678 -345644
1558694656483 -399863
1558694657236 -308718
1558694659288 -308752
1558694662337 -405717
1558694664135 -315617
1558694667080 -318561
1558694667411 -357373
1558694669369 -304946
1558694671013 -292174
1558694671123 -414502
1558694673279 -308855
1558694674938 -296098
1558694676003 -419381
1558694679757 -389530
1558694679785 -329246
1558694679960 -315535
1558694682681 -303840
1558694682733 -392505
1558694682935 -318510
1558694683747 -333208
1558694685828 -321403
1558694685829 -321404
1558694686807 -322382
1558694686807 -322382
1558694688764 -324338
1558694689513 -399284
1558694689534 -310692
1558694691717 -327291
1558694694617 -344076
1558694697531 -346989
1558694698562 -334135
1558694700271 -410041
1558694701251 -350709
1558694702154 -292983
1558694704136 -294965
1558694705246 -340818
1558694705246 -340818
1558694710027 -300855
1558694710138 -345710
1558694717989 -310725
1558694718896 -309723
1558694719645 -429412
1558694719645 -429412
1558694719649 -429416
1558694723080 -311976
1558694725022 -315848
1558694728786 -289441
1558694728847 -321582
1558694731612 -320505
1558694731716 -324451
1558694732688 -325422
1558694734465 -295119
1558694737353 -326244
1558694738394 -299047
1558694739006 -401395
1558694740368 -301021
1558694744196 -333085
1558694744373 -337106
1558694745851 -408239
1558694746167 -335056
1558694747245 -307897
1558694747247 -307899
1558694758981 -351711
1558694764781 -296093
1558694771662 -302973
1558694773466 -304776
1558694776501 -317389
1558694777487 -318375
1558694780356 -311663
1558694781336 -312643
1558694783335 -314640
1558694788220 -319524
1558694791172 -292160
1558694794123 -295110
1558694811660 -312645
1558694822315 -301783
