1558693130540 -5795
1558693132280 -760
1558693132368 -6847
1558693133247 -1727
1558693135357 -9836
1558693136272 -4751
1558693137178 -5657
1558693147831 -16310
1558693148794 -17273
1558693149695 -24174
1558693152646 -27125
1558693156512 -30988
1558693161370 -29849
1558693162265 -30744
1558693162390 -36866
1558693164273 -38749
1558693168090 -36569
1558693169114 -43590
1558693169986 -38465
1558693170116 -44591
1558693174900 -43379
1558693182599 -57074
1558693195221 -65999
1558693199954 -70732
1558693202934 -70109
1558693203929 -71104
1558693204798 -75576
1558693216610 -83785
1558693223425 -88801
1558693224378 -89754
1558693225001 -95778
1558693229130 -94506
1558693229876 -100653
1558693230853 -101630
1558693232783 -103560
1558693235704 -102846
1558693235958 -101334
1558693242369 -109511
1558693244347 -111489
1558693249194 -116335
1558693258306 -123681
1558693268589 -135728
1558693271975 -136473
1558693272500 -138080
1558693275732 -140230
1558693278691 -143189
1558693279347 -144927
1558693286368 -151919
1558693289440 -153938
1558693291463 -155961
1558693292942 -158493
1558693299032 -163530
1558693300007 -164505
1558693302018 -166516
1558693302993 -167491
1558693303625 -169175
1558693311760 -176257
1558693316171 -181719
1558693319556 -182707
1558693331157 -194307
1558693331810 -197357
1558693333112 -196262
1558693339467 -202570
1558693341425 -204528
1558693342402 -205505
1558693343381 -206484
1558693345683 -208832
1558693347298 -210401
1558693360286 -223435
1558693360984 -224086
1558693361256 -224405
1558693373524 -236626
1558693373528 -236630
1558693374506 -237608
1558693378474 -241576
1558693380657 -243806
1558693381661 -244810
1558693383295 -246396
1558693383587 -246732
1558693388019 -250558
1558693389441 -251992
1558693392930 -255469
1558693393190 -255741
1558693394169 -256720
1558693395870 -258409
1558693396820 -259359
1558693398080 -260631
1558693400727 -263266
1558693401703 -264242
1558693405657 -268196
1558693408846 -267805
1558693412337 -272891
1558693416502 -266537
1558693417185 -277737
1558693418167 -278719
1558693421416 -271449
1558693427939 -280552
1558693428226 -278257
1558693429890 -282503
1558693430178 -280208
1558693433763 -286376
1558693437624 -275251
1558693444692 -282285
1558693457905 -295529
1558693513691 -3640
1558693514417 -459
1558693514627 -4576
1558693517337 -3379
1558693519502 -9451
1558693520457 -10406
1558693520459 -10408
1558693521275 -7317
1558693522232 -8274
1558693522466 -12414
1558693530079 -16120
1558693531060 -17101
1558693535944 -21985
1558693537928 -27874
1558693540691 -26731
1558693547514 -33554
1558693548686 -38631
1558693549642 -39260
1558693552578 -42196
1558693555315 -39722
1558693557298 -46916
1558693560234 -49852
1558693561154 -45561
1558693563959 -48365
1558693564175 -53793
1558693568044 -57662
1558693569796 -54202
1558693577618 -62023
1558693578588 -62993
1558693579777 -69394
1558693580553 -64958
1558693584509 -74126
1558693586297 -70701
1558693586548 -76165
1558693586548 -76165
1558693587279 -71683
1558693589483 -79100
1558693597066 -72319
1558693598202 -83153
1558693600921 -76174
1558693606861 -91812
1558693613524 -88776
1558693613524 -88776
1558693616423 -91674
1558693623475 -108424
1558693630146 -115095
1558693632850 -108100
1558693635995 -120943
1558693635995 -120943
1558693638710 -113960
1558693639910 -124858
1558693640658 -113437
1558693641850 -126798
1558693642608 -115387
1558693647491 -120270
1558693647718 -132636
1558693648480 -121259
1558693648708 -133626
1558693649684 -134602
1558693652469 -137387
1558693664190 -147822
1558693666886 -139663
1558693668850 -141627
1558693674720 -147497
1558693674930 -158537
1558693675694 -148471
1558693678724 -162331
1558693681449 -150113
1558693681705 -165312
1558693682693 -166299
1558693685303 -153966
1558693685522 -169128
1558693687282 -155945
1558693687523 -171129
1558693691219 -159882
1558693692150 -160813
1558693692150 -160812
1558693696278 -179883
1558693698010 -166672
1558693698260 -181865
1558693701000 -184605
1558693705664 -174325
1558693711531 -180192
1558693713507 -182168
1558693715720 -190857
1558693717389 -186050
1558693720317 -188812
1558693725289 -200425
1558693726183 -194677
1558693729234 -204370
1558693737806 -206300
1558693739710 -208203
1558693743857 -218992
1558693744836 -219971
1558693748508 -217001
1558693748598 -223732
1558693750468 -218961
1558693753233 -221726
1558693753233 -221726
1558693755185 -223678
1558693763245 -237314
1558693763246 -237314
1558693765080 -233572
1558693765080 -233572
1558693767913 -236405
1558693770109 -244177
1558693771824 -239664
1558693772898 -246966
1558693773872 -247940
1558693775595 -243435
1558693778720 -252788
1558693786537 -260604
1558693787516 -261583
1558693790450 -264517
1558693793179 -261019
1558693793451 -267518
1558693794147 -261987
1558693796157 -263997
1558693797170 -271237
1558693800201 -274268
1558693805985 -280052
1558693806762 -274601
1558693811874 -285941
1558693812826 -286893
1558693813826 -287893
1558693821429 -284123
1558693821457 -284151
1558693822395 -285089
1558693824149 -286843
1558693828023 -290717
1558693833288 -304487
1558693837821 -290318
1558693837831 -290328
1558693840980 -312178
1558693844655 -297151
1558693845722 -316920
1558693848653 -319851
1558693862348 -312484
1558693862379 -312515
1558693868090 -318226
1558693869143 -319278
1558693879532 -305679
1558693884633 -334767
1558693885608 -335742
1558693886358 -297122
1558693886585 -336718
1558693892208 -302972
1558693893185 -303949
1558693895953 -306716
1558693896200 -346332
1558693899147 -349278
1558693904935 -296145
1558693905432 -355561
1558693911818 -303027
1558693913846 -326220
1558693914759 -327133
1558693915554 -306762
1558693917579 -329953
1558693917579 -329953
1558693917579 -329952
1558693917590 -329963
1558693925378 -337751
1558693930023 -285461
1558693931280 -343652
1558693938910 -351281
1558693939814 -295250
1558693939918 -352289
1558693939918 -352289
1558693941831 -354201
1558693942554 -297990
1558693946475 -301910
1558693948674 -297036
1558693952588 -300949
1558693957232 -312659
1558693961215 -309575
1558693964163 -312523
1558693964163 -312523
1558693964171 -312531
1558693972715 -305816
1558693975634 -308735
1558693977855 -326163
1558693989320 -303014
1558693992372 -340677
1558693994021 -307714
1558693997949 -311642
1558693998223 -346526
1558693998223 -346526
1558693999196 -347499
1558694007723 -301881
1558694019279 -313435
1558694024508 -324418
1558694040911 -340818
1558694041944 -341851
1558694042630 -307804
1558694043600 -308774
1558694044594 -309767
1558694045785 -345692
1558694046768 -346675
1558694047737 -347643
1558694052355 -317527
1558694053620 -353525
1558694054607 -354511
1558694056252 -287380
1558694061954 -293081
1558694068802 -299928
1558694072754 -303880
1558694083643 -334962
1558694086533 -337852
1558694086533 -337852
1558694095322 -346640
1558694098940 -296151
1558694098940 -296151
1558694110812 -308022
1558694111178 -298383
1558694115446 -312655
1558694116374 -313583
1558694120284 -317492
1558694132834 -296017
1558694135766 -298949
1558694137037 -324193
1558694138998 -326154
1558694144860 -332016
1558694147495 -310677
1558694151408 -314589
1558694151410 -314591
1558694158195 -292214
1558694161327 -348482
1558694163309 -350464
1558694167864 -301882
1558694176668 -310685
1558694179733 -307756
1558694179735 -307758
1558694180407 -314423
1558694180408 -314424
1558694185303 -296085
1558694186284 -297065
1558694187571 -315593
1558694188546 -316568
1558694194398 -322419
1558694198376 -326396
1558694198376 -326396
1558694201026 -311805
1558694201026 -311805
1558694203776 -314554
1558694204816 -290206
1558694206105 -334123
1558694207718 -293108
1558694208655 -294045
1558694218979 -346993
1558694221929 -349942
1558694223668 -309056
1558694230927 -283501
1558694237182 -313746
1558694238162 -314726
1558694239842 -292415
1558694242109 -318673
1558694245072 -321635
1558694245761 -298333
1558694251807 -328369
1558694252386 -304958
1558694255563 -332125
1558694258490 -335051
1558694262449 -339010
1558694263108 -315678
1558694270086 -292508
1558694271188 -347747
1558694273083 -295505
1558694274912 -297333
1558694275049 -351607
1558694277013 -353570
1558694280671 -303092
1558694280671 -303092
1558694286849 -315820
1558694291465 -313884
1558694292464 -314883
1558694297373 -285752
1558694297499 -326469
1558694312939 -301316
1558694314911 -303288
1558694317178 -346146
1558694318859 -307235
1558694321928 -350895
1558694325562 -313937
1558694331780 -308282
1558694334413 -292805
1558694335703 -312205
1558694340621 -317122
1558694341619 -318120
1558694346354 -322854
1558694346354 -322854
1558694348324 -324824
1558694349991 -308380
1558694354223 -330722
1558694354905 -313293
1558694356189 -332688
1558694364081 -340577
1558694365720 -297897
1558694373446 -305622
1558694373743 -350238
1558694380622 -357117
1558694389477 -320334
1558694397184 -328040
1558694400844 -302880
1558694404071 -334926
1558694404794 -306830
1558694416854 -347707
1558694417675 -289509
1558694419471 -291305
1558694430474 -304962
1558694435070 -306904
1558694435411 -309899
1558694437035 -308869
1558694440969 -312803
1558694441122 -315609
1558694443755 -315589
1558694444079 -318565
1558694446705 -289541
1558694447691 -290527
1558694448673 -291509
1558694452927 -327412
1558694457523 -300357
1558694457844 -332329
1558694459816 -334300
1558694475390 -349871
1558694476051 -318883
1558694479991 -292740
1558694482932 -295680
1558694488018 -299482
1558694493583 -306330
1558694502435 -315181
1558694504760 -316222
1558694505735 -317197
1558694508332 -290870
1558694513278 -295815
1558694514233 -296770
1558694518352 -329807
1558694526337 -337791
1558694528128 -310663
1558694530068 -312603
1558694534860 -317394
1558694535904 -347356
1558694542425 -298731
1558694548330 -304635
1558694551281 -307586
1558694556196 -312500
1558694556198 -312502
1558694570836 -297818
1558694571763 -298745
1558694577686 -304667
1558694587700 -342713
1558694592245 -289145
1558694594586 -349598
1558694598527 -353538
1558694599534 -354545
1558694600121 -297019
1558694604050 -300948
1558694605426 -304931
1558694608193 -307697
1558694611147 -310651
1558694617047 -316548
1558694619020 -318521
1558694622942 -322442
1558694623558 -295000
1558694626516 -297958
1558694629456 -300898
1558694629664 -329162
1558694632640 -332138
1558694634582 -334076
1558694649341 -348835
1558694655848 -293077
1558694665523 -302750
1558694669453 -306680
1558694670478 -307705
1558694675354 -312580
1558694676337 -313563
1558694676718 -329079
1558694677540 -329901
1558694678562 -330923
1558694680268 -317494
1558694680487 -332848
1558694683438 -335798
1558694699777 -307655
1558694699777 -307654
1558694706497 -314374
1558694712396 -290111
1558694718304 -296019
1558694719682 -316549
1558694723525 -301239
1558694732957 -310670
1558694733300 -330165
1558694741148 -338012
1558694742731 -294998
1558694744692 -296958
1558694754367 -306632
1558694757310 -309575
1558694763209 -315473
1558694763210 -315474
1558694766160 -293019
1558694770092 -296950
1558694778782 -305639
1558694782133 -327125
1558694783113 -328105
1558694785085 -330077
1558694787636 -314492
1558694792952 -337943
1558694793936 -338927
1558694799445 -296029
1558694802230 -298813
1558694802626 -347615
1558694804594 -349583
1558694822138 -314337
1558694824103 -316302
