1558693126463 -2357
1558693128652 -12014
1558693134913 -10807
1558693136920 -12814
1558693138313 -21674
1558693139402 -22763
1558693142704 -18597
1558693144035 -27396
1558693144035 -27396
1558693145973 -29334
1558693152224 -28093
1558693153483 -36843
1558693153483 -36843
1558693160256 -43495
1558693164964 -48203
1558693165923 -49162
1558693165923 -49162
1558693168645 -44513
1558693174618 -57856
1558693176484 -59722
1558693182123 -57819
1558693182295 -65533
1558693184032 -59728
1558693191153 -66849
1558693191153 -66849
1558693196806 -80043
1558693199463 -75158
1558693200434 -76129
1558693205273 -80968
1558693207210 -80222
1558693214725 -97895
1558693216016 -89028
1558693217965 -90977
1558693224651 -97662
1558693225277 -108447
1558693226240 -109409
1558693230520 -103531
1558693231079 -114248
1558693233451 -106462
1558693233935 -117104
1558693240338 -113349
1558693240638 -123807
1558693245036 -118047
1558693251064 -134174
1558693260726 -143779
1558693262613 -135324
1558693262665 -145718
1558693264565 -137276
1558693265542 -138253
1558693267379 -140090
1558693268308 -151361
1558693268308 -151361
1558693268317 -151370
1558693268345 -141056
1558693270238 -153291
1558693273240 -145951
1558693278947 -161995
1558693280018 -163066
1558693286172 -158883
1558693286813 -169861
1558693290458 -173506
1558693296231 -179278
1558693300420 -169332
1558693300421 -169333
1558693301027 -184074
1558693314919 -183830
1558693315340 -198386
1558693315915 -184826
1558693323064 -206109
1558693324697 -193607
1558693330580 -199490
1558693335591 -218543
1558693336448 -205358
1558693344105 -213015
1558693351893 -234845
1558693354750 -237701
1558693355733 -238684
1558693368108 -251059
1558693370045 -252996
1558693377775 -260726
1558693379735 -262686
1558693395598 -263305
1558693396104 -278982
1558693398541 -266248
1558693399002 -281880
1558693401482 -269189
1558693402445 -270152
1558693403421 -271128
1558693405421 -273128
1558693408568 -291445
1558693409552 -292429
1558693410513 -293390
1558693413049 -273310
1558693415959 -276219
1558693416933 -277193
1558693418288 -301165
1558693419870 -280130
1558693425084 -307961
1558693432413 -284115
1558693439524 -322382
1558693440240 -291940
1558693444146 -272723
1558693449032 -277608
1558693450009 -278585
1558693452126 -334939
1558693457799 -340603
1558693458770 -325128
1558693460603 -289177
1558693462656 -329014
1558693464507 -293080
1558693464600 -330958
1558693465484 -294057
1558693465573 -331931
1558693469394 -297967
1558693476264 -342621
1558693481930 -348287
1558693524673 -13293
1558693525652 -14272
1558693526349 -358792
1558693532219 -364661
1558693537037 -369478
1558693537227 -25846
1558693540920 -373360
1558693545277 -35936
1558693547223 -37882
1558693556789 -45404
1558693566405 -55019
1558693570419 -61076
1558693571354 -62011
1558693572300 -60914
1558693573241 -61855
1558693574219 -62833
1558693577155 -65769
1558693578971 -69628
1558693578973 -69630
1558693590692 -81348
1558693591724 -78271
1558693595613 -82159
1558693596641 -83187
1558693597459 -85612
1558693599380 -87533
1558693606048 -94201
1558693607992 -96145
1558693609971 -98124
1558693609971 -98124
1558693610171 -96716
1558693615945 -102490
1558693616722 -104875
1558693622791 -109335
1558693626723 -113267
1558693632133 -120286
1558693642187 -127717
1558693645120 -130640
1558693646684 -134832
1558693647654 -135802
1558693650985 -136505
1558693653759 -139279
1558693655300 -142445
1558693656254 -143399
1558693657232 -144377
1558693664035 -151179
1558693667445 -152964
1558693670381 -155899
1558693670832 -157976
1558693672813 -159957
1558693674541 -161685
1558693674542 -161686
1558693677459 -164602
1558693679072 -164590
1558693687839 -173356
1558693689139 -176280
1558693691734 -177251
1558693692718 -178235
1558693693994 -181135
1558693700631 -187772
1558693703539 -187869
1558693704509 -188839
1558693705483 -189813
1558693705484 -189814
1558693713076 -194763
1558693720064 -204393
1558693722858 -204544
1558693723835 -205521
1558693725731 -210060
1558693728648 -212976
1558693730562 -212248
1558693733453 -215138
1558693742246 -223931
1558693746025 -230352
1558693746025 -230352
1558693749906 -229329
1558693750885 -230308
1558693757730 -237153
1558693759590 -242328
1558693768179 -250917
1558693773230 -252653
1558693775200 -254623
1558693775200 -254623
1558693776143 -255566
1558693780055 -259478
1558693782791 -264774
1558693788592 -270575
1558693789833 -269256
1558693790811 -270234
1558693792365 -274347
1558693792787 -270019
1558693794302 -276284
1558693798603 -275835
1558693800223 -282205
1558693803461 -280693
1558693804089 -286071
1558693808029 -290011
1558693810284 -287516
1558693827650 -291171
1558693841334 -304853
1558693842528 -319882
1558693843512 -320866
1558693845474 -322828
1558693846441 -323795
1558693849353 -326707
1558693849360 -326714
1558693850953 -314471
1558693863683 -327198
1558693863700 -327215
1558693870422 -307773
1558693875237 -312588
1558693875416 -323269
1558693882089 -319439
1558693883058 -320408
1558693883192 -331044
1558693883193 -331045
1558693884164 -332016
1558693884164 -332016
1558693885992 -323341
1558693886918 -334769
1558693888865 -336716
1558693889901 -327250
1558693898594 -346444
1558693899586 -347435
1558693901598 -338944
1558693901598 -338944
1558693904830 -352679
1558693905627 -342972
1558693906597 -343942
1558693914339 -284865
1558693929525 -333955
1558693931653 -302176
1558693932440 -336870
1558693932440 -336869
1558693942214 -312736
1558693948080 -318566
1558693950035 -320521
1558693954926 -325411
1558693956580 -332959
1558693958377 -334755
1558693962622 -333103
1558693968465 -338944
1558693971221 -347598
1558693971984 -348361
1558693973940 -350316
1558693976273 -346750
1558693976838 -353214
1558693978229 -348705
1558693980184 -350659
1558693984102 -354576
1558693984102 -354576
1558693987366 -363741
1558693989825 -307752
1558693993709 -311636
1558693997619 -315545
1558694000007 -338901
1558694000010 -338904
1558694000557 -318483
1558694007628 -346521
1558694012131 -330055
1558694013455 -352348
1558694015394 -354286
1558694018320 -357212
1558694020940 -338863
1558694021911 -339834
1558694034457 -352377
1558694037382 -355301
1558694042492 -329066
1558694045236 -306787
1558694048139 -309690
1558694055004 -316554
1558694056945 -318495
1558694057751 -319301
1558694058803 -345375
1558694062700 -349272
1558694067568 -354139
1558694070491 -357061
1558694072446 -359016
1558694073399 -359969
1558694076343 -337890
1558694077316 -338863
1558694079267 -340814
1558694080262 -341808
1558694084970 -346515
1558694095581 -357007
1558694099633 -318554
1558694102230 -363655
1558694104570 -323491
1558694106356 -325276
1558694106356 -325276
1558694108420 -327340
1558694115000 -376422
1558694119033 -337952
1558694120694 -338858
1558694123921 -342839
1558694129284 -347445
1558694129289 -347450
1558694132559 -351475
1558694133170 -351329
1558694136475 -355390
1558694142885 -361039
1558694143316 -305771
1558694153430 -371580
1558694155482 -373632
1558694157509 -375658
1558694159822 -322274
1558694163181 -337889
1558694169562 -332013
1558694170740 -345447
1558694171543 -333994
1558694171728 -346435
1558694175608 -350314
1558694182118 -344567
1558694186018 -348466
1558694209387 -327280
1558694209409 -327302
1558694210345 -328238
1558694211288 -329181
1558694215305 -333198
1558694220457 -338349
1558694224244 -342135
1558694226830 -344721
1558694230843 -363823
1558694231786 -364766
1558694231788 -364768
1558694234718 -352607
1558694237738 -370718
1558694238680 -371660
1558694238680 -356568
1558694241657 -359544
1558694247468 -380448
1558694253214 -310955
1558694254177 -311918
1558694256083 -339630
1558694260062 -317802
1558694264017 -321757
1558694265697 -349243
1558694268013 -325752
1558694268681 -352226
1558694269994 -327733
1558694270951 -328690
1558694271721 -355266
1558694272602 -356147
1558694283513 -341250
1558694284499 -342236
1558694285485 -343222
1558694287206 -370749
1558694290399 -348135
1558694296154 -353888
1558694300732 -338390
1558694305617 -343274
1558694310508 -348164
1558694312861 -310324
1558694312861 -310324
1558694322546 -320007
1558694333813 -371466
1558694335329 -332789
1558694335329 -332789
1558694339515 -329832
1558694340496 -330813
1558694341229 -338688
1558694341229 -338688
1558694341229 -338688
1558694344047 -341506
1558694346018 -343476
1558694347342 -337658
1558694349937 -347394
1558694352231 -342547
1558694353211 -343527
1558694354193 -344509
1558694354848 -352303
1558694361850 -352165
1558694365759 -356073
1558694368693 -359007
1558694369467 -306777
1558694370457 -307767
1558694371651 -361964
1558694377501 -367812
1558694379466 -340780
1558694380445 -341759
1558694385164 -346477
1558694386158 -323465
1558694402764 -364075
1558694407527 -368837
1558694411589 -348892
1558694412583 -349886
1558694413587 -350889
1558694415486 -376795
1558694415541 -376850
1558694430098 -311857
1558694432766 -338095
1558694434720 -340049
1558694434720 -340049
1558694435716 -341045
1558694437970 -319728
1558694444507 -349835
1558694447661 -329417
1558694449401 -354728
1558694450600 -332356
1558694452565 -334320
1558694454528 -336283
1558694465858 -327657
1558694466185 -347938
1558694467872 -329671
1558694474043 -355793
1558694475029 -356779
1558694476999 -358749
1558694477002 -358751
1558694478969 -360718
1558694485860 -304731
1558694486226 -348022
1558694494562 -313432
1558694495538 -314408
1558694496979 -358774
1558694501879 -363673
1558694505380 -324219
1558694509552 -342013
1558694510348 -329186
1558694518969 -337806
1558694522246 -354705
1558694527086 -359545
1558694530115 -362573
1558694531087 -349920
1558694532225 -364683
1558694534817 -353649
1558694543404 -362233
1558694546541 -378997
1558694546541 -378997
1558694550296 -382751
1558694550318 -314433
1558694551259 -340321
1558694552238 -341300
1558694554238 -318353
1558694555235 -319350
1558694556152 -345213
1558694557143 -346204
1558694558132 -347193
1558694568858 -332970
1558694568875 -357935
1558694581431 -370489
1558694584446 -348556
1558694585463 -349572
1558694589249 -378306
1558694590304 -354412
1558694596116 -342920
1558694596223 -360329
1558694596227 -360333
1558694597190 -301012
1558694602113 -305934
1558694606681 -353484
1558694608830 -312651
1558694609609 -356411
1558694609817 -313637
1558694610588 -357390
1558694610588 -357390
1558694610588 -357390
1558694611608 -358410
1558694614733 -318553
1558694618667 -322486
1558694621632 -325451
1558694626078 -372878
1558694627047 -373846
1558694629980 -376779
1558694632282 -336100
1558694634249 -338067
1558694637812 -328135
1558694640741 -331064
1558694647037 -350852
1558694657212 -347532
1558694666553 -310720
1558694671469 -315635
1558694673433 -317599
1558694674416 -318582
1558694676605 -366920
1558694680161 -324210
1558694682558 -336172
1558694686060 -330108
1558694687043 -331091
1558694689012 -333059
1558694689316 -342929
1558694693136 -346749
1558694695101 -348713
1558694699832 -343877
1558694709501 -353543
1558694709502 -353544
1558694709695 -363305
1558694715407 -359447
1558694723616 -334258
1558694730178 -313671
1558694733944 -317437
1558694734960 -345601
1558694742787 -326278
1558694749673 -333164
1558694749673 -333163
1558694749675 -333165
1558694756392 -339882
1558694757375 -340864
1558694760331 -343820
1558694765247 -348735
1558694765247 -348734
1558694769185 -352671
1558694771150 -354635
1558694779846 -307698
1558694780826 -308677
1558694781814 -309665
1558694787712 -315562
