1558693124665 -873
1558693125173 -637
1558693128107 -4186
1558693131953 -8031
1558693134049 -10256
1558693135075 -10352
1558693136070 -12277
1558693139562 -8835
1558693140583 -9856
1558693141734 -17812
1558693145660 -21738
1558693147361 -23439
1558693148341 -23325
1558693151193 -20466
1558693152267 -28345
1558693152393 -28599
1558693152468 -20202
1558693153335 -29541
1558693154067 -23884
1558693154338 -30544
1558693154338 -30544
1558693155883 -25700
1558693156876 -26149
1558693157270 -33476
1558693157850 -27123
1558693158188 -25921
1558693159106 -34089
1558693159198 -35404
1558693160148 -36354
1558693160148 -35131
1558693160206 -36412
1558693160784 -30601
1558693161135 -37341
1558693161135 -37341
1558693161992 -38069
1558693162974 -39180
1558693163879 -38862
1558693165808 -41885
1558693167753 -42736
1558693169453 -38725
1558693169469 -38741
1558693169770 -45103
1558693170771 -38434
1558693172644 -47977
1558693172747 -40409
1558693175469 -50451
1558693176562 -44224
1558693178298 -53750
1558693178900 -48716
1558693180322 -55654
1558693182193 -57645
1558693182287 -49948
1558693182945 -49356
1558693183202 -50863
1558693184110 -59562
1558693187172 -62154
1558693188223 -63674
1558693189558 -65009
1558693190346 -65678
1558693192026 -58437
1558693193646 -63461
1558693194423 -63954
1558693194878 -70210
1558693195789 -62199
1558693195789 -62199
1558693195935 -63596
1558693196674 -72125
1558693197712 -64122
1558693197738 -64148
1558693198243 -67774
1558693198243 -67774
1558693199132 -68660
1558693202407 -72108
1558693203291 -69701
1558693203452 -71113
1558693204344 -79795
1558693204432 -79764
1558693205402 -80734
1558693206282 -72692
1558693208239 -77940
1558693208308 -83640
1558693210134 -76544
1558693211137 -86588
1558693212210 -79871
1558693212474 -81990
1558693213182 -80843
1558693214050 -87928
1558693217044 -91123
1558693217952 -84357
1558693219803 -93882
1558693220709 -90410
1558693221659 -95537
1558693221771 -95850
1558693229528 -103607
1558693230431 -100132
1558693231494 -97899
1558693231617 -93996
1558693235282 -104983
1558693236443 -101439
1558693237480 -99859
1558693239146 -113024
1558693239172 -108872
1558693239353 -105757
1558693242959 -117037
1558693242959 -117037
1558693243846 -117723
1558693243862 -112401
1558693244840 -113379
1558693245290 -107637
1558693248711 -122588
1558693251624 -125501
1558693251728 -116724
1558693252600 -126477
1558693254620 -128698
1558693255778 -121456
1558693255864 -117805
1558693256564 -121560
1558693256570 -121566
1558693260439 -131830
1558693261371 -126367
1558693262707 -124648
1558693263696 -125637
1558693264303 -135962
1558693265638 -127579
1558693267096 -138755
1558693267096 -138755
1558693268042 -139701
1558693271082 -139620
1558693271844 -136837
1558693271951 -143610
1558693272051 -140589
1558693272378 -138056
1558693275166 -140844
1558693276242 -138182
1558693279899 -151290
1558693280172 -145850
1558693280883 -152542
1558693281154 -146832
1558693281209 -143148
1558693281888 -150426
1558693282060 -147738
1558693282492 -147132
1558693283117 -145056
1558693283974 -149652
1558693284880 -153418
1558693286961 -158620
1558693287748 -159139
1558693288493 -159884
1558693288493 -159884
1558693288946 -150885
1558693289483 -160874
1558693289815 -155493
1558693291402 -163061
1558693293156 -157796
1558693293400 -165059
1558693295325 -166984
1558693296574 -160264
1558693298301 -162837
1558693298467 -162157
1558693299543 -161478
1558693299543 -161478
1558693300405 -163886
1558693300519 -162454
1558693304431 -166366
1558693305107 -176495
1558693306990 -176687
1558693307273 -170754
1558693307411 -172043
1558693309921 -179618
1558693311875 -181572
1558693312160 -175641
1558693314155 -178787
1558693316179 -177000
1558693316605 -186302
1558693316694 -181200
1558693317585 -187282
1558693318017 -182649
1558693318648 -183154
1558693318836 -183468
1558693318836 -183468
1558693319007 -182487
1558693319528 -189224
1558693319574 -189468
1558693320751 -185383
1558693321539 -191433
1558693322560 -187066
1558693326645 -190125
1558693326645 -190125
1558693330297 -199993
1558693330314 -200010
1558693331404 -196035
1558693331404 -196035
1558693331665 -192485
1558693335159 -204854
1558693337526 -198346
1558693337923 -207618
1558693338382 -201862
1558693340163 -204794
1558693340171 -204802
1558693340934 -210629
1558693340986 -205491
1558693341934 -206439
1558693342306 -205786
1558693342898 -207529
1558693345819 -210450
1558693346816 -211447
1558693347158 -207978
1558693347715 -217410
1558693347758 -217650
1558693348134 -208954
1558693348772 -218664
1558693349777 -211097
1558693350131 -210951
1558693350754 -212074
1558693350797 -215302
1558693351929 -214420
1558693353009 -213829
1558693353603 -214923
1558693355599 -216919
1558693356501 -217821
1558693358496 -219816
1558693359498 -229390
1558693360717 -223204
1558693361491 -225000
1558693363232 -233124
1558693363294 -224613
1558693365234 -226553
1558693366114 -234785
1558693370030 -238701
1558693371055 -240947
1558693371443 -232262
1558693372076 -235585
1558693372284 -234770
1558693372406 -233225
1558693375990 -239499
1558693377310 -237896
1558693378825 -247496
1558693379287 -239873
1558693381787 -250457
1558693381859 -245368
1558693382739 -251409
1558693383159 -243745
1558693383719 -252389
1558693383719 -252389
1558693384138 -244724
1558693385506 -254176
1558693387074 -247660
1558693387421 -248739
1558693387922 -250408
1558693388049 -248635
1558693389049 -249634
1558693389512 -253020
1558693390444 -260335
1558693390989 -251574
1558693392133 -253451
1558693396276 -264930
1558693397333 -260841
1558693397334 -260842
1558693399287 -254659
1558693399891 -261197
1558693400597 -261182
1558693402131 -270785
1558693402460 -264946
1558693404143 -272601
1558693404399 -266885
1558693405112 -262219
1558693405559 -266144
1558693408887 -277345
1558693409277 -271718
1558693409861 -278319
1558693410649 -265941
1558693411400 -271985
1558693411852 -267222
1558693412367 -272952
1558693412808 -268178
1558693414658 -271763
1558693415266 -275851
1558693416262 -276847
1558693417059 -277644
1558693417656 -278718
1558693417946 -265798
1558693421127 -276418
1558693423844 -271695
1558693424478 -281582
1558693424564 -279932
1558693425416 -282520
1558693425728 -273579
1558693427470 -276145
1558693428678 -276529
1558693430389 -280975
1558693430622 -278472
1558693431179 -281765
1558693431179 -281765
1558693431606 -279456
1558693431606 -279456
1558693431606 -279456
1558693432365 -281039
1558693434681 -282531
1558693434833 -281610
1558693438654 -285770
1558693438994 -284570
1558693438995 -284571
1558693439447 -286224
1558693439926 -285502
1558693441964 -292548
1558693443879 -294463
1558693444276 -291392
1558693445250 -292365
1558693448718 -282656
1558693448775 -287669
1558693449161 -296276
1558693450083 -291959
1558693450139 -297254
1558693450766 -290650
1558693451056 -292932
1558693452960 -288250
1558693453974 -295849
1558693454049 -301163
1558693454643 -293536
1558693455447 -294340
1558693455679 -295561
1558693457413 -296306
1558693457847 -290183
1558693460608 -292944
1558693461334 -300226
1558693461585 -293921
1558693461590 -293926
1558693462848 -303691
1558693464642 -305485
1558693465456 -297791
1558693465620 -294633
1558693467400 -299735
1558693467574 -296586
1558693467574 -296586
1558693469130 -299256
1558693469130 -299256
1558693480287 -309298
1558693485176 -314186
1558693511504 -589
1558693514454 -3539
1558693515791 -6421
1558693516768 -7398
1558693518345 -7430
1558693520401 -4470
1558693520709 -8381
1558693522409 -6478
1558693523375 -7444
1558693523617 -14246
1558693524248 -13333
1558693524970 -4455
1558693526198 -15283
1558693526209 -15294
1558693527582 -15252
1558693529833 -9318
1558693531636 -18179
1558693532449 -20119
1558693532807 -12292
1558693533088 -22173
1558693533296 -23923
1558693533740 -13225
1558693536158 -26785
1558693536802 -25887
1558693537338 -23880
1558693538841 -22910
1558693538849 -22918
1558693539297 -25839
1558693539742 -28827
1558693539836 -23905
1558693540181 -27850
1558693540707 -29792
1558693541257 -27799
1558693544239 -23724
1558693544990 -32659
1558693546065 -36692
1558693546135 -32676
1558693546545 -35629
1558693547543 -36627
1558693548498 -37582
1558693549484 -38568
1558693549846 -40473
1558693552531 -36600
1558693552805 -39644
1558693553382 -42466
1558693555913 -42453
1558693556535 -47162
1558693556876 -36360
1558693557286 -46368
1558693557402 -41470
1558693557693 -44532
1558693558847 -45387
1558693560336 -44402
1558693562017 -51099
1558693562289 -46355
1558693563570 -50108
1558693567323 -54162
1558693567865 -56947
1558693568292 -55130
1558693568456 -52058
1558693568456 -52058
1558693569350 -48768
1558693569952 -54018
1558693570409 -54011
1558693571932 -55998
1558693572221 -60740
1558693572886 -56952
1558693574199 -53617
1558693575295 -58897
1558693576804 -50205
1558693577249 -60850
1558693579604 -65755
1558693580999 -67837
1558693582139 -65740
1558693583790 -72309
1558693583790 -70628
1558693583933 -67534
1558693584631 -58031
1558693584770 -71608
1558693586948 -66365
1558693587501 -60901
1558693587748 -76267
1558693588450 -61850
1558693588851 -68268
1558693589864 -73442
1558693590679 -77517
1558693591657 -78495
1558693593529 -72946
1558693595257 -68656
1558693595519 -84038
1558693595690 -79268
1558693596435 -75852
1558693598046 -84195
1558693599004 -85153
1558693600399 -88918
1558693600429 -85027
1558693600569 -84146
1558693601108 -74507
1558693602076 -75475
1558693602326 -90845
1558693602935 -89084
1558693603068 -76467
1558693604297 -88895
1558693605125 -84542
1558693606122 -85539
1558693607396 -83465
1558693608059 -87476
1558693610734 -84131
1558693611154 -87223
1558693612116 -88185
1558693613960 -98558
1558693616023 -92091
1558693616587 -89984
1558693617549 -90946
1558693617977 -94045
1558693618403 -104551
1558693618524 -91921
1558693618563 -97980
1558693618801 -103397
1558693619932 -96000
1558693622322 -108244
1558693624654 -111261
1558693625654 -110250
1558693626650 -113257
1558693627366 -98850
1558693628732 -104799
1558693628733 -104800
1558693633149 -108378
1558693633285 -119891
1558693633306 -117902
1558693635327 -119923
1558693635465 -111532
1558693637031 -112260
1558693641830 -113312
1558693643110 -127706
1558693643789 -115271
1558693644611 -130533
1558693644760 -116242
1558693644760 -116242
1558693645613 -120841
1558693645738 -117220
1558693646581 -121809
1558693647969 -131405
1558693648946 -132382
1558693651635 -123116
1558693651635 -123116
1558693651721 -130932
1558693653584 -125065
1558693653982 -125695
1558693655352 -130579
1558693656748 -128461
1558693657492 -128973
1558693661066 -146988
1558693662064 -147986
1558693662064 -147986
1558693662072 -147994
1558693663451 -146887
1558693664021 -149943
1558693666117 -137597
1558693667364 -150800
1558693667914 -153811
1558693667914 -153811
1558693668350 -147561
1558693668485 -140196
1558693668924 -154821
1558693671257 -150468
1558693671415 -143126
1558693674608 -149834
1558693674759 -160656
1558693675906 -145671
1558693677535 -163432
1558693677535 -148742
1558693681691 -151456
1558693682926 -166362
1558693683354 -154561
1558693683959 -152896
1558693684810 -168246
1558693685349 -171245
1558693685349 -171245
1558693685911 -154848
1558693686759 -163201
1558693687522 -157286
1558693689824 -158761
1558693690649 -167091
1558693693861 -165067
1558693694710 -163647
1558693696773 -167979
1558693698238 -168001
1558693698715 -169921
1558693700448 -183881
1558693700448 -183881
1558693701242 -177683
1558693706142 -182583
1558693706156 -189589
1558693706857 -176620
1558693708442 -179647
1558693708831 -178594
1558693709108 -185548
1558693710046 -186486
1558693710187 -179122
1558693710630 -191002
1558693711019 -187459
1558693711203 -180138
1558693711203 -180138
1558693711590 -191962
1558693715953 -199316
1558693716901 -200264
1558693717030 -185965
1558693718422 -198794
1558693719834 -203197
1558693719977 -188912
1558693720543 -190304
1558693721363 -201734
1558693721520 -190880
1558693722498 -191858
1558693724116 -204487
1558693725534 -208897
1558693726506 -202945
1558693727483 -203922
1558693728025 -208396
1558693728368 -197728
1558693731588 -201754
1558693731930 -212301
1558693732375 -208814
1558693733483 -202417
1558693734330 -217693
1558693734459 -203393
1558693736284 -212722
1558693737045 -206404
1558693738031 -207390
1558693740929 -210288
1558693741175 -224538
1558693743139 -215621
1558693745078 -217560
1558693746233 -214536
1558693749125 -217428
1558693750701 -220060
1558693750791 -234153
1558693754701 -238063
1558693755453 -224811
1558693756206 -235985
1558693756406 -225764
1558693757625 -230107
1558693758741 -227044
1558693759439 -229605
1558693759439 -229605
1558693762275 -231633
1558693763071 -242834
1558693765349 -235515
1558693766470 -249832
1558693766990 -246753
1558693768134 -237492
1558693771066 -240424
1558693771154 -243635
1558693772319 -255681
1558693774129 -246610
1558693775102 -247583
1558693775961 -246126
1558693778866 -249031
1558693780085 -248388
1558693780085 -248388
1558693782925 -261688
1558693783863 -255083
1558693784524 -254689
1558693784969 -253271
1558693785826 -264589
1558693786477 -256642
1558693786794 -258014
1558693787769 -258989
1558693787769 -258989
1558693790265 -270027
1558693790703 -261923
1558693791814 -260116
1558693794279 -264443
1558693794654 -273382
1558693796607 -275335
1558693797426 -276154
1558693798553 -266855
1558693799022 -278784
1558693800379 -267666
1558693801567 -265081
1558693802372 -268905
1558693804821 -284583
1558693805774 -275938
1558693808037 -275324
1558693809896 -277183
1558693810176 -288903
1558693810176 -288903
1558693810708 -290469
1558693814057 -280589
1558693814526 -284690
1558693815523 -285687
1558693815588 -295349
1558693816550 -296311
1558693816792 -284079
1558693816989 -265992
1558693816989 -295716
1558693818715 -272025
1558693819310 -299071
1558693820766 -269769
1558693820766 -299493
1558693821726 -270729
1558693821871 -285382
1558693822248 -302009
1558693823671 -302398
1558693824281 -283713
1558693826570 -275572
1558693826570 -305297
1558693826575 -305302
1558693826965 -286397
1558693827099 -306860
1558693829042 -308803
1558693830233 -283542
1558693835363 -284364
1558693836894 -313968
1558693838291 -287292
1558693839036 -265174
1558693840249 -307181
1558693842202 -309134
1558693842202 -309134
1558693842495 -278777
1558693842732 -319806
1558693843996 -281555
1558693844971 -311902
1558693845975 -312906
1558693846074 -297933
1558693846405 -282686
1558693846904 -273041
1558693846965 -284524
1558693847062 -298921
1558693847944 -285502
1558693850390 -299869
1558693850839 -317769
1558693851846 -289404
1558693854772 -321702
1558693854980 -291260
1558693855735 -293292
1558693855835 -291213
1558693857238 -306716
1558693859745 -295122
1558693859822 -296101
1558693860385 -286520
1558693860722 -296099
1558693860787 -297066
1558693862692 -298069
1558693862692 -298069
1558693863597 -330526
1558693866477 -333405
1558693867310 -264983
1558693867584 -283319
1558693868354 -335282
1558693870271 -283767
1558693870271 -337198
1558693870382 -305758
1558693871336 -306712
1558693873160 -315415
1558693873944 -287439
1558693874905 -288400
1558693876108 -273780
1558693876166 -291900
1558693880017 -277689
1558693883914 -326168
1558693883941 -299674
1558693884673 -298132
1558693884904 -282575
1558693885973 -295142
1558693887377 -336848
1558693887826 -330079
1558693889322 -309699
1558693889885 -299054
1558693893079 -313456
1558693894536 -336789
1558693895999 -316375
1558693896567 -305735
1558693896569 -296239
1558693898367 -298037
1558693899185 -294138
1558693899429 -297098
1558693899514 -308682
1558693900952 -321327
1558693901978 -322353
1558693906578 -304246
1558693907344 -302295
1558693907667 -297368
1558693907788 -297488
1558693908628 -306296
1558693909657 -307325
1558693910069 -330443
1558693911329 -292503
1558693911423 -301123
1558693913229 -355478
1558693915094 -317502
1558693915885 -318293
1558693916819 -297992
1558693916824 -297997
1558693916844 -319251
1558693916926 -306625
1558693916926 -306625
1558693917819 -290386
1558693919598 -314547
1558693919795 -322202
1558693919874 -309573
1558693921745 -294311
1558693921749 -294315
1558693922243 -342616
1558693922703 -325110
1558693923505 -304957
1558693927130 -347502
1558693927593 -300158
1558693927685 -288362
1558693927685 -288362
1558693928356 -309807
1558693929349 -310800
1558693929541 -331947
1558693930102 -350473
1558693930264 -299038
1558693930272 -299046
1558693931080 -351451
1558693932263 -313714
1558693932564 -293240
1558693933236 -314687
1558693933467 -306032
1558693938711 -317988
1558693939688 -318964
1558693939994 -285600
1558693941201 -301876
1558693941909 -287515
1558693942177 -302852
1558693942619 -321895
1558693943087 -315650
1558693944810 -307815
1558693947065 -307739
1558693947584 -293189
1558693948465 -327740
1558693948548 -294152
1558693949444 -328719
1558693950429 -329704
1558693953620 -297087
1558693953901 -293097
1558693958276 -303879
1558693958717 -313638
1558693960687 -315608
1558693961461 -304927
1558693962489 -305954
1558693962507 -313536
1558693964927 -344200
1558693967143 -310608
1558693968352 -291389
1558693968791 -292174
1558693971715 -295098
1558693972039 -315503
1558693973662 -297045
1558693973991 -317455
1558693974714 -353985
1558693975186 -330105
1558693976553 -299935
1558693977122 -332041
1558693980084 -303119
1558693980448 -303830
1558693980448 -303830
1558693982030 -305065
1558693983806 -312770
1558693983966 -338884
1558693984044 -301012
1558693984794 -307829
1558693985295 -288477
1558693985725 -314689
1558693985772 -308807
1558693987960 -304928
1558693990643 -319606
1558693991723 -308690
1558693991742 -308709
1558693994380 -309810
1558693995537 -350453
1558693996530 -351446
1558693999481 -297248
1558693999519 -296988
1558694004344 -315589
1558694004408 -301877
1558694005312 -316557
1558694005380 -302849
1558694006360 -303828
1558694006360 -303828
1558694006360 -303828
1558694006789 -340817
1558694009038 -324466
1558694009223 -320468
1558694011375 -288489
1558694012349 -289463
1558694012521 -346548
1558694015729 -305840
1558694015733 -305844
1558694016060 -293174
1558694018834 -330077
1558694018979 -296092
1558694020633 -310743
1558694021838 -292204
1558694021845 -292211
1558694024786 -292415
1558694025524 -315633
1558694026469 -316578
1558694027715 -304827
1558694030112 -331532
1558694031104 -332524
1558694031633 -308744
1558694032590 -302955
1558694033023 -334443
1558694033578 -303943
1558694035287 -295353
1558694036345 -306709
1558694037286 -304913
1558694037287 -304914
1558694037320 -307684
1558694037429 -289447
1558694040192 -351431
1558694041183 -352422
1558694042249 -312612
1558694045172 -290303
1558694046852 -306916
1558694048980 -315574
1558694051974 -297102
1558694052405 -353822
1558694052952 -298080
1558694052952 -298080
1558694054715 -314683
1558694054890 -292369
1558694056698 -308714
1558694056863 -301989
1558694057840 -302965
1558694058640 -296119
1558694059560 -319527
1558694063006 -364422
1558694064302 -324269
1558694065934 -367349
1558694066461 -303938
1558694067475 -312596
1558694071836 -317446
1558694074025 -300942
1558694074729 -320338
1558694075707 -321316
1558694076195 -342784
1558694078152 -344741
1558694078192 -315668
1558694079860 -306776
1558694080851 -307767
1558694081412 -327021
1558694082123 -297125
1558694082794 -309709
1558694084713 -311628
1558694084873 -289411
1558694086651 -313566
1558694086847 -301848
1558694087765 -354353
1558694089766 -294302
1558694090758 -305758
1558694090760 -305760
1558694091182 -336790
1558694091509 -300062
1558694093678 -298213
1558694094441 -302994
1558694094608 -300946
1558694096401 -304954
1558694097548 -303885
1558694098354 -306906
1558694099000 -344606
1558694100518 -305050
1558694103312 -307843
1558694103484 -293206
1558694104292 -312844
1558694105969 -302905
1558694106708 -352313
1558694108304 -312833
1558694108355 -312884
1558694109802 -355407
1558694110041 -306976
1558694110853 -356458
1558694111628 -301349
1558694112365 -318700
1558694114964 -323495
1558694115129 -289529
1558694115526 -308744
1558694115824 -324354
1558694116038 -305758
1558694119362 -290431
1558694119915 -309635
1558694120351 -313568
1558694120867 -327201
1558694123643 -309765
1558694125186 -296255
1558694125590 -311712
1558694127135 -298203
1558694127732 -288354
1558694128100 -299168
1558694128979 -322195
1558694130478 -336811
1558694132435 -318556
1558694134441 -308839
1558694134841 -328057
1558694136171 -322291
1558694136172 -322292
1558694136379 -297000
1558694138335 -312732
1558694139114 -306843
1558694139277 -345607
1558694139627 -310694
1558694139735 -332950
1558694141257 -347586
1558694142046 -309774
1558694143026 -310754
1558694143214 -294287
1558694144467 -295072
1558694145601 -338815
1558694149078 -300151
1558694150054 -301127
1558694150907 -301979
1558694152984 -313603
1558694153973 -305045
1558694155936 -290990
1558694156385 -349596
1558694156954 -308026
1558694157254 -307857
1558694158560 -301066
1558694158583 -301089
1558694158741 -293794
1558694159543 -302049
1558694162050 -355259
1558694163561 -343627
1558694163606 -314677
1558694164545 -299598
1558694164984 -313604
1558694166479 -346545
1558694166647 -287561
1558694167458 -347523
1558694167484 -302536
1558694169409 -349474
1558694172395 -304046
1558694172497 -293410
1558694173351 -308403
1558694176097 -318601
1558694176128 -307778
1558694176128 -307778
1558694176250 -356314
1558694176367 -297280
1558694177433 -312484
1558694177433 -286569
1558694177433 -298345
1558694179042 -288178
1558694180042 -311692
1558694180472 -329090
1558694180983 -361047
1558694182027 -302939
1558694182029 -302941
1558694185909 -291341
1558694187846 -296980
1558694188296 -336913
1558694190801 -370863
1558694190848 -296279
1558694190896 -296327
1558694191839 -297270
1558694192768 -298199
1558694193683 -288393
1558694194687 -303821
1558694195141 -343757
1558694195640 -290350
1558694195673 -325384
1558694196253 -344869
1558694196719 -305852
1558694197540 -324559
1558694197656 -327367
1558694199094 -347710
1558694199583 -294292
1558694199617 -308750
1558694200513 -305943
1558694202480 -311612
1558694204385 -285507
1558694204385 -334095
1558694205379 -286501
1558694208105 -306902
1558694208160 -302868
1558694210217 -291338
1558694211993 -306701
1558694212959 -307666
1558694213136 -286516
1558694213554 -306686
1558694213554 -306686
1558694214103 -287483
1558694216269 -289648
1558694217107 -315903
1558694217183 -346891
1558694217761 -310893
1558694218327 -299447
1558694219264 -348972
1558694220220 -292853
1558694221354 -351062
1558694222246 -299757
1558694223426 -304546
1558694224847 -298225
1558694224989 -354696
1558694225243 -318374
1558694225714 -303225
1558694227640 -305151
1558694230398 -307908
1558694231249 -303880
1558694233460 -288315
1558694234169 -306800
1558694236298 -313807
1558694237453 -292307
1558694237938 -331067
1558694238412 -293266
1558694239378 -294232
1558694240081 -287607
1558694240876 -334005
1558694242978 -290504
1558694243313 -298166
1558694244291 -299144
1558694244291 -321546
1558694245390 -300243
1558694246277 -301130
1558694246277 -323531
1558694246336 -301189
1558694246848 -339976
1558694249071 -326324
1558694250074 -304926
1558694250578 -343705
1558694250647 -343774
1558694251074 -305303
1558694252597 -300121
1558694253006 -302019
1558694253808 -331059
1558694256747 -333997
1558694257785 -312637
1558694261295 -354419
1558694262710 -297996
1558694263169 -310692
1558694263234 -356357
1558694263613 -340860
1558694264146 -311669
1558694265655 -300941
1558694266448 -320675
1558694268611 -345856
1558694271599 -294457
1558694272067 -293527
1558694273056 -294516
1558694273398 -350641
1558694279191 -356432
1558694279277 -292255
1558694281609 -303067
1558694282986 -315756
1558694283529 -304986
1558694284722 -331918
1558694284954 -317724
1558694285490 -306947
1558694285691 -332887
1558694288116 -301093
1558694289020 -309935
1558694289099 -302076
1558694289873 -322642
1558694289998 -310913
1558694290182 -313037
1558694291966 -312881
1558694292049 -305026
1558694293124 -315978
1558694293561 -340754
1558694294021 -306997
1558694296387 -343579
1558694299671 -320585
1558694299750 -312725
1558694299845 -293527
1558694301270 -348460
1558694301274 -348464
1558694303228 -350418
1558694305192 -352381
1558694309417 -319723
1558694309767 -305159
1558694312344 -297600
1558694312540 -301279
1558694313348 -298603
1558694313348 -298603
1558694314503 -303241
1558694314601 -308281
1558694314601 -308281
1558694315646 -311037
1558694315646 -311037
1558694316045 -300622
1558694317291 -302546
1558694322751 -307326
1558694323116 -344027
1558694324263 -295874
1558694324275 -317953
1558694328164 -299774
1558694328911 -314164
1558694331084 -293731
1558694332843 -318095
1558694333552 -318122
1558694334027 -305637
1558694335006 -306615
1558694335523 -320093
1558694337081 -308207
1558694338858 -359757
1558694339895 -293776
1558694340710 -325958
1558694342802 -313926
1558694343232 -327798
1558694347609 -313264
1558694348538 -340219
1558694349428 -315083
1558694350498 -342178
1558694351383 -317037
1558694352079 -336642
1558694353062 -337624
1558694355443 -347123
1558694355502 -318145
1558694356290 -300640
1558694357386 -349065
1558694358377 -350056
1558694359292 -313167
1558694359423 -291965
1558694362897 -347456
1558694364358 -296899
1558694364493 -305852
1558694364878 -349436
1558694365155 -309504
1558694365155 -309504
1558694366262 -307621
1558694368083 -294013
1558694368206 -359884
1558694368636 -353193
1558694369023 -360701
1558694370044 -295973
1558694371073 -303613
1558694371602 -356158
1558694371977 -363654
1558694373045 -305585
1558694373950 -365627
1558694374798 -300726
1558694375019 -307559
1558694379051 -291242
1558694379746 -323986
1558694380629 -306556
1558694381020 -293211
1558694381419 -305713
1558694382019 -294210
1558694382690 -326930
1558694382986 -295177
1558694383389 -307683
1558694383785 -318681
1558694384842 -317380
1558694387908 -300098
1558694388766 -291172
1558694389585 -310560
1558694390569 -311544
1558694390730 -293135
1558694395434 -330328
1558694395634 -307823
1558694398963 -323255
1558694399254 -320227
1558694399432 -301836
1558694399550 -311738
1558694401323 -336217
1558694403938 -315341
1558694405879 -330170
1558694406150 -305430
1558694406884 -288487
1558694407242 -342135
1558694409204 -344097
1558694412151 -347043
1558694414065 -313344
1558694415280 -317682
1558694416137 -315416
1558694419970 -319248
1558694419993 -319271
1558694420095 -302136
1558694421030 -303071
1558694421377 -302978
1558694421821 -356712
1558694422008 -304049
1558694423693 -322971
1558694425657 -324934
1558694425944 -307983
1558694426252 -307852
1558694431651 -337002
1558694431722 -308853
1558694431849 -313886
1558694433096 -314695
1558694433525 -306934
1558694433525 -306934
1558694434207 -358490
1558694439522 -344872
1558694440538 -292433
1558694442309 -347658
1558694444348 -295238
1558694452055 -293536
1558694452215 -303104
1558694453127 -358475
1558694453338 -305232
1558694454314 -306208
1558694457661 -321839
1558694459326 -310978
1558694459935 -301415
1558694460211 -312104
1558694460914 -302393
1558694461098 -311986
1558694463060 -313948
1558694463886 -305365
1558694463963 -369309
1558694465199 -316850
1558694465845 -307324
1558694468317 -332494
1558694468776 -319663
1558694468776 -286803
1558694468947 -290647
1558694469969 -291669
1558694472638 -319604
1558694474206 -338382
1558694474208 -338384
1558694474522 -315999
1558694474605 -321570
1558694474605 -321569
1558694474605 -321569
1558694475505 -316982
1558694476492 -317969
1558694476636 -294662
1558694476636 -294662
1558694477754 -300644
1558694479590 -297616
1558694480106 -344280
1558694481688 -304577
1558694482394 -323784
1558694483653 -306542
1558694484441 -331400
1558694484441 -331400
1558694486340 -327729
1558694486340 -327729
1558694488494 -310189
1558694488819 -352990
1558694489257 -307281
1558694490771 -354941
1558694491292 -312986
1558694492209 -310233
1558694492247 -313941
1558694493705 -357874
1558694494039 -314609
1558694494043 -314613
1558694494316 -317204
1558694494689 -358858
1558694495020 -315590
1558694497144 -292710
1558694498966 -319535
1558694499615 -304487
1558694501043 -296609
1558694501046 -296612
1558694502562 -307433
1558694503028 -321051
1558694505515 -310386
1558694510852 -306416
1558694511298 -316168
1558694511908 -304598
1558694512648 -359595
1558694514198 -319068
1558694514198 -319068
1558694514612 -306400
1558694515196 -320066
1558694515196 -320066
1558694515541 -311105
1558694515591 -307379
1558694517611 -310300
1558694518128 -322997
1558694519112 -323981
1558694520565 -313254
1558694521493 -313280
1558694523401 -318975
1558694524340 -286271
1558694524377 -319951
1558694525362 -320936
1558694527648 -320336
1558694528793 -317617
1558694529143 -334011
1558694531410 -300992
1558694532106 -336973
1558694532741 -299142
1558694533062 -337929
1558694533403 -302985
1558694535285 -304867
1558694538840 -300769
1558694540080 -302697
1558694541000 -332784
1558694541212 -307612
1558694542197 -308597
1558694543181 -309581
1558694543537 -348402
1558694544698 -306627
1558694544988 -307605
1558694546652 -308580
1558694547928 -310544
1558694548456 -353319
1558694549789 -319368
1558694551061 -317460
1558694551755 -297097
1558694552802 -344584
1558694554357 -359217
1558694555347 -360207
1558694555806 -318421
1558694555974 -288241
1558694557766 -320381
1558694558295 -323311
1558694559763 -292029
1558694560783 -293049
1558694562548 -354327
1558694562633 -307971
1558694563112 -328127
1558694563492 -355271
1558694566357 -311658
1558694568950 -333964
1558694570599 -302864
1558694570966 -307750
1558694571893 -336907
1558694573859 -338872
1558694573866 -310650
1558694576812 -341825
1558694577492 -309756
1558694578228 -339799
1558694578474 -310738
1558694580185 -341755
1558694580709 -317492
1558694581224 -313592
1558694582155 -309557
1558694583571 -348583
1558694583990 -345560
1558694584533 -349545
1558694584939 -346509
1558694585105 -312507
1558694586896 -348465
1558694587126 -293966
1558694589846 -351415
1558694590078 -296918
1558694591875 -294090
1558694592798 -354367
1558694594350 -359360
1558694595216 -307574
1558694598142 -310499
1558694599729 -361297
1558694600114 -312471
1558694601236 -310590
1558694605635 -307848
1558694606972 -316326
1558694610344 -315248
1558694610580 -317417
1558694614340 -316551
1558694616216 -318461
1558694616241 -321144
1558694617468 -295119
1558694618208 -323111
1558694618447 -296098
1558694618509 -307572
1558694620415 -298065
1558694623099 -325343
1558694627299 -304947
1558694629597 -338948
1558694631404 -340755
1558694631970 -318537
1558694633054 -310699
1558694634022 -311667
1558694634762 -339663
1558694634915 -297156
1558694638983 -316626
1558694641678 -346578
1558694641829 -300954
1558694641837 -300962
1558694641900 -319543
1558694642636 -347536
1558694643249 -352597
1558694643600 -305840
1558694644191 -353539
1558694645584 -350484
1558694646547 -308786
1558694648127 -357474
1558694648793 -300068
1558694650518 -312757
1558694650518 -312757
1558694650518 -355417
1558694650518 -355417
1558694653557 -312681
1558694654027 -307804
1558694655500 -314623
1558694655830 -309606
1558694655830 -309606
1558694657291 -294915
1558694658778 -312553
1558694661159 -318110
1558694661253 -298877
1558694663156 -296005
1558694663188 -300811
1558694664113 -326253
1558694665077 -327217
1558694665668 -319441
1558694666086 -323037
1558694667647 -321419
1558694668032 -302842
1558694668035 -302845
1558694668610 -322381
1558694669295 -294135
1558694671056 -308675
1558694674204 -299044
1558694674886 -307731
1558694674886 -307731
1558694676169 -301008
1558694678332 -332100
1558694682253 -336019
1558694684665 -295697
1558694685582 -320390
1558694686827 -311665
1558694686827 -311665
1558694688527 -304835
1558694689098 -342862
1558694689525 -346473
1558694689585 -300616
1558694690078 -343841
1558694690358 -290341
1558694691062 -344825
1558694691550 -302581
1558694693381 -293363
1558694694333 -294315
1558694695059 -348820
1558694695779 -291310
1558694696427 -312733
1558694699915 -353674
1558694701322 -317627
1558694704301 -320606
1558694704301 -320606
1558694704301 -320606
1558694704405 -299935
1558694705098 -306724
1558694705660 -359414
1558694706077 -307703
1558694708042 -297958
1558694709584 -308610
1558694710011 -311637
1558694712680 -312660
1558694712681 -312660
1558694713537 -312562
1558694719854 -321478
1558694720538 -290375
1558694720947 -310861
1558694721034 -299143
1558694721165 -316693
1558694722567 -321591
1558694723762 -293599
1558694724069 -302178
1558694725720 -295556
1558694727020 -295132
1558694727825 -329448
1558694728026 -306134
1558694729300 -328323
1558694730664 -332287
1558694731653 -333276
1558694733049 -332072
1558694734502 -312609
1558694735454 -325339
1558694735999 -335021
1558694736481 -314588
1558694737397 -339018
1558694737947 -336969
1558694738437 -316544
1558694739421 -317528
1558694740885 -310716
1558694741850 -311681
1558694743561 -311671
1558694743561 -311671
1558694744776 -314606
1558694746289 -294075
1558694747716 -287411
1558694748478 -316588
1558694748759 -347778
1558694751201 -298987
1558694752156 -319561
1558694752184 -299969
1558694755201 -304746
1558694759271 -298964
1558694759848 -326927
1558694760121 -309664
1558694760249 -299942
1558694760251 -299944
1558694761223 -300916
1558694761376 -304666
1558694762089 -311631
1558694763851 -311635
1558694764788 -312603
1558694765040 -314581
1558694765773 -313588
1558694766023 -315564
1558694767755 -315538
1558694768066 -307758
1558694768066 -307758
1558694769041 -308733
1558694770665 -337743
1558694770994 -310686
1558694771649 -338727
1558694771667 -319481
1558694771685 -289151
1558694772744 -297896
1558694773181 -316470
1558694773614 -340692
1558694774597 -341675
1558694776587 -324396
1558694777930 -321218
1558694779389 -296854
1558694779390 -296855
1558694781360 -298825
1558694782324 -305790
1558694783564 -308715
1558694785275 -308740
1558694785530 -310681
1558694785531 -310681
1558694791156 -358229
1558694794141 -311604
1558694794383 -319533
1558694795089 -362161
1558694795124 -312587
1558694796243 -305950
1558694797056 -364127
1558694799022 -328044
1558694799060 -316523
1558694800863 -288001
