1558693123656 -430
1558693123715 -489
1558693125769 -699
1558693127904 -2834
1558693132963 -9227
1558693135185 -5591
1558693138767 -15030
1558693140492 -7696
1558693141343 -8547
1558693150158 -25087
1558693150158 -25087
1558693150158 -25087
1558693150186 -25473
1558693152972 -20175
1558693153023 -20226
1558693154037 -28966
1558693154105 -29392
1558693157936 -32865
1558693158925 -34212
1558693161625 -28828
1558693162724 -38011
1558693162735 -38022
1558693164453 -31656
1558693166595 -41221
1558693167356 -34559
1558693168876 -39281
1558693169344 -36547
1558693170306 -37509
1558693171290 -38493
1558693174267 -48893
1558693176057 -51343
1558693176480 -46786
1558693179045 -53671
1558693179046 -53672
1558693181873 -44418
1558693182946 -57572
1558693184920 -59545
1558693185243 -55470
1558693186340 -56567
1558693187055 -61680
1558693189157 -63782
1558693189875 -52420
1558693190124 -65410
1558693190892 -66178
1558693190892 -53436
1558693191341 -61567
1558693191803 -54347
1558693192889 -67514
1558693193695 -68981
1558693194136 -64362
1558693194591 -57135
1558693196361 -71646
1558693197257 -72542
1558693197442 -72067
1558693197595 -60139
1558693199143 -74428
1558693200060 -75345
1558693201969 -77254
1558693202187 -76812
1558693204141 -78766
1558693205479 -75705
1558693208008 -82591
1558693209017 -71561
1558693212268 -82492
1558693213908 -76452
1558693214556 -89146
1558693214802 -89385
1558693216165 -86388
1558693218250 -92840
1558693218250 -92840
1558693220774 -83275
1558693220774 -83275
1558693222796 -93008
1558693225725 -95937
1558693229593 -99805
1558693230381 -92882
1558693230573 -100785
1558693230584 -100796
1558693232336 -94837
1558693234295 -96796
1558693236400 -106612
1558693236993 -109664
1558693237225 -99726
1558693242219 -112430
1558693248014 -110515
1558693248545 -121215
1558693250502 -123172
1558693252709 -115210
1558693253878 -125151
1558693256656 -119156
1558693256656 -126867
1558693257370 -130040
1558693258587 -128798
1558693260285 -132955
1558693260536 -123036
1558693261258 -133928
1558693266177 -138847
1558693267298 -138570
1558693267301 -138573
1558693267949 -140619
1558693268924 -141594
1558693269238 -140510
1558693269353 -131195
1558693272158 -143430
1558693272158 -143430
1558693272158 -143430
1558693272827 -145357
1558693273287 -135129
1558693275914 -146036
1558693276020 -137862
1558693276906 -147028
1558693279867 -149989
1558693279867 -149989
1558693280806 -153336
1558693281012 -142853
1558693282735 -152857
1558693282912 -144753
1558693282912 -144753
1558693283621 -156151
1558693283869 -145710
1558693285830 -155952
1558693288559 -158681
1558693288559 -159831
1558693288727 -150567
1558693290332 -162862
1558693291772 -152666
1558693292503 -163775
1558693293287 -165817
1558693294279 -164401
1558693295220 -167750
1558693296168 -168698
1558693298097 -170627
1558693303135 -173372
1558693303135 -173372
1558693304918 -175039
1558693305870 -175991
1558693309762 -179883
1558693309838 -182367
1558693310888 -181125
1558693314651 -184888
1558693316481 -189010
1558693318533 -188770
1558693321410 -191647
1558693322366 -192705
1558693325309 -195546
1558693327240 -197579
1558693327258 -197477
1558693328225 -198444
1558693329217 -199556
1558693330199 -200418
1558693331927 -201858
1558693336813 -207032
1558693337303 -198194
1558693349266 -219196
1558693349877 -210421
1558693351463 -221681
1558693353768 -214312
1558693354097 -224027
1558693355329 -225547
1558693355743 -216286
1558693362842 -232772
1558693362886 -233104
1558693363852 -234070
1558693366516 -227059
1558693369445 -229988
1558693370483 -240265
1558693371460 -241242
1558693372434 -242216
1558693376345 -246126
1558693377070 -237613
1558693377332 -247113
1558693378046 -238589
1558693380004 -240547
1558693380264 -250045
1558693382598 -252923
1558693384106 -252509
1558693384162 -253943
1558693384556 -254881
1558693385884 -246426
1558693386875 -247417
1558693386875 -247417
1558693387105 -256886
1558693388284 -258609
1558693389279 -259604
1558693390854 -260635
1558693396742 -255116
1558693397440 -257293
1558693402940 -269171
1558693406541 -276322
1558693406541 -276322
1558693407280 -265652
1558693409644 -265174
1558693409644 -265174
1558693414090 -254265
1558693415059 -274912
1558693416469 -271997
1558693418062 -284212
1558693418422 -273950
1558693420418 -275946
1558693421727 -281579
1558693423375 -278903
1558693426225 -273186
1558693428588 -274607
1558693429637 -269810
1558693430441 -270614
1558693434463 -274636
1558693434952 -281912
1558693435467 -275639
1558693435580 -264335
1558693435680 -301830
1558693439379 -268134
1558693440733 -287692
1558693441748 -288707
1558693444270 -310419
1558693446580 -282866
1558693446960 -275617
1558693447966 -276720
1558693448189 -283157
1558693448917 -277574
1558693450502 -286788
1558693450901 -279654
1558693451828 -280485
1558693452443 -288728
1558693454816 -283568
1558693455036 -290003
1558693456981 -291947
1558693457510 -286166
1558693459440 -288095
1558693459762 -294728
1558693461082 -297366
1558693469523 -304487
1558693470500 -305464
1558693475387 -310349
1558693477342 -312303
1558693486947 -321905
1558693487925 -322882
1558693491831 -326787
1558693497700 -332618
1558693498676 -333594
1558693510175 -115
1558693511509 -1449
1558693511820 -2627
1558693512509 -2449
1558693514457 -4397
1558693514906 -2520
1558693516719 -7526
1558693519046 -2493
1558693523246 -13185
1558693525532 -16309
1558693533063 -23002
1558693533394 -21006
1558693535163 -22775
1558693536680 -20126
1558693538055 -28830
1558693538719 -28656
1558693539718 -29655
1558693542034 -29643
1558693547853 -38627
1558693547853 -38627
1558693547861 -38635
1558693548225 -31670
1558693549198 -32643
1558693549734 -36747
1558693549783 -40557
1558693551738 -42512
1558693558419 -49192
1558693558988 -42432
1558693561250 -48263
1558693563706 -47150
1558693567223 -57995
1558693569176 -59948
1558693570774 -60403
1558693572127 -60206
1558693574676 -64303
1558693582730 -70809
1558693583276 -57783
1558693583687 -71766
1558693586290 -75916
1558693586410 -73420
1558693587310 -76936
1558693590295 -77305
1558693593090 -82715
1558693596811 -71317
1558693597015 -86640
1558693599315 -87308
1558693599728 -74234
1558693599728 -74234
1558693600707 -75213
1558693601683 -76189
1558693602862 -92487
1558693609543 -80889
1558693609558 -80904
1558693612473 -99508
1558693612827 -100819
1558693614812 -102804
1558693614828 -102820
1558693616192 -87538
1558693619130 -90476
1558693620278 -107312
1558693620278 -107312
1558693622204 -106695
1558693625533 -112556
1558693627033 -111522
1558693627357 -114380
1558693628922 -100268
1558693635752 -122785
1558693637695 -124728
1558693638677 -125709
1558693643014 -130006
1558693644926 -131918
1558693646301 -130789
1558693647271 -131759
1558693650397 -136958
1558693651157 -134652
1558693652332 -138893
1558693654182 -124120
1558693654885 -138380
1558693655857 -139352
1558693657059 -143620
1558693657801 -141296
1558693658452 -145443
1558693663632 -147127
1558693664877 -151438
1558693670636 -140573
1558693671407 -154901
1558693682255 -152191
1558693684168 -154104
1558693685834 -169327
1558693686134 -156070
1558693686676 -165370
1558693688160 -174720
1558693692065 -178625
1558693693956 -163891
1558693694585 -178077
1558693700407 -183899
1558693701670 -185289
1558693704610 -188229
1558693705026 -183719
1558693706015 -184708
1558693706099 -184639
1558693707480 -176688
1558693707535 -191154
1558693710899 -189592
1558693710944 -189484
1558693710947 -189487
1558693711437 -195055
1558693712382 -181590
1558693713861 -192401
1558693714377 -197995
1558693714827 -193519
1558693718242 -187424
1558693718714 -197406
1558693721173 -190355
1558693722185 -205802
1558693722188 -205805
1558693723164 -206781
1558693725088 -194270
1558693727329 -205868
1558693729299 -207838
1558693729853 -199035
1558693730792 -199974
1558693731769 -200951
1558693734181 -212872
1558693734183 -212874
1558693735117 -213656
1558693745483 -229097
1558693746739 -223801
1558693746765 -225304
1558693747741 -226280
1558693750473 -228106
1558693751651 -228713
1558693753402 -231035
1558693754087 -223268
1558693756317 -233950
1558693757293 -234926
1558693759257 -236890
1558693760944 -230125
1558693762370 -239431
1558693764391 -241451
1558693767799 -250235
1558693768232 -245292
1558693768772 -251208
1558693771732 -249364
1558693774463 -256899
1558693775449 -257885
1558693776602 -254234
1558693776602 -254234
1558693779339 -261775
1558693779496 -257128
1558693779829 -256807
1558693780355 -247994
1558693781752 -258730
1558693782283 -264719
1558693786638 -263616
1558693789148 -256787
1558693791158 -253085
1558693791158 -253085
1558693793121 -255048
1558693795082 -262720
1558693795836 -275192
1558693797802 -277158
1558693797998 -265636
1558693800038 -267676
1558693800296 -277273
1558693801013 -268651
1558693801298 -278275
1558693803188 -280165
1558693803715 -271353
1558693804157 -281134
1558693804157 -281134
1558693804157 -281134
1558693805095 -282072
1558693805573 -267498
1558693809519 -288875
1558693810492 -289848
1558693816276 -278200
1558693817370 -280708
1558693820622 -292970
1558693821599 -293947
1558693822048 -301403
1558693822918 -284840
1558693824224 -287561
1558693825917 -305272
1558693826409 -298757
1558693828351 -300699
1558693828850 -308205
1558693829707 -280724
1558693829819 -309174
1558693831282 -303140
1558693831843 -311198
1558693832948 -268241
1558693833681 -284697
1558693833854 -313209
1558693835522 -286538
1558693843849 -315707
1558693844109 -281896
1558693845569 -280860
1558693848024 -285810
1558693848223 -322061
1558693849200 -317095
1558693850175 -318070
1558693850682 -279550
1558693850919 -288705
1558693855184 -290379
1558693855780 -293565
1558693858695 -296480
1558693858965 -320245
1558693860052 -284571
1558693861897 -320246
1558693863039 -287557
1558693864837 -317713
1558693866184 -295046
1558693867599 -318140
1558693869184 -298045
1558693869671 -320211
1558693872482 -317940
1558693874436 -319894
1558693874436 -315252
1558693876034 -299239
1558693878893 -307748
1558693879318 -317345
1558693880478 -288572
1558693882247 -315384
1558693882831 -306035
1558693883727 -312581
1558693884704 -313557
1558693885169 -318306
1558693886147 -317322
1558693889432 -318284
1558693889647 -287731
1558693890066 -315143
1558693891437 -289521
1558693893816 -317190
1558693896269 -325119
1558693901242 -330050
1558693905288 -303370
1558693905288 -303370
1558693908035 -302395
1558693911631 -319498
1558693913486 -316470
1558693915195 -318179
1558693918071 -316069
1558693919042 -317040
1558693919507 -279037
1558693919621 -305794
1558693921408 -280938
1558693923935 -314377
1558693926867 -317308
1558693927373 -313545
1558693929804 -318299
1558693931151 -290679
1558693931377 -317548
1558693932091 -291619
1558693932732 -315239
1558693933241 -319412
1558693933709 -316216
1558693935673 -315993
1558693935841 -294340
1558693935976 -295503
1558693938757 -298284
1558693938787 -297286
1558693939780 -298279
1558693940725 -299224
1558693941369 -317165
1558693942347 -315090
1558693942633 -302160
1558693943818 -329988
1558693945810 -331979
1558693950167 -313424
1558693951146 -314403
1558693951328 -300020
1558693951377 -310902
1558693953323 -312848
1558693955592 -341758
1558693957000 -317208
1558693958503 -344668
1558693958503 -344668
1558693959496 -345661
1558693960290 -346454
1558693960935 -297302
1558693961125 -296278
1558693961262 -292049
1558693961903 -298269
1558693963687 -316166
1558693965168 -295955
1558693965803 -302169
1558693967789 -302941
1558693968095 -298881
1558693969683 -306048
1558693970525 -315967
1558693975424 -315278
1558693975511 -311875
1558693975620 -284604
1558693977883 -308668
1558693978346 -282359
1558693979331 -283344
1558693979331 -283344
1558693982455 -291438
1558693983283 -290650
1558693983451 -292433
1558693984544 -315328
1558693985060 -292427
1558693985527 -316311
1558693989305 -298287
1558693993039 -301788
1558693994793 -298800
1558693996741 -300746
1558693997695 -305060
1558693998247 -329030
1558693998922 -307670
1558694000652 -304655
1558694002561 -309925
1558694005075 -335856
1558694006735 -289480
1558694014703 -345480
1558694015663 -346440
1558694016016 -293409
1558694019056 -295090
1558694023483 -354258
1558694023955 -299989
1558694024950 -300983
1558694025484 -356258
1558694025732 -303124
1558694030797 -306830
1558694033359 -310750
1558694033554 -309586
1558694035290 -312681
1558694035912 -290460
1558694036474 -312506
1558694037233 -314623
1558694038206 -315596
1558694042121 -285814
1558694042633 -297180
1558694045283 -295092
1558694045801 -321343
1558694050447 -304993
1558694055540 -299231
1558694057810 -307617
1558694059312 -334852
1558694066239 -309929
1558694066877 -294198
1558694067203 -310893
1558694067604 -284354
1558694069090 -344628
1558694069141 -312831
1558694073485 -290234
1558694074005 -283838
1558694075679 -302964
1558694076680 -303965
1558694076947 -352483
1558694077633 -304918
1558694077893 -353428
1558694080306 -297054
1558694081650 -291482
1558694083539 -310823
1558694085539 -316939
1558694086490 -296322
1558694089450 -320850
1558694093111 -299036
1558694097720 -314466
1558694100092 -309922
1558694100664 -287285
1558694102040 -311869
1558694103915 -309839
1558694104016 -335414
1558694104968 -336366
1558694105404 -292024
1558694106866 -282674
1558694107383 -294003
1558694108515 -295134
1558694113726 -290825
1558694118423 -295521
1558694118606 -350002
1558694119579 -350975
1558694120559 -351955
1558694123310 -299116
1558694123518 -354913
1558694124232 -301330
1558694125907 -312524
1558694126428 -357822
1558694127861 -314478
1558694127958 -305055
1558694128925 -306022
1558694132567 -289231
1558694133046 -308630
1558694134535 -291198
1558694134838 -310422
1558694136036 -314462
1558694137678 -314774
1558694139953 -318379
1558694141703 -291405
1558694146796 -325220
1558694148768 -327192
1558694150484 -300184
1558694151470 -301170
1558694155570 -305270
1558694157121 -313732
1558694158413 -336834
1558694158821 -293008
1558694158821 -293008
1558694159164 -280692
1558694160865 -307993
1558694161081 -282609
1558694161292 -339712
1558694162056 -283583
1558694163765 -310893
1558694163765 -310893
1558694164212 -342630
1558694165970 -287497
1558694165971 -287498
1558694169881 -291407
1558694170079 -348495
1558694170519 -304705
1558694171850 -293376
1558694172543 -289711
1558694176242 -293409
1558694180132 -297299
1558694181123 -298290
1558694182094 -299261
1558694183065 -291215
1558694184041 -292191
1558694186984 -295133
1558694188504 -307691
1558694188896 -306062
1558694192458 -311644
1558694194169 -294330
1558694197188 -297349
1558694203083 -303243
1558694209861 -329045
1558694213023 -304961
1558694213996 -305933
1558694216174 -298106
1558694219301 -311237
1558694220117 -312053
1558694221615 -303546
1558694222502 -304433
1558694225805 -307736
1558694226484 -292455
1558694227321 -306112
1558694228270 -347449
1558694231365 -297335
1558694231610 -313539
1558694233964 -289446
1558694238519 -290312
1558694243151 -309120
1558694243942 -299143
1558694246759 -301960
1558694248902 -314870
1558694251862 -288023
1558694253497 -294311
1558694253505 -308705
1558694257614 -293774
1558694257614 -293774
1558694259540 -295700
1558694259541 -295701
1558694259911 -311701
1558694260325 -315524
1558694261523 -297683
1558694264840 -290401
1558694265840 -291401
1558694265840 -291401
1558694266234 -321432
1558694267284 -308096
1558694268861 -294421
1558694270271 -311083
1558694270271 -283917
1558694278903 -292547
1558694281858 -295502
1558694282849 -296493
1558694283344 -308902
1558694285298 -310856
1558694285790 -299434
1558694294154 -294478
1558694295939 -296262
1558694299331 -305526
1558694299883 -300204
1558694306199 -312393
1558694306336 -296672
1558694308120 -314314
1558694311060 -287277
1558694311214 -301549
1558694315964 -292180
1558694324631 -326353
1558694325002 -290067
1558694325815 -290880
1558694326544 -302758
1558694329216 -299411
1558694330565 -332286
1558694332428 -308642
1558694333143 -303336
1558694334373 -310586
1558694335111 -305304
1558694336363 -312576
1558694337087 -307279
1558694338599 -303476
1558694339376 -341096
1558694340080 -296047
1558694340568 -305445
1558694341997 -312187
1558694343024 -298990
1558694345750 -315938
1558694348708 -288944
1558694348882 -304848
1558694351222 -296847
1558694354173 -299798
1558694354175 -299800
1558694354605 -294840
1558694355587 -295822
1558694355751 -311716
1558694357698 -313662
1558694358878 -360593
1558694358878 -360593
1558694360866 -307211
1558694361636 -291516
1558694362464 -302698
1558694363029 -288291
1558694367217 -307450
1558694369188 -309421
1558694371886 -297147
1558694373467 -319810
1558694374463 -320805
1558694376411 -322753
1558694376639 -301900
1558694376639 -301900
1558694380342 -326684
1558694383293 -329634
1558694383923 -313800
1558694383946 -309379
1558694383946 -309379
1558694385882 -315758
1558694389036 -335376
1558694390997 -337337
1558694392390 -293408
1558694393385 -294403
1558694394928 -341267
1558694396493 -301264
1558694397453 -302223
1558694397535 -298843
1558694397535 -298843
1558694399407 -304177
1558694400498 -301806
1558694401462 -302770
1558694402447 -303754
1558694403787 -350123
1558694406260 -311029
1558694406260 -311029
1558694408938 -289585
1558694410905 -291552
1558694415988 -290788
1558694416998 -297644
1558694417939 -292738
1558694418115 -293201
1558694419482 -302828
1558694421564 -302210
1558694423913 -298998
1558694425267 -308612
1558694425653 -300451
1558694427217 -310561
1558694428828 -303913
1558694435275 -310072
1558694436699 -311783
1558694438529 -313612
1558694438556 -313639
1558694439480 -314563
1558694442431 -317514
1558694444759 -328101
1558694445018 -300398
1558694446982 -302284
1558694450661 -334002
1558694451287 -297316
1558694451287 -297316
1558694452268 -298297
1558694452626 -335967
1558694454238 -300267
1558694457188 -303216
1558694458787 -287927
1558694460756 -289896
1558694460757 -289897
1558694462503 -307419
1558694463476 -308392
1558694465867 -311894
1558694467887 -313914
1558694473384 -302522
1558694475077 -358412
1558694476671 -292638
1558694477319 -306456
1558694478637 -294604
1558694479994 -303230
1558694480271 -283140
1558694481069 -296079
1558694481968 -305204
1558694486759 -309995
1558694488306 -304271
1558694490288 -306253
1558694490709 -305717
1558694491680 -306688
1558694499136 -315100
1558694499139 -315103
1558694505400 -328633
1558694506669 -309309
1558694507184 -293195
1558694514039 -300049
1558694514039 -300049
1558694515542 -292108
1558694517028 -340260
1558694517634 -303469
1558694518617 -304452
1558694518994 -342226
1558694521276 -297841
1558694521948 -345179
1558694525507 -311341
1558694526830 -312838
1558694528003 -351232
1558694529026 -352255
1558694531911 -317919
1558694533231 -283463
1558694533795 -357022
1558694534250 -284482
1558694537315 -293232
1558694538980 -289211
1558694541771 -292001
1558694542755 -292985
1558694544017 -299637
1558694545980 -301600
1558694546119 -302035
1558694548659 -298888
1558694549677 -299883
1558694551991 -307906
1558694552605 -302810
1558694552971 -308886
1558694553851 -309470
1558694556206 -320123
1558694557050 -320967
1558694559599 -315217
1558694560008 -323925
1558694566528 -292469
1558694567477 -300681
1558694567515 -293456
1558694568444 -301648
1558694568475 -294416
1558694569838 -333754
1558694570438 -296379
1558694572120 -296987
1558694575297 -301237
1558694576693 -340608
1558694579990 -304856
1558694579990 -304856
1558694579990 -304856
1558694581981 -285364
1558694584000 -309939
1558694584909 -288292
1558694584914 -288297
1558694586946 -290023
1558694587345 -351256
1558694587855 -313793
1558694587933 -291009
1558694590877 -293953
1558694592608 -295990
1558694593599 -296981
1558694594706 -286586
1558694595220 -359129
1558694597185 -361093
1558694597534 -300915
1558694597757 -300832
1558694602100 -310536
1558694602101 -310537
1558694605296 -297174
1558694605867 -314303
1558694606852 -315288
1558694611176 -303054
1558694615096 -306973
1558694616058 -307935
1558694616058 -307935
1558694616688 -325122
1558694618021 -294999
1558694618654 -327088
1558694621190 -293947
1558694622944 -299917
1558694629832 -306804
1558694633505 -295224
1558694635732 -288272
1558694636190 -344622
1558694638529 -291069
1558694641365 -303083
1558694644420 -296959
1558694644612 -317365
1558694645248 -306965
1558694649346 -301884
1558694649346 -301884
1558694650952 -359379
1558694652745 -361172
1558694658644 -306645
1558694660731 -289516
1558694660731 -289516
1558694660983 -287295
1558694662695 -291479
1558694666100 -309522
1558694668482 -316482
1558694671002 -314422
1558694672795 -299106
1558694673780 -300091
1558694676180 -324179
1558694677724 -303965
1558694682149 -310931
1558694682671 -308911
1558694685021 -313802
1558694685576 -298692
1558694686559 -299675
1558694686988 -315769
1558694687391 -291051
1558694689939 -337936
1558694691915 -339912
1558694692944 -291581
1558694692944 -340940
1558694693366 -297025
1558694693492 -306606
1558694693886 -292523
1558694696422 -309535
1558694696776 -295413
1558694696856 -344851
1558694698221 -301880
1558694699527 -298163
1558694699773 -347768
1558694701311 -314422
1558694702587 -350581
1558694707048 -286079
1558694708062 -286498
1558694708062 -286498
1558694709310 -307945
1558694709861 -288297
1558694710984 -290015
1558694713798 -292233
1558694714202 -312836
1558694714922 -293952
1558694717133 -315767
1558694718300 -311520
1558694720732 -299165
1558694725760 -304789
1558694726785 -305813
1558694727718 -306746
1558694730631 -294303
1558694732039 -325258
1558694732399 -296071
1558694732495 -311522
1558694732942 -326160
1558694733898 -327116
1558694734603 -303075
1558694738228 -301899
1558694738499 -306970
1558694739479 -307950
1558694740199 -303870
1558694741184 -304855
1558694741733 -334950
1558694743395 -311866
1558694744360 -312831
1558694744684 -337901
1558694747196 -295910
1558694748069 -282386
1558694751049 -289539
1558694752009 -286326
1558694753989 -292478
1558694755951 -290267
1558694756851 -305563
1558694761679 -295995
1558694764633 -298948
1558694765618 -299933
1558694766692 -315403
1558694767667 -306154
1558694768654 -300810
1558694774349 -312835
1558694776353 -308508
1558694776442 -284361
1558694776443 -284362
1558694777338 -309493
1558694782178 -294426
1558694788044 -300291
1558694789023 -301270
1558694805624 -288290
1558694815463 -298128
1558694816446 -299111
1558694822350 -304899
