1558693125095 -532
1558693126488 -1925
1558693127106 -2719
1558693137855 -13291
1558693138784 -14394
1558693138847 -14283
1558693138847 -14283
1558693144632 -20242
1558693145608 -20638
1558693150256 -19697
1558693151365 -26972
1558693153286 -28893
1558693164942 -39685
1558693165783 -35222
1558693166714 -36153
1558693171839 -46582
1558693173652 -48395
1558693174648 -49391
1558693175413 -44851
1558693182143 -51581
1558693187575 -62317
1558693191166 -60603
1558693191166 -60603
1558693191551 -66293
1558693192129 -61566
1558693192991 -62428
1558693194868 -64305
1558693195997 -70739
1558693200423 -69247
1558693204300 -73123
1558693205313 -74136
1558693208181 -77004
1558693209155 -77978
1558693210597 -85264
1558693220229 -94895
1558693221203 -95869
1558693226496 -95319
1558693227076 -101742
1558693231361 -100184
1558693240089 -108911
1558693241698 -116363
1558693242678 -117343
1558693243823 -112645
1558693260381 -129179
1558693262067 -131254
1558693262337 -131135
1558693268053 -136850
1558693271674 -140861
1558693274615 -143802
1558693276589 -145776
1558693277844 -146641
1558693285515 -154702
1558693288305 -157492
1558693288592 -157389
1558693289286 -158473
1558693294083 -163270
1558693299883 -169069
1558693300122 -168919
1558693303109 -171905
1558693324169 -193095
1558693325389 -189438
1558693326123 -195049
1558693332008 -200934
1558693334936 -203818
1558693339911 -203958
1558693345514 -214396
1558693346791 -210838
1558693347473 -216355
1558693349469 -215071
1558693352604 -216651
1558693354569 -218616
1558693358514 -222561
1558693359460 -223507
1558693362936 -228538
1558693363184 -226764
1558693363905 -229507
1558693370030 -233609
1558693370754 -236356
1558693375636 -241238
1558693377596 -243198
1558693378568 -244170
1558693386483 -250061
1558693389194 -254795
1558693399921 -265520
1558693403112 -266689
1558693403833 -269432
1558693404837 -270067
1558693404850 -270080
1558693406142 -269719
1558693409712 -274942
1558693409813 -273390
1558693411508 -276738
1558693412731 -274945
1558693423239 -288469
1558693423239 -288469
1558693423547 -285761
1558693437095 -299308
1558693448724 -310937
1558693454597 -316809
1558693456545 -318757
1558693458340 -320552
1558693461274 -323486
1558693467851 -308200
1558693471761 -312109
1558693473719 -314067
1558693476913 -326913
1558693477890 -327890
1558693481638 -331638
1558693483337 -323684
1558693487240 -327586
1558693489194 -329540
1558693490172 -330518
1558693494084 -334429
1558693497996 -338340
1558693502167 -352164
1558693509731 -10
1558693512384 -2663
1558693516282 -6561
1558693517883 -6566
1558693518237 -8516
1558693526071 -16350
1558693531570 -20253
1558693535333 -24016
1558693535701 -25978
1558693540249 -28931
1558693545086 -33768
1558693547040 -35722
1558693549976 -38658
1558693550952 -39634
1558693552304 -42580
1558693553281 -43557
1558693556207 -46483
1558693559959 -50235
1558693561559 -40379
1558693561924 -52200
1558693565814 -56090
1558693574258 -53078
1558693577554 -67830
1558693578172 -56991
1558693578537 -66787
1558693584232 -72482
1558693585225 -73475
1558693591732 -70551
1558693594017 -82266
1558693597916 -86165
1558693600502 -79321
1558693605566 -93813
1558693605566 -93813
1558693608518 -96765
1558693609149 -87454
1558693610178 -88483
1558693611086 -89391
1558693612059 -90364
1558693613029 -91334
1558693615956 -94260
1558693620848 -99152
1558693625145 -113382
1558693629484 -107787
1558693639260 -117562
1558693639638 -126666
1558693643208 -121510
1558693643544 -130572
1558693649034 -127336
1558693651965 -122184
1558693652943 -123162
1558693653760 -123979
1558693659624 -129843
1558693664512 -134730
1558693671354 -141572
1558693672338 -142556
1558693677059 -147276
1558693677423 -161910
1558693680429 -164916
1558693681092 -151309
1558693685245 -169731
1558693689174 -173660
1558693689773 -159989
1558693695634 -165850
1558693695635 -165851
1558693710138 -180001
1558693712090 -181953
1558693713071 -182934
1558693714442 -196145
1558693726965 -208668
1558693733808 -215511
1558693736780 -218483
1558693737402 -207235
1558693739672 -221375
1558693744560 -226263
1558693745166 -214999
1558693748101 -217933
1558693755150 -236852
1558693760045 -237586
1558693770426 -238315
1558693776544 -254085
1558693779082 -246971
1558693779443 -256984
1558693780431 -257972
1558693787855 -255744
1558693793761 -261650
1558693795932 -273473
1558693797880 -275421
1558693801573 -269462
1558693806681 -284221
1558693808346 -276167
1558693808671 -286211
1558693815149 -282970
1558693818054 -285874
1558693824753 -292573
1558693824776 -292596
1558693830547 -298367
1558693831522 -299342
1558693834880 -301965
1558693839343 -307163
1558693839736 -306820
1558693847034 -314853
1558693852899 -320718
1558693853242 -320324
1558693855802 -323621
1558693863051 -330131
1558693865819 -332898
1558693870700 -309758
1558693876553 -315610
1558693878557 -317614
1558693885011 -329997
1558693887296 -326352
1558693898505 -343490
1558693903609 -348592
1558693913350 -308932
1558693917305 -325646
1558693918871 -314452
1558693920219 -328559
1558693925125 -333464
1558693932558 -328138
1558693940230 -335808
1558693941195 -336773
1558693943518 -351855
1558693947065 -342641
1558693964514 -315443
1558693971718 -337801
1558693983072 -333999
1558693984417 -350498
1558693989760 -340686
1558693992070 -358150
1558693993041 -359120
1558693998932 -331802
1558694000501 -351426
1558694002453 -353378
1558694002836 -335706
1558694009502 -342371
1558694013425 -346293
1558694018928 -305856
1558694020879 -307807
1558694021240 -354107
1558694025211 -358078
1558694027096 -359963
1558694037694 -370559
1558694045174 -332026
1558694062951 -346206
1558694068810 -352065
1558694068815 -352070
1558694070417 -306825
1558694077603 -360856
1558694079199 -315606
1558694082960 -319367
1558694088193 -312630
1558694088193 -312630
1558694090791 -327197
1558694095034 -319470
1558694099928 -324364
1558694100927 -325363
1558694101884 -326319
1558694102871 -327306
1558694109400 -345804
1558694113335 -349738
1558694114553 -338987
1558694115145 -351547
1558694119941 -356342
1558694120288 -344721
1558694123230 -347662
1558694125811 -302049
1558694129906 -354336
1558694130550 -306788
1558694133479 -309716
1558694134461 -310698
1558694140312 -316549
1558694144575 -320464
1558694145550 -321439
1558694148128 -324364
1558694152040 -328275
1558694155113 -331348
1558694155113 -331348
1558694159103 -334990
1558694162626 -338859
1558694164945 -340831
1558694174717 -350602
1558694180422 -356305
1558694185329 -330663
1558694191261 -336594
1558694194148 -339481
1558694195145 -340478
1558694197212 -342544
1558694198715 -326359
1558694206359 -334003
1558694211192 -338833
1558694211749 -357080
1558694214706 -360036
1558694224101 -351740
1558694224461 -369790
1558694228312 -324917
1558694230598 -305809
1558694236174 -332778
1558694238195 -334799
1558694249915 -346517
1558694252940 -328148
1558694257807 -333014
1558694259551 -356152
1558694259769 -334976
1558694270716 -345921
1558694273483 -348687
1558694275344 -350547
1558694278069 -318862
1558694278301 -353503
1558694278301 -353503
1558694282227 -308791
1558694288128 -314691
1558694289876 -330668
1558694293057 -319619
1558694297584 -338375
1558694299561 -340352
1558694303490 -344280
1558694307643 -334203
1558694308636 -335196
1558694316309 -357096
1558694322025 -302747
1558694324975 -305696
1558694328918 -309639
1558694334814 -315534
1558694336780 -317500
1558694336782 -317502
1558694339727 -320447
1558694344695 -320863
1558694346463 -327182
1558694348445 -329163
1558694356291 -337008
1558694370096 -346260
1558694370890 -351603
1558694378949 -355111
1558694386645 -310996
1558694386826 -302893
1558694388598 -312949
1558694394523 -310589
1558694397474 -313540
1558694402198 -326547
1558694403175 -327524
1558694403177 -327526
1558694404158 -328507
1558694404372 -320279
1558694411048 -335396
1558694413023 -337370
1558694418111 -334016
1558694419081 -334985
1558694419117 -335021
1558694419814 -344160
1558694421708 -346053
1558694426631 -350975
1558694427604 -351947
1558694436657 -352556
1558694441412 -357309
1558694444361 -300147
1558694445143 -340030
1558694451265 -307002
1558694455185 -310921
1558694457934 -352818
1558694458130 -313864
1558694459903 -354787
1558694463685 -358569
1558694466867 -322598
1558694467855 -323586
1558694475475 -370355
1558694476459 -371339
1558694477636 -333363
1558694481377 -319739
1558694483346 -321708
1558694486134 -324496
1558694492227 -347949
1558694495968 -334328
1558694496954 -335314
1558694497952 -336312
1558694498139 -353859
1558694500896 -339256
1558694513517 -351875
1558694516459 -354817
1558694517440 -355798
1558694520394 -358751
1558694520590 -323828
1558694521579 -324816
1558694528499 -306869
1558694529459 -307829
1558694531889 -335125
1558694533594 -336830
1558694543837 -322205
1558694547967 -351201
1558694553873 -357105
1558694554696 -333063
1558694556872 -360103
1558694558783 -362013
1558694564550 -304781
1558694564597 -304828
1558694573386 -313615
1558694580092 -358453
1558694581253 -321480
1558694581908 -360268
1558694582887 -330975
1558694587776 -335864
1558694589738 -337826
1558694591711 -339798
1558694593877 -334102
1558694594667 -342754
1558694594667 -342754
1558694603521 -351607
1558694604504 -352589
1558694605670 -345892
1558694606298 -354383
1558694610233 -358318
1558694610437 -350658
1558694615365 -355584
1558694615365 -355584
1558694616332 -356551
1558694618108 -366191
1558694621250 -302744
1558694623020 -371102
1558694628132 -309625
1558694635639 -328051
1558694640753 -322244
1558694640754 -322245
1558694642529 -334940
1558694647647 -329137
1558694651387 -343797
1558694658108 -350517
1558694671095 -352577
1558694672856 -307710
1558694673839 -308692
1558694680763 -321287
1558694683748 -324272
1558694684498 -319350
1558694687669 -328192
1558694698280 -333130
1558694698477 -338999
1558694710110 -350630
1558694711093 -351613
1558694714830 -349675
1558694715037 -355557
1558694716993 -357513
1558694718981 -359500
1558694720792 -355635
1558694727654 -333209
1558694727854 -307856
1558694727854 -307856
1558694728842 -308844
1558694735333 -340887
1558694736306 -341860
1558694739265 -344818
1558694740242 -345795
1558694747321 -327321
1558694749920 -355472
1558694749920 -355472
1558694755030 -335029
1558694755808 -361359
1558694758758 -364309
