1558693145554 -22963
1558693153286 -30695
1558693157217 -34626
1558693158233 -35642
1558693162057 -39466
1558693170607 -48012
1558693174550 -51955
1558693176398 -53803
1558693187253 -64657
1558693190523 -67927
1558693199562 -76966
1558693200508 -77912
1558693204394 -81798
1558693210216 -87620
1558693220741 -98144
1558693236254 -113657
1558693249697 -127085
1558693254560 -131947
1558693257487 -134874
1558693267032 -144417
1558693272860 -150244
1558693274820 -152199
1558693285612 -162990
1558693293141 -170518
1558693296055 -173431
1558693297947 -175323
1558693303784 -181158
1558693312341 -189712
1558693324978 -202345
1558693326931 -204162
1558693331764 -208994
1558693342303 -219533
1558693344242 -221472
1558693345211 -222441
1558693348127 -225357
1558693352024 -229252
1558693359613 -236840
1558693367405 -244632
1558693368356 -245583
1558693378054 -255281
1558693388630 -265775
1558693393493 -270638
1558693398379 -275523
1558693401317 -278461
1558693404244 -281387
1558693405268 -282411
1558693406136 -283279
1558693406160 -283303
1558693411920 -289062
1558693432274 -309410
1558693434343 -311467
1558693437196 -314320
1558693443977 -321101
1558693447887 -325011
1558693452781 -329905
1558693453585 -330709
1558693458493 -335616
1558693460428 -337551
1558693461412 -338535
1558693463363 -340486
1558693469222 -322752
1558693475086 -328615
1558693476065 -329594
1558693476877 -330406
1558693485670 -339198
1558693487625 -341152
1558693498380 -351906
1558693510821 -4
1558693512546 -1729
1558693541761 -30941
1558693548553 -37353
1558693554402 -43201
1558693556346 -45145
1558693556346 -45145
1558693592215 -81009
1558693597115 -85909
1558693602986 -89002
1558693605705 -91721
1558693622358 -108342
1558693625253 -111236
1558693626274 -112257
1558693628193 -114176
1558693630952 -116935
1558693643656 -129638
1558693647561 -133543
1558693650500 -136482
1558693651489 -137471
1558693654241 -140223
1558693659112 -145094
1558693660091 -146073
1558693661067 -147049
1558693664998 -150980
1558693668910 -154891
1558693679574 -165555
1558693680534 -166515
1558693683408 -169389
1558693695149 -181075
1558693699995 -185920
1558693705719 -191644
1558693714511 -193136
1558693719371 -197996
1558693730929 -209553
1558693730929 -209553
1558693738791 -217415
1558693742671 -221295
1558693747551 -226175
1558693751299 -229923
1558693751299 -229923
1558693759119 -237741
1558693765993 -244614
1558693772678 -251087
1558693792197 -270606
1558693798930 -277304
1558693799988 -278362
1558693807709 -286082
1558693808719 -287092
1558693812602 -290975
1558693822234 -300607
1558693833022 -311395
1558693843487 -321859
1558693880497 -348099
1558693892020 -359616
1558693898876 -332725
1558693904001 -337849
1558693906044 -339892
1558693917287 -351133
1558693927051 -360896
1558693929007 -362851
1558693930968 -364812
1558693931938 -365782
1558693931938 -365782
1558693937788 -371630
1558693942513 -337557
1558693956192 -351234
1558693964847 -359887
1558693969730 -364770
1558693993004 -326932
1558693993985 -327913
1558693995942 -329870
1558694019228 -353150
1558694022147 -356069
1558694023134 -357056
1558694026052 -331875
1558694027030 -332852
1558694036654 -342475
1558694037640 -343461
1558694045452 -351272
1558694054265 -360083
1558694057991 -363809
1558694060924 -366741
1558694063857 -369673
1558694066780 -372595
1558694068738 -326909
1558694075575 -333745
1558694078510 -336679
1558694083268 -341437
1558694084247 -342415
1558694087153 -345321
1558694091069 -349236
1558694093012 -351179
1558694100832 -358996
1558694121186 -323250
1558694126065 -328127
1558694134696 -336754
1558694156281 -324148
1558694157192 -325059
1558694158057 -325923
1558694174579 -342443
1558694177351 -345215
1558694177369 -345233
1558694205640 -344553
1558694212376 -351288
1558694218418 -357329
1558694218614 -357525
1558694218614 -357525
1558694219695 -358606
1558694220657 -359568
1558694222621 -361531
1558694239650 -378558
1558694256098 -352251
1558694262992 -359144
1558694268976 -365127
1558694275603 -371753
1558694280533 -376683
1558694293274 -338048
1558694296078 -340852
1558694302944 -347717
1558694304920 -349693
1558694306896 -351668
1558694317709 -362480
1558694320487 -365258
1558694362599 -355869
1558694364604 -357873
1558694365549 -358818
1558694379157 -328562
1558694379157 -328562
1558694380131 -329536
1558694382104 -331509
1558694383090 -332494
1558694384071 -333475
1558694394716 -344119
1558694405574 -354976
1558694411448 -360849
1558694425036 -348135
1558694431922 -355020
1558694449454 -372550
1558694454354 -377449
1558694454354 -377449
1558694456333 -379427
1558694456333 -379427
1558694461266 -329398
1558694462231 -330363
1558694471891 -340021
1558694472861 -340991
1558694482712 -350841
1558694493351 -361478
1558694497281 -365406
1558694510117 -331724
1558694519738 -341344
1558694525673 -347278
1558694532860 -354464
1558694546108 -332382
1558694558728 -345000
1558694560764 -347036
1558694568589 -354860
1558694571510 -357781
1558694587073 -373341
1558694599898 -344564
1558694610510 -355175
1558694629175 -373837
1558694639833 -346426
1558694656387 -362977
1558694667200 -373789
1558694669183 -375772
1558694670171 -376760
1558694675067 -331105
1558694684761 -340798
1558694691640 -347676
1558694692686 -348722
1558694695606 -351642
1558694696579 -352614
1558694716084 -372112
1558694718008 -321222
1558694732684 -335896
1558694733601 -336813
1558694736538 -339749
