1558693123858 -337
1558693134931 -10851
1558693142677 -18597
1558693144608 -20528
1558693151303 -26991
1558693178301 -53988
1558693180228 -55915
1558693181193 -56880
1558693182176 -57863
1558693186133 -61819
1558693194704 -70390
1558693206382 -79498
1558693212192 -85308
1558693221808 -94924
1558693231589 -104705
1558693232566 -105682
1558693236478 -109593
1558693238452 -111567
1558693240393 -113508
1558693244179 -116828
1558693246087 -118736
1558693249036 -121685
1558693250006 -122655
1558693252928 -125577
1558693265616 -138264
1558693266444 -139092
1558693267425 -140073
1558693286216 -155463
1558693287983 -157230
1558693306351 -175596
1558693314988 -183838
1558693321838 -190687
1558693325758 -194607
1558693325762 -194611
1558693332603 -201452
1558693337309 -206158
1558693337310 -206159
1558693341250 -210099
1558693343180 -212029
1558693352964 -221812
1558693355907 -224755
1558693376272 -244042
1558693384089 -251859
1558693387842 -255612
1558693412153 -266599
1558693414070 -268516
1558693422909 -260955
1558693425791 -263836
1558693430685 -268730
1558693442302 -280345
1558693514877 -3640
1558693519768 -8531
1558693519768 -8531
1558693521916 -10678
1558693545034 -33795
1558693550891 -39651
1558693560509 -46925
1558693564561 -50977
1558693580057 -66470
1558693584796 -71208
1558693594567 -80979
1558693599438 -85104
1558693605302 -90968
1558693611997 -97662
1558693631367 -117031
1558693639188 -124851
1558693650924 -132096
1558693655676 -136848
1558693663471 -144641
1558693664447 -145617
1558693671292 -152461
1558693682002 -162801
1558693683837 -164636
1558693686793 -167592
1558693696549 -177348
1558693698526 -178150
1558693717894 -197516
1558693723761 -203382
1558693726536 -206157
1558693728490 -208111
1558693735366 -214987
1558693736311 -213467
1558693751795 -228951
1558693759613 -236769
1558693760596 -237752
1558693761566 -238722
1558693768412 -245567
1558693779987 -257142
1558693783895 -261050
1558693792726 -269228
1558693798446 -274948
1558693803421 -279923
1558693808271 -284773
1558693820787 -287325
1558693821776 -288313
1558693822756 -289293
1558693823712 -290249
1558693835380 -278622
1558693837335 -280577
1558693842219 -285460
1558693843198 -286439
1558693850855 -294095
1558693855744 -298983
1558693858678 -301917
1558693860642 -303881
1558693860642 -303881
1558693864542 -297079
1558693880025 -277656
1558693888821 -286451
1558693892596 -290226
1558693897457 -295086
1558693902616 -300244
1558693936402 -286452
1558693943087 -293137
1558693944071 -294120
1558693946993 -297042
1558693956774 -306822
1558693962520 -312566
1558693965424 -290178
1558693969362 -294116
1558693971272 -296026
1558693982025 -306777
1558693991682 -290368
1558693993605 -292291
1558693999469 -298154
1558694007286 -305970
1558694008260 -306944
1558694009236 -307920
1558694013009 -311692
1558694021787 -290363
1558694027651 -296226
1558694027651 -296226
1558694027654 -296229
1558694037267 -305841
1558694044135 -312708
1558694046070 -314643
1558694048999 -291297
1558694053895 -296192
1558694066441 -308693
1558694072344 -314596
1558694074261 -290323
1558694079150 -295211
1558694081933 -297994
1558694081940 -298000
1558694082907 -298967
1558694083912 -299972
1558694084850 -300910
1558694087779 -303839
1558694090717 -306776
1558694093652 -309711
1558694093652 -309711
1558694094629 -310688
1558694095610 -311668
1558694099529 -286450
1558694102467 -289387
1558694105253 -292173
1558694111397 -298316
1558694120879 -307797
1558694129504 -316420
1558694131468 -318384
1558694151023 -307822
1558694153910 -310708
1558694157815 -314613
1558694158708 -315506
1558694158723 -315521
1558694162581 -319378
1558694168443 -295262
1558694168443 -295262
1558694173336 -300155
1558694175284 -302102
1558694177070 -303888
1558694180006 -306823
1558694180997 -307814
1558694183917 -310734
1558694193703 -290295
1558694208302 -304893
1558694210253 -306843
1558694231692 -298222
1558694231701 -298231
1558694235704 -302234
1558694236701 -303231
1558694239624 -306153
1558694240655 -307184
1558694241617 -308146
1558694246747 -313275
1558694254145 -290686
1558694278562 -315100
1558694286437 -289897
1558694302006 -305464
1558694303972 -307430
1558694309876 -313334
1558694311844 -315301
1558694312828 -316285
1558694316772 -320229
1558694316779 -320236
1558694318730 -288146
1558694332340 -301754
1558694341185 -310598
1558694346928 -316340
1558694351843 -291279
1558694357756 -297191
1558694360771 -300205
1558694362665 -302099
1558694362669 -302103
1558694368421 -307854
1558694370400 -309833
1558694380208 -289497
1558694386106 -295394
1558694392869 -302156
1558694393824 -303111
1558694405641 -314926
1558694410547 -297417
1558694413505 -300375
1558694424150 -311019
1558694432995 -285905
1558694435963 -288872
1558694447613 -300521
1558694456445 -309351
1558694462353 -315258
1558694463337 -316242
1558694464201 -317106
1558694470080 -289090
1558694478903 -297909
1558694484806 -303809
1558694495466 -314464
1558694500411 -290197
1558694502354 -292140
1558694508253 -298038
1558694518912 -308696
1558694523833 -313616
1558694531183 -296527
1558694532050 -297394
1558694536456 -301799
1558694536467 -301810
1558694544323 -309665
1558694551196 -316536
1558694556114 -287200
1558694557114 -288200
1558694565826 -296910
1558694576602 -307685
1558694577618 -308701
1558694580544 -311626
1558694588242 -319323
1558694591187 -293117
1558694595134 -297064
1558694600055 -301984
1558694603000 -304929
1558694604961 -306889
1558694626449 -301942
1558694631192 -306684
1558694633158 -308650
1558694636103 -311595
1558694637089 -312581
1558694654793 -300001
1558694664480 -309687
1558694667424 -312630
1558694668406 -313612
1558694672353 -317559
1558694675301 -320506
1558694684958 -299835
1558694685939 -300816
1558694689875 -304751
1558694693894 -308769
1558694717255 -301744
1558694723314 -307803
1558694730110 -314598
1558694730110 -314598
1558694743644 -299000
1558694748567 -303923
1558694765124 -320478
1558694782666 -307654
1558694789547 -314535
1558694792498 -317485
1558694796432 -295070
1558694798399 -297036
1558694803156 -301792
