1558693128079 -3620
1558693143715 -19256
1558693144716 -20257
1558693148411 -23952
1558693156226 -31766
1558693157259 -32799
1558693158279 -33818
1558693163064 -38603
1558693188693 -63992
1558693203886 -79183
1558693207759 -83056
1558693214592 -89889
1558693214592 -89889
1558693223228 -98525
1558693223229 -98526
1558693230070 -102405
1558693231060 -103395
1558693232978 -105313
1558693240807 -113141
1558693246504 -118838
1558693247480 -119814
1558693251405 -123737
1558693252388 -124720
1558693254343 -126675
1558693256278 -128610
1558693259226 -131558
1558693265087 -137134
1558693268824 -140871
1558693269811 -141858
1558693272730 -144777
1558693274689 -146735
1558693274691 -146737
1558693281589 -153634
1558693282576 -154621
1558693289383 -161427
1558693310728 -182772
1558693322334 -194378
1558693328149 -200192
1558693339727 -210745
1558693341679 -212696
1558693343656 -214673
1558693347556 -218528
1558693363018 -233989
1558693368899 -239870
1558693371812 -242782
1558693383551 -250814
1558693399989 -267252
1558693400972 -268235
1558693419393 -286655
1558693439763 -306451
1558693440723 -307411
1558693442743 -309431
1558693445619 -312307
1558693451510 -304844
1558693478681 -332008
1558693486339 -339666
1558693510801 -600
1558693512758 -2557
1558693534113 -23893
1558693535106 -24886
1558693540962 -30740
1558693575002 -63724
1558693610868 -99547
1558693612796 -101475
1558693617683 -103840
1558693619643 -105800
1558693622588 -108744
1558693625506 -111662
1558693628305 -114461
1558693629282 -115437
1558693634146 -120301
1558693640018 -126173
1558693640992 -127147
1558693643931 -130085
1558693643931 -130085
1558693654545 -140698
1558693660386 -146539
1558693663312 -149465
1558693666244 -152397
1558693670182 -155826
1558693674122 -159766
1558693692476 -178118
1558693709916 -189068
1558693714852 -194004
1558693716778 -195929
1558693725408 -204559
1558693730365 -209515
1558693735217 -214367
1558693750663 -229812
1558693755556 -234664
1558693758466 -237574
1558693767267 -246374
1558693770217 -249324
1558693807123 -285353
1558693836201 -312871
1558693841070 -317740
1558693848765 -308571
1558693849707 -309513
1558693853626 -313431
1558693863451 -323255
1558693864365 -324169
1558693866210 -326014
1558693874003 -333805
1558693881825 -341626
1558693887672 -347471
1558693907347 -343950
1558693919666 -356267
1558693929393 -365993
1558693933291 -327263
1558693938996 -332967
1558693954649 -348618
1558693959548 -353516
1558693962358 -356326
1558693973081 -367047
1558693983851 -302092
1558693985625 -303865
1558694007118 -325353
1558694016736 -334971
1558694027484 -345718
1558694031414 -349648
1558694052745 -341558
1558694054712 -343525
1558694059419 -348231
1558694062361 -351172
1558694072201 -361011
1558694074088 -362898
1558694075064 -363874
1558694081780 -370588
1558694082723 -371531
1558694085646 -324205
1558694086624 -325183
1558694097390 -335947
1558694100316 -338873
1558694102288 -340844
1558694105080 -343635
1558694106083 -344638
1558694122661 -361211
1558694126565 -365114
1558694133231 -319347
1558694138123 -324238
1558694171201 -330922
1558694173191 -332912
1558694189644 -349363
1558694201224 -360941
1558694205166 -364882
1558694208095 -367811
1558694210968 -370683
1558694212920 -328903
1558694234319 -350299
1558694239307 -355287
1558694243234 -359213
1558694254814 -370791
1558694259729 -315240
1558694274340 -329850
1558694305631 -332407
1558694306633 -333409
1558694308584 -335359
1558694311528 -338303
1558694321219 -347993
1558694323179 -349953
1558694326123 -352896
1558694331066 -357838
1558694335961 -362733
1558694336942 -363713
1558694356453 -328812
1558694361397 -333755
1558694371050 -343407
1558694374993 -347350
1558694383836 -356192
1558694384818 -357174
1558694388752 -361107
1558694407325 -327333
1558694416144 -336150
1558694422845 -342850
1558694431696 -351699
1558694432684 -352687
1558694439404 -359405
1558694440385 -329850
1558694442351 -331816
1558694448255 -337719
1558694466812 -356273
1558694473677 -363137
1558694476621 -366081
1558694488259 -331534
1558694489246 -332521
1558694498106 -341380
1558694501054 -344327
1558694504996 -348269
1558694507929 -351201
1558694513674 -356946
1558694522534 -365804
1558694532733 -328584
1558694533548 -329398
1558694548923 -344771
1558694554852 -350700
1558694609416 -364206
1558694617289 -311662
1558694623186 -317558
1558694624186 -318558
1558694624196 -318568
1558694625150 -319522
1558694633853 -328224
1558694659242 -353609
1558694667107 -361471
1558694668091 -362455
1558694681710 -345703
1558694682729 -346722
1558694683670 -347663
1558694685636 -349629
1558694704196 -368184
1558694706145 -370132
1558694714985 -319498
1558694717927 -322440
1558694721025 -325537
1558694738424 -342934
1558694743336 -347845
1558694747266 -351775
1558694748247 -352756
1558694754982 -359488
1558694760875 -312615
1558694761858 -313597
