1558693138638 -14426
1558693151916 -27703
1558693156709 -32496
1558693162514 -38103
1558693162514 -38103
1558693170231 -45820
1558693171203 -46792
1558693173165 -48754
1558693174133 -49722
1558693174133 -49722
1558693175998 -51587
1558693195238 -70826
1558693199045 -74633
1558693210432 -83837
1558693213362 -86767
1558693215277 -88682
1558693217214 -90618
1558693218202 -91606
1558693219179 -92583
1558693221123 -94527
1558693232604 -106008
1558693238488 -111892
1558693248122 -121526
1558693252028 -125294
1558693252990 -126256
1558693258661 -131927
1558693259625 -132891
1558693268386 -141652
1558693276135 -149401
1558693287743 -161005
1558693316583 -188389
1558693325159 -196964
1558693328065 -199870
1558693329072 -200877
1558693333914 -205611
1558693337778 -209475
1558693342626 -214323
1558693346554 -218251
1558693350291 -221988
1558693355075 -226772
1558693356043 -227740
1558693358975 -230672
1558693363818 -235515
1558693371437 -243004
1558693384050 -255616
1558693385022 -256588
1558693386963 -258529
1558693387928 -259494
1558693393757 -265323
1558693405313 -260990
1558693406321 -261997
1558693412063 -267737
1558693426440 -271654
1558693440034 -285246
1558693442876 -277417
1558693458327 -292866
1558693523880 -14122
1558693524853 -15095
1558693524853 -15095
1558693528736 -18978
1558693534402 -24642
1558693543166 -33405
1558693545088 -35327
1558693571130 -59799
1558693582652 -71321
1558693584576 -73244
1558693598171 -86838
1558693602055 -90722
1558693603033 -91700
1558693604789 -93456
1558693613598 -101248
1558693614551 -102201
1558693626199 -113848
1558693636681 -124330
1558693653019 -139101
1558693672433 -158513
1558693702198 -186766
1558693713856 -198423
1558693715829 -200396
1558693727299 -211866
1558693727299 -211866
1558693733119 -217685
1558693735097 -219663
1558693741850 -226416
1558693744779 -229345
1558693751430 -232659
1558693766951 -248180
1558693777454 -258683
1558693778431 -259660
1558693799803 -278637
1558693816993 -283447
1558693828601 -282442
1558693834480 -288320
1558693835405 -289244
1558693843007 -296844
1558693843007 -282380
1558693843982 -283355
1558693859518 -298889
1558693871070 -288399
1558693872975 -290304
1558693873946 -291275
1558693874913 -292241
1558693875900 -293228
1558693879775 -297103
1558693888344 -305671
1558693898042 -287416
1558693909061 -298434
1558693916362 -305733
1558693927994 -276914
1558693939470 -288388
1558693949170 -298086
1558693960678 -309591
1558693963595 -312507
1558693981876 -300840
1558693985736 -304699
1558693994481 -313443
1558693997398 -290300
1558694004191 -297092
1558694010852 -303752
1558694015682 -308582
1558694015682 -308581
1558694024465 -293671
1558694035915 -305120
1558694039819 -309023
1558694045620 -285484
1558694051448 -291311
1558694051448 -291311
1558694052269 -292132
1558694056157 -296019
1558694056157 -296019
1558694058078 -297940
1558694059052 -298914
1558694072703 -312563
1558694074599 -288406
1558694085109 -298915
1558694114228 -298234
1558694128479 -312482
1558694129450 -313453
1558694131388 -315391
1558694134296 -288364
1558694150670 -304736
1558694154761 -308826
1558694159426 -313490
1558694161326 -315390
1558694170864 -294945
1558694175717 -299797
1558694181557 -305636
1558694183500 -307579
1558694185432 -309511
1558694197966 -296943
1558694211515 -310490
1558694217531 -294357
1558694219587 -296413
1558694222503 -299328
1558694223403 -300228
1558694224256 -301081
1558694225113 -301938
1558694225113 -301938
1558694229919 -306743
1558694238719 -315542
1558694239678 -316501
1558694241479 -284543
1558694247411 -290472
1558694248357 -291418
1558694248462 -291523
1558694248462 -291523
1558694253161 -296220
1558694260945 -304000
1558694281274 -295536
1558694283224 -297486
1558694288105 -302366
1558694290877 -305138
1558694294780 -309040
1558694295758 -310018
1558694301621 -285940
1558694302598 -286917
1558694306528 -290846
1558694307484 -291802
1558694312374 -296691
1558694325877 -310192
1558694325879 -310194
1558694326862 -311177
1558694330796 -285177
1558694339386 -293766
1558694341336 -295715
1558694346224 -300603
1558694347204 -301582
1558694348201 -302579
1558694349179 -303557
1558694365604 -293874
1558694377327 -305595
1558694389872 -318139
1558694390843 -285502
1558694404571 -299228
1558694426848 -291581
1558694428775 -293508
1558694428775 -293508
1558694433506 -298238
1558694435487 -300219
1558694441307 -306038
1558694443262 -307993
1558694446191 -310921
1558694466575 -301370
1558694468505 -303300
1558694476322 -311116
1558694480068 -314861
1558694480069 -314862
1558694483000 -317793
1558694492774 -294867
1558694492774 -294867
1558694506310 -308401
1558694509216 -311306
1558694510263 -312353
1558694515113 -287230
1558694517027 -289144
1558694522884 -295000
1558694526735 -298851
1558694533657 -305772
1558694546167 -318280
1558694547144 -289153
1558694549091 -291100
1558694563621 -305628
1558694565586 -307593
1558694572383 -314389
1558694575134 -317139
1558694581010 -289161
1558694582998 -291148
1558694604287 -312434
1558694605260 -313407
1558694616974 -295005
1558694623654 -301684
1558694629509 -307539
1558694633427 -311456
1558694643218 -294987
1558694645951 -297720
1558694662553 -314320
1558694670219 -291908
1558694673134 -294822
1558694676061 -297749
1558694677039 -298727
1558694682925 -304612
1558694686807 -308494
1558694705224 -300649
1558694714004 -309427
1558694717753 -313176
1558694720752 -316174
1558694720752 -284317
1558694720752 -284317
1558694727808 -291370
1558694729693 -293254
1558694730695 -294256
1558694738276 -301834
1558694749825 -293828
1558694750803 -294806
1558694756672 -300674
1558694759603 -303604
1558694773117 -288157
1558694774097 -289137
1558694775075 -290114
1558694779956 -294993
1558694786787 -301821
1558694789557 -304590
