1558693122981 -4734
1558693128644 -10397
1558693129621 -11373
1558693132498 -14250
1558693138727 -7602
1558693139383 -21135
1558693142983 -24735
1558693145937 -27689
1558693147296 -13324
1558693147806 -29558
1558693155082 -23957
1558693155082 -23957
1558693155980 -22008
1558693156869 -22897
1558693157541 -39293
1558693160975 -29849
1558693161407 -43159
1558693166682 -35540
1558693171820 -53567
1558693172617 -41475
1558693172854 -54600
1558693174549 -43407
1558693175360 -41143
1558693184010 -52867
1558693186381 -68119
1558693187486 -69224
1558693189211 -70949
1558693192841 -58624
1558693193703 -59486
1558693193923 -75658
1558693196795 -78530
1558693203285 -72141
1558693204102 -69884
1558693209103 -77959
1558693211856 -77638
1558693212999 -81855
1558693214766 -80548
1558693216869 -85725
1558693217699 -81203
1558693219623 -83127
1558693221685 -103406
1558693223616 -105337
1558693224657 -93513
1558693225474 -88978
1558693228441 -110161
1558693228445 -110165
1558693229411 -111131
1558693230379 -112099
1558693233064 -96568
1558693233221 -102076
1558693236952 -100456
1558693242786 -106290
1558693243729 -125447
1558693244918 -111667
1558693249659 -116408
1558693250628 -117377
1558693259021 -140736
1558693259136 -122639
1558693259424 -126173
1558693260413 -127162
1558693261378 -128127
1558693262059 -123617
1558693263853 -145567
1558693266957 -128514
1558693270166 -136915
1558693270606 -152319
1558693272821 -134378
1558693272970 -139719
1558693275437 -157149
1558693275437 -157149
1558693277555 -139112
1558693279316 -161028
1558693281257 -162969
1558693283055 -164766
1558693283070 -164781
1558693288302 -149858
1558693290571 -157317
1558693291779 -173480
1558693294237 -155792
1558693296290 -163036
1558693298469 -180169
1558693299169 -165915
1558693301149 -167895
1558693302814 -164369
1558693304262 -185961
1558693306029 -187728
1558693307015 -172578
1558693307994 -189692
1558693309928 -175491
1558693313823 -179386
1558693314551 -175673
1558693317735 -183298
1558693328341 -193904
1558693332937 -214631
1558693333969 -195089
1558693337751 -219441
1558693342012 -207574
1558693346479 -228168
1558693346764 -212326
1558693347419 -229108
1558693352594 -216533
1558693360421 -224360
1558693364062 -224436
1558693364321 -228259
1558693365300 -229238
1558693369939 -230313
1558693369945 -230319
1558693375635 -236009
1558693377015 -258654
1558693377604 -237978
1558693379577 -239951
1558693379577 -239951
1558693380869 -262508
1558693389323 -249696
1558693389587 -252859
1558693390300 -250673
1558693391371 -254643
1558693391371 -254643
1558693393465 -274995
1558693393466 -274996
1558693394057 -254430
1558693395029 -255402
1558693396393 -277923
1558693396400 -277929
1558693397233 -260505
1558693397963 -258336
1558693401149 -264421
1558693404019 -285547
1558693407040 -270312
1558693407910 -289438
1558693407928 -289456
1558693410699 -270722
1558693411798 -293325
1558693411922 -275193
1558693412643 -272666
1558693414678 -296205
1558693425227 -306744
1558693425227 -306743
1558693426196 -307712
1558693434111 -288763
1558693435348 -298618
1558693437195 -300465
1558693438168 -301438
1558693442919 -306189
1558693444647 -325960
1558693445535 -287676
1558693445539 -287680
1558693445627 -326940
1558693447495 -289636
1558693452275 -333588
1558693460191 -294620
1558693474435 -337923
1558693474435 -337923
1558693479822 -315061
1558693480267 -343754
1558693482212 -345699
1558693494684 -358169
1558693500185 -335421
1558693504093 -339328
1558693506344 -369827
1558693507317 -370799
1558693515432 -6059
1558693516663 -351893
1558693525182 -15805
1558693526456 -4508
1558693526915 -17899
1558693527155 -17778
1558693530335 -8387
1558693530341 -8393
1558693532853 -23836
1558693533906 -24529
1558693537808 -28431
1558693539664 -30647
1558693540635 -31618
1558693549230 -40212
1558693549284 -39907
1558693549284 -39907
1558693550255 -40878
1558693556084 -46707
1558693563426 -41475
1558693565643 -56265
1558693568560 -56743
1558693569104 -47153
1558693571063 -48067
1558693573496 -61115
1558693577403 -65022
1558693577903 -54906
1558693577903 -54906
1558693579251 -67433
1558693585238 -72856
1558693589699 -66702
1558693590174 -77792
1558693590656 -67659
1558693593424 -70427
1558693596812 -84429
1558693601679 -89296
1558693603149 -80152
1558693603384 -91554
1558693604358 -92528
1558693605340 -93509
1558693608546 -95749
1558693613462 -100665
1558693614930 -103099
1558693617329 -104530
1558693617650 -88494
1558693622032 -109233
1558693623990 -111191
1558693630376 -101219
1558693633295 -104138
1558693636227 -107070
1558693639161 -110002
1558693643377 -121604
1558693644873 -115714
1558693645813 -132934
1558693646829 -117670
1558693655650 -126489
1558693656361 -143481
1558693656597 -127436
1558693658309 -145429
1558693658552 -129391
1558693659530 -130369
1558693660508 -131347
1558693660508 -131347
1558693664262 -134937
1558693664262 -134937
1558693665247 -135922
1558693669981 -154331
1558693670143 -140818
1558693670143 -140818
1558693672948 -157298
1558693673180 -143854
1558693676442 -154044
1558693676442 -154044
1558693676784 -161134
1558693677432 -155034
1558693679741 -164091
1558693682863 -153537
1558693683289 -155055
1558693690490 -161163
1558693696062 -180411
1558693697019 -181368
1558693697995 -182344
1558693700260 -170932
1558693703654 -175419
1558693703662 -188011
1558693704164 -174836
1558693705140 -175812
1558693707556 -191903
1558693711443 -195790
1558693714343 -198690
1558693720095 -191858
1558693720095 -191858
1558693721069 -192832
1558693722575 -191147
1558693724011 -195774
1558693726009 -210356
1558693726491 -195063
1558693731828 -203590
1558693732355 -200926
1558693733621 -217968
1558693735752 -207514
1558693741965 -210536
1558693744899 -213469
1558693746872 -215442
1558693749167 -233514
1558693749260 -220494
1558693751918 -236262
1558693754680 -223250
1558693754836 -236806
1558693755669 -224239
1558693757066 -228300
1558693758043 -229277
1558693759690 -241660
1558693760662 -242632
1558693760978 -232211
1558693760979 -232212
1558693764760 -235993
1558693765329 -233899
1558693766305 -234875
1558693771356 -253325
1558693774523 -245756
1558693776028 -244597
1558693780944 -262913
1558693780954 -262923
1558693782883 -264852
1558693784803 -266772
1558693795513 -263651
1558693795513 -263651
1558693796845 -268077
1558693798939 -270171
1558693800830 -272062
1558693801845 -273077
1558693803757 -274989
1558693804704 -275936
1558693806075 -288028
1558693808096 -276234
1558693810040 -278178
1558693810422 -281476
1558693813912 -282050
1558693815819 -293180
1558693819705 -297066
1558693820682 -298043
1558693821127 -292181
1558693824073 -295126
1558693825070 -296123
1558693828204 -299840
1558693831131 -302767
1558693831137 -302773
1558693836569 -307622
1558693837130 -267004
1558693837547 -308600
1558693838907 -310542
1558693838912 -310547
1558693840890 -312524
1558693842435 -313488
1558693842783 -314417
1558693844952 -274825
1558693852802 -282674
1558693855299 -326929
1558693856927 -299668
1558693860428 -277625
1558693862123 -333750
1558693864018 -335645
1558693864341 -281538
1558693866958 -338583
1558693867282 -284478
1558693869812 -302025
1558693872177 -289373
1558693872186 -289382
1558693877462 -309673
1558693877884 -295079
1558693878477 -310688
1558693878477 -310688
1558693882328 -314539
1558693883152 -325886
1558693889598 -290315
1558693889605 -290322
1558693893522 -294238
1558693893823 -326032
1558693894501 -295217
1558693894796 -327004
1558693896433 -297149
1558693896732 -328940
1558693897410 -298126
1558693897411 -298127
1558693897701 -329909
1558693900687 -332895
1558693900833 -290351
1558693901723 -333930
1558693902766 -334973
1558693905348 -290783
1558693906121 -295639
1558693906888 -339093
1558693906888 -339093
1558693907271 -292705
1558693909877 -299394
1558693909877 -299394
1558693912502 -302019
1558693916168 -330876
1558693916236 -305752
1558693919188 -308704
1558693919188 -308704
1558693920723 -306150
1558693923680 -309104
1558693923680 -309104
1558693926702 -341409
1558693926994 -316428
1558693932521 -347227
1558693936592 -326024
1558693937592 -327024
1558693938158 -297196
1558693940164 -354869
1558693940519 -329950
1558693943040 -302077
1558693943445 -332875
1558693945985 -305022
1558693951688 -310724
1558693952072 -341499
1558693953632 -312668
1558693959890 -349314
1558693960499 -297017
1558693960569 -330039
1558693961476 -297994
1558693969306 -305823
1558693970657 -316270
1558693974592 -320204
1558693974983 -311499
1558693976902 -346370
1558693981836 -306722
1558693983206 -328815
1558693983752 -353219
1558693984174 -329782
1558693984674 -354141
1558693986137 -331745
1558693989394 -358860
1558693991643 -316527
1558693992983 -338588
1558693992996 -338601
1558693998134 -333990
1558694004530 -350132
1558694004530 -350132
1558694009025 -312518
1558694013514 -349368
1558694013514 -349368
1558694014488 -350342
1558694014918 -292342
1558694017232 -315396
1558694017396 -353250
1558694020333 -356186
1558694022553 -299976
1558694023933 -322097
1558694026455 -303878
1558694029801 -327964
1558694030792 -328955
1558694037213 -314634
1558694039599 -337761
1558694040554 -338716
1558694043095 -320479
1558694043502 -327072
1558694043516 -327085
1558694044492 -328061
1558694045442 -329011
1558694050321 -333890
1558694057583 -308732
1558694064689 -348256
1558694069556 -353122
1558694070547 -354113
1558694071127 -322274
1558694071127 -322274
1558694077340 -360905
1558694082039 -337543
1558694084789 -309736
1558694089674 -314621
1558694090075 -328128
1558694090655 -315601
1558694090768 -346271
1558694091054 -329107
1558694091628 -316574
1558694092444 -317390
1558694093423 -318369
1558694095626 -351128
1558694096606 -352108
1558694099293 -300925
1558694100664 -338715
1558694102453 -357954
1558694103205 -304837
1558694105206 -306837
1558694113270 -314901
1558694113270 -314900
1558694123941 -302783
1558694125908 -304748
1558694131400 -308706
1558694132374 -309680
1558694133722 -312560
1558694134703 -313540
1558694136120 -341295
1558694137091 -342266
1558694137269 -314574
1558694138617 -317453
1558694138624 -317460
1558694140030 -317335
1558694143335 -322168
1558694145833 -351007
1558694149738 -354911
1558694154759 -359932
1558694158062 -336888
1558694158062 -336888
1558694159641 -310740
1558694159641 -310740
1558694164138 -369310
1558694166258 -317355
1558694170174 -321269
1558694174821 -330054
1558694175795 -331028
1558694176406 -355224
1558694180508 -335740
1558694181288 -312421
1558694181294 -312427
1558694184219 -315351
1558694184824 -315525
1558694186175 -317307
1558694186782 -317483
1558694189126 -320258
1558694190959 -322091
1558694192232 -347463
1558694193826 -324957
1558694194442 -325141
1558694201774 -357004
1558694201794 -357024
1558694203381 -304009
1558694203737 -334867
1558694204345 -304973
1558694204345 -304973
1558694204640 -335770
1558694205603 -336733
1558694208568 -363797
1558694209552 -364781
1558694211473 -342602
1558694212408 -343537
1558694213838 -314465
1558694214360 -316618
1558694220049 -320614
1558694220166 -320731
1558694227566 -328130
1558694228522 -329085
1558694230816 -333072
1558694231443 -302049
1558694232776 -312605
1558694236740 -316569
1558694237216 -307821
1558694242625 -344879
1558694245125 -315729
1558694246059 -316663
1558694250068 -320671
1558694250363 -352616
1558694254112 -335074
1558694255755 -296253
1558694262910 -343870
1558694265430 -305927
1558694265859 -346819
1558694266437 -306934
1558694267755 -347575
1558694270413 -310909
1558694270835 -351794
1558694272495 -312991
1558694281333 -362291
1558694282309 -363267
1558694287182 -368139
1558694288174 -309821
1558694288873 -303107
1558694290842 -305076
1558694296061 -317707
1558694296746 -310979
1558694298707 -312940
1558694300954 -322600
1558694302641 -316873
1558694302923 -324568
1558694303904 -325549
1558694306878 -328523
1558694310478 -345199
1558694312314 -301304
1558694319487 -341130
1558694324991 -359710
1558694327915 -362634
1558694332262 -353901
1558694340618 -335642
1558694340682 -306403
1558694342644 -308364
1558694347302 -342325
1558694351497 -317216
1558694354726 -334535
1558694354730 -334539
1558694355718 -335527
1558694356098 -351120
1558694356098 -351120
1558694359483 -339292
1558694361466 -341274
1558694362423 -342231
1558694364144 -300571
1558694368347 -348155
1558694375502 -370521
1558694375923 -312340
1558694377183 -356989
1558694377456 -372475
1558694378436 -373455
1558694379148 -358954
1558694383332 -378350
1558694386253 -330773
1558694387814 -315348
1558694389181 -333701
1558694394447 -316473
1558694402712 -347230
1558694404708 -349226
1558694406643 -351160
1558694407623 -352140
1558694408588 -353105
1558694409060 -314617
1558694409313 -336843
1558694411018 -316574
1558694416518 -361034
1558694418327 -362843
1558694421835 -312579
1558694422089 -349617
1558694422818 -313562
1558694425767 -316511
1558694434471 -303080
1558694434706 -306829
1558694438436 -307044
1558694438674 -310797
1558694438690 -310812
1558694440515 -329198
1558694441578 -313700
1558694442569 -314691
1558694448230 -316837
1558694452986 -321592
1558694457146 -329266
1558694457907 -298312
1558694458121 -346802
1558694459101 -347782
1558694459879 -300284
1558694461851 -302255
1558694466015 -338134
1558694471643 -326685
1558694478488 -333529
1558694482334 -322735
1558694483325 -323726
1558694484306 -324707
1558694485286 -325687
1558694485339 -340380
1558694485509 -357622
1558694488241 -307298
1558694490216 -309273
1558694490438 -306012
1558694495923 -350962
1558694496329 -311902
1558694501085 -316658
1558694507970 -323542
1558694508960 -324532
1558694512380 -321168
1558694515332 -324119
1558694519556 -308654
1558694525307 -314404
1558694526119 -334905
1558694526611 -342180
1558694530614 -346183
1558694531626 -320722
1558694536131 -292135
1558694539302 -354868
1558694542532 -351316
1558694545465 -354248
1558694552889 -318028
1558694559990 -314488
1558694562584 -318584
1558694566445 -322444
1558694566869 -321366
1558694566888 -321385
1558694568789 -323286
1558694571560 -336697
1558694572679 -327176
1558694574654 -329150
1558694575137 -304760
1558694575348 -340484
1558694576590 -331086
1558694578097 -307719
1558694578564 -333060
1558694585271 -339766
1558694586153 -351283
1558694586203 -340698
1558694591855 -321407
1558694593027 -289120
1558694595006 -349500
1558694598914 -353407
1558694600733 -296825
1558694601536 -331085
1558694611508 -325160
1558694614508 -310598
1558694615506 -311596
1558694617258 -316583
1558694620244 -316233
1558694622204 -318193
1558694624208 -337855
1558694626925 -326095
1558694631066 -327054
1558694634000 -329987
1558694635791 -304897
1558694639651 -353294
1558694641885 -337870
1558694648401 -317506
1558694648593 -344575
1558694652204 -339696
1558694654159 -341651
1558694654488 -350468
1558694657096 -344587
1558694657267 -326371
1558694660390 -356368
1558694662177 -304939
1558694665304 -298944
1558694665964 -308725
1558694668913 -311674
1558694670789 -358279
1558694670864 -313624
1558694676493 -363982
1558694680871 -314509
1558694681706 -294141
1558694683664 -296099
1558694683664 -296099
1558694684810 -318440
1558694686771 -320400
1558694687242 -374728
1558694689204 -322337
1558694698417 -332045
1558694698984 -332116
1558694699228 -311661
1558694699792 -332924
1558694700776 -333908
1558694700776 -333908
1558694710044 -322355
1558694714821 -292988
1558694717927 -351550
1558694718745 -296911
1558694722542 -355671
1558694725480 -358609
1558694726857 -305022
1558694727314 -360442
1558694731110 -364237
1558694734660 -311532
1558694735830 -326242
1558694737609 -314480
1558694737778 -328190
1558694749084 -301794
1558694750059 -302769
1558694759054 -335923
1558694767587 -320295
1558694775457 -301800
1558694777425 -303768
1558694779388 -305730
1558694781358 -307700
1558694792997 -319337
1558694793981 -320321
1558694811521 -316353
1558694822343 -302786
