1558693128063 -40
1558693128153 -4593
1558693128802 -778
1558693130856 -2832
1558693132673 -4649
1558693133982 -10422
1558693134679 -6655
1558693135934 -12364
1558693140506 -12482
1558693146499 -22929
1558693147192 -19168
1558693151849 -23825
1558693152833 -24809
1558693155922 -32351
1558693155970 -31063
1558693162766 -37859
1558693164391 -36366
1558693165375 -37350
1558693166613 -41706
1558693167579 -42672
1558693168519 -43696
1558693173304 -48397
1558693179672 -51575
1558693182575 -54478
1558693185768 -60944
1558693187026 -62118
1558693189896 -65072
1558693190852 -66028
1558693191552 -63455
1558693194325 -69500
1558693195343 -69382
1558693195343 -69382
1558693197212 -72387
1558693198094 -69997
1558693198262 -72300
1558693200128 -74166
1558693202071 -76109
1558693212812 -86850
1558693213284 -85186
1558693213751 -87789
1558693220999 -92716
1558693223884 -95601
1558693226212 -100250
1558693230118 -104156
1558693231621 -103338
1558693232081 -106119
1558693234988 -109025
1558693236444 -108160
1558693236899 -110936
1558693248820 -120536
1558693250898 -124837
1558693252687 -124403
1558693256555 -128271
1558693258662 -132600
1558693260083 -132850
1558693266714 -139087
1558693267683 -140056
1558693268655 -141028
1558693269628 -142000
1558693272545 -144910
1558693273048 -146984
1558693273050 -146986
1558693275459 -147824
1558693280401 -152766
1558693284221 -156586
1558693284221 -156586
1558693284836 -158772
1558693285519 -157224
1558693287230 -159595
1558693288909 -161274
1558693289435 -163371
1558693293839 -166204
1558693294787 -167152
1558693295064 -166768
1558693295330 -169266
1558693296268 -170204
1558693298162 -172097
1558693299821 -171399
1558693301777 -173355
1558693304468 -175373
1558693305444 -176349
1558693306413 -177991
1558693306921 -180856
1558693307394 -178972
1558693309316 -180894
1558693311243 -182820
1558693312551 -185362
1558693313186 -184763
1558693319864 -190768
1558693321294 -194105
1558693324720 -195623
1558693325696 -196599
1558693327641 -198544
1558693329106 -201917
1558693331535 -203112
1558693331535 -202438
1558693333946 -206757
1558693336185 -207758
1558693344983 -215879
1558693345445 -218255
1558693345445 -218255
1558693345445 -218255
1558693349359 -222169
1558693349882 -220778
1558693350854 -221750
1558693356113 -228923
1558693357082 -229892
1558693364186 -235585
1558693365160 -236558
1558693365161 -236558
1558693365658 -237984
1558693368136 -239031
1558693369119 -240014
1558693371054 -241949
1558693371474 -243799
1558693377320 -249645
1558693379815 -250710
1558693381543 -252916
1558693382721 -253028
1558693383448 -254820
1558693385898 -258223
1558693392186 -263558
1558693396099 -267471
1558693401909 -273280
1558693402976 -273282
1558693406906 -277212
1558693406906 -277211
1558693409038 -273071
1558693412468 -283717
1558693415333 -286581
1558693425179 -282538
1558693425550 -276369
1558693425551 -276370
1558693429743 -284437
1558693436163 -276326
1558693437132 -277295
1558693440424 -283742
1558693443360 -286678
1558693445283 -288601
1558693451265 -298129
1558693452240 -299104
1558693454983 -301847
1558693456789 -291413
1558693461630 -296254
1558693461630 -296254
1558693510311 -113
1558693511731 -1533
1558693512002 -2381
1558693512365 -2526
1558693514670 -4472
1558693514924 -5303
1558693524654 -15032
1558693525960 -16120
1558693530812 -20972
1558693535180 -25558
1558693542055 -32432
1558693542347 -32507
1558693542347 -32507
1558693544900 -35277
1558693547550 -37352
1558693550067 -40227
1558693551424 -41225
1558693552013 -42173
1558693554461 -43021
1558693563209 -51768
1558693564551 -53312
1558693565468 -54228
1558693568070 -56629
1558693569047 -57606
1558693572601 -62362
1558693573571 -63332
1558693575690 -64248
1558693581800 -70558
1558693589365 -77921
1558693589952 -79712
1558693591869 -81628
1558693598294 -83891
1558693599623 -86400
1558693605290 -92067
1558693606650 -94643
1558693608609 -96602
1558693610544 -98537
1558693615032 -101809
1558693618530 -104125
1558693618530 -104125
1558693624931 -112921
1558693626678 -113455
1558693626875 -114865
1558693630393 -117170
1558693634903 -120497
1558693635290 -122067
1558693640092 -126869
1558693641063 -127840
1558693641063 -127837
1558693641676 -123451
1558693643409 -131398
1558693643624 -125399
1558693649449 -131224
1558693655123 -136846
1558693658999 -140722
1558693659354 -146128
1558693661709 -147645
1558693664624 -150559
1558693666151 -152925
1558693667547 -153482
1558693667737 -149459
1558693668528 -154463
1558693669506 -155441
1558693669506 -155441
1558693670295 -156230
1558693670655 -152377
1558693673610 -155332
1558693675349 -157071
1558693678645 -162127
1558693679082 -165013
1558693680091 -166022
1558693682186 -163907
1558693683901 -169832
1558693685429 -168911
1558693686019 -167740
1558693689331 -172813
1558693689904 -165342
1558693691318 -174799
1558693695406 -181333
1558693698354 -183232
1558693699323 -184201
1558693705128 -190006
1558693712905 -197783
1558693715893 -200771
1558693716933 -192371
1558693718578 -203456
1558693722973 -206439
1558693723471 -208349
1558693725889 -209355
1558693734630 -218095
1558693735604 -219069
1558693736211 -211647
1558693737111 -221988
1558693738528 -221993
1558693738529 -221994
1558693739133 -214568
1558693741429 -224894
1558693742404 -225869
1558693744344 -227809
1558693746159 -229624
1558693746734 -220575
1558693747098 -230562
1558693747723 -221564
1558693748551 -229088
1558693748675 -222516
1558693749647 -223488
1558693750012 -233476
1558693752458 -232994
1558693756804 -235922
1558693757310 -237846
1558693759352 -233193
1558693763153 -243689
1558693764166 -243271
1558693766860 -245965
1558693766860 -245965
1558693767128 -240968
1558693767488 -246606
1558693767837 -246942
1558693768915 -242755
1558693771839 -245679
1558693773700 -252805
1558693774153 -253271
1558693774671 -253776
1558693774695 -253800
1558693774772 -248612
1558693774772 -248612
1558693777647 -251487
1558693779972 -259090
1558693781568 -255408
1558693782535 -256375
1558693784372 -252858
1558693785431 -259271
1558693785788 -264905
1558693785790 -264907
1558693788330 -262170
1558693791970 -260455
1558693792943 -261427
1558693796841 -265325
1558693799971 -273811
1558693801855 -275695
1558693804669 -264330
1558693807594 -267254
1558693810030 -289146
1558693810931 -290047
1558693812493 -283701
1558693818096 -277755
1558693821000 -269118
1558693822951 -271068
1558693828743 -276860
1558693830685 -278801
1558693831755 -278730
1558693834145 -312982
1558693835579 -282554
1558693835982 -314819
1558693841243 -288217
1558693847087 -294060
1558693847087 -294060
1558693847482 -305615
1558693848038 -283312
1558693849015 -295988
1558693851942 -298915
1558693853319 -311450
1558693853856 -289129
1558693863820 -321948
1558693865380 -296946
1558693869343 -290171
1558693871605 -329726
1558693875490 -333609
1558693878000 -299361
1558693881886 -290326
1558693887128 -345243
1558693888500 -296939
1558693891474 -289690
1558693892434 -290650
1558693897245 -305683
1558693903208 -289514
1558693907264 -293570
1558693908287 -294593
1558693910576 -326369
1558693913307 -329100
1558693913307 -329100
1558693913735 -300040
1558693914746 -289815
1558693915637 -290706
1558693919855 -335648
1558693923338 -309642
1558693923751 -339544
1558693924290 -277759
1558693924687 -340480
1558693927605 -343398
1558693932052 -285520
1558693934803 -288271
1558693936816 -311882
1558693938140 -319649
1558693938718 -292185
1558693941671 -316736
1558693942590 -296057
1558693942663 -277068
1558693944522 -297989
1558693944595 -278999
1558693946869 -328377
1558693952300 -305766
1558693952396 -286799
1558693955636 -337143
1558693955636 -337143
1558693955659 -337166
1558693956095 -290498
1558693957063 -291466
1558693957155 -292323
1558693958036 -292438
1558693962258 -343764
1558693962262 -343768
1558693962262 -343768
1558693962935 -297337
1558693970563 -305729
1558693971536 -306702
1558693973480 -308646
1558693975858 -357361
1558693976507 -310907
1558693977812 -299146
1558693978338 -290375
1558693980275 -292311
1558693981693 -303027
1558693982192 -286787
1558693989832 -301867
1558693991795 -303830
1558693992222 -313554
1558693997736 -302328
1558694000650 -305242
1558694003405 -307996
1558694006180 -299887
1558694006180 -299887
1558694011047 -304753
1558694012154 -282869
1558694013136 -283851
1558694016862 -310568
1558694018283 -339610
1558694022687 -291343
1558694024132 -345457
1558694024132 -345457
1558694024668 -293323
1558694028954 -350277
1558694039219 -309930
1558694039490 -314516
1558694040186 -310897
1558694041176 -311887
1558694042955 -311603
1558694043385 -318410
1558694048769 -286600
1558694049190 -324214
1558694049727 -294257
1558694050186 -325210
1558694051665 -296195
1558694052479 -297008
1558694054854 -329877
1558694058304 -302833
1558694061413 -299242
1558694063606 -338627
1558694064577 -339598
1558694066516 -341536
1558694067496 -342516
1558694067504 -342524
1558694071167 -308995
1558694072945 -310773
1558694074285 -349302
1558694075825 -285774
1558694078531 -297001
1558694079964 -308673
1558694080470 -298940
1558694083408 -301878
1558694084825 -313533
1558694087493 -297440
1558694089207 -307676
1558694096076 -306022
1558694096481 -325187
1558694096981 -315411
1558694097446 -326152
1558694098017 -307963
1558694098989 -308935
1558694101162 -329868
1558694101162 -329868
1558694101685 -291167
1558694102134 -330840
1558694104136 -332841
1558694105103 -333808
1558694106591 -296073
1558694107069 -335774
1558694107594 -297076
1558694109927 -302233
1558694111884 -304190
1558694113749 -306054
1558694114023 -342727
1558694117211 -306691
1558694122069 -311549
1558694123513 -352214
1558694127039 -290681
1558694127734 -287460
1558694129167 -320019
1558694129938 -293580
1558694130651 -290377
1558694139859 -330710
1558694141802 -332653
1558694146997 -306721
1558694152156 -289658
1558694152321 -343170
1558694153145 -290647
1558694159148 -349996
1558694160110 -350958
1558694163531 -293286
1558694163981 -354827
1558694165455 -295209
1558694169469 -306969
1558694174493 -318272
1558694177248 -314746
1558694180853 -310602
1558694181154 -288730
1558694184206 -327984
1558694189067 -332844
1558694190588 -294312
1558694196757 -340533
1558694203115 -306837
1558694205562 -349337
1558694210188 -291638
1558694211112 -292562
1558694213194 -356967
1558694213704 -291363
1558694214704 -292362
1558694217409 -310869
1558694224834 -318293
1558694228503 -309950
1558694230086 -307742
1558694233428 -326886
1558694233428 -326886
1558694235360 -291702
1558694235360 -291702
1558694239145 -295487
1558694240296 -333753
1558694240296 -333753
1558694240900 -294400
1558694246638 -300137
1558694249043 -342499
1558694254723 -311062
1558694255692 -349146
1558694257658 -351111
1558694258628 -314966
1558694258629 -314967
1558694259598 -353050
1558694264494 -302241
1558694271319 -309065
1558694273209 -303458
1558694274132 -311878
1558694276051 -313797
1558694276051 -313796
1558694279999 -317744
1558694280977 -311225
1558694283448 -306081
1558694293522 -302579
1558694297395 -335137
1558694298424 -307480
1558694301843 -303242
1558694303268 -341009
1558694306746 -308144
1558694309980 -290046
1558694313042 -350779
1558694317315 -296527
1558694318801 -298865
1558694322702 -302766
1558694324152 -303363
1558694324601 -307263
1558694325128 -304339
1558694327537 -310198
1558694327542 -310203
1558694331516 -311578
1558694332481 -312542
1558694333409 -316069
1558694345507 -298695
1558694348429 -301617
1558694348969 -302910
1558694353770 -336426
1558694353850 -307790
1558694355741 -338396
1558694356699 -339354
1558694357208 -310395
1558694358665 -341319
1558694358673 -341327
1558694361539 -285716
1558694363889 -317075
1558694365420 -289596
1558694367283 -349934
1558694367408 -291584
1558694372694 -292226
1558694373272 -297447
1558694373272 -297447
1558694377065 -303745
1558694380971 -307651
1558694384712 -311391
1558694388620 -315298
1558694388621 -315299
1558694389701 -313873
1558694394983 -314511
1558694400358 -327035
1558694402307 -328983
1558694402422 -296600
1558694402425 -296603
1558694405261 -331937
1558694406724 -292378
1558694406724 -292378
1558694407194 -333869
1558694409510 -295164
1558694414066 -308242
1558694416263 -310439
1558694417161 -311337
1558694420294 -305947
1558694421828 -286059
1558694422211 -307864
1558694423173 -308826
1558694426098 -311751
1558694426589 -353256
1558694426717 -290947
1558694427554 -354221
1558694429486 -293716
1558694430009 -315662
1558694430009 -315662
1558694431478 -299402
1558694432792 -293360
1558694434231 -302154
1558694435730 -296298
1558694438330 -302559
1558694442041 -309963
1558694443181 -307409
1558694444975 -312897
1558694447908 -315829
1558694450028 -314255
1558694452817 -287074
1558694457690 -291946
1558694458663 -292919
1558694463550 -297805
1558694473153 -341070
1558694474622 -305281
1558694475596 -306255
1558694477065 -344980
1558694479015 -346929
1558694480020 -314273
1558694482765 -350678
1558694486180 -316838
1558694486180 -316838
1558694486869 -291314
1558694488853 -293298
1558694489120 -293877
1558694490106 -294862
1558694491076 -295832
1558694491761 -296205
1558694492558 -300563
1558694492731 -297175
1558694494520 -302525
1558694497448 -305453
1558694497925 -302680
1558694499397 -307401
1558694500470 -304913
1558694501391 -305834
1558694505298 -309740
1558694507281 -311723
1558694507281 -311723
1558694513145 -284664
1558694515090 -286609
1558694522183 -294066
1558694523721 -295238
1558694523721 -295238
1558694528000 -299882
1558694528000 -299882
1558694529642 -337642
1558694532246 -304128
1558694537179 -345176
1558694543519 -315399
1558694544498 -316378
1558694547424 -293146
1558694552159 -297880
1558694554875 -301092
1558694555833 -302049
1558694558501 -302812
1558694559754 -305970
1558694565365 -309674
1558694565656 -311871
1558694565670 -311885
1558694570248 -314556
1558694572291 -294221
1558694573650 -289228
1558694575934 -320241
1558694576907 -321214
1558694581111 -303040
1558694582129 -304058
1558694585988 -307916
1558694587936 -309864
1558694587940 -309868
1558694589890 -311818
1558694591071 -306646
1558694592541 -336843
1558694594009 -309584
1558694598536 -291323
1558694600207 -344506
1558694603612 -285324
1558694611957 -356251
1558694612906 -357200
1558694617302 -299012
1558694619888 -312672
1558694620224 -301934
1558694620725 -326119
1558694621851 -314635
1558694624796 -317579
1558694626750 -319533
1558694626756 -319539
1558694632286 -337678
1558694634251 -339643
1558694636679 -289233
1558694641102 -346493
1558694641112 -346503
1558694643237 -306024
1558694647107 -309893
1558694647754 -353144
1558694650192 -302744
1558694651168 -303720
1558694655590 -360943
1558694655921 -318706
1558694656558 -361911
1558694659488 -300834
1558694664725 -297349
1558694666514 -299137
1558694666813 -290227
1558694668769 -292183
1558694678422 -301835
1558694679256 -311878
1558694679857 -321200
1558694680338 -303751
1558694683142 -315763
1558694683806 -325148
1558694684117 -316738
1558694689128 -312540
1558694690613 -331954
1558694691781 -294253
1558694693899 -292070
1558694694916 -293087
1558694694916 -293087
1558694695378 -336719
1558694695783 -298254
1558694695837 -294008
1558694697663 -300134
1558694697663 -300134
1558694700574 -303044
1558694700693 -298864
1558694701668 -299838
1558694707048 -348385
1558694709373 -311842
1558694713898 -355232
1558694715861 -315318
1558694718116 -316284
1558694719596 -319053
1558694723204 -295515
1558694723805 -323261
1558694724246 -296557
1558694724793 -324249
1558694725217 -293409
1558694728617 -328073
1558694730947 -299138
1558694731516 -330971
1558694732739 -305049
1558694734720 -302911
1558694735650 -307959
1558694736609 -308918
1558694737428 -309737
1558694738629 -306819
1558694739386 -311695
1558694740608 -308798
1558694746222 -288537
1558694747265 -315454
1558694747781 -347234
1558694748174 -290489
1558694748745 -348198
1558694751169 -293156
1558694751676 -351129
1558694752655 -352107
1558694753633 -353085
1558694754053 -296367
1558694760935 -302920
1558694766172 -317268
1558694766173 -317269
1558694767612 -309596
1558694773992 -325087
1558694774969 -326064
1558694776417 -293160
1558694778370 -295113
1558694779315 -291475
1558694780325 -297068
1558694781304 -298047
1558694781817 -332911
1558694782798 -333892
1558694783230 -295389
1558694784206 -296365
1558694786190 -302932
1558694787671 -338764
1558694800215 -351305
1558694801194 -352283
1558694807059 -358145
1558694808034 -359120
