1558693123541 -337
1558693126598 -1978
1558693127788 -4584
1558693129269 -4649
1558693130799 -7595
1558693132208 -7588
1558693132641 -9437
1558693135686 -12482
1558693142056 -17434
1558693145934 -21312
1558693148081 -24876
1558693149025 -25820
1558693150630 -26007
1558693150994 -27789
1558693166293 -41669
1558693167283 -42659
1558693169136 -45191
1558693169219 -44595
1558693170231 -45607
1558693175909 -47856
1558693176878 -52933
1558693178796 -54851
1558693179790 -55845
1558693179806 -55861
1558693179829 -51776
1558693196159 -72214
1558693197054 -73109
1558693200142 -72071
1558693202093 -74022
1558693202093 -74022
1558693202093 -74022
1558693202758 -78812
1558693207951 -79880
1558693208930 -80859
1558693211280 -86583
1558693213237 -88540
1558693214172 -89475
1558693214791 -86700
1558693220498 -92407
1558693221896 -97198
1558693223449 -95357
1558693224790 -100092
1558693225784 -101086
1558693232231 -104139
1558693233487 -108789
1558693235175 -107083
1558693235415 -110717
1558693236369 -111671
1558693237327 -112629
1558693237329 -112631
1558693239280 -114582
1558693246063 -119773
1558693246738 -118646
1558693249778 -123488
1558693250737 -124447
1558693253656 -127366
1558693255599 -129309
1558693260410 -132318
1558693271982 -143282
1558693274921 -146221
1558693275845 -149554
1558693276830 -150539
1558693281698 -155407
1558693281731 -155440
1558693282689 -156398
1558693288607 -159906
1558693292416 -165355
1558693296087 -169026
1558693298212 -169510
1558693301916 -174855
1558693303118 -174416
1558693303118 -174416
1558693311601 -184539
1558693312569 -185507
1558693314692 -185989
1558693317615 -188912
1558693318240 -191178
1558693324065 -197003
1558693326387 -193599
1558693335727 -207779
1558693337669 -209721
1558693337936 -205147
1558693339901 -207112
1558693341544 -213596
1558693344290 -216342
1558693345255 -217307
1558693346246 -218298
1558693348169 -220221
1558693350726 -217936
1558693351700 -218910
1558693353583 -220793
1558693357900 -229951
1558693359457 -226666
1558693360806 -232857
1558693361772 -233823
1558693362203 -229412
1558693362760 -234811
1558693369051 -236260
1558693370023 -237232
1558693373270 -245321
1558693375209 -247260
1558693375209 -247260
1558693381778 -248546
1558693381778 -248546
1558693383942 -255273
1558693388427 -255195
1558693394301 -261069
1558693397381 -268711
1558693398206 -264973
1558693401136 -267903
1558693402118 -268885
1558693404106 -270873
1558693405109 -271876
1558693407037 -273804
1558693408094 -279424
1558693408958 -275725
1558693412720 -279487
1558693413675 -280442
1558693414655 -281422
1558693418617 -289947
1558693420571 -291901
1558693424457 -295787
1558693424457 -295787
1558693426354 -297684
1558693428339 -293617
1558693429277 -300606
1558693429326 -294604
1558693430295 -295573
1558693435181 -300458
1558693435181 -306510
1558693440758 -285554
1558693442936 -308213
1558693443824 -309101
1558693444654 -289449
1558693449672 -292745
1558693454354 -299148
1558693454556 -297628
1558693458315 -301386
1558693463900 -308693
1558693464868 -309661
1558693466812 -311604
1558693472632 -317423
1558693472632 -317423
1558693479807 -322875
1558693482340 -327129
1558693488438 -331505
1558693492349 -335414
1558693511567 -2402
1558693514742 -4599
1558693522276 -13111
1558693524222 -15057
1558693525201 -16036
1558693527487 -17343
1558693528143 -18977
1558693531979 -22813
1558693535719 -26553
1558693538637 -29471
1558693540579 -31413
1558693542566 -33400
1558693543473 -34307
1558693543902 -33756
1558693544430 -35264
1558693544880 -34734
1558693549280 -40114
1558693549767 -39620
1558693552697 -42550
1558693553669 -43522
1558693555111 -45926
1558693555622 -45475
1558693559372 -49225
1558693560344 -48966
1558693563271 -51893
1558693564309 -52931
1558693565629 -56443
1558693569135 -57757
1558693570112 -58734
1558693577927 -66548
1558693579216 -70030
1558693590768 -81582
1558693595379 -83999
1558693600267 -88886
1558693600467 -91280
1558693602371 -93184
1558693604993 -93612
1558693609026 -99839
1558693612786 -99213
1558693612905 -103718
1558693612910 -103723
1558693614879 -105692
1558693619630 -106057
1558693637026 -125447
1558693642893 -131312
1558693645853 -132278
1558693647803 -134228
1558693650627 -139045
1558693652422 -140840
1558693652558 -138118
1558693654510 -140070
1558693657440 -142999
1558693658240 -146658
1558693658240 -146658
1558693662318 -147877
1558693662318 -147877
1558693669928 -158250
1558693671121 -156679
1558693671834 -160156
1558693678810 -164368
1558693680507 -168828
1558693681472 -169793
1558693686622 -172179
1558693713275 -201593
1558693717161 -205479
1558693718661 -204193
1558693719099 -204670
1558693723407 -208939
1558693724372 -203692
1558693732539 -218110
1558693734135 -213454
1558693739334 -224905
1558693744196 -229767
1558693745162 -230733
1558693745912 -225230
1558693746029 -231600
1558693748636 -227954
1558693748641 -227959
1558693749612 -228929
1558693750589 -229906
1558693755694 -241265
1558693756441 -235758
1558693763447 -249017
1558693768297 -253373
1558693769150 -248466
1558693771051 -256127
1558693775878 -254007
1558693775942 -261018
1558693777850 -262926
1558693778761 -256890
1558693780811 -265887
1558693785621 -270697
1558693790473 -275543
1558693791469 -269598
1558693797190 -275319
1558693799205 -284275
1558693802194 -280323
1558693803073 -283310
1558693804911 -285148
1558693810823 -291059
1558693812871 -291000
1558693813835 -291964
1558693814694 -294930
1558693820337 -300573
1558693822482 -300610
1558693824463 -302591
1558693824463 -302591
1558693830226 -308354
1558693833938 -314174
1558693840494 -295073
1558693841459 -296038
1558693848286 -302864
1558693848674 -303566
1558693849615 -304507
1558693850212 -304789
1558693853122 -307699
1558693854087 -308664
1558693855062 -309639
1558693856997 -311573
1558693869118 -324008
1558693870504 -325079
1558693872393 -326967
1558693878817 -333705
1558693879765 -310528
1558693883659 -314421
1558693895527 -315463
1558693896202 -326962
1558693899432 -319367
1558693900439 -320374
1558693902271 -333031
1558693904525 -324459
1558693905390 -336149
1558693906550 -326484
1558693919533 -350290
1558693919533 -350290
1558693924511 -344442
1558693924511 -344442
1558693925369 -309615
1558693934212 -314443
1558693935145 -319390
1558693938907 -323151
1558693942807 -327051
1558693944763 -329007
1558693949645 -333888
1558693951602 -335845
1558693953486 -333715
1558693953486 -333715
1558693955530 -339772
1558693960401 -344642
1558693962079 -342307
1558693968030 -318249
1558693973736 -289446
1558693974897 -325115
1558693975675 -291384
1558693976826 -327043
1558693979779 -329996
1558693980758 -330975
1558693981726 -331943
1558693982301 -298009
1558693983704 -333920
1558693985458 -335674
1558693989402 -339618
1558693994273 -344488
1558693999795 -315500
1558694002076 -352289
1558694002076 -352289
1558694002701 -318406
1558694010304 -326006
1558694012244 -327945
1558694012245 -327946
1558694013215 -328916
1558694015593 -321012
1558694015597 -321016
1558694017538 -322956
1558694019041 -334739
1558694021466 -326884
1558694027317 -332734
1558694028293 -333710
1558694030567 -346260
1558694031247 -336663
1558694031558 -347251
1558694033013 -338429
1558694042237 -311310
1558694047051 -316123
1558694048984 -318056
1558694054712 -323783
1558694057582 -326653
1558694059506 -328576
1558694069016 -344492
1558694069016 -344492
1558694073150 -342218
1558694074882 -350355
1558694080582 -356051
1558694080742 -349809
1558694081741 -350808
1558694084521 -359988
1558694085570 -354636
1558694089461 -304771
1558694095284 -310593
1558694098172 -309605
1558694103901 -319209
1558694104895 -316327
1558694105937 -317369
1558694111030 -326337
1558694111126 -322557
1558694116596 -328026
1558694124111 -339415
1558694131075 -342502
1558694133812 -349113
1558694138677 -353976
1558694144515 -304024
1558694145738 -306686
1558694146459 -305967
1558694150653 -311601
1558694153416 -314363
1558694155361 -314868
1558694160255 -321201
1558694162193 -323139
1558694168054 -328999
1558694175253 -334758
1558694177191 -336695
1558694178164 -337668
1558694178649 -339593
1558694181598 -342541
1558694182059 -341562
1558694182567 -343510
1558694190880 -350380
1558694191405 -352345
1558694191844 -351344
1558694200451 -301028
1558694203038 -320315
1558694209125 -309701
1558694211026 -311602
1558694213950 -314526
1558694217153 -317728
1558694219161 -319736
1558694221753 -322328
1558694222798 -340072
1558694223921 -324496
1558694225516 -326090
1558694228292 -345566
1558694228374 -328948
1558694229322 -329896
1558694240067 -340640
1558694241850 -342422
1558694242102 -359372
1558694242129 -359399
1558694242838 -343409
1558694247822 -348391
1558694247924 -313763
1558694248854 -314693
1558694255635 -321473
1558694263135 -320340
1558694263135 -320340
1558694264106 -321311
1558694265942 -323147
1558694268477 -334313
1558694269470 -335306
1558694269853 -327057
1558694272255 -338091
1558694273233 -339069
1558694278517 -335720
1558694281042 -346877
1558694281058 -346893
1558694282440 -339643
1558694285933 -351767
1558694287323 -344525
1558694288884 -354717
1558694297892 -355092
1558694301821 -300096
1558694303473 -318786
1558694308650 -306923
1558694315274 -330585
1558694315329 -313601
1558694316273 -331584
1558694316273 -331584
1558694318233 -333543
1558694318233 -333543
1558694325926 -341232
1558694332811 -348117
1558694333887 -332155
1558694338712 -354017
1558694343463 -328670
1558694345439 -330646
1558694347416 -332623
1558694354248 -352508
1558694358157 -356415
1558694368880 -354084
1558694369861 -355064
1558694379499 -321927
1558694392330 -317407
1558694399859 -342284
1558694402786 -345210
1558694406718 -349140
1558694411994 -337069
1558694413395 -355815
1558694414875 -339950
1558694414910 -339985
1558694419394 -301934
1558694426081 -308620
1558694427069 -309608
1558694434451 -320601
1558694439203 -325352
1558694443131 -329280
1558694446074 -332222
1558694447410 -329946
1558694448042 -334190
1558694450990 -337138
1558694452299 -334834
1558694452959 -339106
1558694466598 -352743
1558694467839 -350370
1558694469768 -352298
1558694472466 -358609
1558694472470 -358613
1558694474621 -357150
1558694475596 -298409
1558694476570 -299383
1558694480330 -303142
1558694480340 -337175
1558694484265 -341099
1558694487052 -343886
1558694494905 -351738
1558694495890 -352723
1558694501796 -358628
1558694503616 -326424
1558694504592 -327400
1558694504743 -361574
1558694505568 -328376
1558694506716 -363547
1558694507697 -364528
1558694513389 -335952
1558694515407 -372235
1558694519250 -341813
1558694520325 -325948
1558694524255 -329877
1558694534999 -340620
1558694538834 -344454
1558694542547 -323643
1558694549661 -355280
1558694549661 -355280
1558694551619 -357238
1558694558998 -340090
1558694559322 -364939
1558694561011 -342103
1558694565228 -314426
1558694566202 -315400
1558694570156 -319353
1558694584306 -310579
1558694589135 -315407
1558694589635 -338830
1558694592063 -318335
1558694592590 -341784
1558694595543 -344737
1558694596528 -345722
1558694597524 -346717
1558694600698 -326969
1558694603414 -352606
1558694605579 -331849
1558694608514 -334783
1558694609143 -358333
1558694609145 -358335
1558694609484 -335753
1558694612446 -338715
1558694613394 -339662
1558694616021 -315450
1558694628810 -328238
1558694633557 -332984
1558694633756 -299870
1558694634540 -333967
1558694637495 -336921
1558694639625 -305739
1558694641619 -307732
1558694642406 -341832
1558694644517 -310630
1558694653138 -319247
1558694662886 -307622
1558694666820 -311555
1558694666831 -332938
1558694675458 -341563
1558694676435 -342540
1558694688168 -354269
1558694689146 -355246
1558694691098 -318210
1558694691244 -335976
1558694693103 -320214
1558694693942 -321053
1558694694237 -338969
1558694694974 -322085
1558694696202 -340934
1558694698136 -342867
1558694698136 -342867
1558694707543 -334652
1558694710749 -355475
1558694711449 -338558
1558694712424 -339532
1558694715366 -342474
1558694716343 -343451
1558694719608 -321352
1558694734765 -313543
1558694735164 -336906
1558694736150 -337892
1558694737129 -338871
1558694737129 -338871
1558694744996 -346737
1558694746313 -325090
1558694758599 -320219
1558694760973 -339747
1558694762530 -324149
1558694765700 -344474
1558694766465 -328083
1558694768431 -330049
