1558693125509 -2071
1558693126869 -2045
1558693127921 -4482
1558693129534 -4710
1558693132463 -7639
1558693133463 -8639
1558693139559 -16120
1558693140363 -15539
1558693141310 -16486
1558693142368 -17544
1558693143273 -18449
1558693144243 -19419
1558693144293 -20853
1558693150020 -26092
1558693151883 -27059
1558693157603 -33675
1558693157603 -33675
1558693160805 -35980
1558693161748 -36923
1558693162463 -38534
1558693163598 -38773
1558693164592 -39767
1558693164592 -39767
1558693166264 -42335
1558693166552 -41727
1558693170518 -45690
1558693172123 -48194
1558693181045 -56217
1558693187176 -62347
1558693188117 -63288
1558693188392 -63563
1558693188854 -64308
1558693189131 -64302
1558693189239 -64410
1558693191487 -66941
1558693196201 -71655
1558693196704 -71875
1558693198084 -73538
1558693198562 -73733
1558693198968 -74422
1558693203577 -79030
1558693204348 -77296
1558693208259 -81207
1558693212174 -85122
1558693213156 -86104
1558693213251 -88704
1558693214131 -87079
1558693214218 -89671
1558693220802 -93750
1558693220960 -94693
1558693221931 -95664
1558693222770 -95718
1558693225806 -99539
1558693226629 -100362
1558693227570 -101303
1558693227653 -100601
1558693232553 -105500
1558693236467 -109414
1558693238442 -111389
1558693239423 -112370
1558693240378 -113325
1558693244143 -117090
1558693244938 -118659
1558693248039 -120983
1558693249996 -122940
1558693250968 -123912
1558693258787 -131731
1558693260234 -133954
1558693261717 -134661
1558693265058 -138778
1558693266602 -139546
1558693268410 -141354
1558693268417 -141361
1558693272315 -145259
1558693273316 -146260
1558693274274 -147218
1558693279172 -152116
1558693281315 -155034
1558693288939 -161883
1558693289921 -160389
1558693291830 -162298
1558693297605 -168073
1558693298554 -170424
1558693299536 -170004
1558693300498 -172368
1558693301491 -171959
1558693303447 -173915
1558693304384 -176253
1558693304424 -174892
1558693305401 -175869
1558693311271 -181739
1558693312278 -182746
1558693313143 -185012
1558693313235 -183703
1558693317992 -189861
1558693323842 -194309
1558693324622 -196464
1558693324814 -195281
1558693327739 -198206
1558693330684 -201102
1558693331424 -203266
1558693334349 -206190
1558693337520 -207938
1558693337520 -207938
1558693339214 -211055
1558693339214 -211055
1558693339322 -209740
1558693341286 -211704
1558693344074 -215915
1558693346176 -216593
1558693347146 -217563
1558693350123 -220540
1558693352056 -222473
1558693353007 -223424
1558693354984 -225401
1558693359869 -230286
1558693359869 -230286
1558693360831 -231248
1558693361817 -232234
1558693362363 -234203
1558693366237 -238077
1558693372869 -244709
1558693374360 -244777
1558693379707 -251547
1558693382185 -252602
1558693384546 -256386
1558693385133 -255550
1558693386921 -254718
1558693388418 -260258
1558693390832 -258629
1558693393759 -261556
1558693394097 -263655
1558693396704 -264501
1558693397018 -255600
1558693397979 -256561
1558693400604 -268401
1558693405850 -264431
1558693407450 -275247
1558693409418 -277215
1558693411251 -277609
1558693411251 -277609
1558693412586 -271166
1558693413165 -279523
1558693418078 -284436
1558693421959 -278649
1558693423958 -280648
1558693423958 -280648
1558693425017 -275950
1558693426849 -283538
1558693429872 -280804
1558693433784 -290472
1558693433833 -290521
1558693433833 -290521
1558693439439 -285150
1558693441363 -287074
1558693444283 -285572
1558693454981 -287655
1558693457005 -288499
1558693457005 -288499
1558693461742 -293236
1558693462712 -294206
1558693468579 -300072
1558693511399 -1577
1558693516222 -3452
1558693523018 -10247
1558693524113 -14290
1558693524957 -12186
1558693525930 -13159
1558693529010 -19187
1558693530789 -18017
1558693534740 -24914
1558693535707 -25881
1558693539609 -29783
1558693540617 -30791
1558693542588 -32762
1558693549381 -39555
1558693552967 -40054
1558693553288 -43462
1558693555249 -45423
1558693557038 -47212
1558693561570 -48657
1558693561929 -50320
1558693561944 -50335
1558693563908 -52299
1558693565832 -54223
1558693565832 -54223
1558693574640 -63030
1558693577582 -65972
1558693578554 -66944
1558693583278 -71668
1558693587249 -75639
1558693587273 -75663
1558693588216 -76606
1558693590171 -78561
1558693593103 -81493
1558693593103 -81493
1558693596035 -84425
1558693596462 -80790
1558693597963 -86353
1558693597963 -86353
1558693601222 -85550
1558693601878 -90268
1558693602863 -91253
1558693604631 -93021
1558693606610 -93376
1558693607587 -94353
1558693611782 -96109
1558693620302 -107068
1558693623450 -107776
1558693627153 -113919
1558693627370 -111695
1558693628934 -115699
1558693629909 -116674
1558693629909 -116674
1558693630897 -117662
1558693631878 -118643
1558693633835 -120600
1558693634804 -121569
1558693637732 -122353
1558693638714 -123335
1558693640665 -125286
1558693641711 -126035
1558693642625 -127246
1558693643610 -128231
1558693643610 -128231
1558693647534 -131109
1558693649476 -134096
1558693651434 -136054
1558693653359 -136934
1558693654195 -138815
1558693655155 -138730
1558693657151 -141771
1558693659085 -143705
1558693663900 -147475
1558693664966 -149585
1558693669743 -153317
1558693669873 -154492
1558693669873 -154492
1558693671812 -156431
1558693678308 -161882
1558693682228 -165802
1558693682473 -167091
1558693688984 -172558
1558693692205 -172579
1558693693183 -173557
1558693707669 -188041
1558693707676 -188048
1558693708258 -186329
1558693710644 -191016
1558693711598 -191970
1558693711606 -191978
1558693715539 -195911
1558693716492 -196864
1558693721370 -201742
1558693727084 -207455
1558693728037 -208408
1558693728038 -208409
1558693729525 -207595
1558693730032 -210403
1558693732939 -213310
1558693733934 -214305
1558693733934 -214305
1558693734925 -215296
1558693736906 -214526
1558693737338 -215408
1558693740765 -218385
1558693742725 -220345
1558693745011 -223081
1558693746628 -224248
1558693749727 -227797
1558693750378 -227998
1558693750687 -228757
1558693751683 -229753
1558693757220 -234839
1558693759200 -236819
1558693759424 -237494
1558693761370 -239440
1558693762338 -240358
1558693764125 -241744
1558693766299 -244319
1558693768977 -246596
1558693769137 -246924
1558693771752 -249371
1558693781518 -259137
1558693783509 -261128
1558693787436 -264054
1558693791318 -267936
1558693795273 -271891
1558693796061 -272679
1558693797007 -271893
1558693799034 -273919
1558693800046 -274931
1558693800980 -265481
1558693806833 -281717
1558693807839 -282723
1558693808784 -273283
1558693812741 -287624
1558693813701 -288584
1558693818444 -282942
1558693819364 -280733
1558693821349 -282718
1558693822340 -283709
1558693823110 -273988
1558693824071 -274948
1558693828123 -289491
1558693828123 -289491
1558693831077 -292444
1558693832906 -283782
1558693835967 -282684
1558693837925 -284641
1558693838601 -289476
1558693838908 -285624
1558693840902 -287618
1558693842637 -289352
1558693842641 -289356
1558693846585 -293300
1558693846599 -293314
1558693847188 -281711
1558693849494 -296208
1558693849494 -296208
1558693853011 -287533
1558693853980 -288502
1558693857311 -289468
1558693858847 -293368
1558693860251 -292407
1558693860787 -295308
1558693865131 -297287
1558693871835 -303990
1558693872811 -304966
1558693879096 -280784
1558693887823 -289510
1558693888452 -281854
1558693889425 -282827
1558693891223 -284625
1558693896107 -289508
1558693897084 -290485
1558693901402 -303087
1558693903188 -296588
1558693904483 -259863
1558693913070 -268449
1558693913955 -269334
1558693918610 -273988
1558693920564 -275942
1558693922375 -285622
1558693923507 -278885
1558693928221 -291467
1558693937849 -301093
1558693938841 -302085
1558693942730 -298105
1558693943711 -306954
1558693944682 -307925
1558693946649 -309892
1558693947585 -302959
1558693947585 -302959
1558693949581 -301082
1558693950504 -305877
1558693950504 -305877
1558693953410 -290444
1558693954460 -305960
1558693959380 -310879
1558693960212 -297245
1558693962015 -299048
1558693964094 -315593
1558693967017 -282661
1558693968792 -305824
1558693969782 -306814
1558693970748 -307780
1558693973867 -289510
1558693976797 -292440
1558693977783 -293426
1558693978817 -294459
1558693982396 -294381
1558693985435 -301076
1558693996214 -311854
1558693996222 -311862
1558693998749 -310731
1558694002633 -285594
1558694004575 -287535
1558694005001 -290483
1558694006962 -292444
1558694007497 -290456
1558694007943 -293425
1558694013174 -296131
1558694013664 -299145
1558694015119 -298076
1558694024453 -309933
1558694032440 -288397
1558694033049 -288381
1558694035350 -291307
1558694038939 -294270
1558694039906 -295237
1558694040872 -296203
1558694046041 -301997
1558694047010 -302966
1558694047706 -303036
1558694048684 -304014
1558694048955 -304910
1558694050901 -306856
1558694055544 -310873
1558694057326 -312655
1558694065178 -291484
1558694065178 -291484
1558694066299 -292451
1558694068085 -294390
1558694071058 -297363
1558694072041 -298345
1558694077870 -304173
1558694078849 -305152
1558694084596 -310698
1558694089447 -315749
1558694091374 -287559
1558694093352 -285577
1558694097268 -289492
1558694098245 -290469
1558694099146 -295330
1558694100203 -292427
1558694100205 -292429
1558694101179 -293402
1558694102886 -299070
1558694104975 -297198
1558694105850 -302034
1558694105894 -302078
1558694106816 -303000
1558694108878 -305061
1558694109025 -301247
1558694111993 -308175
1558694112986 -305208
1558694114798 -307020
1558694115729 -307950
1558694116665 -308886
1558694118629 -310850
1558694118629 -310850
1558694121556 -313776
1558694124491 -290467
1558694124493 -290469
1558694129218 -295193
1558694140609 -310749
1558694142913 -308886
1558694146829 -312802
1558694146829 -312802
1558694150148 -294223
1558694153062 -297136
1558694157114 -301188
1558694158479 -294324
1558694158947 -303021
1558694163341 -299185
1558694163747 -307820
1558694166656 -310729
1558694173108 -308951
1558694175863 -311706
1558694177178 -292269
1558694179123 -294214
1558694180783 -296225
1558694181753 -297195
1558694183724 -299166
1558694183725 -299167
1558694189670 -305111
1558694193564 -309004
1558694194547 -309987
1558694194674 -309763
1558694196597 -312037
1558694198588 -314027
1558694200387 -291436
1558694201362 -292411
1558694203355 -294404
1558694203355 -294404
1558694207299 -300049
1558694208173 -300923
1558694209266 -300314
1558694212116 -303164
1558694212967 -305715
1558694216244 -307291
1558694221343 -312389
1558694224050 -315096
1558694224125 -315171
1558694224597 -292402
1558694225495 -293300
1558694228385 -296190
1558694230351 -298156
1558694231631 -292809
1558694232272 -300077
1558694232274 -300079
1558694232610 -293788
1558694233584 -294762
1558694239166 -306971
1558694241543 -302720
1558694245559 -306736
1558694246539 -307716
1558694248386 -309562
1558694249398 -310574
1558694250382 -311558
1558694259012 -293953
1558694263960 -298900
1558694264953 -299893
1558694266351 -304354
1558694269227 -307230
1558694269915 -304854
1558694271142 -309145
1558694273077 -311080
1558694276572 -311510
1558694279553 -314491
1558694281808 -290831
1558694284435 -289217
1558694284441 -289223
1558694286411 -291193
1558694290332 -295113
1558694293284 -298065
1558694298048 -302828
1558694300012 -304792
1558694305097 -314116
1558694306095 -285158
1558694308881 -313660
1558694309984 -289046
1558694311819 -316597
1558694311937 -290999
1558694313900 -292962
1558694318708 -305767
1558694319598 -298659
1558694323470 -310528
1558694326419 -313477
1558694327423 -306483
1558694328387 -315444
1558694328387 -315444
1558694328387 -315444
1558694331348 -310407
1558694333283 -312342
1558694339215 -304209
1558694342988 -307981
1558694345952 -310945
1558694346933 -311926
1558694349886 -314879
1558694353821 -318813
1558694356772 -296504
1558694361502 -310600
1558694363658 -303389
1558694365226 -297697
1558694368459 -308189
1558694369431 -309161
1558694370426 -310156
1558694371413 -311143
1558694376292 -316021
1558694378909 -311378
1558694379240 -285886
1558694380222 -286868
1558694387115 -293760
1558694388096 -294741
1558694389078 -295723
1558694392437 -299118
1558694394821 -301465
1558694398286 -304966
1558694399263 -305943
1558694400772 -307415
1558694405690 -312332
1558694409041 -290623
1558694409598 -289997
1558694410044 -291625
1558694412785 -294366
1558694412786 -294367
1558694416819 -298399
1558694417434 -297832
1558694417779 -299359
1558694420627 -302207
1558694421236 -301633
1558694422234 -302631
1558694425181 -305578
1558694426146 -306543
1558694429100 -309496
1558694431062 -311458
1558694431358 -312937
1558694436973 -283463
1558694439780 -286270
1558694442928 -294545
1558694443708 -290197
1558694443708 -290197
1558694451725 -303339
1558694452711 -304325
1558694453675 -305289
1558694463289 -314899
1558694469116 -315602
1558694479952 -296225
1558694484869 -301141
1558694485854 -302126
1558694486587 -308434
1558694486588 -308435
1558694488652 -304924
1558694489652 -305923
1558694490631 -306902
1558694495387 -294993
1558694496517 -312787
1558694502226 -301831
1558694506358 -292285
1558694506358 -292285
1558694506955 -306559
1558694507364 -293291
1558694509298 -295225
1558694511167 -297094
1558694513124 -299050
1558694514777 -314380
1558694519965 -305890
1558694521634 -297130
1558694523897 -309822
1558694523897 -309822
1558694525914 -311839
1558694527994 -313919
1558694533900 -299278
1558694534340 -309834
1558694536531 -301909
1558694537511 -302888
1558694540465 -305842
1558694542432 -307809
1558694543417 -308794
1558694543417 -308794
1558694543933 -290311
1558694543933 -290311
1558694544909 -291287
1558694545885 -292262
1558694548341 -313717
1558694555253 -305916
1558694557205 -307868
1558694558189 -308852
1558694558997 -309660
1558694561422 -307797
1558694563959 -314621
1558694565924 -316586
1558694567891 -292314
1558694574073 -290312
1558694577710 -302132
1558694578794 -295032
1558694584664 -300902
1558694585451 -309871
1558694586613 -302850
1558694589550 -305787
1558694591306 -315726
1558694592290 -316709
1558694593460 -309697
1558694594264 -295186
1558694596396 -312632
1558694596396 -312632
1558694597370 -313606
1558694600170 -301092
1558694605084 -306005
1558694605996 -291118
1558694606885 -307806
1558694611827 -312747
1558694611837 -312757
1558694614759 -315679
1558694616734 -291299
1558694617718 -292283
1558694618697 -293262
1558694625587 -300151
1558694628333 -313452
1558694632311 -306874
1558694633297 -307860
1558694638093 -294214
1558694640187 -314749
1558694641040 -297161
1558694642989 -299110
1558694646090 -287351
1558694655536 -311655
1558694655770 -297029
1558694657735 -298994
1558694660690 -301948
1558694663643 -304901
1558694666289 -296177
1558694673486 -314742
1558694674470 -315726
1558694676437 -317692
1558694676437 -317692
1558694677869 -307756
1558694681192 -296009
1558694683183 -298000
1558694684144 -298961
1558694684144 -298961
1558694684144 -298961
1558694690565 -290321
1558694691555 -291311
1558694692033 -306849
1558694694527 -294283
1558694695032 -309848
1558694695562 -295318
1558694696034 -310849
1558694700878 -315693
1558694700878 -315692
1558694702125 -301880
1558694702126 -301881
1558694702126 -301881
1558694703674 -290150
1558694703674 -290150
1558694704652 -291128
1558694705636 -292112
1558694708967 -308721
1558694710928 -310682
1558694714504 -300978
1558694716791 -286410
1558694717765 -287384
1558694723707 -293325
1558694724637 -311110
1558694727301 -313774
1558694734025 -294261
1558694738131 -307747
1558694740914 -301149
1558694743854 -304089
1558694743854 -304089
1558694744809 -285426
1558694750580 -310814
1558694751653 -292269
1558694752545 -312778
1558694754514 -314747
1558694757464 -317697
1558694760419 -292278
1558694761400 -293259
1558694761400 -293259
1558694761419 -302034
1558694765337 -297195
1558694766324 -298182
1558694767306 -299164
1558694767306 -299164
1558694768291 -300149
1558694768292 -300150
1558694769071 -309684
1558694770047 -310660
1558694771026 -311639
1558694773958 -288345
1558694775017 -306874
1558694775999 -307856
1558694776895 -291282
1558694776985 -308842
1558694777969 -309825
1558694778952 -310808
1558694781907 -313762
1558694782759 -297145
1558694782891 -314746
1558694785845 -317699
1558694789777 -291295
