1558693125541 -2951
1558693126120 -7873
1558693128178 -5588
1558693129141 -6551
1558693130112 -7522
1558693131071 -8481
1558693131172 -7608
1558693132498 -14250
1558693137057 -6483
1558693140951 -10377
1558693141840 -19249
1558693141930 -11356
1558693142848 -12274
1558693143834 -20269
1558693145773 -15199
1558693146527 -23936
1558693146741 -16167
1558693146762 -16188
1558693147469 -24878
1558693148777 -30529
1558693149759 -31511
1558693150385 -27794
1558693150573 -19998
1558693152467 -28902
1558693152540 -21965
1558693157238 -34647
1558693162057 -39466
1558693165014 -46762
1558693170850 -52597
1558693171820 -53567
1558693174549 -51954
1558693178373 -55778
1558693178426 -44739
1558693179420 -54519
1558693180398 -46711
1558693180482 -62227
1558693184280 -59379
1558693184329 -66068
1558693185271 -60370
1558693185283 -51596
1558693187499 -69237
1558693190485 -56798
1558693191316 -68720
1558693195879 -77614
1558693198745 -80479
1558693201466 -78870
1558693205430 -87161
1558693209248 -86652
1558693210363 -85461
1558693211332 -86430
1558693212530 -78842
1558693215238 -89171
1558693217191 -91124
1558693217819 -99542
1558693217819 -99542
1558693218363 -84675
1558693218979 -92912
1558693225555 -107276
1558693225595 -102998
1558693225595 -102998
1558693226833 -100766
1558693228965 -94669
1558693229470 -106873
1558693233853 -99557
1558693234641 -108573
1558693235801 -101505
1558693236003 -117722
1558693236772 -102476
1558693238581 -112513
1558693240494 -114426
1558693240859 -122577
1558693241661 -107365
1558693246190 -120122
1558693247588 -129305
1558693247757 -125151
1558693248141 -122073
1558693250302 -116005
1558693252064 -125996
1558693257148 -122851
1558693264828 -146542
1558693267710 -149424
1558693271446 -144241
1558693271824 -135488
1558693272422 -145217
1558693272860 -150244
1558693276571 -140235
1558693279268 -152063
1558693281675 -159053
1558693283421 -147085
1558693283430 -147094
1558693284156 -156951
1558693285788 -163166
1558693287198 -159993
1558693289771 -171472
1558693290874 -163669
1558693293165 -170541
1558693294270 -157934
1558693294806 -167601
1558693295638 -177338
1558693296722 -169517
1558693296727 -169522
1558693296957 -160621
1558693298659 -171454
1558693299425 -181125
1558693300392 -182092
1558693300845 -164509
1558693300857 -164521
1558693301598 -174393
1558693307994 -189692
1558693310386 -182727
1558693314747 -196444
1558693316101 -188441
1558693316501 -180162
1558693317499 -181160
1558693319430 -183091
1558693323192 -186678
1558693324007 -201374
1558693324890 -197230
1558693326839 -199179
1558693327091 -190577
1558693329764 -202103
1558693329765 -202104
1558693331961 -213655
1558693333681 -206020
1558693333707 -210937
1558693334654 -206993
1558693335629 -207968
1558693335833 -217524
1558693336779 -218470
1558693338412 -209328
1558693339376 -216606
1558693340860 -204346
1558693340883 -204369
1558693342300 -219530
1558693342720 -206206
1558693344241 -221471
1558693344245 -221475
1558693346496 -228185
1558693346515 -210001
1558693349488 -212974
1558693350126 -227354
1558693350364 -232004
1558693351075 -228303
1558693352095 -223010
1558693352375 -215861
1558693353996 -235636
1558693354941 -232169
1558693355926 -237566
1558693358852 -240492
1558693360738 -231653
1558693361145 -224631
1558693362698 -233613
1558693362708 -244348
1558693364639 -246279
1558693365626 -236541
1558693366023 -229509
1558693367530 -249169
1558693367976 -231461
1558693369528 -240443
1558693369779 -232263
1558693371475 -242390
1558693371745 -234229
1558693374172 -251399
1558693374417 -245332
1558693374680 -237164
1558693380283 -251198
1558693380965 -258192
1558693381551 -244035
1558693384999 -255293
1558693386674 -268313
1558693387932 -258226
1558693389341 -251825
1558693394078 -256562
1558693394780 -265074
1558693395415 -276945
1558693396393 -277923
1558693397709 -268003
1558693400108 -281637
1558693400911 -263395
1558693401621 -271915
1558693401623 -271917
1558693403276 -280419
1558693403576 -273870
1558693410830 -292357
1558693411810 -293337
1558693412678 -275161
1558693414846 -291987
1558693415145 -285438
1558693416633 -298159
1558693417386 -279869
1558693419349 -281832
1558693419719 -296859
1558693421987 -277193
1558693422690 -299829
1558693427166 -308681
1558693430081 -291101
1558693431051 -312560
1558693431062 -292082
1558693432052 -293072
1558693433434 -310565
1558693433758 -288963
1558693434148 -315654
1558693434388 -311512
1558693436960 -318464
1558693437952 -319454
1558693437975 -298994
1558693438507 -282176
1558693438935 -276823
1558693440069 -317193
1558693440398 -284066
1558693440759 -322072
1558693442763 -280651
1558693442763 -280651
1558693443040 -320164
1558693447239 -290906
1558693450173 -293840
1558693451434 -289320
1558693456162 -337475
1558693456325 -294211
1558693456523 -333646
1558693456852 -289893
1558693458270 -296155
1558693459453 -336576
1558693460227 -298112
1558693460761 -293802
1558693461747 -294788
1558693462717 -295758
1558693463914 -345227
1558693465858 -347171
1558693466292 -319822
1558693466624 -299664
1558693467798 -349111
1558693474109 -327638
1558693475407 -338895
1558693488042 -351528
1558693497599 -361084
1558693501486 -364970
1558693504402 -367885
1558693506036 -359561
1558693511207 -374687
1558693511573 -1530
1558693512259 -2498
1558693512677 -3304
1558693514477 -5104
1558693515193 -5432
1558693516506 -6463
1558693523236 -13860
1558693524975 -15213
1558693526156 -16779
1558693526928 -17166
1558693528262 -18218
1558693529073 -19696
1558693533041 -23664
1558693533144 -22325
1558693533889 -23070
1558693546592 -35772
1558693547297 -37533
1558693549517 -38316
1558693553177 -43800
1558693553419 -42218
1558693555441 -45051
1558693555441 -45051
1558693556404 -46014
1558693559171 -48781
1558693561755 -52378
1558693562727 -53350
1558693563087 -52697
1558693564829 -53508
1558693570606 -59285
1558693574510 -63189
1558693574510 -63189
1558693580529 -70137
1558693580640 -69435
1558693583464 -73072
1558693585083 -73265
1558693586933 -75115
1558693592736 -80906
1558693592933 -81610
1558693593195 -81989
1558693596268 -81227
1558693597106 -85900
1558693599123 -84082
1558693600497 -88667
1558693601980 -87996
1558693602053 -87012
1558693606779 -91737
1558693608402 -96044
1558693609082 -97251
1558693612315 -99957
1558693617204 -104846
1558693617802 -105971
1558693620386 -106370
1558693620465 -105422
1558693621444 -106401
1558693621683 -109849
1558693624052 -111694
1558693624603 -111725
1558693625264 -111247
1558693625577 -112699
1558693625577 -112699
1558693627789 -115429
1558693629107 -114064
1558693631700 -119340
1558693631700 -119340
1558693631933 -117916
1558693634161 -121283
1558693637894 -122850
1558693638038 -125159
1558693638040 -125161
1558693639853 -124809
1558693640508 -128147
1558693641695 -127677
1558693645394 -133033
1558693645599 -131581
1558693645717 -130672
1558693653046 -139132
1558693654999 -141085
1558693654999 -141085
1558693656953 -143039
1558693657931 -144017
1558693660238 -147357
1558693661859 -147944
1558693661859 -147944
1558693662074 -148056
1558693662189 -145791
1558693663151 -147501
1558693664788 -150873
1558693668062 -151663
1558693669662 -155747
1558693672888 -158869
1558693676558 -162539
1558693677751 -162101
1558693678305 -164389
1558693682499 -168480
1558693687502 -171103
1558693692191 -176540
1558693693139 -177488
1558693693334 -176935
1558693695269 -178870
1558693695274 -178875
1558693695906 -181989
1558693697024 -181373
1558693698836 -184919
1558693699984 -183585
1558693700898 -185247
1558693702916 -186449
1558693704532 -189097
1558693705514 -190079
1558693705859 -189391
1558693705863 -189395
1558693707466 -192031
1558693709631 -195556
1558693711378 -195943
1558693711724 -195256
1558693712411 -196758
1558693712697 -196229
1558693713346 -197911
1558693715526 -194151
1558693716291 -200638
1558693716630 -200162
1558693717425 -196050
1558693717582 -201114
1558693721349 -199974
1558693722307 -200932
1558693724893 -209457
1558693727784 -212131
1558693728756 -213103
1558693729803 -214351
1558693730762 -215310
1558693732882 -211506
1558693733073 -216604
1558693733692 -218240
1558693734667 -219215
1558693735559 -219906
1558693736636 -221184
1558693737051 -220582
1558693740417 -224764
1558693740417 -224764
1558693740536 -225083
1558693742359 -226706
1558693744621 -223245
1558693748188 -232735
1558693749163 -233710
1558693751918 -236264
1558693754055 -235366
1558693755436 -230590
1558693765269 -240423
1558693766203 -241357
1558693767145 -242299
1558693768709 -250020
1558693773301 -255270
1558693774851 -250004
1558693775809 -250962
1558693776589 -254998
1558693778334 -259645
1558693781258 -262488
1558693781453 -259862
1558693781644 -256797
1558693782445 -260854
1558693783436 -261845
1558693785361 -263770
1558693786742 -268711
1558693787125 -268355
1558693788289 -266698
1558693788498 -263651
1558693790055 -271285
1558693792447 -267600
1558693792609 -274563
1558693793446 -268599
1558693795569 -277523
1558693801917 -280290
1558693802664 -277324
1558693804148 -286101
1558693804148 -286101
1558693804597 -279257
1558693807980 -281947
1558693808566 -283225
1558693809500 -284159
1558693809927 -283894
1558693810012 -291965
1558693811906 -285873
1558693813391 -274757
1558693820064 -281429
1558693821662 -299023
1558693824382 -301743
1558693825897 -287261
1558693827061 -305434
1558693829000 -307373
1558693830787 -292151
1558693832009 -310382
1558693834894 -313266
1558693836099 -310065
1558693836103 -310069
1558693837635 -283975
1558693841810 -313444
1558693843487 -321859
1558693844743 -299085
1558693844743 -299085
1558693845579 -317213
1558693846448 -324820
1558693848395 -326767
1558693848474 -320107
1558693849436 -321068
1558693852561 -330933
1558693854281 -321896
1558693855072 -292961
1558693855521 -309861
1558693856206 -323820
1558693858160 -325773
1558693858973 -296862
1558693863091 -334718
1558693865991 -337617
1558693868100 -322438
1558693869645 -294699
1558693871022 -325360
1558693871043 -325381
1558693874627 -342230
1558693878368 -303421
1558693878836 -333173
1558693881751 -336087
1558693883413 -351011
1558693888148 -286423
1558693889551 -312766
1558693893996 -361591
1558693894836 -293110
1558693894959 -362553
1558693896904 -330753
1558693896904 -330753
1558693899175 -322389
1558693901202 -324415
1558693901827 -300100
1558693903220 -326433
1558693906834 -305106
1558693908194 -331406
1558693908962 -342809
1558693911682 -309954
1558693914525 -348372
1558693916180 -293069
1558693916295 -350141
1558693916317 -350163
1558693918921 -333629
1558693919257 -353103
1558693919923 -334631
1558693920542 -343753
1558693920878 -335586
1558693924764 -339471
1558693926085 -359930
1558693926702 -341409
1558693933232 -284574
1558693935432 -350138
1558693936161 -287503
1558693938519 -315397
1558693938944 -290286
1558693941452 -287430
1558693945815 -297156
1558693946440 -341483
1558693946759 -298100
1558693952184 -298160
1558693952282 -347324
1558693952624 -303964
1558693952800 -367503
1558693953749 -368452
1558693956540 -307879
1558693957076 -303052
1558693957076 -303051
1558693958609 -328080
1558693959136 -354177
1558693959496 -310835
1558693960569 -330039
1558693962794 -308769
1558693962901 -357942
1558693964207 -315545
1558693964745 -310719
1558693967189 -336658
1558693967190 -336659
1558693967662 -313636
1558693970693 -365733
1558693972654 -367693
1558693977889 -347357
1558693979509 -374546
1558693979839 -349307
1558693980842 -332176
1558693981350 -300970
1558693981814 -333147
1558693982330 -301949
1558693982330 -301949
1558693982747 -352214
1558693983426 -317357
1558693984377 -318308
1558693985550 -336881
1558693986088 -305707
1558693986638 -356105
1558693987057 -306676
1558693987444 -356911
1558693988029 -307647
1558693989117 -323046
1558693992040 -325968
1558693996315 -347642
1558693997326 -348653
1558693997813 -288396
1558693998270 -349597
1558693999763 -290346
1558694001717 -292300
1558694002179 -353505
1558694002787 -336713
1558694002979 -338834
1558694005702 -339627
1558694008397 -298979
1558694008807 -344662
1558694011413 -345335
1558694011567 -347421
1558694012312 -302893
1558694014729 -309848
1558694016218 -306799
1558694017266 -351188
1558694018374 -354227
1558694022147 -356069
1558694022147 -356069
1558694024116 -358038
1558694024550 -319656
1558694025987 -316566
1558694026147 -361999
1558694028007 -333829
1558694028414 -323519
1558694029389 -324494
1558694029389 -324494
1558694029911 -290356
1558694029983 -335805
1558694030381 -325486
1558694031360 -326465
1558694032906 -338727
1558694033734 -339555
1558694035597 -296040
1558694035696 -371547
1558694036684 -372535
1558694038610 -344431
1558694041592 -347412
1558694041592 -325162
1558694049365 -355184
1558694050753 -345854
1558694051313 -357132
1558694054252 -360070
1558694056947 -317387
1558694057448 -352547
1558694062749 -346316
1558694062817 -293129
1558694062883 -368699
1558694063716 -347283
1558694064763 -295075
1558694066631 -350197
1558694067615 -351181
1558694070727 -328898
1558694075038 -309830
1558694076572 -334742
1558694079266 -362831
1558694081229 -311538
1558694083997 -339501
1558694084663 -319072
1558694085208 -343376
1558694087086 -317395
1558694087152 -345320
1558694088824 -344327
1558694089040 -289343
1558694094430 -328838
1558694098342 -332750
1558694098862 -357027
1558694101458 -356959
1558694101463 -356964
1558694102462 -357963
1558694104575 -304876
1558694105066 -339472
1558694107524 -307824
1558694107574 -365736
1558694108075 -342480
1558694111796 -313862
1558694115389 -317455
1558694115416 -317482
1558694115816 -350218
1558694115900 -371399
1558694118710 -353108
1558694119174 -289367
1558694120204 -322268
1558694120204 -322268
1558694120733 -376232
1558694123129 -325192
1558694125040 -295232
1558694126549 -305065
1558694127045 -329106
1558694132698 -302889
1558694133206 -338382
1558694133208 -338383
1558694142504 -344559
1558694143982 -322495
1558694144464 -346518
1558694145835 -351009
1558694148886 -327398
1558694151698 -356871
1558694157295 -301212
1558694162398 -340906
1558694163202 -368374
1558694167287 -345793
1558694167287 -345793
1558694168725 -336590
1558694169001 -324235
1558694170674 -338539
1558694173189 -351692
1558694173615 -317530
1558694173623 -341487
1558694175110 -353613
1558694176385 -344249
1558694178330 -296991
1558694182764 -314706
1558694184192 -302853
1558694192077 -359939
1558694192573 -324513
1558694193007 -311667
1558694193007 -360869
1558694194940 -362801
1558694195103 -350334
1558694195508 -327447
1558694197134 -352364
1558694199313 -331251
1558694200841 -356071
1558694203735 -358965
1558694205656 -294149
1558694210977 -342912
1558694211959 -343894
1558694212376 -351288
1558694212425 -314683
1558694213381 -315639
1558694215397 -317655
1558694217506 -356417
1558694217970 -349905
1558694217970 -349905
1558694219109 -351044
1558694219456 -358367
1558694223416 -325673
1558694224744 -302267
1558694225079 -327335
1558694228898 -331154
1558694228898 -331154
1558694230816 -333072
1558694231768 -334024
1558694234799 -337054
1558694239623 -378531
1558694240668 -342923
1558694240702 -342956
1558694241646 -337801
1558694242625 -344879
1558694243676 -299303
1558694244606 -346860
1558694244649 -346903
1558694245147 -322456
1558694246578 -342732
1558694246661 -348915
1558694250443 -352696
1558694252811 -330119
1558694253172 -355424
1558694253281 -308903
1558694253281 -308903
1558694254137 -350290
1558694254707 -332015
1558694255686 -332994
1558694260114 -289504
1558694260958 -341919
1558694262125 -291514
1558694263968 -360120
1558694267547 -344852
1558694269822 -350782
1558694271647 -352606
1558694273705 -369856
1558694276579 -372729
1558694277654 -307041
1558694281522 -377672
1558694282595 -311982
1558694283271 -364229
1558694285035 -317122
1558694286502 -315888
1558694287387 -332162
1558694287486 -286752
1558694290939 -323025
1558694297163 -296427
1558694297766 -332489
1558694297766 -332489
1558694299997 -344770
1558694301097 -300361
1558694301961 -346734
1558694303065 -302328
1558694303632 -338354
1558694304548 -336633
1558694304920 -349693
1558694307977 -307240
1558694311457 -346178
1558694311802 -356574
1558694313405 -345489
1558694313764 -358536
1558694314874 -314136
1558694314878 -314140
1558694317709 -362480
1558694318635 -292605
1558694318635 -292605
1558694321479 -366249
1558694322574 -296544
1558694323034 -357753
1558694324550 -298519
1558694324991 -359710
1558694325534 -299503
1558694325965 -360684
1558694326942 -361661
1558694327018 -359099
1558694327915 -362634
1558694329932 -364650
1558694330875 -365593
1558694331446 -305414
1558694333778 -368496
1558694334754 -369472
1558694336855 -317022
1558694338667 -373384
1558694338820 -318987
1558694339171 -332444
1558694339645 -374362
1558694341772 -321939
1558694343578 -323744
1558694345345 -340368
1558694346321 -341344
1558694353893 -301629
1558694358681 -351951
1558694359688 -352958
1558694359802 -307537
1558694360807 -308542
1558694361019 -356040
1558694362601 -355871
1558694364250 -344414
1558694365227 -345391
1558694365686 -313420
1558694368014 -348177
1558694368502 -316236
1558694368997 -349160
1558694371316 -364584
1558694373410 -291210
1558694375501 -370520
1558694377322 -295122
1558694382108 -331513
1558694382342 -377360
1558694383333 -327853
1558694383760 -316453
1558694384071 -333475
1558694386253 -330773
1558694388004 -337408
1558694389181 -333701
1558694389974 -339378
1558694390485 -323177
1558694390975 -335494
1558694392458 -325150
1558694392458 -325150
1558694400654 -350056
1558694402710 -347228
1558694402713 -347231
1558694403697 -348215
1558694406651 -351168
1558694407523 -356924
1558694407536 -356937
1558694408588 -353105
1558694413585 -304089
1558694414153 -346842
1558694414153 -346842
1558694421132 -365647
1558694424060 -368575
1558694425742 -358429
1558694427024 -315710
1558694428692 -306024
1558694430909 -319594
1558694431643 -308975
1558694434823 -323507
1558694436057 -297489
1558694437548 -314879
1558694439612 -362709
1558694440594 -363691
1558694442303 -319634
1558694442558 -365655
1558694445517 -368613
1558694446239 -323569
1558694447223 -324553
1558694447673 -309104
1558694448345 -337027
1558694448461 -371557
1558694448640 -310070
1558694452250 -340932
1558694452572 -314002
1558694453555 -314985
1558694454538 -315968
1558694455544 -316973
1558694459472 -290758
1558694459472 -290758
1558694461427 -292713
1558694462235 -330367
1558694463799 -341127
1558694464050 -332182
1558694464777 -342105
1558694467207 -298492
1558694468007 -336138
1558694469130 -300415
1558694469709 -324752
1558694470158 -301443
1558694474611 -351937
1558694474834 -342964
1558694475559 -330601
1558694487240 -310300
1558694488652 -289936
1558694489209 -312269
1558694492159 -315219
1558694493972 -349011
1558694494126 -317185
1558694495109 -318168
1558694495923 -350962
1558694496097 -319156
1558694498494 -299776
1558694500258 -368382
1558694502981 -326039
1558694503780 -358818
1558694504723 -359761
1558694505374 -306655
1558694505703 -360741
1558694506363 -307644
1558694506916 -329974
1558694508884 -331941
1558694510136 -331743
1558694512380 -367416
1558694513130 -314410
1558694513652 -336709
1558694514623 -337680
1558694520204 -328991
1558694521539 -344595
1558694522159 -330945
1558694522905 -290149
1558694524873 -292117
1558694525919 -293163
1558694528254 -337039
1558694528644 -351698
1558694533711 -355315
1558694534434 -356038
1558694534808 -343593
1558694536291 -357894
1558694537103 -360155
1558694539468 -306710
1558694541424 -308666
1558694542531 -351315
1558694543156 -364758
1558694544377 -311618
1558694546344 -313585
1558694549385 -358168
1558694550303 -317543
1558694551038 -337311
1558694552837 -319927
1558694557062 -311561
1558694557918 -344190
1558694558968 -296829
1558694563542 -330631
1558694565646 -351917
1558694571372 -338460
1558694571510 -357781
1558694573669 -328165
1558694574476 -360746
1558694575614 -330110
1558694576676 -314535
1558694580500 -334996
1558694582225 -368494
1558694582339 -336834
1558694583175 -369444
1558694584314 -338809
1558694587951 -355035
1558694588162 -342657
1558694590898 -357981
1558694592976 -337643
1558694594829 -321358
1558694596222 -309674
1558694598884 -343550
1558694599151 -312603
1558694599792 -326321
1558694600848 -345514
1558694602097 -315548
1558694603805 -317458
1558694605604 -319257
1558694605652 -332180
1558694605757 -350422
1558694607553 -321206
1558694608531 -322184
1558694608536 -353201
1558694610781 -294924
1558694611806 -295949
1558694612501 -357165
1558694615400 -329049
1558694617336 -330985
1558694620347 -365010
1558694626153 -352679
1558694627133 -353658
1558694628084 -341730
1558694629921 -356446
1558694629921 -356446
1558694630927 -357452
1558694632273 -316413
1558694633934 -340527
1558694634241 -292115
1558694637699 -351342
1558694637700 -351343
1558694641625 -355268
1558694643104 -300977
1558694643566 -357209
1558694645521 -359164
1558694645654 -308796
1558694650673 -357264
1558694651646 -358237
1558694654351 -317491
1558694658655 -316525
1558694659360 -365950
1558694663215 -326152
1558694663267 -369857
1558694663949 -351439
1558694669480 -297061
1558694674396 -301976
1558694678832 -341767
1558694680147 -307726
1558694680412 -367900
1558694681837 -337874
1558694681851 -337888
1558694683104 -310682
1558694685289 -372776
1558694686034 -313612
1558694686672 -349606
1558694687664 -350597
1558694688642 -351575
1558694688677 -344713
1558694690602 -353534
1558694690606 -353538
1558694691156 -324289
1558694692179 -325312
1558694693605 -356536
1558694693605 -356536
1558694693654 -356585
1558694693679 -349715
1558694694610 -357541
1558694695585 -358516
1558694696557 -359487
1558694696876 -294136
1558694697037 -330169
1558694697548 -353583
1558694698006 -331138
1558694700447 -299142
1558694708497 -305755
1558694709125 -307819
1558694712076 -310770
1558694715034 -313727
1558694715039 -313732
1558694717018 -373046
1558694718008 -321222
1558694718335 -315592
1558694720395 -353524
1558694725322 -305661
1558694727931 -326623
1558694728189 -308527
1558694730209 -310547
1558694731088 -311426
1558694731733 -334945
1558694732930 -323343
1558694733608 -332299
1558694733930 -314268
1558694734577 -333268
1558694737531 -340742
1558694737777 -328189
1558694738481 -337171
1558694739468 -338158
1558694742421 -345632
1558694744371 -343059
1558694746723 -305764
1558694747328 -350538
1558694748312 -346999
1558694750119 -348806
1558694757010 -355694
1558694757986 -356670
1558694759323 -289164
1558694762273 -292105
1558694763256 -293088
1558694770143 -299974
1558694772110 -301941
1558694775531 -317438
1558694780798 -310628
1558694793586 -296031
