1558693123323 -196
1558693137287 -5464
1558693137311 -14184
1558693140264 -17136
1558693149892 -18069
1558693150746 -27618
1558693156483 -33355
1558693156546 -24722
1558693156546 -24722
1558693156546 -24722
1558693165007 -41878
1558693169834 -46705
1558693175665 -51457
1558693177565 -53357
1558693178535 -54327
1558693189642 -57039
1558693197787 -73578
1558693210865 -78262
1558693211996 -87786
1558693213928 -89507
1558693215719 -83116
1558693219626 -87020
1558693222636 -98214
1558693225544 -101122
1558693234048 -109626
1558693236084 -103478
1558693243903 -111297
1558693245862 -113256
1558693246602 -122179
1558693247815 -115209
1558693252542 -119936
1558693254505 -121899
1558693255161 -128586
1558693256464 -123858
1558693259386 -124554
1558693260368 -125536
1558693267209 -132377
1558693270147 -135314
1558693271686 -145110
1558693272101 -137268
1558693275868 -141035
1558693279291 -152715
1558693280345 -153769
1558693280881 -146048
1558693287171 -160595
1558693287658 -152825
1558693299151 -164318
1558693302468 -175722
1558693307004 -172169
1558693309257 -182510
1558693310896 -176061
1558693312191 -185444
1558693313150 -186403
1558693315078 -188331
1558693323837 -197090
1558693331426 -203250
1558693335171 -200335
1558693337120 -202284
1558693338243 -210066
1558693342020 -207022
1558693349763 -221585
1558693355591 -220593
1558693359476 -224477
1558693360442 -225443
1558693361409 -226410
1558693361409 -226410
1558693362422 -227423
1558693364296 -236118
1558693364296 -236118
1558693365268 -237090
1558693366299 -231300
1558693372976 -237977
1558693377745 -249307
1558693384712 -249713
1558693387667 -252668
1558693391343 -245413
1558693393284 -247353
1558693394329 -259330
1558693398238 -261169
1558693416826 -279757
1558693420204 -265072
1558693420614 -277281
1558693424529 -281195
1558693426433 -283099
1558693431840 -276706
1558693434917 -271827
1558693437715 -274624
1558693439195 -277787
1558693450722 -289313
1558693510203 -92
1558693510659 -548
1558693515576 -5465
1558693520440 -10329
1558693524377 -14266
1558693525211 -15166
1558693532870 -22480
1558693538669 -28278
1558693540857 -30745
1558693543491 -33099
1558693545697 -35585
1558693546385 -35993
1558693548332 -37940
1558693551577 -41465
1558693553188 -42795
1558693555132 -44739
1558693556456 -46189
1558693556916 -46523
1558693568025 -57757
1558693569007 -58739
1558693571488 -61093
1558693571963 -61695
1558693573894 -63626
1558693579257 -66314
1558693597263 -86992
1558693597574 -84630
1558693599158 -88887
1558693606829 -91471
1558693607118 -94174
1558693607118 -94174
1558693611984 -99040
1558693615611 -100253
1558693615856 -102912
1558693621682 -108735
1558693626602 -113143
1558693627394 -113935
1558693630133 -114775
1558693632095 -116737
1558693632231 -118772
1558693635988 -120629
1558693636965 -121606
1558693646778 -133319
1558693649684 -134320
1558693650667 -137208
1558693651650 -136286
1558693663201 -147837
1558693664129 -150670
1558693675794 -160430
1558693684357 -167984
1558693684357 -167984
1558693688252 -171878
1558693694365 -178012
1558693701003 -184650
1558693706870 -190516
1558693709800 -193446
1558693715269 -198894
1558693717620 -201266
1558693718598 -202244
1558693719160 -202785
1558693734090 -217736
1558693734543 -218167
1558693737511 -219918
1558693742317 -224724
1558693742880 -226526
1558693747624 -231270
1558693748597 -232243
1558693753486 -237131
1558693754775 -237181
1558693759352 -242997
1558693763520 -245926
1558693767402 -249808
1558693770927 -246079
1558693776960 -247805
1558693782695 -257846
1558693784727 -255571
1558693798248 -253363
1558693805021 -280172
1558693809017 -284168
1558693809979 -285129
1558693818563 -292628
1558693831069 -274910
1558693832328 -306393
1558693835940 -279780
1558693838068 -312133
1558693845755 -319819
1558693846454 -277752
1558693851630 -325694
1558693852284 -283581
1558693853252 -284549
1558693853252 -284549
1558693854569 -328633
1558693855527 -329591
1558693862996 -283618
1558693868744 -289365
1558693871983 -327198
1558693878857 -334071
1558693881240 -279798
1558693883702 -338916
1558693892735 -291291
1558693893333 -348546
1558693898567 -297122
1558693902248 -357460
1558693916655 -333904
1558693922703 -290486
1558693927381 -344629
1558693930470 -298252
1558693931359 -348603
1558693933249 -350493
1558693935204 -352443
1558693936140 -303921
1558693938957 -356196
1558693940992 -287568
1558693943839 -361077
1558693945817 -363055
1558693945824 -363062
1558693948771 -295345
1558693949737 -296311
1558693952644 -270029
1558693953631 -300205
1558693956547 -303120
1558693957524 -304097
1558693961295 -278678
1558693964234 -281617
1558693967081 -313653
1558693971063 -288445
1558693974990 -292372
1558693989504 -306884
1558693990475 -307855
1558693992159 -308779
1558693995078 -311697
1558693996046 -282704
1558693997326 -314704
1558693999951 -286609
1558694000239 -317616
1558694001222 -318598
1558694007069 -324443
1558694008520 -295177
1558694012803 -330176
1558694016301 -302957
1558694019613 -336983
1558694021576 -338945
1558694023527 -340895
1558694030381 -347747
1558694042942 -309441
1558694050753 -317251
1558694052885 -309595
1558694053683 -320181
1558694057437 -323934
1558694057747 -289329
1558694058404 -324901
1558694059385 -325882
1558694068434 -300014
1558694069163 -335659
1558694069406 -300986
1558694071143 -337639
1558694072358 -303937
1558694076209 -307788
1558694077963 -344458
1558694088550 -355043
1558694090506 -312244
1558694092464 -314201
1558694093529 -299189
1558694104104 -325840
1558694112289 -292918
1558694129299 -351032
1558694134187 -355919
1558694134979 -299919
1558694140069 -307789
1558694141064 -308784
1558694141064 -308784
1558694142766 -307705
1558694147881 -315600
1558694151347 -293799
1558694152317 -294769
1558694156385 -298836
1558694157643 -325361
1558694161060 -303511
1558694167268 -334985
1558694168242 -335959
1558694185677 -353391
1558694187142 -304881
1558694188616 -356328
1558694202239 -309898
1558694203232 -310891
1558694204610 -296167
1558694205580 -297137
1558694212247 -303803
1558694213873 -321531
1558694216971 -324628
1558694222937 -330593
1558694225728 -288617
1558694227650 -290539
1558694228401 -336056
1558694236280 -343933
1558694239421 -302309
1558694241163 -348815
1558694241344 -304232
1558694247835 -355484
1558694250915 -358564
1558694256572 -311729
1558694259497 -314654
1558694260654 -306007
1558694266365 -321521
1558694269384 -292540
1558694271146 -326302
1558694274219 -297374
1558694281836 -336990
1558694282823 -337977
1558694285912 -309065
1558694290690 -345843
1558694291620 -290692
1558694296508 -295579
1558694311191 -306076
1558694314908 -313976
1558694315130 -310015
1558694319807 -298633
1558694324807 -319691
1558694330739 -325622
1558694335434 -314258
1558694344091 -294884
1558694346056 -296849
1558694348037 -298830
1558694350215 -345094
1558694351903 -302695
1558694356118 -350995
1558694363987 -302650
1558694369354 -296011
1558694371312 -297969
1558694372291 -298948
1558694373672 -312334
1558694388427 -327087
1558694391208 -329868
1558694395583 -292456
1558694400461 -297334
1558694407300 -304172
1558694417708 -356359
1558694418689 -357340
1558694418954 -285916
1558694419021 -285983
1558694420851 -287813
1558694427450 -310662
1558694427648 -294609
1558694440076 -323286
1558694441187 -308146
1558694444995 -328204
1558694445088 -312046
1558694445091 -312049
1558694445981 -329190
1558694446065 -313023
1558694458771 -341979
1558694459755 -342962
1558694459755 -342962
1558694463531 -346738
1558694467506 -350711
1558694469440 -352645
1558694482223 -312897
1558694483862 -306422
1558694485176 -315850
1558694485826 -308385
1558694492878 -323551
1558694495830 -326502
1558694516941 -290239
1558694517306 -347976
1558694528355 -312339
1558694532663 -305959
1558694533541 -306837
1558694534960 -318943
1558694538788 -322770
1558694540245 -313540
1558694541743 -325725
1558694542201 -285455
1558694551589 -335570
1558694551589 -335570
1558694564607 -307858
1558694567180 -351159
1558694569427 -312677
1558694571360 -314610
1558694575024 -359000
1558694575109 -318359
1558694577980 -300065
1558694578968 -301052
1558694585862 -298975
1558694586839 -299952
1558694586840 -299953
1558694596616 -309727
1558694602431 -324513
1558694604283 -317393
1558694604286 -287421
1558694609151 -331232
1558694615078 -337158
1558694616989 -300122
1558694621876 -305008
1558694625630 -308762
1558694633461 -316592
1558694638363 -291347
1558694642420 -330221
1558694643247 -296231
1558694651278 -339078
1558694655045 -342844
1558694655770 -308752
1558694660653 -313634
1558694669813 -357610
1558694673749 -361546
1558694674172 -301880
1558694678136 -305843
1558694680035 -307742
1558694684925 -312631
1558694692330 -319601
1558694694316 -321587
1558694702356 -299956
1558694702356 -299956
1558694710178 -307777
1558694712130 -309729
1558694712130 -309729
1558694719823 -291153
1558694722958 -294287
1558694723845 -351112
1558694724824 -352091
1558694734261 -361525
1558694735237 -362500
1558694745050 -287421
1558694748957 -291328
1558694751791 -318389
1558694751893 -294263
1558694755727 -322325
1558694756711 -323309
1558694759719 -302088
1558694760688 -303057
1558694761664 -304033
1558694763618 -305987
1558694766390 -308758
1558694771469 -338064
1558694774212 -316579
1558694775241 -341835
1558694781142 -347734
1558694784095 -350686
1558694788031 -354620
1558694790981 -357569
1558694795900 -303019
1558694797512 -288350
1558694800445 -291282
1558694801639 -308757
1558694805573 -312691
1558694807541 -314659
