1558693124048 -822
1558693128538 -3369
1558693130327 -19
1558693130327 -19
1558693135105 -4797
1558693135145 -4837
1558693143778 -13469
1558693149546 -19237
1558693151558 -26388
1558693154314 -24005
1558693155252 -24943
1558693155388 -30218
1558693158234 -27925
1558693158343 -33173
1558693160183 -29874
1558693169863 -44518
1558693170777 -40362
1558693173739 -43324
1558693178378 -47962
1558693178401 -53056
1558693179362 -54017
1558693181323 -49866
1558693188491 -57034
1558693189230 -57773
1558693190515 -59058
1558693192525 -61068
1558693193064 -67718
1558693197011 -65554
1558693197655 -72309
1558693200672 -69215
1558693202627 -71170
1558693203370 -78024
1558693204616 -73159
1558693205592 -74135
1558693207517 -76060
1558693209147 -83801
1558693212470 -81013
1558693215329 -83871
1558693219653 -92317
1558693221224 -89766
1558693223177 -87718
1558693224977 -89518
1558693225501 -98165
1558693227913 -92453
1558693229874 -94414
1558693232284 -104948
1558693233768 -98308
1558693235721 -100261
1558693237667 -102207
1558693238673 -103213
1558693240055 -112718
1558693241559 -106098
1558693242006 -114669
1558693253506 -126043
1558693254111 -118649
1558693255092 -119630
1558693255092 -119630
1558693256054 -120592
1558693260320 -132856
1558693262893 -127431
1558693264871 -129408
1558693267780 -132317
1558693273770 -146306
1558693280649 -153185
1558693281577 -154113
1558693282558 -155094
1558693284232 -147740
1558693289318 -161854
1558693291143 -154651
1558693294087 -157595
1558693295062 -167597
1558693296014 -168549
1558693300818 -171153
1558693304715 -175049
1558693311533 -181867
1558693313387 -176892
1558693313470 -183804
1558693315365 -178870
1558693317202 -187536
1558693318169 -188503
1558693319151 -189485
1558693322040 -184356
1558693323027 -193361
1558693324957 -187273
1558693327772 -204019
1558693328842 -199176
1558693328863 -191178
1558693330781 -201115
1558693333693 -204027
1558693334714 -197029
1558693335695 -198010
1558693337427 -207761
1558693342548 -204862
1558693344329 -206643
1558693348117 -218450
1558693349228 -211542
1558693350251 -212565
1558693354113 -216427
1558693355096 -217410
1558693361936 -224250
1558693366812 -229126
1558693368625 -230939
1558693368625 -230939
1558693375452 -237766
1558693378081 -243693
1558693378398 -240518
1558693380347 -242467
1558693380347 -242467
1558693382294 -244414
1558693384248 -246368
1558693384726 -250337
1558693390126 -252246
1558693392886 -255006
1558693393857 -255977
1558693395815 -257935
1558693395815 -257935
1558693396787 -258907
1558693397767 -259887
1558693398335 -251444
1558693399310 -252419
1558693400695 -262815
1558693402650 -264735
1558693408073 -261181
1558693411465 -272478
1558693413397 -274410
1558693415187 -276200
1558693415188 -276201
1558693416179 -277192
1558693420567 -266100
1558693424965 -275424
1558693430254 -275782
1558693431810 -282268
1558693445323 -284033
1558693446298 -285008
1558693447283 -285993
1558693449067 -325314
1558693449245 -287954
1558693449530 -325777
1558693449726 -325973
1558693450549 -326795
1558693450552 -326798
1558693450725 -326971
1558693451082 -326375
1558693451194 -289903
1558693451197 -289906
1558693451437 -326730
1558693451495 -285447
1558693451739 -327032
1558693452116 -327408
1558693452573 -327865
1558693452737 -328029
1558693452835 -328127
1558693453105 -327677
1558693453319 -327891
1558693453389 -327961
1558693453586 -328158
1558693453604 -328176
1558693453662 -328234
1558693453663 -328235
1558693453744 -328316
1558693453752 -328324
1558693454557 -329127
1558693454598 -329166
1558693455070 -326394
1558693455516 -326840
1558693455928 -327250
1558693456028 -327350
1558693456388 -327710
1558693456743 -328064
1558693456886 -328207
1558693457009 -328330
1558693457591 -328912
1558693457915 -327900
1558693458214 -328199
1558693458526 -328511
1558693458786 -328770
1558693459075 -329059
1558693459172 -329156
1558693460016 -329999
1558693460122 -330105
1558693460403 -330386
1558693460523 -328928
1558693461160 -323490
1558693461195 -313764
1558693461554 -305683
1558693465379 -298830
1558693512584 -113
1558693515004 -2533
1558693515004 -2533
1558693516008 -1515
1558693516009 -1516
1558693519918 -5425
1558693523750 -11279
1558693523827 -9334
1558693528716 -14222
1558693529668 -17197
1558693531098 -21027
1558693532666 -18172
1558693532689 -20218
1558693533821 -23750
1558693534581 -20087
1558693536534 -22040
1558693537741 -27669
1558693538707 -28635
1558693542623 -32551
1558693543130 -30658
1558693544194 -29699
1558693545041 -32569
1558693546146 -31651
1558693547125 -32630
1558693551308 -41235
1558693553772 -40840
1558693555719 -42787
1558693556910 -42414
1558693557654 -44722
1558693557887 -43391
1558693558907 -48834
1558693560818 -46322
1558693562607 -48111
1558693565549 -52617
1558693567237 -54305
1558693568213 -55281
1558693569453 -54497
1558693572403 -57447
1558693573360 -58404
1558693574335 -59379
1558693576937 -64005
1558693577381 -67043
1558693581112 -70774
1558693581190 -66233
1558693581190 -66233
1558693583054 -72716
1558693584927 -69970
1558693585983 -75645
1558693587028 -76690
1558693587948 -72991
1558693587948 -77610
1558693590002 -75044
1558693591977 -79045
1558693594721 -79763
1558693595711 -85372
1558693596691 -86352
1558693600574 -90235
1558693600595 -85637
1558693604482 -89523
1558693605243 -94904
1558693606172 -90564
1558693606437 -91478
1558693606437 -91478
1558693608395 -93436
1558693609181 -96203
1558693610167 -97189
1558693613117 -98158
1558693616913 -103935
1558693617880 -104902
1558693618006 -92102
1558693618984 -93080
1558693625665 -112686
1558693627430 -111821
1558693628758 -102853
1558693629735 -103830
1558693630715 -104810
1558693633267 -120288
1558693633480 -107575
1558693636185 -123205
1558693636410 -110505
1558693637785 -122176
1558693643067 -130087
1558693644227 -118321
1558693644227 -118321
1558693646187 -120281
1558693646187 -120281
1558693648822 -135402
1558693650093 -124187
1558693650095 -124189
1558693655522 -142101
1558693657161 -140714
1558693657748 -131842
1558693660326 -146904
1558693660993 -144546
1558693664903 -148456
1558693666544 -140395
1558693667128 -153706
1558693668503 -142354
1558693669131 -155709
1558693670085 -156663
1558693671432 -145283
1558693673995 -160572
1558693674524 -158077
1558693676315 -150165
1558693676710 -163287
1558693679251 -153101
1558693679722 -166299
1558693680674 -167251
1558693682793 -166346
1558693683972 -157822
1558693684082 -167635
1558693684516 -171092
1558693684951 -158801
1558693684951 -158801
1558693685928 -159778
1558693686464 -173040
1558693687887 -161737
1558693687969 -171519
1558693688859 -162708
1558693689838 -163687
1558693689923 -173473
1558693690815 -164664
1558693690894 -174444
1558693691787 -165636
1558693694782 -178332
1558693695192 -181768
1558693697664 -171513
1558693697664 -171513
1558693699611 -173460
1558693700014 -183623
1558693700653 -184203
1558693701563 -175411
1558693703520 -177368
1558693705334 -188883
1558693712500 -196108
1558693715079 -183669
1558693715082 -183672
1558693716082 -184672
1558693716082 -184672
1558693718955 -202504
1558693723018 -206625
1558693723803 -207352
1558693726803 -195392
1558693728868 -212475
1558693729848 -213455
1558693733715 -217322
1558693734456 -203045
1558693735666 -219272
1558693736307 -214638
1558693736311 -214642
1558693751883 -220471
1558693752658 -230963
1558693753645 -231950
1558693753651 -231956
1558693756766 -225354
1558693758493 -236798
1558693763665 -246409
1558693765628 -234215
1558693768492 -237079
1558693769472 -238059
1558693770339 -253083
1558693771286 -254030
1558693771433 -240020
1558693776151 -244738
1558693777135 -245721
1558693777779 -256084
1558693778109 -246631
1558693779067 -261811
1558693781971 -264715
1558693782020 -250541
1558693783018 -251539
1558693790815 -259336
1558693792783 -261304
1558693794722 -271277
1558693795761 -264282
1558693802490 -271011
1558693803435 -271956
1558693809116 -277042
1558693809312 -277833
1558693810118 -278044
1558693810296 -278817
1558693813192 -281713
1558693816114 -284635
1558693816700 -284625
1558693817076 -285597
1558693817085 -285606
1558693820982 -283633
1558693821734 -276700
1558693824758 -287408
1558693825719 -288369
1558693826821 -281785
1558693827339 -295263
1558693827471 -282435
1558693827523 -282487
1558693830061 -285025
1558693830551 -293201
1558693831224 -284742
1558693834727 -279008
1558693838374 -301022
1558693839949 -284229
1558693842289 -289297
1558693842673 -286953
1558693845214 -292221
1558693848963 -295970
1558693850330 -276322
1558693851504 -289661
1558693851912 -298918
1558693852478 -290635
1558693853280 -279272
1558693855807 -302812
1558693859254 -297410
1558693859715 -306720
1558693859717 -306722
1558693860045 -286036
1558693863659 -310664
1558693871763 -297753
1558693871877 -297867
1558693872311 -298300
1558693872457 -298446
1558693872458 -298447
1558693873409 -299398
1558693874228 -306733
1558693874235 -306740
1558693875181 -307685
1558693875351 -301340
1558693879121 -311625
1558693880076 -312580
1558693880079 -312583
1558693880261 -283053
1558693884106 -286897
1558693889003 -291794
1558693890744 -293534
1558693892962 -295326
1558693894731 -297521
1558693895880 -298243
1558693899471 -294988
1558693899601 -302390
1558693900486 -296003
1558693902812 -287836
1558693905633 -301149
1558693906770 -302286
1558693906934 -291958
1558693907628 -303144
1558693910579 -306095
1558693910679 -295702
1558693913235 -308750
1558693914295 -309810
1558693914372 -293991
1558693917765 -297383
1558693917767 -297385
1558693918135 -297752
1558693920810 -299833
1558693920957 -305979
1558693921945 -306967
1558693925820 -276023
1558693930697 -280899
1558693931572 -310593
1558693931586 -310607
1558693932514 -311535
1558693936320 -290818
1558693936345 -286546
1558693937404 -316425
1558693939264 -289465
1558693940342 -276729
1558693941981 -296478
1558693943154 -293354
1558693943922 -298419
1558693947837 -302333
1558693956792 -293176
1558693957773 -294157
1558693958605 -285049
1558693960515 -276042
1558693961674 -298057
1558693961674 -298057
1558693962679 -299062
1558693963421 -278948
1558693963648 -300031
1558693965438 -301821
1558693969349 -305731
1558693971171 -286697
1558693971171 -286697
1558693972145 -287671
1558693973230 -309612
1558693974079 -289604
1558693975070 -290595
1558693975907 -302349
1558693975911 -302352
1558693978117 -314498
1558693979934 -295459
1558693980070 -300731
1558693982691 -298215
1558693983988 -304648
1558693986913 -307573
1558693986913 -307573
1558693988400 -285028
1558693990683 -311342
1558693990683 -311342
1558693992550 -289177
1558693993354 -289981
1558693993600 -314259
1558693995322 -310844
1558693995328 -310850
1558693997298 -293924
1558694000218 -296844
1558694001415 -292178
1558694002975 -299600
1558694005835 -291396
1558694008750 -294311
1558694011199 -301961
1558694012170 -302932
1558694013613 -310237
1558694013965 -304727
1558694013965 -304726
1558694015926 -306687
1558694016528 -302088
1558694017878 -308639
1558694018861 -309622
1558694019450 -305009
1558694020457 -306016
1558694020472 -287105
1558694021783 -312543
1558694024738 -315498
1558694026227 -292860
1558694028109 -294742
1558694030009 -290473
1558694031821 -298453
1558694033871 -294334
1558694036441 -301002
1558694036441 -301002
1558694039232 -303793
1558694040204 -304765
1558694041698 -302160
1558694042183 -306743
1558694044626 -305087
1558694053139 -313599
1558694053327 -294847
1558694053869 -288289
1558694054850 -289270
1558694056127 -297646
1558694060553 -294972
1558694061527 -295946
1558694063491 -297910
1558694069669 -296434
1558694071321 -305739
1558694073276 -307694
1558694075207 -309625
1558694075445 -289891
1558694075494 -302258
1558694078139 -312556
1558694078139 -312556
1558694078395 -292841
1558694082056 -283406
1558694082056 -283406
1558694082064 -283414
1558694086777 -288127
1558694086993 -313756
1558694087751 -289100
1558694087971 -302416
1558694088729 -290078
1558694089910 -316672
1558694090679 -292028
1558694091657 -293006
1558694091855 -289598
1558694092633 -293982
1558694092774 -307218
1558694094589 -295937
1558694096702 -311145
1558694096702 -311145
1558694097676 -312119
1558694099486 -300834
1558694100467 -301815
1558694101419 -299161
1558694104419 -305766
1558694105345 -303086
1558694105378 -306725
1558694106005 -301119
1558694108283 -309630
1558694110358 -308098
1558694111598 -309338
1558694113261 -314607
1558694113261 -314607
1558694114250 -311989
1558694116920 -292210
1558694116969 -314708
1558694118873 -294163
1558694119893 -287659
1558694127517 -295282
1558694128482 -296247
1558694128644 -303933
1558694128644 -303933
1558694132407 -307695
1558694134300 -302064
1558694136319 -311607
1558694137227 -306278
1558694142171 -287335
1558694144035 -311798
1558694144127 -289291
1558694148962 -295815
1558694149705 -317467
1558694149711 -292416
1558694151665 -294369
1558694151939 -297102
1558694155073 -300235
1558694156711 -299415
1558694158651 -303813
1558694158651 -303813
1558694159459 -302162
1558694159638 -304800
1558694159638 -304800
1558694161367 -304070
1558694161402 -308254
1558694163539 -310390
1558694163539 -308700
1558694166196 -313047
1558694166196 -313047
1558694171326 -286367
1558694173286 -288326
1558694175237 -290277
1558694178692 -287698
1558694182881 -297920
1558694183855 -298894
1558694184545 -301417
1558694184832 -299871
1558694184832 -299871
1558694185811 -300850
1558694186787 -301826
1558694188746 -303784
1558694192389 -301393
1558694192951 -309822
1558694198561 -315431
1558694202553 -287437
1558694203726 -290576
1558694204347 -289231
1558694204870 -313872
1558694205336 -290220
1558694206291 -291175
1558694210937 -297786
1558694212057 -296940
1558694212569 -291612
1558694212922 -299771
1558694219218 -304100
1558694221158 -306040
1558694225164 -304162
1558694227559 -312440
1558694228039 -307037
1558694229496 -314377
1558694230920 -309918
1558694231134 -317981
1558694233977 -291031
1558694235417 -290354
1558694236972 -294026
1558694238336 -293273
1558694239820 -285004
1558694247324 -302259
1558694249242 -304177
1558694249242 -304177
1558694251591 -296774
1558694252412 -297595
1558694253834 -308769
1558694254815 -309749
1558694254815 -309749
1558694254815 -309749
1558694254817 -311869
1558694255803 -312855
1558694262099 -307280
1558694262696 -287507
1558694263659 -288470
1558694265982 -311163
1558694266640 -294656
1558694270633 -295443
1558694274932 -302948
1558694276277 -301086
1558694277259 -302068
1558694279780 -307794
1558694280500 -295886
1558694282174 -306983
1558694283418 -298803
1558694287099 -311907
1558694287322 -302706
1558694288468 -290385
1558694289063 -313871
1558694296940 -295524
1558694298732 -297315
1558694299110 -301026
1558694303650 -302233
1558694306621 -305203
1558694308675 -291174
1558694309556 -308138
1558694309644 -292143
1558694310615 -293114
1558694311515 -310097
1558694312570 -295069
1558694313609 -296108
1558694315446 -314027
1558694315958 -283951
1558694318294 -300792
1558694318397 -316978
1558694319472 -287464
1558694320235 -302733
1558694321345 -290761
1558694322194 -304692
1558694324369 -292359
1558694326085 -295500
1558694328058 -297473
1558694329043 -298458
1558694329046 -298461
1558694330044 -299458
1558694330044 -299458
1558694332188 -300175
1558694332207 -300194
1558694335928 -305342
1558694336124 -304109
1558694339631 -288269
1558694339858 -309271
1558694340839 -310252
1558694340840 -310253
1558694342805 -312218
1558694342807 -312220
1558694349525 -288975
1558694349528 -288978
1558694349532 -288982
1558694350604 -292690
1558694353460 -292909
1558694354300 -302936
1558694354446 -293895
1558694355281 -303916
1558694356488 -298573
1558694358207 -306842
1558694363334 -305418
1558694368217 -307664
1558694370048 -312131
1558694370050 -312133
1558694370758 -293479
1558694373099 -299047
1558694374948 -314395
1558694379806 -305751
1558694380826 -306771
1558694383771 -309715
1558694385266 -307986
1558694385753 -295075
1558694387641 -290992
1558694388702 -298024
1558694390671 -299993
1558694390672 -299994
1558694393506 -296856
1558694395438 -304759
1558694396420 -305741
1558694397390 -306711
1558694398367 -307688
1558694399355 -308676
1558694400936 -305149
1558694400946 -305159
1558694401202 -304551
1558694401329 -310649
1558694402194 -305543
1558694402301 -311621
1558694404274 -313594
1558694404276 -313596
1558694404855 -309068
1558694405611 -308959
1558694408208 -317527
1558694409570 -313782
1558694410187 -289362
1558694411158 -290333
1558694416229 -295403
1558694417611 -295780
1558694418145 -297319
1558694418944 -298118
1558694419921 -299095
1558694419921 -299095
1558694422801 -301974
1558694425465 -300771
1558694428129 -306296
1558694430360 -305666
1558694431649 -310821
1558694432340 -307645
1558694432638 -311810
1558694433314 -308619
1558694433619 -312791
1558694434604 -313776
1558694437550 -316721
1558694438766 -287120
1558694440504 -291498
1558694441951 -295053
1558694442936 -296038
1558694443911 -297013
1558694445908 -299009
1558694447227 -298220
1558694447854 -300955
1558694449492 -297844
1558694449754 -302855
1558694449778 -302879
1558694452145 -303137
1558694453677 -306777
1558694454113 -305105
1558694458561 -311661
1558694460991 -311982
1558694463957 -314948
1558694464964 -313314
1558694464965 -313315
1558694465917 -316907
1558694466966 -315315
1558694467935 -316284
1558694468693 -295417
1558694471644 -298368
1558694471645 -298369
1558694473612 -300336
1558694477027 -308903
1558694478531 -305254
1558694479985 -311861
1558694480453 -299810
1558694480499 -307222
1558694480501 -307223
1558694483390 -302747
1558694485422 -312144
1558694488777 -290804
1558694489258 -308614
1558694489258 -308614
1558694494103 -295566
1558694494576 -296602
1558694496104 -315459
1558694502368 -304393
1558694503926 -293317
1558694503926 -293317
1558694503926 -293317
1558694503944 -305406
1558694505718 -295109
1558694506265 -308289
1558694509845 -311306
1558694510722 -300110
1558694510898 -312359
1558694512569 -301956
1558694516559 -318019
1558694516560 -318020
1558694517444 -306830
1558694518522 -297579
1558694519505 -298562
1558694522451 -301507
1558694522452 -301508
1558694523435 -302491
1558694523435 -302491
1558694524422 -303478
1558694531286 -292535
1558694534381 -313435
1558694535290 -314344
1558694536087 -297218
1558694536566 -297697
1558694536782 -297913
1558694538010 -317064
1558694539391 -300521
1558694541734 -302981
1558694542929 -290062
1558694545113 -306242
1558694546864 -293996
1558694548586 -309832
1558694549020 -310149
1558694550077 -311206
1558694550560 -311806
1558694551010 -312138
1558694552334 -313579
1558694554739 -301870
1558694557667 -288619
1558694557688 -304819
1558694559662 -290614
1558694563141 -298150
1558694564219 -295171
1558694569421 -300372
1558694570266 -301217
1558694570940 -305948
1558694571293 -318422
1558694572267 -303218
1558694572863 -307870
1558694573257 -320385
1558694573848 -308855
1558694577192 -290097
1558694583126 -296030
1558694584002 -314951
1558694585815 -286766
1558694585876 -298780
1558694587780 -288730
1558694587842 -300746
1558694590306 -302980
1558694590306 -302980
1558694591689 -292639
1558694591778 -304681
1558694592764 -305667
1558694594220 -306894
1558694595947 -296896
1558694596188 -308862
1558694596696 -309599
1558694606768 -285557
1558694608496 -295997
1558694610300 -297800
1558694615243 -302743
1558694618161 -305660
1558694618499 -297286
1558694618939 -290688
1558694620129 -307628
1558694623081 -310580
1558694624378 -296126
1558694629573 -301320
1558694631537 -303283
1558694632553 -304299
1558694632936 -290131
1558694633984 -312769
1558694635476 -307221
1558694635940 -314725
1558694638915 -287545
1558694639851 -288480
1558694639851 -288480
1558694640393 -312136
1558694640615 -297809
1558694643403 -315144
1558694643764 -292393
1558694645246 -286813
1558694646523 -303716
1558694646523 -303716
1558694648488 -297116
1558694649470 -298098
1558694651057 -292623
1558694657764 -299329
1558694658164 -315355
1558694658164 -315355
1558694661110 -289128
1558694662180 -310806
1558694662660 -304224
1558694664087 -292105
1558694667031 -295048
1558694667080 -289475
1558694667570 -309133
1558694672777 -295171
1558694673896 -301912
1558694675872 -303888
1558694676855 -304871
1558694678669 -293980
1558694679750 -295061
1558694680785 -308801
1558694686509 -314524
1558694687443 -309835
1558694687967 -303277
1558694691435 -319449
1558694691441 -319455
1558694695329 -310638
1558694697292 -312601
1558694699013 -288482
1558694699991 -289460
1558694700286 -297984
1558694700292 -297990
1558694701949 -291418
1558694702254 -299951
1558694704250 -301947
1558694706413 -295482
1558694706997 -304694
1558694708790 -298258
1558694708968 -306664
1558694709345 -298414
1558694709955 -307651
1558694711923 -309619
1558694712702 -302170
1558694713477 -302545
1558694713896 -311592
1558694714217 -303285
1558694714660 -304127
1558694718832 -316527
1558694722577 -312043
1558694725962 -293330
1558694726047 -293415
1558694727864 -295232
1558694729672 -297040
1558694729672 -297040
1558694731244 -295449
1558694734721 -299478
1558694734877 -299634
1558694736078 -300834
1558694738541 -303296
1558694738945 -303149
1558694739300 -306666
1558694740282 -307648
1558694743678 -307881
1558694744393 -309148
1558694746185 -313550
1558694746231 -310985
1558694747177 -314542
1558694751497 -315699
1558694752083 -293061
1558694754060 -298394
1558694754868 -295846
1558694755408 -285542
1558694755408 -285542
1558694757814 -298791
1558694760912 -305245
1558694760920 -305253
1558694761745 -302722
1558694765187 -295320
1558694766982 -297115
1558694767645 -308621
1558694770594 -311570
1558694771478 -293509
1558694771479 -293510
1558694776761 -306893
1558694778302 -319277
1558694778333 -300363
1558694780293 -302323
1558694780671 -310802
1558694781249 -288129
1558694782235 -289115
1558694784199 -291078
1558694785178 -307207
1558694787137 -309166
1558694789472 -292394
1558694789472 -292394
1558694791080 -297958
1558694795011 -301889
1558694802708 -309585
1558694805657 -312533
1558694808605 -315481
1558694812537 -319412
1558694814503 -291067
