1558693148414 -23921
1558693151432 -26939
1558693156226 -31733
1558693158240 -33747
1558693159241 -34748
1558693159241 -34748
1558693162171 -37675
1558693162171 -37675
1558693166970 -42474
1558693168917 -44421
1558693176578 -52081
1558693177553 -53056
1558693181490 -56897
1558693185403 -60810
1558693190666 -66068
1558693198928 -74330
1558693204828 -80230
1558693210645 -86047
1558693213597 -88997
1558693225097 -96932
1558693231994 -103829
1558693239752 -111587
1558693252300 -124133
1558693256205 -128038
1558693268741 -140075
1558693276595 -147928
1558693280558 -151891
1558693285568 -156901
1558693287416 -158749
1558693287416 -158749
1558693287458 -158791
1558693288296 -159629
1558693315383 -182527
1558693317303 -184447
1558693319249 -186393
1558693321196 -188340
1558693325114 -192258
1558693353276 -220419
1558693373634 -240418
1558693373634 -240418
1558693391051 -257821
1558693395957 -262727
1558693406725 -256339
1558693412399 -262012
1558693415303 -264916
1558693418243 -267855
1558693420216 -269828
1558693424157 -273768
1558693433059 -266968
1558693433932 -267841
1558693435802 -269711
1558693444463 -278371
1558693446418 -280325
1558693509847 -36
1558693515251 -5439
1558693519157 -9345
1558693521113 -11301
1558693533655 -23843
1558693550250 -40438
1558693562787 -52972
1558693568651 -58836
1558693577446 -65825
1558693577446 -65825
1558693579398 -67776
1558693584125 -72503
1558693586083 -74461
1558693596860 -85238
1558693597805 -86183
1558693598781 -87159
1558693610342 -98720
1558693612296 -100674
1558693614259 -102637
1558693615222 -103600
1558693617173 -105551
1558693618149 -106527
1558693620108 -108483
1558693621093 -109468
1558693637527 -125902
1558693643392 -131766
1558693643392 -131766
1558693645352 -132150
1558693648283 -135081
1558693655931 -142729
1558693656907 -143705
1558693663748 -150546
1558693668643 -155441
1558693681219 -168017
1558693689967 -176757
1558693693881 -180671
1558693693883 -180673
1558693694855 -181645
1558693695836 -182626
1558693696815 -183605
1558693707389 -194178
1558693716180 -202969
1558693718135 -204924
1558693722865 -209654
1558693738500 -223116
1558693741417 -226033
1558693751029 -235644
1558693752007 -236622
1558693763725 -248338
1558693769591 -254204
1558693770407 -255020
1558693771385 -255997
1558693785061 -265457
1558693789947 -270343
1558693802604 -282999
1558693804503 -284898
1558693809414 -289809
1558693812330 -292725
1558693831689 -312084
1558693832740 -313135
1558693850030 -293064
1558693852977 -296011
1558693859805 -302838
1558693866483 -309515
1558693870489 -313521
1558693875298 -318329
1558693887005 -330035
1558693890744 -333773
1558693901638 -315554
1558693902630 -316546
1558693903649 -317565
1558693908821 -322737
1558693930648 -344561
1558693933580 -347492
1558693937323 -351235
1558693945138 -300769
1558693951980 -307610
1558693953935 -309564
1558693955904 -311533
1558693959794 -315423
1558693961596 -317224
1558693968453 -324081
1558693968453 -324081
1558693970389 -326016
1558693989767 -345389
1558693996605 -352225
1558693997572 -353191
1558694002464 -329573
1558694005391 -332499
1558694005391 -332499
1558694006372 -333480
1558694011095 -338202
1558694024818 -351923
1558694037315 -364419
1558694044185 -371286
1558694074267 -345134
1558694076225 -347091
1558694079157 -350023
1558694085831 -356694
1558694104290 -348091
1558694116004 -359803
1558694137308 -321623
1558694138280 -322594
1558694159650 -343961
1558694182902 -312488
1558694200466 -330050
1558694209304 -338887
1558694239599 -338746
1558694241609 -340755
1558694247444 -346588
1558694253158 -352300
1558694265946 -365083
1558694267989 -367125
1558694268917 -368053
1558694269908 -369044
1558694269961 -369096
1558694273687 -312594
1558694277542 -316448
1558694281494 -320399
1558694286396 -325301
1558694320460 -307374
1558694322439 -309353
1558694340151 -327063
1558694341944 -328855
1558694342926 -329837
1558694343927 -330838
1558694347867 -334778
1558694349813 -336723
1558694366356 -353263
1558694370306 -357212
1558694379130 -335813
1558694388954 -345636
1558694392741 -349423
1558694406493 -363173
1558694425983 -326324
1558694430898 -331239
1558694444507 -344846
1558694446467 -346806
1558694447439 -347778
1558694466973 -304437
1558694496254 -333714
1558694501161 -338619
1558694512808 -350262
1558694528785 -336058
1558694533400 -340673
1558694539196 -346468
1558694540164 -347436
1558694544079 -351350
1558694551952 -359222
1558694551952 -359222
1558694565590 -372857
1558694573432 -329708
1558694575384 -331660
1558694578350 -334626
1558694581126 -337401
1558694587987 -344261
1558694593912 -350186
1558694595888 -352161
1558694641752 -352413
1558694655326 -316131
1558694657306 -318111
1558694663197 -324001
1558694684663 -345464
1558694688589 -349390
1558694690559 -351359
1558694690562 -351362
1558694703181 -307508
1558694707115 -311441
1558694708099 -312425
1558694709075 -313401
1558694710048 -314374
1558694719891 -324215
1558694723012 -327336
1558694730710 -335033
1558694738393 -342715
1558694760844 -334971
1558694762801 -336928
1558694764768 -338895
1558694770665 -344791
1558694771648 -345774
1558694781317 -355442
1558694782301 -356425
1558694782301 -356425
1558694788189 -362313
1558694793104 -367227
1558694793104 -367227
1558694796876 -370999
1558694808668 -328936
1558694812596 -332863
