1558693126005 -934
1558693127104 -2887
1558693130922 -5850
1558693134738 -10521
1558693138588 -14371
1558693139221 -7625
1558693140617 -15450
1558693142502 -18285
1558693147327 -22160
1558693148015 -23798
1558693148963 -24746
1558693150847 -19251
1558693151045 -25878
1558693151849 -20253
1558693151907 -27689
1558693157746 -33528
1558693160831 -35481
1558693161641 -37245
1558693161641 -37245
1558693161742 -36392
1558693162535 -38139
1558693169282 -44886
1558693171027 -46631
1558693172146 -46796
1558693175016 -49666
1558693176835 -52439
1558693178757 -54361
1558693178818 -53468
1558693179757 -46957
1558693179757 -46957
1558693181719 -57323
1558693182716 -57366
1558693184696 -51896
1558693185605 -61208
1558693185666 -52866
1558693188888 -63538
1558693189903 -57103
1558693191889 -66538
1558693196239 -68902
1558693198380 -65580
1558693200790 -76393
1558693200934 -73596
1558693202722 -78325
1558693203013 -70213
1558693204009 -71209
1558693209512 -82904
1558693209670 -82273
1558693211462 -84854
1558693213551 -86154
1558693214376 -87768
1558693215337 -88729
1558693216691 -82044
1558693216691 -82044
1558693217286 -90677
1558693217416 -90019
1558693219619 -84972
1558693221172 -93774
1558693221582 -86934
1558693222562 -87914
1558693223541 -88893
1558693223916 -97307
1558693225886 -99277
1558693226305 -91657
1558693230753 -104144
1558693232672 -106063
1558693233154 -98495
1558693233640 -107031
1558693234132 -99473
1558693235592 -108983
1558693239027 -104368
1558693239998 -105339
1558693243899 -109240
1558693243901 -109242
1558693250002 -123280
1558693250580 -115921
1558693256818 -130096
1558693258753 -132031
1558693259718 -132996
1558693261343 -126684
1558693262614 -135892
1558693266342 -139620
1558693266473 -139010
1558693267442 -139979
1558693271206 -144484
1558693271330 -143867
1558693273911 -138453
1558693275085 -148363
1558693276056 -149334
1558693276871 -141413
1558693277053 -150331
1558693279132 -151669
1558693279825 -144367
1558693283991 -156528
1558693285076 -157613
1558693286909 -160186
1558693287959 -158551
1558693291547 -156088
1558693291599 -162191
1558693292583 -157124
1558693299148 -163688
1558693299211 -170898
1558693300123 -164663
1558693302172 -173859
1558693303140 -174827
1558693304210 -174801
1558693306134 -176725
1558693307976 -179663
1558693311880 -176419
1558693312668 -184355
1558693315719 -186310
1558693316544 -188231
1558693318513 -190200
1558693319580 -190171
1558693320424 -192111
1558693320665 -185204
1558693321405 -193092
1558693324442 -195033
1558693325309 -196996
1558693325391 -188485
1558693326385 -196976
1558693327351 -197942
1558693330208 -201895
1558693332096 -203783
1558693333086 -204773
1558693333230 -203553
1558693333230 -203553
1558693335019 -206706
1558693335135 -205458
1558693339080 -202174
1558693339849 -210172
1558693342019 -205113
1558693343609 -215187
1558693345565 -217142
1558693345565 -217142
1558693346660 -216983
1558693347644 -217967
1558693347731 -210825
1558693349634 -219957
1558693351691 -214784
1558693351710 -214803
1558693354579 -217672
1558693359138 -230715
1558693359483 -222576
1558693361871 -233448
1558693362982 -233304
1558693362992 -233314
1558693365324 -228417
1558693365889 -236211
1558693366299 -229392
1558693367277 -230370
1558693371603 -243178
1558693373539 -245114
1558693375481 -247056
1558693375607 -245928
1558693375914 -239007
1558693377881 -240974
1558693378402 -249977
1558693378519 -248840
1558693382755 -245309
1558693384169 -253666
1558693385034 -256609
1558693386977 -258552
1558693389070 -258567
1558693391562 -254115
1558693392370 -254923
1558693393773 -263614
1558693399625 -269466
1558693399625 -269466
1558693402143 -255208
1558693402534 -272375
1558693402643 -272139
1558693406129 -259194
1558693406567 -276063
1558693407215 -277056
1558693408196 -278037
1558693412239 -281735
1558693416654 -269718
1558693416951 -286792
1558693417047 -286524
1558693419856 -289697
1558693420850 -290690
1558693426428 -265987
1558693427404 -266963
1558693429359 -268917
1558693431449 -300926
1558693437210 -306924
1558693437361 -306838
1558693439953 -279510
1558693440094 -309808
1558693441948 -281505
1558693445816 -275507
1558693445928 -315642
1558693445934 -315648
1558693447966 -286300
1558693450876 -289210
1558693458502 -296834
1558693467232 -305563
1558693468095 -314234
1558693471114 -309444
1558693475869 -322007
1558693478619 -324757
1558693479592 -325730
1558693480565 -326703
1558693483578 -321905
1558693486490 -324816
1558693487365 -333502
1558693491349 -329673
1558693493192 -339327
1558693497080 -343214
1558693509799 -473
1558693513936 -4538
1558693514914 -5516
1558693516675 -7444
1558693517844 -8446
1558693519517 -10191
1558693519566 -10335
1558693523419 -14093
1558693523724 -14325
1558693524399 -15073
1558693525678 -16279
1558693526663 -17264
1558693533930 -24603
1558693536272 -26872
1558693536853 -27526
1558693538226 -28826
1558693538807 -29480
1558693542769 -33526
1558693545076 -35676
1558693546046 -36645
1558693548019 -38618
1558693550507 -41263
1558693553417 -44173
1558693556093 -44580
1558693558127 -48883
1558693560964 -49450
1558693565892 -56648
1558693566790 -55275
1558693567762 -56247
1558693571648 -60133
1558693572611 -61096
1558693572691 -63447
1558693573255 -61785
1558693575211 -63741
1558693577167 -65697
1558693577547 -68303
1558693579121 -67651
1558693582878 -71408
1558693584184 -74939
1558693584192 -74947
1558693587070 -75554
1558693589069 -79824
1558693591728 -80258
1558693596777 -85260
1558693600701 -89146
1558693606286 -94760
1558693606287 -94761
1558693611085 -97656
1558693611226 -99671
1558693613174 -101619
1558693619973 -108418
1558693622799 -109369
1558693622887 -111332
1558693625575 -114048
1558693626727 -115172
1558693626737 -113307
1558693632365 -120838
1558693635415 -121961
1558693636333 -124598
1558693644100 -132365
1558693644152 -130697
1558693647087 -133631
1558693647984 -136249
1558693650745 -139010
1558693651727 -139992
1558693653767 -140311
1558693660457 -148703
1558693661338 -149554
1558693661430 -149676
1558693662408 -150654
1558693663275 -151490
1558693666183 -154398
1558693667156 -155371
1558693668133 -156348
1558693670893 -159107
1558693672358 -151792
1558693673443 -152877
1558693681073 -160505
1558693682060 -161492
1558693686585 -174829
1558693687501 -175670
1558693687572 -175816
1558693688393 -176562
1558693691746 -171178
1558693694672 -174104
1558693697947 -186116
1558693701917 -190161
1558693702890 -191134
1558693703763 -189450
1558693707743 -193397
1558693710579 -196266
1558693715055 -194486
1558693719933 -199363
1558693722031 -207717
1558693723680 -203110
1558693727040 -212692
1558693728571 -208001
1558693729825 -214805
1558693730587 -206799
1558693732719 -217699
1558693732848 -218499
1558693733693 -218673
1558693736392 -212604
1558693738553 -223533
1558693738695 -224346
1558693740324 -225304
1558693741583 -227234
1558693742559 -228210
1558693747251 -232294
1558693747255 -232298
1558693748093 -233073
1558693749063 -234043
1558693750894 -227105
1558693751977 -236957
1558693752950 -237930
1558693753080 -238123
1558693756837 -241816
1558693758718 -234928
1558693760679 -236889
1558693765730 -250772
1558693768456 -253498
1558693772258 -252572
1558693773314 -258356
1558693774195 -254509
1558693774221 -250431
1558693778110 -254320
1558693779996 -260309
1558693780986 -261299
1558693780997 -261310
1558693782055 -267097
1558693783029 -255811
1558693784848 -265161
1558693789829 -274870
1558693790514 -270827
1558693801531 -274313
1558693802424 -287465
1558693806358 -279139
1558693807388 -280169
1558693808218 -288461
1558693812816 -274967
1558693813723 -275874
1558693817745 -297988
1558693819552 -281702
1558693819705 -299948
1558693820554 -282703
1558693821640 -301883
1558693825533 -305776
1558693827404 -307647
1558693832305 -294453
1558693834542 -280577
1558693839390 -285424
1558693839391 -285425
1558693840874 -284660
1558693844118 -290152
1558693844743 -288528
1558693845095 -291128
1558693849578 -293362
1558693850580 -294364
1558693852510 -296294
1558693854469 -298253
1558693855852 -301884
1558693856276 -293146
1558693858334 -302117
1558693858334 -302117
1558693860266 -304049
1558693860744 -306775
1558693861232 -305015
1558693863698 -309729
1558693863992 -307774
1558693863998 -307780
1558693864658 -310689
1558693866458 -312489
1558693869782 -306650
1558693872329 -318358
1558693874676 -318454
1558693876234 -322262
1558693878195 -324222
1558693885077 -321942
1558693886981 -287444
1558693897827 -266353
1558693899650 -301132
1558693901869 -270394
1558693902616 -303077
1558693906672 -308153
1558693906672 -308153
1558693907942 -308402
1558693911437 -279961
1558693911524 -311984
1558693917953 -318412
1558693923908 -292430
1558693925825 -294346
1558693927726 -328183
1558693929434 -330870
1558693929687 -330144
1558693936348 -304865
1558693938292 -306809
1558693939265 -307781
1558693942069 -343502
1558693944009 -345441
1558693947037 -315550
1558693947898 -349329
1558693948010 -316523
1558693949843 -351273
1558693950053 -291390
1558693951900 -320412
1558693956760 -325270
1558693956897 -298231
1558693960524 -329032
1558693960673 -302006
1558693962464 -330972
1558693962645 -303977
1558693963602 -304934
1558693966190 -300977
1558693967161 -301948
1558693971050 -305836
1558693971050 -305836
1558693971169 -339674
1558693977265 -318324
1558693982554 -317339
1558693984121 -325178
1558693987552 -318293
1558693988841 -329896
1558693989353 -324137
1558693992420 -323160
1558693993226 -328010
1558693996298 -327037
1558693998081 -332863
1558694004724 -339504
1558694006801 -337539
1558694008232 -349280
1558694009209 -350257
1558694012680 -343417
1558694016515 -347250
1558694017344 -352119
1558694017344 -352119
1558694018012 -359057
1558694019294 -354068
1558694020412 -351146
1558694021242 -356015
1558694021939 -306631
1558694023332 -354065
1558694024317 -355050
1558694024333 -355066
1558694025927 -300978
1558694026825 -311517
1558694027871 -302922
1558694027871 -302922
1558694028841 -303892
1558694032883 -311693
1558694035458 -320148
1558694039416 -324106
1558694040507 -315492
1558694041476 -316461
1558694043421 -318405
1558694044400 -319384
1558694045519 -324327
1558694049080 -324064
1558694049139 -333828
1558694052079 -336768
1558694052961 -327944
1558694055873 -330856
1558694056798 -341486
1558694061688 -346375
1558694062816 -341622
1558694063787 -342592
1558694071517 -356200
1558694073466 -358148
1558694077351 -306054
1558694079304 -308006
1558694083895 -299005
1558694084053 -312755
1558694087931 -310684
1558694089707 -304816
1558694090676 -305785
1558694093591 -308700
1558694093743 -316495
1558694093795 -322496
1558694094775 -323475
1558694097636 -320388
1558694101643 -330343
1558694104428 -333127
1558694105405 -334104
1558694109440 -332190
1558694112213 -327320
1558694113068 -328175
1558694114419 -343117
1558694119066 -347722
1558694120045 -348701
1558694121025 -349681
1558694121440 -336545
1558694122009 -350665
1558694129206 -344309
1558694130641 -359297
1558694133585 -362240
1558694137948 -353047
1558694143348 -307823
1558694145307 -309782
1558694145307 -309781
1558694145307 -309781
1558694145879 -306018
1558694149446 -308720
1558694152516 -312654
1558694152518 -312656
1558694154587 -313861
1558694155693 -315831
1558694156106 -320579
1558694160794 -325266
1558694165678 -330150
1558694167088 -327196
1558694168612 -333083
1558694169029 -329137
1558694169688 -328815
1558694170650 -329777
1558694173534 -338004
1558694178422 -337547
1558694180365 -339490
1558694181172 -345639
1558694182154 -346621
1558694185070 -349536
1558694186356 -346458
1558694189330 -349431
1558694189962 -349084
1558694198890 -358987
1558694199865 -359961
1558694199891 -304941
1558694201642 -300968
1558694202816 -307866
1558694207512 -306837
1558694207512 -312863
1558694208426 -307751
1558694209423 -308748
1558694209570 -314619
1558694210516 -315565
1558694212295 -317645
1558694212304 -317654
1558694213076 -312400
1558694213405 -318453
1558694215122 -314446
1558694219132 -318456
1558694220600 -325869
1558694224063 -329331
1558694225001 -330269
1558694235705 -340750
1558694239605 -344871
1558694241263 -340583
1558694242204 -341524
1558694245574 -350838
1558694248189 -347507
1558694248189 -347507
1558694251355 -356617
1558694251355 -356395
1558694252042 -351358
1558694252196 -357236
1558694257003 -306033
1558694260903 -309932
1558694261891 -310920
1558694262555 -313553
1558694263967 -308983
1558694266604 -315632
1558694267570 -316598
1558694268991 -314006
1558694271579 -320607
1558694273519 -322546
1558694276587 -321601
1558694280258 -329285
1558694284450 -329463
1558694287405 -332418
1558694287764 -338758
1558694290358 -335370
1558694290691 -341685
1558694292652 -343646
1558694295739 -344763
1558694306365 -299663
1558694306365 -299663
1558694306915 -351924
1558694306916 -351925
1558694308455 -357473
1558694309866 -354874
1558694310850 -355858
1558694313175 -306341
1558694315960 -309257
1558694320988 -314153
1558694321523 -306395
1558694321527 -306399
1558694322937 -316101
1558694327060 -320224
1558694328690 -321985
1558694329441 -314312
1558694333395 -326689
1558694333706 -326869
1558694334308 -319178
1558694334681 -327844
1558694335289 -320159
1558694339228 -324098
1558694339402 -332564
1558694340226 -333519
1558694340373 -333535
1558694342019 -326888
1558694346088 -339379
1558694348220 -341380
1558694348918 -333786
1558694349210 -342370
1558694351859 -336727
1558694352108 -345267
1558694352112 -345271
1558694354881 -348169
1558694356996 -350153
1558694360777 -353933
1558694370533 -303835
1558694374321 -307771
1558694378260 -303815
1558694380227 -305781
1558694383176 -308730
1558694387955 -321174
1558694389932 -323151
1558694390714 -324020
1558694391695 -325001
1558694394627 -327932
1558694394821 -320374
1558694398745 -324297
1558694401471 -334772
1558694401704 -327256
1558694402688 -328240
1558694402688 -328240
1558694404603 -337820
1558694406192 -339491
1558694409124 -342422
1558694410119 -343417
1558694411078 -344375
1558694416577 -342127
1558694417131 -350426
1558694418211 -351419
1558694419033 -352327
1558694419033 -352327
1558694419219 -352427
1558694420101 -353309
1558694420882 -354175
1558694423958 -357165
1558694425173 -350720
1558694426132 -351679
1558694428516 -315287
1558694431614 -316620
1558694440405 -325410
1558694444159 -330928
1558694447088 -333857
1558694447628 -316445
1558694448225 -333229
1558694451160 -336164
1558694453116 -338119
1558694459429 -328245
1558694461392 -330207
1558694462216 -331031
1558694463208 -332023
1558694465160 -333975
1558694466665 -351665
1558694467514 -354279
1558694467669 -352669
1558694472044 -340857
1558694473026 -341839
1558694474006 -342818
1558694474462 -359460
1558694477404 -308344
1558694478370 -309310
1558694479918 -348728
1558694480956 -309317
1558694486029 -316968
1558694487980 -318918
1558694491602 -360408
1558694492684 -321043
1558694502394 -327738
1558694504363 -329707
1558694507332 -332676
1558694507379 -338315
1558694508279 -333623
1558694509261 -334605
1558694513258 -344193
1558694514045 -342399
1558694515198 -346132
1558694515198 -346132
1558694516011 -344364
1558694516972 -342315
1558694518913 -347265
1558694524630 -352979
1558694524843 -350185
1558694525625 -353974
1558694525625 -353974
1558694525895 -351237
1558694529748 -358095
1558694530024 -355365
1558694531102 -356443
1558694532736 -305887
1558694532958 -358298
1558694533707 -306858
1558694536344 -310592
1558694536485 -361824
1558694538284 -312532
1558694543378 -316527
1558694544154 -318401
1558694547278 -320288
1558694547903 -322149
1558694555721 -329966
1558694556703 -330948
1558694558654 -332899
1558694559947 -332605
1558694559977 -332634
1558694562855 -335862
1558694563604 -337848
1558694564548 -338792
1558694567480 -341723
1558694567699 -340705
1558694571555 -344559
1558694574345 -347348
1558694574345 -347348
1558694580583 -353236
1558694581968 -356205
1558694583421 -356073
1558694593208 -303835
1558694594207 -304834
1558694601080 -311706
1558694604032 -314658
1558694604032 -314658
1558694605233 -325088
1558694605835 -316460
1558694616656 -327218
1558694619733 -339586
1558694626784 -345508
1558694630284 -340843
1558694630484 -350334
1558694631479 -351329
1558694635190 -345748
1558694635570 -354291
1558694637153 -347710
1558694637154 -347711
1558694638296 -358144
1558694639143 -349699
1558694639484 -358203
1558694641101 -351657
1558694641106 -351661
1558694642049 -312166
1558694643397 -306891
1558694648878 -318994
1558694649937 -360489
1558694649938 -360490
1558694650072 -313565
1558694650839 -320955
1558694652027 -315520
1558694658878 -322370
1558694659859 -323351
1558694663542 -333656
1558694665732 -329223
1558694666708 -330199
1558694670468 -333958
1558694671413 -322464
1558694672170 -342283
1558694672408 -335898
1558694672408 -323459
1558694677060 -347173
1558694677063 -347175
1558694678074 -348186
1558694679062 -349174
1558694680218 -343706
1558694684129 -347616
1558694684880 -354990
1558694685855 -355965
1558694689021 -352506
1558694689999 -353483
1558694690586 -360695
1558694694792 -358274
1558694698407 -313521
1558694699785 -350832
1558694701584 -352630
1558694704285 -319398
1558694704557 -355602
1558694708399 -311652
1558694709379 -312632
1558694710439 -361482
1558694711109 -326222
1558694711109 -326222
1558694712404 -295078
1558694713886 -328998
1558694714267 -317519
1558694714375 -297048
1558694715362 -298035
1558694716243 -319489
1558694716357 -299030
1558694717335 -300008
1558694722882 -337993
1558694724201 -327446
1558694725299 -307971
1558694726157 -329402
1558694730665 -345774
1558694732491 -347599
1558694735629 -338872
1558694736188 -351295
1558694738144 -353250
1558694739125 -354231
1558694739795 -322404
1558694741335 -344576
1558694745950 -300820
1558694746699 -329308
1558694746939 -301808
1558694747674 -330283
1558694749146 -352376
1558694751810 -306679
1558694753048 -356276
1558694762259 -344865
1558694773899 -356501
1558694777832 -360433
1558694780786 -303783
1558694787671 -310667
1558694789637 -312633
1558694793575 -316570
1558694797347 -320342
1558694799314 -322309
1558694803250 -326244
1558694817023 -340015
1558694817023 -340015
