1558693126313 -2878
1558693128783 -5348
1558693132676 -2841
1558693136817 -6972
1558693137722 -7869
1558693140347 -16911
1558693141999 -11381
1558693142297 -18861
1558693143863 -13984
1558693144153 -20633
1558693147046 -23010
1558693153663 -22940
1558693160617 -36581
1558693163423 -39386
1558693164946 -34895
1558693167061 -36336
1558693172994 -42268
1558693172994 -42268
1558693173910 -43184
1558693173946 -43220
1558693174085 -50048
1558693175035 -50998
1558693182769 -58732
1558693184306 -54254
1558693188572 -58520
1558693190432 -57054
1558693191672 -67250
1558693193392 -60013
1558693194328 -64245
1558693194328 -64245
1558693199993 -69910
1558693201046 -70963
1558693201047 -70964
1558693202874 -78452
1558693203691 -70312
1558693205963 -75746
1558693207658 -83235
1558693208617 -84194
1558693210697 -80480
1558693211774 -81557
1558693217518 -87300
1558693217518 -87300
1558693217527 -87309
1558693220526 -90308
1558693222161 -97738
1558693223130 -98707
1558693224064 -99641
1558693226047 -101624
1558693227945 -103522
1558693231128 -100724
1558693232678 -99258
1558693239395 -112867
1558693239874 -109470
1558693241292 -114764
1558693241776 -111372
1558693242408 -108987
1558693243396 -109975
1558693244811 -114407
1558693245162 -118634
1558693248641 -118236
1558693250017 -116596
1558693250017 -116596
1558693250558 -120153
1558693250559 -120154
1558693257859 -124438
1558693265423 -138893
1558693266403 -139873
1558693275127 -138102
1558693275133 -138108
1558693281036 -144009
1558693282925 -145898
1558693283635 -157104
1558693283661 -153054
1558693283872 -146845
1558693287571 -161040
1558693287841 -150814
1558693289397 -158790
1558693292759 -155730
1558693296203 -169672
1558693298089 -171558
1558693298190 -167582
1558693298305 -161276
1558693304842 -178311
1558693307930 -173521
1558693315368 -187829
1558693315753 -181344
1558693319238 -191699
1558693321552 -183269
1558693323502 -185219
1558693326030 -198490
1558693326452 -188169
1558693333332 -195049
1558693334120 -199669
1558693339156 -200873
1558693341407 -210706
1558693343880 -205597
1558693346762 -212309
1558693351785 -213500
1558693354993 -224291
1558693358576 -220291
1558693359138 -224685
1558693360508 -222222
1558693361044 -226591
1558693361486 -223200
1558693367783 -233330
1558693369718 -235265
1558693371103 -232817
1558693374038 -235021
1558693375017 -236000
1558693381143 -246689
1558693381151 -244844
1558693388865 -252558
1558693392544 -261340
1558693396579 -260272
1558693399333 -268129
1558693404207 -273002
1558693407036 -270728
1558693407133 -268115
1558693407133 -268115
1558693409897 -278692
1558693410874 -279669
1558693413007 -273989
1558693413749 -277441
1558693413749 -282544
1558693416666 -285461
1558693421513 -285203
1558693422555 -291350
1558693424501 -293296
1558693429033 -289137
1558693432394 -275991
1558693432394 -275991
1558693433205 -302000
1558693439667 -289766
1558693441795 -310590
1558693442020 -285616
1558693442028 -285624
1558693443032 -286628
1558693446887 -290482
1558693446887 -290482
1558693448559 -317353
1558693449822 -278826
1558693450518 -319312
1558693451045 -301142
1558693453412 -322206
1558693458104 -311977
1558693463351 -292353
1558693463582 -303717
1558693463582 -303717
1558693465864 -319736
1558693466838 -320710
1558693467263 -296264
1558693467263 -296264
1558693467264 -296265
1558693470169 -301824
1558693471134 -302789
1558693471688 -325560
1558693478490 -332361
1558693483186 -337056
1558693484159 -338029
1558693489017 -342887
1558693511437 -35
1558693517902 -6500
1558693518713 -11
1558693521814 -6380
1558693521822 -6388
1558693527602 -12168
1558693528543 -13109
1558693530477 -15043
1558693535234 -23798
1558693538841 -20139
1558693543964 -32528
1558693548828 -37391
1558693550559 -35121
1558693552358 -33656
1558693553454 -38016
1558693554320 -35618
1558693556273 -37571
1558693556351 -40913
1558693560218 -44780
1558693566806 -39910
1558693567111 -55674
1558693571748 -51413
1558693581273 -54377
1558693581273 -54377
1558693583198 -56302
1558693584156 -57260
1558693586456 -73027
1558693587414 -73985
1558693587902 -60940
1558693588905 -61943
1558693597518 -70555
1558693599019 -85589
1558693600431 -73468
1558693608762 -88426
1558693610551 -97120
1558693612461 -99030
1558693613553 -93216
1558693616446 -96109
1558693619570 -92606
1558693621466 -94501
1558693622177 -107667
1558693622302 -101965
1558693628791 -114281
1558693631071 -106225
1558693632675 -118165
1558693633646 -119136
1558693635790 -108825
1558693636736 -109771
1558693636777 -111930
1558693637755 -112908
1558693640688 -115841
1558693642387 -127876
1558693643624 -118777
1558693645573 -120726
1558693646374 -119409
1558693647527 -122680
1558693648299 -121334
1558693648303 -121338
1558693649183 -134671
1558693649265 -122300
1558693652098 -137586
1558693654090 -125873
1558693655844 -127627
1558693656787 -142275
1558693657325 -132478
1558693657775 -129558
1558693658737 -130520
1558693664991 -140144
1558693668406 -140189
1558693668450 -153937
1558693668901 -144054
1558693671359 -156846
1558693672333 -154057
1558693673380 -155104
1558693676727 -147952
1558693677999 -159723
1558693679898 -151681
1558693679928 -151711
1558693680923 -152706
1558693681859 -153642
1558693681859 -153642
1558693688296 -159519
1558693688296 -159519
1558693690627 -172350
1558693696131 -167353
1558693699094 -168812
1558693701975 -171693
1558693702118 -183840
1558693703105 -184827
1558693704064 -185786
1558693705040 -186762
1558693711600 -182821
1558693711842 -193563
1558693715560 -186781
1558693716293 -186009
1558693716293 -186009
1558693717664 -199385
1558693720135 -189851
1558693721097 -190813
1558693721549 -203270
1558693722063 -191779
1558693724000 -193716
1558693724962 -194677
1558693726253 -196406
1558693727234 -206564
1558693729655 -199370
1558693731140 -201293
1558693737386 -207101
1558693737962 -217291
1558693740854 -220183
1558693741186 -210900
1558693742772 -222101
1558693744685 -214838
1558693746631 -216784
1558693748901 -218287
1558693751352 -230680
1558693753567 -222953
1558693754258 -233586
1558693757173 -236501
1558693761155 -231307
1558693761283 -230668
1558693769013 -238398
1558693770602 -249929
1558693772557 -249815
1558693773684 -243068
1558693773881 -244032
1558693774505 -251763
1558693774506 -251764
1558693779477 -248861
1558693779567 -249718
1558693786141 -263399
1558693792287 -262438
1558693792943 -270201
1558693795743 -273001
1558693796682 -273940
1558693799242 -268350
1558693801536 -268784
1558693802601 -279858
1558693807473 -284730
1558693807473 -284730
1558693807909 -277017
1558693808332 -275580
1558693808889 -277997
1558693809248 -276496
1558693809790 -278898
1558693813674 -282782
1558693814051 -281299
1558693820546 -285451
1558693823521 -290768
1558693823737 -300208
1558693825441 -292688
1558693829254 -296501
1558693837282 -313753
1558693839872 -307035
1558693839877 -307040
1558693840860 -308023
1558693843567 -310730
1558693844899 -321370
1558693847862 -324333
1558693848403 -315566
1558693852452 -290325
1558693857288 -295159
1558693861203 -299073
1558693861206 -299075
1558693861409 -337879
1558693862853 -302418
1558693864133 -302001
1558693867088 -288198
1558693869068 -323064
1558693869123 -290232
1558693870047 -324043
1558693874266 -313830
1558693874833 -328828
1558693876689 -297795
1558693876778 -330773
1558693878116 -317679
1558693880032 -319595
1558693881967 -321530
1558693883891 -323453
1558693885826 -325388
1558693887443 -289976
1558693888716 -328278
1558693894325 -296857
1558693895069 -349062
1558693895261 -297793
1558693896269 -335830
1558693899173 -338733
1558693902131 -304661
1558693911064 -287765
1558693912529 -331776
1558693914788 -291489
1558693914884 -291585
1558693915378 -334625
1558693915448 -316675
1558693919597 -296297
1558693920231 -321457
1558693921206 -322432
1558693924048 -343293
1558693925028 -344273
1558693931789 -333013
1558693934050 -297469
1558693934675 -335899
1558693939343 -340566
1558693939417 -358660
1558693939946 -303364
1558693940390 -359633
1558693943303 -362545
1558693943830 -307247
1558693947064 -348285
1558693949545 -293113
1558693951086 -324995
1558693951522 -295089
1558693953992 -327901
1558693954425 -297992
1558693958842 -332750
1558693963340 -319534
1558693964226 -307791
1558693964278 -320472
1558693968399 -342306
1558693969081 -325274
1558693971979 -328172
1558693973246 -347152
1558693977125 -351030
1558693977747 -305836
1558693978099 -352004
1558693978758 -334950
1558693978785 -334977
1558693980038 -353943
1558693980680 -308768
1558693981616 -337807
1558693981983 -355888
1558693982951 -356855
1558693986568 -302044
1558693987528 -303004
1558693991570 -336160
1558693993402 -308877
1558693993409 -308884
1558693996410 -341000
1558693997864 -354053
1558693999800 -309138
1558694001275 -345864
1558694001287 -345876
1558694002228 -346817
1558694006919 -351507
1558694007338 -316675
1558694007897 -297246
1558694012164 -321501
1558694014699 -359286
1558694022395 -311742
1558694025662 -334997
1558694028286 -372869
1558694031048 -349902
1558694033955 -352809
1558694034941 -353795
1558694035889 -354743
1558694037065 -346397
1558694042828 -298157
1558694043784 -299113
1558694047533 -366385
1558694051418 -370270
1558694051530 -301821
1558694052495 -302786
1558694052495 -302786
1558694055145 -373996
1558694056486 -311812
1558694057084 -375935
1558694058058 -376909
1558694060378 -281646
1558694061983 -312273
1558694065101 -286369
1558694070731 -389580
1558694072683 -333745
1558694072966 -294233
1558694073632 -334694
1558694079259 -340320
1558694080234 -341295
1558694080766 -302032
1558694080773 -302038
1558694081206 -342267
1558694085090 -346150
1558694085090 -346150
1558694092323 -313587
1558694094808 -355867
1558694096547 -346829
1558694100139 -295272
1558694100649 -361707
1558694103405 -364463
1558694104097 -299230
1558694109465 -370521
1558694112257 -303051
1558694114792 -305586
1558694118564 -313694
1558694118926 -341235
1558694119534 -288436
1558694119534 -288436
1558694120511 -289413
1558694123788 -346097
1558694128044 -318836
1558694131389 -353697
1558694135269 -357576
1558694138184 -360491
1558694138935 -307835
1558694139648 -330438
1558694142069 -364375
1558694142540 -333329
1558694142842 -311741
1558694146378 -337166
1558694146763 -289433
1558694149701 -372006
1558694149701 -292371
1558694150072 -340858
1558694150686 -293356
1558694151998 -342784
1558694158791 -349575
1558694160396 -357775
1558694164243 -361621
1558694167160 -364538
1558694170071 -367449
1558694170323 -302821
1558694171047 -313714
1558694171284 -303782
1558694172037 -314704
1558694174002 -290436
1558694174767 -372144
1558694178830 -311327
1558694179794 -312291
1558694179794 -312291
1558694181720 -314217
1558694181800 -298233
1558694182779 -299212
1558694183511 -380887
1558694184616 -317112
1558694185439 -382814
1558694185581 -318077
1558694191485 -323980
1558694191485 -307917
1558694198978 -345132
1558694201252 -296100
1558694204275 -299122
1558694206204 -301051
1558694206820 -352973
1558694206871 -353024
1558694209866 -304713
1558694210548 -356700
1558694212479 -358631
1558694215543 -361695
1558694217936 -312782
1558694222789 -287759
1558694224050 -297079
1558694229408 -294377
1558694229433 -294402
1558694230416 -295385
1558694234691 -380840
1558694235146 -300114
1558694235146 -300114
1558694239053 -304020
1558694240578 -334395
1558694241283 -314307
1558694243037 -316060
1558694243289 -337106
1558694246310 -340127
1558694247277 -341094
1558694248975 -313940
1558694249918 -322941
1558694251787 -324810
1558694252992 -346808
1558694257454 -330476
1558694258377 -331398
1558694259341 -332362
1558694259341 -332362
1558694260317 -333338
1558694261336 -334357
1558694263218 -336239
1558694266352 -297251
1558694266569 -360383
1558694268354 -362168
1558694269384 -300283
1558694271967 -344986
1558694273346 -304244
1558694275684 -348702
1558694276178 -307076
1558694276660 -349678
1558694278595 -351612
1558694278988 -372800
1558694279132 -310030
1558694281891 -346196
1558694284414 -301835
1558694290513 -354817
1558694292743 -302283
1558694305590 -323008
1558694305590 -323008
1558694307531 -324949
1558694308318 -293536
1558694310286 -295503
1558694310448 -327865
1558694316767 -381067
1558694317749 -382049
1558694322899 -340313
1558694323595 -330098
1558694324842 -342256
1558694325554 -332057
1558694326033 -311248
1558694334545 -351955
1558694336355 -353764
1558694342601 -301582
1558694343580 -302560
1558694344094 -306020
1558694345915 -352415
1558694350882 -312807
1558694351849 -313774
1558694351849 -313774
1558694354238 -313217
1558694354690 -361189
1558694357672 -319596
1558694358621 -365120
1558694364301 -370799
1558694366242 -328165
1558694366252 -350589
1558694367229 -351565
1558694368013 -304445
1558694368015 -304446
1558694368209 -352545
1558694369156 -331078
1558694369991 -306420
1558694370180 -354516
1558694371158 -355494
1558694372068 -333990
1558694374024 -335946
1558694374030 -335952
1558694375719 -312141
1558694375719 -312141
1558694376016 -360351
1558694377886 -339807
1558694381621 -299860
1558694381769 -343689
1558694386480 -348399
1558694387526 -305764
1558694387598 -371932
1558694390482 -308720
1558694390530 -374863
1558694394432 -378765
1558694395200 -298654
1558694395414 -313651
1558694398357 -316594
1558694402245 -386576
1558694403105 -291130
1558694408630 -312082
1558694408630 -312082
1558694412833 -338932
1558694413832 -339931
1558694416984 -305007
1558694419785 -345883
1558694420849 -308871
1558694422785 -310807
1558694425121 -328571
1558694425131 -328581
1558694425540 -351637
1558694426565 -314587
1558694427494 -353591
1558694430773 -334222
1558694439349 -297483
1558694441315 -299449
1558694442418 -345864
1558694444356 -347801
1558694444924 -371018
1558694447059 -305192
1558694447266 -350710
1558694450010 -308143
1558694452966 -311099
1558694454063 -357505
1558694454680 -331747
1558694454680 -331747
1558694455653 -332719
1558694455925 -314057
1558694457881 -316013
1558694459434 -336500
1558694465759 -294713
1558694466531 -310614
1558694468462 -312544
1558694469738 -298691
1558694474289 -318370
1558694478979 -323060
1558694479954 -324034
1558694480922 -325002
1558694481912 -325992
1558694486624 -363686
1558694490530 -367591
1558694490654 -334731
1558694493458 -349424
1558694494122 -296768
1558694504061 -348130
1558694505778 -308422
1558694505778 -308422
1558694505990 -350059
1558694507923 -351991
1558694508901 -352968
1558694508926 -364889
1558694510789 -313433
1558694511709 -314352
1558694511835 -355901
1558694512856 -368819
1558694515632 -288186
1558694515632 -288186
1558694519382 -291936
1558694520547 -305184
1558694525293 -297846
1558694525296 -297849
1558694526287 -310923
1558694526367 -298920
1558694531564 -387521
1558694531564 -304116
1558694532305 -316940
1558694535015 -319650
1558694538096 -310647
1558694541040 -313591
1558694542960 -353497
1558694548819 -359355
1558694549362 -333993
1558694552681 -297161
1558694555184 -339813
1558694555495 -366030
1558694556123 -340752
1558694558590 -303069
1558694563543 -308022
1558694566258 -376792
1558694566872 -351497
1558694567834 -352458
1558694569264 -313742
1558694569730 -354354
1558694571138 -381671
1558694574414 -325381
1558694578114 -300868
1558694580092 -302846
1558694580239 -331205
1558694585038 -307791
1558694585100 -336065
1558694586602 -351577
1558694593688 -316440
1558694594428 -359402
1558694595777 -346740
1558694597356 -362329
1558694598502 -349463
1558694600435 -351396
1558694603049 -368021
1558694603349 -354310
1558694606249 -357209
1558694608910 -373882
1558694609431 -306808
1558694609882 -374853
1558694615746 -380715
1558694617699 -346173
1558694618679 -347153
1558694620655 -324976
1558694623411 -351884
1558694626982 -294226
1558694629266 -357739
1558694632905 -300148
1558694633276 -337596
1558694633278 -337598
1558694635126 -363598
1558694638126 -342445
1558694640015 -368486
1558694650601 -379070
1558694652553 -381022
1558694656401 -360718
1558694657333 -294237
1558694658344 -304514
1558694659398 -387865
1558694665030 -301933
1558694672906 -356143
1558694675661 -321829
1558694680782 -317683
1558694681482 -327649
1558694682504 -328671
1558694684642 -367877
1558694690496 -373730
1558694691027 -337193
1558694691028 -337194
1558694691436 -297996
1558694693022 -339188
1558694693450 -300009
1558694694015 -340180
1558694696395 -302954
1558694698339 -304898
1558694700110 -383341
1558694701090 -384321
1558694704254 -310812
1558694705579 -351741
1558694705580 -351742
1558694708489 -354650
1558694712805 -343610
1558694713905 -291120
1558694716133 -306540
1558694720509 -351313
1558694727876 -305089
1558694729472 -360275
1558694730725 -307937
1558694730796 -321201
1558694734554 -324958
1558694735558 -325962
1558694736501 -326905
1558694739033 -369835
1558694745708 -350269
1558694750137 -297175
1558694750600 -355161
1558694753082 -300119
1558694757660 -348060
1558694758626 -349026
1558694761369 -351768
1558694762757 -309793
1558694766230 -356628
1558694784240 -305809
1558694786209 -307777
1558694794085 -315652
1558694802939 -294217
