1558693131845 -544
1558693131845 -544
1558693135243 -4169
1558693140080 -9006
1558693147764 -16689
1558693149322 -18021
1558693149710 -18635
1558693158368 -27293
1558693163719 -32417
1558693165690 -34388
1558693166055 -34980
1558693177740 -46025
1558693177740 -46025
1558693178353 -45435
1558693181103 -48185
1558693190219 -57301
1558693193118 -60200
1558693194189 -62474
1558693194845 -61927
1558693196150 -64435
1558693204394 -71476
1558693204394 -71476
1558693205596 -73881
1558693208485 -76769
1558693215127 -82205
1558693218069 -85147
1558693222963 -90040
1558693226845 -89076
1558693228791 -91022
1558693230626 -97703
1558693233553 -100630
1558693239567 -101798
1558693240527 -102758
1558693244314 -111391
1558693245395 -107626
1558693247359 -109590
1558693253063 -115293
1558693259751 -126821
1558693263813 -126043
1558693264813 -127043
1558693265770 -127992
1558693267568 -134638
1558693269523 -136593
1558693285122 -152192
1558693287222 -149267
1558693288110 -150155
1558693289890 -156960
1558693294020 -156065
1558693295983 -158016
1558693296754 -158787
1558693296772 -158805
1558693298525 -165595
1558693301645 -163678
1558693303406 -168953
1558693305545 -167578
1558693307343 -172890
1558693309287 -174834
1558693309455 -170211
1558693312232 -177779
1558693320032 -185578
1558693321024 -181778
1558693322798 -188344
1558693326905 -187659
1558693329669 -195214
1558693330645 -196190
1558693332760 -193513
1558693334715 -195468
1558693343538 -204290
1558693344297 -209842
1558693347268 -208020
1558693350239 -210991
1558693352939 -216975
1558693363889 -224640
1558693364680 -228716
1558693364875 -225626
1558693365846 -226597
1558693366828 -227579
1558693370383 -234419
1558693371364 -235400
1558693373301 -237337
1558693375264 -239300
1558693378401 -239044
1558693398545 -262580
1558693400499 -264534
1558693400725 -261367
1558693404429 -268464
1558693404651 -265293
1558693405450 -268695
1558693411284 -274529
1558693414413 -275054
1558693421112 -281753
1558693424760 -274412
1558693427685 -277337
1558693427685 -277337
1558693431868 -292509
1558693433692 -283343
1558693436561 -286212
1558693438492 -288142
1558693442509 -302254
1558693447076 -287114
1558693448046 -288084
1558693461020 -300698
1558693461022 -300700
1558693466718 -306396
1558693467411 -299741
1558693480408 -310425
1558693519081 -9364
1558693522894 -2554
1558693523845 -3505
1558693527763 -7423
1558693527765 -7425
1558693537542 -17202
1558693541400 -31679
1558693541401 -31680
1558693546291 -36570
1558693548130 -27789
1558693554978 -34637
1558693562798 -42457
1558693563783 -43442
1558693564809 -44303
1558693564809 -44303
1558693566655 -55310
1558693568500 -47994
1558693580183 -68836
1558693581162 -69815
1558693582132 -70785
1558693590005 -78657
1558693591832 -71325
1558693592809 -72302
1558693594833 -83485
1558693599629 -79122
1558693602564 -82057
1558693602647 -88661
1558693606394 -92408
1558693612257 -98271
1558693613346 -92839
1558693615190 -101204
1558693617147 -103161
1558693620005 -99497
1558693621047 -107061
1558693621964 -101456
1558693623005 -109019
1558693626850 -106342
1558693627728 -113742
1558693636641 -111829
1558693636646 -111834
1558693637491 -123505
1558693638423 -113611
1558693638424 -113612
1558693642379 -128390
1558693658963 -134151
1558693661914 -137102
1558693662739 -142978
1558693667591 -142778
1558693668599 -148837
1558693676259 -156497
1558693686997 -158213
1558693699553 -175231
1558693700693 -171908
1558693702479 -178157
1558693702651 -173866
1558693709335 -185012
1558693710292 -181506
1558693711266 -182480
1558693719085 -190298
1558693725938 -197151
1558693728700 -204376
1558693736518 -212194
1558693741407 -217083
1558693747285 -217445
1558693749058 -222146
1558693749058 -222146
1558693757854 -230942
1558693763737 -233895
1558693771568 -241726
1558693772360 -245447
1558693773537 -243695
1558693777231 -250318
1558693782155 -252313
1558693791934 -262092
1558693792911 -263069
1558693795884 -266042
1558693804514 -277601
1558693806476 -275576
1558693809412 -282498
1558693811387 -280487
1558693814251 -275777
1558693816190 -277716
1558693817188 -286287
1558693817190 -286289
1558693822134 -291233
1558693826759 -288284
1558693827721 -289246
1558693827722 -289247
1558693831679 -293203
1558693832788 -287531
1558693833723 -288466
1558693834674 -289416
1558693853037 -292137
1558693855910 -290185
1558693856949 -296048
1558693863814 -302912
1558693869513 -303787
1558693875574 -295246
1558693876283 -292192
1558693879223 -295131
1558693882219 -301891
1558693883187 -302859
1558693888011 -303918
1558693899572 -301763
1558693899831 -293311
1558693901723 -295203
1558693903826 -297306
1558693909533 -311722
1558693916026 -281462
1558693916317 -296286
1558693921908 -287344
1558693924811 -290246
1558693934688 -296264
1558693935562 -300996
1558693941243 -306676
1558693943204 -308637
1558693950033 -290223
1558693953107 -294125
1558693955053 -296071
1558693958834 -298982
1558693959813 -299961
1558693960941 -301958
1558693969745 -310760
1558693970413 -310560
1558693975314 -297062
1558693981152 -302899
1558693981152 -302899
1558693982283 -300937
1558693987827 -309573
1558693998577 -294139
1558694007381 -302942
1558694009167 -304728
1558694010145 -305706
1558694014059 -309620
1558694015367 -311707
1558694019107 -315446
1558694019107 -315446
1558694024003 -290412
1558694025000 -291408
1558694028886 -295294
1558694038358 -308664
1558694046135 -290231
1558694046135 -290231
1558694052195 -318600
1558694060994 -297257
1558694067676 -303938
1558694080010 -293988
1558694080393 -316653
1558694084891 -298868
1558694088795 -302772
1558694090752 -304728
1558694097821 -303878
1558694100753 -306810
1558694101735 -307792
1558694103305 -288106
1558694104702 -310759
1558694108323 -293123
1558694108787 -314844
1558694113682 -294515
1558694115160 -299959
1558694116973 -301772
1558694118926 -303725
1558694133832 -314662
1558694136368 -297888
1558694139540 -290252
1558694141523 -292235
1558694141523 -292235
1558694145150 -306669
1558694146127 -307646
1558694150295 -301005
1558694152256 -302966
1558694159120 -309829
1558694161055 -311764
1558694161599 -294122
1558694162853 -313562
1558694162853 -313562
1558694165780 -316488
1558694166758 -317466
1558694169697 -290423
1558694170670 -291396
1558694170671 -291397
1558694176096 -308617
1558694187131 -307855
1558694188111 -308835
1558694188116 -308839
1558694192744 -301978
1558694195664 -304898
1558694196008 -316676
1558694206351 -315583
1558694209247 -289319
1558694214370 -301958
1558694218539 -306127
1558694220567 -308155
1558694222935 -303005
1558694224373 -311960
1558694234817 -288384
1558694238391 -288356
1558694238733 -292300
1558694239689 -293256
1558694241415 -291379
1558694242660 -296226
1558694244321 -294285
1558694248219 -298182
1558694248599 -302165
1558694248657 -302223
1558694252094 -302057
1558694252984 -302947
1558694258802 -308764
1558694259109 -312673
1558694267045 -290637
1558694268026 -291617
1558694275365 -295189
1558694278312 -298136
1558694284515 -308104
1558694286177 -306000
1558694286177 -306000
1558694293885 -313707
1558694294359 -317947
1558694296831 -296298
1558694301241 -294679
1558694302724 -302190
1558694303713 -303179
1558694304192 -297630
1558694305012 -298449
1558694307640 -307106
1558694308623 -308088
1558694308627 -308092
1558694311896 -305333
1558694319766 -313202
1558694319771 -313207
1558694322732 -316167
1558694325175 -300358
1558694330456 -297614
1558694335006 -310188
1558694344192 -311348
1558694344194 -311350
1558694350094 -317249
1558694351560 -292890
1558694356467 -297796
1558694362369 -303698
1558694366137 -307465
1558694370077 -311405
1558694373035 -314362
1558694377938 -289136
1558694382229 -289297
1558694382231 -289299
1558694383216 -290284
1558694383216 -290284
1558694386161 -293229
1558694388749 -299945
1558694389117 -296184
1558694390105 -297172
1558694397980 -305046
1558694399953 -307019
1558694399953 -307019
1558694400794 -307860
1558694401735 -308801
1558694402720 -309786
1558694403350 -314545
1558694406676 -313741
1558694411587 -293357
1558694411587 -293357
1558694413172 -293264
1558694414042 -294134
1558694414648 -296418
1558694419960 -300051
1558694422394 -304162
1558694423379 -305147
1558694425793 -305884
1558694429115 -310883
1558694433664 -313753
1558694434643 -314732
1558694434643 -314732
1558694435021 -316788
1558694436988 -293498
1558694439936 -296446
1558694441900 -298409
1558694448245 -295433
1558694451255 -298443
1558694452181 -299369
1558694455520 -312028
1558694467780 -314966
1558694472673 -319858
1558694479944 -307313
1558694480927 -308296
1558694482495 -296620
1558694484861 -312230
1558694487255 -301379
1558694488822 -316190
1558694489783 -317151
1558694491181 -305305
1558694495690 -292879
1558694498483 -295672
1558694510741 -298641
1558694514616 -302515
1558694520521 -308420
1558694521921 -290903
1558694524459 -312357
1558694529044 -298024
1558694531215 -300195
1558694532133 -301113
1558694532982 -301962
1558694535194 -296854
1558694540021 -301680
1558694544939 -306597
1558694548855 -310513
1558694553225 -302719
1558694564456 -295803
1558694568016 -317508
1558694569809 -319301
1558694571316 -302663
1558694572313 -303660
1558694573279 -304625
1558694573737 -296907
1558694575245 -306591
1558694577210 -308556
1558694577682 -300851
1558694578213 -309559
1558694584923 -316268
1558694589828 -287102
1558694593239 -316406
1558694593239 -316406
1558694598160 -292158
1558694600653 -297925
1558694603079 -297077
1558694606387 -303659
1558694608003 -302000
1558694608983 -302980
1558694620622 -314617
1558694628012 -291037
1558694634730 -297754
1558694636370 -300987
1558694636372 -300989
1558694640637 -303660
1558694643114 -307730
1558694649475 -312497
1558694663065 -300698
1558694664580 -298912
1558694665550 -299882
1558694666040 -303673
1558694667014 -304647
1558694668505 -302836
1558694668505 -302836
1558694670494 -304825
1558694671453 -305784
1558694674404 -308735
1558694688017 -293002
1558694691421 -298897
1558694693014 -297998
1558694693014 -297998
1558694694425 -301900
1558694695410 -302885
1558694697355 -304830
1558694701794 -306777
1558694703773 -308756
1558694705026 -312500
1558694705029 -312503
1558694706014 -313488
1558694706721 -311703
1558694707967 -315441
1558694708952 -316425
1558694714858 -292999
1558694717366 -292178
1558694717803 -295943
1558694718796 -296936
1558694718796 -296936
1558694718803 -296943
1558694719337 -294149
1558694728326 -303137
1558694729592 -307731
1558694730603 -308742
1558694731362 -306172
1558694735909 -310719
1558694735909 -310719
1558694738842 -313652
1558694745170 -296921
1558694745733 -294115
1558694748684 -297065
1558694752628 -301009
1558694754593 -302974
1558694758764 -310514
1558694761311 -309691
1558694761717 -313467
1558694763276 -311656
1558694764261 -312640
1558694765250 -313629
1558694766235 -314614
1558694771149 -292192
1558694771551 -292985
1558694772370 -293804
1558694774338 -295772
1558694784759 -305800
1558694788102 -309534
1558694791051 -312483
1558694794001 -315432
1558694794598 -315638
1558694796786 -318217
