1558693128608 -3746
1558693134489 -2790
1558693134489 -9627
1558693137430 -12567
1558693139401 -7702
1558693141288 -9548
1558693145369 -10507
1558693146165 -14425
1558693146370 -11508
1558693147098 -15358
1558693147230 -12368
1558693149995 -18255
1558693151138 -16276
1558693154053 -19191
1558693154053 -19191
1558693154705 -22964
1558693155650 -23909
1558693155924 -21062
1558693158818 -23956
1558693177991 -46249
1558693178121 -43258
1558693180070 -44521
1558693189833 -58075
1558693190820 -55271
1558693194827 -67874
1558693197419 -64754
1558693197514 -61965
1558693204200 -68650
1558693204324 -77370
1558693208861 -76195
1558693209844 -77178
1558693210850 -75300
1558693216673 -81123
1558693218639 -85973
1558693219566 -84016
1558693219779 -90123
1558693222718 -93062
1558693224440 -85838
1558693226383 -87781
1558693226634 -96977
1558693227275 -94609
1558693227358 -88756
1558693232472 -102815
1558693233066 -94463
1558693235045 -96442
1558693240313 -110655
1558693242931 -110263
1558693246835 -114167
1558693248939 -119281
1558693250892 -121234
1558693251556 -118887
1558693252536 -119867
1558693254439 -115828
1558693255476 -122807
1558693259692 -130033
1558693260368 -127699
1558693262615 -130504
1558693263600 -131489
1558693266187 -127575
1558693267208 -134539
1558693268179 -135510
1558693269106 -130494
1558693271260 -139149
1558693277163 -145051
1558693278814 -146145
1558693279107 -146995
1558693279765 -141028
1558693280151 -148039
1558693283030 -150918
1558693283628 -144891
1558693284747 -152066
1558693285931 -153250
1558693295409 -156665
1558693297234 -164553
1558693297512 -165398
1558693298464 -166350
1558693307265 -175150
1558693307962 -175281
1558693313128 -179345
1558693313751 -175005
1558693313799 -181118
1558693314789 -182108
1558693315796 -183115
1558693319665 -184940
1558693320768 -186985
1558693330291 -195565
1558693335092 -195324
1558693337393 -203610
1558693339956 -200187
1558693344844 -205075
1558693345063 -211280
1558693352597 -217870
1558693353503 -213733
1558693361299 -221529
1558693361384 -226657
1558693361384 -226657
1558693361658 -227836
1558693366398 -232576
1558693367167 -227397
1558693367167 -227397
1558693368343 -234521
1558693370097 -230327
1558693371264 -237442
1558693374194 -240372
1558693379085 -245263
1558693379732 -239836
1558693379739 -239843
1558693382018 -248196
1558693383637 -243741
1558693384605 -244709
1558693384939 -249465
1558693386646 -251224
1558693389576 -254154
1558693393317 -257895
1558693393319 -257897
1558693394377 -254480
1558693396206 -256309
1558693399437 -251205
1558693401145 -265723
1558693403021 -263124
1558693404108 -268686
1558693404325 -256092
1558693405042 -265145
1558693405357 -257124
1558693406175 -270753
1558693410028 -261794
1558693411844 -271947
1558693412886 -273482
1558693414836 -275432
1558693417595 -278133
1558693417599 -278137
1558693417670 -277773
1558693421747 -259940
1558693421749 -259941
1558693422543 -269570
1558693424400 -284503
1558693425417 -272443
1558693426310 -286412
1558693428350 -275376
1558693438186 -285210
1558693439996 -296517
1558693440916 -275513
1558693444817 -279413
1558693445790 -280386
1558693459380 -303254
1558693515114 -5420
1558693533236 -11366
1558693534062 -22874
1558693538937 -27749
1558693541029 -19159
1558693544792 -33604
1558693544792 -33604
1558693545765 -34577
1558693548198 -38503
1558693548724 -37536
1558693549645 -27775
1558693555520 -33650
1558693561253 -50062
1558693561380 -38051
1558693562347 -39018
1558693563677 -52301
1558693565205 -54014
1558693566130 -54939
1558693568085 -56894
1558693571995 -48665
1558693572477 -61100
1558693572939 -49609
1558693572966 -61775
1558693576847 -53517
1558693576847 -53517
1558693581752 -58421
1558693583708 -60377
1558693583715 -60384
1558693588673 -65342
1558693589528 -78336
1558693589682 -66351
1558693591425 -80233
1558693592424 -81232
1558693593816 -79975
1558693596326 -72994
1558693602111 -78779
1558693608316 -94465
1558693609296 -95445
1558693611250 -97399
1558693612734 -98761
1558693613931 -84814
1558693614710 -100737
1558693618581 -104608
1558693619551 -90434
1558693622004 -108104
1558693622510 -93393
1558693622984 -109084
1558693623960 -110060
1558693624939 -111039
1558693627421 -113448
1558693630171 -116198
1558693637485 -123584
1558693637969 -123996
1558693642867 -113749
1558693642867 -113749
1558693643821 -114703
1558693650666 -121548
1558693653463 -139487
1558693656545 -126979
1558693657377 -143401
1558693666147 -152171
1558693672520 -158618
1558693674944 -160869
1558693681798 -167722
1558693684089 -170187
1558693684749 -155181
1558693689459 -159890
1558693692388 -162818
1558693692388 -178312
1558693693368 -163798
1558693696803 -176919
1558693700546 -180662
1558693701173 -171603
1558693701525 -181641
1558693702502 -182618
1558693708871 -194795
1558693709044 -177643
1558693712278 -192394
1558693715211 -195327
1558693715211 -195327
1558693717629 -186227
1558693717629 -186227
1558693719122 -199237
1558693724324 -210247
1558693724474 -193072
1558693727750 -207865
1558693728387 -196984
1558693729733 -209848
1558693730394 -198991
1558693738048 -206645
1558693739488 -219602
1558693739957 -208554
1558693739957 -218673
1558693741911 -220627
1558693743862 -212458
1558693744845 -223561
1558693752030 -232143
1558693754613 -222712
1558693758371 -237035
1558693762784 -242897
1558693763247 -231346
1558693763762 -243875
1558693763763 -243876
1558693766694 -246807
1558693767172 -235271
1558693771421 -251534
1558693772398 -252511
1558693775840 -254502
1558693777747 -256409
1558693781661 -260323
1558693784133 -260059
1558693789021 -264947
1558693790453 -258551
1558693791960 -267886
1558693792933 -268859
1558693793921 -269847
1558693794392 -272764
1558693796401 -264499
1558693799727 -275652
1558693800249 -278621
1558693806141 -273033
1558693811905 -290276
1558693812391 -288316
1558693813814 -280706
1558693815290 -291215
1558693818745 -297116
1558693819033 -294958
1558693823903 -299828
1558693826327 -304698
1558693826337 -304708
1558693827806 -303731
1558693829759 -305684
1558693830217 -308588
1558693832349 -310720
1558693833752 -291088
1558693834233 -312604
1558693837068 -296021
1558693838564 -295899
1558693845899 -289345
1558693846691 -325062
1558693847706 -326077
1558693848646 -327017
1558693850749 -294195
1558693853531 -331901
1558693853685 -297130
1558693855027 -312357
1558693861311 -320394
1558693862366 -305810
1558693865249 -292770
1558693868274 -295795
1558693868648 -325976
1558693870060 -329142
1558693880778 -308297
1558693881248 -297206
1558693884645 -312164
1558693887542 -346622
1558693888548 -282521
1558693889068 -305025
1558693891498 -285471
1558693891836 -307793
1558693892274 -351353
1558693894261 -353340
1558693898341 -292313
1558693899667 -315623
1558693900680 -316636
1558693902271 -296242
1558693903278 -300171
1558693905354 -302247
1558693905502 -299473
1558693906319 -300074
1558693908251 -305143
1558693911179 -304934
1558693919555 -316442
1558693921012 -336965
1558693923647 -306961
1558693925335 -322220
1558693930790 -346740
1558693934131 -331012
1558693936086 -332967
1558693936088 -332969
1558693936661 -352609
1558693939072 -293293
1558693942362 -292162
1558693942965 -297185
1558693944322 -294122
1558693945293 -295093
1558693949211 -299010
1558693955502 -299125
1558693959960 -309758
1558693960429 -299827
1558693962156 -305778
1558693964127 -307749
1558693964339 -303737
1558693970954 -314575
1558693979805 -307781
1558693980782 -308757
1558693982742 -310717
1558693983705 -327324
1558693983734 -311709
1558693985628 -329247
1558693989370 -332988
1558693991549 -308432
1558693991899 -341690
1558693992318 -335936
1558693992869 -342659
1558693997256 -314138
1558694002645 -352431
1558694003095 -302897
1558694005973 -349587
1558694007549 -357334
1558694007549 -357334
1558694008980 -308781
1558694010298 -360082
1558694010944 -310745
1558694013661 -339642
1558694015188 -326890
1558694016776 -316576
1558694020494 -346475
1558694022432 -348412
1558694024999 -336700
1558694025403 -351383
1558694026914 -338615
1558694028349 -297983
1558694029859 -341559
1558694033606 -345306
1558694034579 -346279
1558694034997 -360976
1558694035006 -360985
1558694035556 -347256
1558694038124 -307757
1558694049242 -360939
1558694054137 -365833
1558694063404 -303078
1558694064377 -304050
1558694066333 -306006
1558694071013 -334751
1558694076882 -340619
1558694078809 -342545
1558694078868 -318056
1558694078868 -318056
1558694080208 -339690
1558694081595 -345331
1558694082785 -305647
1558694085479 -349214
1558694088641 -311502
1558694089375 -353110
1558694096292 -319152
1558694098784 -325367
1558694099763 -326346
1558694100741 -327324
1558694102157 -306769
1558694102157 -306769
1558694110341 -314952
1558694110557 -337138
1558694113666 -340247
1558694123522 -300896
1558694125461 -302835
1558694126365 -359932
1558694130727 -357306
1558694135237 -312610
1558694142806 -325078
1558694142892 -294096
1558694143783 -326055
1558694144407 -310663
1558694146716 -328987
1558694150273 -316528
1558694151616 -333886
1558694151715 -302918
1558694152690 -303893
1558694153061 -319316
1558694153412 -335682
1558694157499 -339768
1558694158595 -309797
1558694160260 -342528
1558694162196 -344464
1558694162450 -313615
1558694163217 -345484
1558694163313 -288289
1558694166195 -291170
1558694168148 -293123
1558694170984 -353247
1558694172607 -338859
1558694174910 -357173
1558694178294 -344545
1558694180249 -346500
1558694185742 -310714
1558694186458 -321196
1558694190419 -325156
1558694190516 -315488
1558694191433 -326170
1558694193315 -328052
1558694197315 -332051
1558694198362 -297079
1558694201690 -334001
1558694201690 -334001
1558694202038 -336774
1558694207295 -306011
1558694213663 -348397
1558694214299 -346608
1558694215800 -350534
1558694217461 -349770
1558694221303 -353611
1558694222837 -357569
1558694223881 -322451
1558694228210 -335739
1558694228226 -335755
1558694231100 -338629
1558694233051 -340580
1558694235166 -318172
1558694236114 -343642
1558694239637 -319429
1558694246035 -305022
1558694253703 -312688
1558694253703 -312688
1558694256629 -315173
1558694257088 -336877
1558694259970 -339759
1558694262941 -342730
1558694264289 -322831
1558694264289 -322831
1558694266333 -373857
1558694271283 -303021
1558694273223 -304960
1558694275095 -306832
1558694276539 -356326
1558694278043 -309780
1558694281015 -312751
1558694283424 -306964
1558694289323 -312862
1558694291652 -302042
1558694296569 -306958
1558694300402 -369555
1558694300949 -324487
1558694306868 -330405
1558694307288 -376439
1558694308844 -332381
1558694310190 -296343
1558694312222 -381371
1558694319475 -343010
1558694320014 -306166
1558694320459 -343994
1558694321003 -307155
1558694328339 -351871
1558694328757 -342635
1558694332695 -346572
1558694333683 -347560
1558694334239 -357769
1558694334607 -320673
1558694334667 -348544
1558694335222 -358752
1558694338593 -352469
1558694344903 -316030
1558694346424 -313783
1558694348266 -362139
1558694350368 -317726
1558694352318 -319676
1558694352765 -323889
1558694353181 -367052
1558694356130 -370000
1558694361034 -302508
1558694361983 -303457
1558694364595 -335717
1558694367893 -309366
1558694369740 -331782
1558694372304 -343425
1558694372851 -314324
1558694374799 -316271
1558694377731 -319203
1558694383463 -298738
1558694386470 -348506
1558694388993 -297053
1558694391346 -306620
1558694399207 -314476
1558694401605 -309663
1558694401983 -289956
1558694406545 -314603
1558694408514 -316571
1558694409512 -317569
1558694412804 -300776
1558694417774 -355445
1558694417774 -355444
1558694417774 -355444
1558694419264 -327320
1558694419780 -307751
1558694424467 -362136
1558694428403 -366072
1558694430368 -368036
1558694432930 -340984
1558694440645 -348696
1558694441019 -378684
1558694441182 -303951
1558694441182 -303951
1558694442161 -304930
1558694442991 -327322
1558694447541 -355590
1558694447902 -332233
1558694450845 -313613
1558694455768 -298118
1558694457733 -342062
1558694458335 -320302
1558694458711 -301061
1558694459711 -344040
1558694461685 -346014
1558694465619 -307968
1558694465619 -307968
1558694466611 -308959
1558694468046 -330012
1558694468056 -330022
1558694468992 -330958
1558694470019 -331985
1558694473915 -335881
1558694474899 -336864
1558694476243 -296367
1558694478219 -362545
1558694481175 -365501
1558694482156 -366481
1558694486540 -348504
1558694486542 -348506
1558694487069 -307191
1558694489488 -351451
1558694492809 -347020
1558694493790 -348001
1558694497361 -359322
1558694499684 -319535
1558694499684 -319535
1558694503626 -357836
1558694503629 -357839
1558694508555 -362764
1558694510002 -331689
1558694512974 -334661
1558694514443 -308256
1558694515893 -337579
1558694515893 -337579
1558694517851 -339537
1558694519364 -313176
1558694520352 -314164
1558694523762 -345448
1558694531820 -353504
1558694532247 -300874
1558694532247 -300874
1558694532329 -300956
1558694532878 -354562
1558694534067 -302694
1558694535436 -357120
1558694535436 -357120
1558694537361 -359045
1558694544606 -344417
1558694550529 -319087
1558694551503 -320060
1558694553461 -353270
1558694556039 -328774
1558694558378 -310397
1558694560871 -333605
1558694561837 -334571
1558694562196 -362004
1558694562817 -335551
1558694566737 -339470
1558694568701 -341434
1558694570029 -307581
1558694571011 -370816
1558694576534 -349266
1558694577550 -350282
1558694578874 -316425
1558694580843 -318394
1558694585276 -358007
1558694586737 -324251
1558694587199 -359929
1558694587558 -353374
1558694598362 -364176
1558694598362 -364176
1558694600352 -315540
1558694607693 -328163
1558694612959 -378771
1558694615136 -303973
1558694616079 -304916
1558694617545 -338013
1558694620478 -340946
1558694622777 -341796
1558694623807 -342826
1558694624796 -313632
1558694625404 -345870
1558694626746 -345764
1558694634088 -354551
1558694634088 -354551
1558694635584 -294094
1558694638021 -358482
1558694645239 -364254
1558694645891 -309647
1558694649194 -307702
1558694651132 -370145
1558694651158 -309666
1558694653126 -311633
1558694655896 -374908
1558694663956 -303894
1558694664441 -328195
1558694664743 -321357
1558694664927 -304865
1558694665776 -305714
1558694667364 -331117
1558694669654 -326267
1558694669654 -326267
1558694670362 -334115
1558694675244 -338996
1558694680304 -336916
1558694682342 -338953
1558694687190 -343801
1558694691795 -355544
1558694692140 -348750
1558694696726 -309659
1558694697702 -310635
1558694699027 -319451
1558694699977 -356586
1558694701946 -358554
1558694702448 -315379
1558694702448 -315379
1558694705393 -318323
1558694705395 -318325
1558694705711 -339661
1558694708657 -342607
1558694708864 -307654
1558694709640 -343590
1558694711293 -324221
1558694711819 -310608
1558694716575 -315363
1558694716575 -315363
1558694717510 -351458
1558694719171 -332095
1558694719522 -318310
1558694720570 -319358
1558694721255 -334179
1558694722273 -335196
1558694723332 -336255
1558694723643 -297233
1558694727541 -361488
1558694728597 -302187
1558694734082 -368028
1558694736045 -369991
1558694736045 -369991
1558694737066 -310654
1558694737067 -310655
1558694742921 -376866
1558694749793 -333046
1558694750613 -333866
1558694751594 -334847
1558694753791 -304654
1558694755758 -306621
1558694757501 -340753
1558694757725 -308587
1558694758708 -309570
1558694759471 -342723
1558694764088 -334090
1558694765364 -348615
1558694766347 -349598
1558694767394 -318255
1558694769298 -352549
1558694770346 -321207
1558694770347 -321207
1558694772778 -342779
1558694772779 -342780
1558694773760 -343761
1558694774052 -357302
1558694776246 -301954
1558694778677 -348677
1558694798704 -297051
1558694798704 -297051
1558694799445 -344611
1558694800427 -345593
1558694803376 -348542
1558694803623 -301969
1558694804088 -321283
1558694804357 -349522
1558694807555 -305901
1558694812311 -310656
1558694816156 -361320
1558694820090 -365253
1558694822877 -368040
