1558693127417 -1879
1558693128266 -2728
1558693135225 -9687
1558693136133 -10595
1558693138008 -12470
1558693139990 -14451
1558693140961 -15422
1558693143835 -18296
1558693146762 -21223
1558693149441 -23902
1558693163038 -33628
1558693171828 -42417
1558693184241 -54830
1558693192576 -63163
1558693192576 -63163
1558693195092 -65675
1558693207474 -74665
1558693222019 -89209
1558693227862 -95052
1558693229814 -97004
1558693238644 -105834
1558693247252 -112760
1558693252129 -117637
1558693272470 -137978
1558693295791 -158915
1558693295805 -158929
1558693295805 -158928
1558693296765 -159888
1558693299683 -162806
1558693300658 -163781
1558693301648 -164771
1558693313370 -176492
1558693319064 -182186
1558693320037 -183159
1558693328826 -191342
1558693328826 -191342
1558693335665 -198180
1558693351195 -213710
1558693353102 -215617
1558693354071 -216586
1558693359937 -222451
1558693380292 -242333
1558693390877 -252918
1558693392829 -254870
1558693393801 -255842
1558693395763 -257804
1558693401616 -263657
1558693421975 -271504
1558693425891 -275420
1558693436554 -286081
1558693440384 -279034
1558693441358 -280008
1558693443339 -281989
1558693445261 -283910
1558693447216 -285865
1558693513000 -34
1558693514517 -1551
1558693521369 -8402
1558693527254 -14286
1558693542705 -29736
1558693546587 -33618
1558693555402 -42432
1558693560086 -47116
1558693573775 -55485
1558693593189 -74897
1558693618406 -95608
1558693620368 -97570
1558693623307 -100509
1558693623335 -100537
1558693627213 -104414
1558693628189 -105390
1558693630948 -108149
1558693634854 -112055
1558693635830 -113031
1558693638755 -115955
1558693643642 -120842
1558693645592 -122792
1558693650493 -127693
1558693674758 -145772
1558693675737 -146751
1558693678501 -149514
1558693691243 -162255
1558693704712 -174000
1558693707647 -176935
1558693709608 -178895
1558693709616 -178903
1558693722298 -191584
1558693730000 -199286
1558693733871 -203156
1558693736842 -206127
1558693741675 -210960
1558693743634 -212919
1558693744605 -213890
1558693757149 -225398
1558693763018 -231267
1558693770819 -239068
1558693779473 -247721
1558693782425 -250673
1558693796098 -264346
1558693797882 -266130
1558693809663 -277513
1558693815509 -273790
1558693817416 -275696
1558693817438 -275718
1558693821208 -279486
1558693825074 -283351
1558693829909 -288183
1558693845397 -290993
1558693852246 -297841
1558693858107 -303702
1558693862052 -290978
1558693866909 -295834
1558693882383 -268870
1558693883350 -269837
1558693894921 -281406
1558693902887 -289371
1558693920168 -282355
1558693927009 -289195
1558693934826 -297011
1558693951284 -286314
1558693954207 -289236
1558693963835 -298863
1558693973617 -308644
1558693976532 -311558
1558693977523 -312549
1558693988106 -304631
1558693994945 -311470
1558693995929 -312453
1558693997886 -314410
1558693999854 -290220
1558694000826 -291192
1558694006667 -297032
1558694015313 -305677
1558694024124 -314487
1558694030969 -291258
1558694038599 -298846
1558694049356 -309602
1558694051300 -311545
1558694058947 -292949
1558694058947 -292949
1558694065797 -299798
1558694072661 -306661
1558694089079 -296893
1558694092976 -300789
1558694099815 -307627
1558694100791 -308603
1558694103760 -311572
1558694113557 -288511
1558694117241 -292195
1558694122136 -297089
1558694130753 -305705
1558694135634 -310585
1558694139547 -284381
1558694141524 -286358
1558694145412 -290245
1558694149320 -294153
1558694150297 -295130
1558694171648 -292162
1558694175548 -296062
1558694176529 -297042
1558694179297 -299810
1558694188103 -308615
1558694192093 -312604
1558694207587 -312510
1558694215437 -296253
1558694217541 -298356
1558694222489 -303304
1558694224291 -305106
1558694228834 -309648
1558694242617 -293297
1558694249423 -300102
1558694251529 -302207
1558694255204 -305882
1558694258092 -308770
1558694265015 -286530
1558694268990 -290505
1558694271992 -293506
1558694272929 -294443
1558694273778 -295292
1558694284487 -305999
1558694288417 -309929
1558694289400 -310911
1558694291364 -312875
1558694294317 -315828
1558694298082 -298032
1558694332347 -311116
1558694336271 -315040
1558694338242 -317011
1558694340204 -318972
1558694342182 -291852
1558694344975 -294645
1558694360764 -310431
1558694369410 -292837
1558694372356 -295782
1558694374349 -297775
1558694386075 -309500
1558694390008 -313432
1558694391977 -315401
1558694392812 -316236
1558694403621 -294123
1558694411495 -301996
1558694421151 -311651
1558694432945 -293398
1558694434922 -295374
1558694437870 -298322
1558694438884 -299336
1558694440664 -301116
1558694442618 -303070
1558694446549 -307000
1558694450493 -310943
1558694454408 -314858
1558694454408 -314858
1558694457360 -317809
1558694466048 -296364
1558694470007 -300322
1558694471945 -302260
1558694474898 -305213
1558694477845 -308159
1558694489482 -289593
1558694491470 -291581
1558694492432 -292542
1558694496366 -296476
1558694501284 -301393
1558694516859 -316966
1558694522755 -292957
1558694543226 -313426
1558694555063 -300890
1558694563750 -309576
1558694565720 -311546
1558694587140 -302658
1558694597964 -313481
1558694597964 -313481
1558694598946 -314463
1558694601897 -287093
1558694602876 -288071
1558694613529 -298723
1558694614519 -299713
1558694627289 -312482
1558694631223 -286264
1558694637941 -292982
1558694641893 -296933
1558694652693 -307731
1558694653685 -308723
1558694653691 -308729
1558694667274 -295884
1558694689733 -299713
1558694697631 -307610
1558694708237 -318214
1558694716142 -301626
1558694716142 -301626
1558694720073 -305557
1558694745448 -304756
1558694750365 -309672
1558694752163 -311470
1558694753148 -312455
1558694754133 -313440
1558694772812 -308517
1558694780522 -316226
1558694783465 -319169
1558694785429 -291972
1558694792310 -298852
1558694799194 -305735
1558694803948 -310488
1558694810825 -283105
