1558693131631 -27
1558693133332 -1728
1558693136365 -9414
1558693139202 -7598
1558693145066 -13462
1558693146046 -14442
1558693146944 -15340
1558693150844 -19240
1558693156575 -29623
1558693159489 -27885
1558693160556 -33604
1558693162371 -30767
1558693162444 -35492
1558693164260 -32655
1558693171095 -39490
1558693171166 -44214
1558693174077 -42472
1558693175014 -43403
1558693175940 -43157
1558693178730 -49554
1558693179725 -50549
1558693182646 -49862
1558693189900 -57116
1558693191054 -58270
1558693191604 -62427
1558693192764 -59980
1558693196201 -67024
1558693199070 -69893
1558693201978 -69194
1558693205874 -76697
1558693205981 -73197
1558693208837 -76048
1558693210827 -78038
1558693213535 -84358
1558693214704 -81915
1558693221537 -88748
1558693221540 -88751
1558693223499 -90710
1558693226073 -92849
1558693226261 -93472
1558693227239 -94450
1558693227992 -94768
1558693232138 -99346
1558693232138 -97466
1558693232864 -99640
1558693233100 -98428
1558693233102 -98430
1558693235085 -100413
1558693240673 -107448
1558693240673 -107448
1558693244835 -110163
1558693249560 -114888
1558693251509 -116837
1558693253218 -119993
1558693256151 -122926
1558693256401 -121729
1558693258111 -124886
1558693262273 -127601
1558693270105 -135433
1558693270651 -136276
1558693271085 -136413
1558693271630 -137255
1558693277496 -143120
1558693279769 -144323
1558693281744 -146297
1558693285476 -151100
1558693286700 -151253
1558693288258 -153882
1558693289533 -154086
1558693292081 -157704
1558693293476 -158029
1558693294442 -158995
1558693297182 -161735
1558693298145 -162698
1558693299106 -163659
1558693302089 -166642
1558693307661 -173283
1558693307661 -173283
1558693319624 -184177
1558693320196 -183250
1558693320199 -183253
1558693322162 -185216
1558693322171 -185225
1558693325340 -188426
1558693331918 -194972
1558693331918 -194972
1558693332173 -195259
1558693339574 -202627
1558693346731 -209817
1558693347425 -210478
1558693348391 -211444
1558693348659 -211745
1558693348659 -211745
1558693351412 -214465
1558693352302 -215355
1558693353522 -216601
1558693357415 -220494
1558693361325 -224404
1558693365790 -228334
1558693366218 -229297
1558693367194 -230273
1558693369013 -232091
1558693371919 -234997
1558693373642 -236186
1558693373874 -236952
1558693375828 -238906
1558693376827 -239905
1558693379511 -242055
1558693382415 -244959
1558693386162 -248706
1558693386594 -249672
1558693387556 -250634
1558693387556 -250634
1558693388115 -250659
1558693388556 -251634
1558693390490 -253568
1558693397178 -260256
1558693402068 -261880
1558693403040 -262852
1558693406988 -266799
1558693407958 -267769
1558693410876 -270687
1558693411870 -260026
1558693413368 -262662
1558693413789 -261945
1558693414345 -263638
1558693414345 -263638
1558693415752 -263907
1558693417283 -266576
1558693419509 -267664
1558693427062 -276354
1558693427320 -275474
1558693430992 -280283
1558693432233 -280386
1558693434298 -270029
1558693434298 -270029
1558693435842 -272399
1558693437162 -272893
1558693438148 -273878
1558693439882 -275612
1558693440836 -276566
1558693440836 -276566
1558693441853 -277583
1558693443549 -280105
1558693443789 -279519
1558693444751 -280481
1558693511391 -1538
1558693511396 -1543
1558693511396 -1543
1558693514474 -37
1558693518226 -8372
1558693519204 -9350
1558693520858 -6421
1558693521912 -7475
1558693524094 -14215
1558693526051 -16172
1558693526051 -16172
1558693528012 -18133
1558693528012 -18133
1558693528989 -19110
1558693533718 -23839
1558693534712 -24833
1558693535499 -21061
1558693538602 -28723
1558693545098 -30659
1558693548039 -33600
1558693549352 -39471
1558693552289 -42407
1558693556200 -46318
1558693558969 -49087
1558693560928 -51046
1558693565802 -55920
1558693566783 -56901
1558693567418 -52453
1558693570696 -60814
1558693576552 -66670
1558693577533 -67651
1558693578516 -68634
1558693583238 -73356
1558693586194 -75007
1558693586194 -75007
1558693586911 -71889
1558693587891 -72868
1558693593033 -81846
1558693594001 -82814
1558693594972 -83785
1558693595951 -84764
1558693597574 -82551
1558693599867 -88679
1558693605544 -94356
1558693605544 -94356
1558693607510 -96322
1558693608487 -97299
1558693611422 -100232
1558693613414 -102224
1558693614065 -99040
1558693614399 -103209
1558693616313 -105123
1558693616935 -101910
1558693617293 -106103
1558693626736 -100839
1558693627688 -101791
1558693630813 -119622
1558693634714 -120182
1558693637303 -111406
1558693637653 -123121
1558693640575 -126043
1558693641210 -115312
1558693644482 -129950
1558693644482 -129950
1558693653118 -138585
1558693655870 -129971
1558693656051 -141518
1558693657033 -142500
1558693658009 -143476
1558693658636 -132737
1558693659614 -133715
1558693660938 -146404
1558693660947 -146413
1558693661567 -135668
1558693661950 -147416
1558693663872 -149338
1558693664851 -150317
1558693667779 -153245
1558693667782 -153248
1558693668762 -154228
1558693668762 -154228
1558693671344 -145444
1558693671696 -157162
1558693673423 -147523
1558693674639 -157907
1558693680375 -163643
1558693680375 -163643
1558693680396 -163664
1558693682056 -155899
1558693682952 -156795
1558693688156 -171424
1558693690110 -173378
1558693690115 -173383
1558693695991 -179259
1558693697949 -181217
1558693706571 -189839
1558693707179 -181020
1558693708530 -191798
1558693709149 -182990
1558693709505 -192773
1558693710473 -193741
1558693711456 -194724
1558693711456 -194724
1558693712437 -195705
1558693713435 -196703
1558693715381 -198649
1558693719882 -193722
1558693729878 -213143
1558693731451 -205290
1558693731451 -205290
1558693739272 -207868
1558693743185 -211781
1558693743539 -226803
1558693744521 -227785
1558693745139 -213735
1558693748070 -216666
1558693748070 -216666
1558693749242 -232506
1558693754120 -237384
1558693756075 -239339
1558693757056 -240320
1558693759013 -242277
1558693759990 -243254
1558693760968 -244232
1558693769414 -238008
1558693770576 -253321
1558693770576 -253321
1558693770577 -253322
1558693771367 -239961
1558693772551 -255296
1558693774504 -257249
1558693775140 -243734
1558693775498 -258243
1558693776096 -244690
1558693779392 -262137
1558693780015 -248608
1558693783334 -266078
1558693783915 -252508
1558693784272 -267016
1558693789157 -271901
1558693789157 -271901
1558693789165 -271909
1558693789780 -258373
1558693794686 -263279
1558693795885 -278629
1558693795899 -278643
1558693800881 -283625
1558693803393 -271912
1558693803428 -271947
1558693805261 -273780
1558693806639 -289383
1558693808682 -291426
1558693810210 -278729
1558693812143 -280662
1558693812491 -295235
1558693813125 -281644
1558693814441 -297185
1558693814458 -297202
1558693815441 -298185
1558693817359 -300103
1558693822747 -291266
1558693824060 -306803
1558693825044 -307787
1558693826956 -309699
1558693827578 -296097
1558693829532 -298051
1558693829532 -298051
1558693836727 -311989
1558693837349 -305867
1558693840282 -308800
1558693843217 -311735
1558693844191 -312709
1558693849899 -304598
1558693852853 -307551
1558693857712 -312409
1558693860647 -315344
1558693862002 -317486
1558693866708 -322192
1558693868548 -323244
1558693869725 -325208
1558693872228 -326923
1558693874523 -330005
1558693881976 -336670
1558693889171 -344650
1558693889794 -344485
1558693893706 -309171
1558693893920 -349398
1558693896842 -304484
1558693899426 -314890
1558693900793 -308435
1558693902853 -310494
1558693902966 -310607
1558693903478 -318942
1558693903978 -311619
1558693904912 -312553
1558693912661 -320301
1558693920131 -327770
1558693925017 -332656
1558693927588 -343049
1558693928935 -336573
1558693932845 -340482
1558693934427 -349886
1558693936732 -344369
1558693937577 -345213
1558693937585 -345221
1558693947946 -322076
1558693952858 -326987
1558693960038 -318465
1558693960878 -319305
1558693961641 -335769
1558693962840 -321267
1558693963792 -322219
1558693969659 -328085
1558693970638 -329064
1558693972241 -346368
1558693972595 -331021
1558693972595 -331021
1558693981995 -356121
1558693982972 -357098
1558693988069 -346493
1558693992964 -351387
1558693993936 -352358
1558693995529 -315431
1558693995889 -354311
1558693996518 -316420
1558693996882 -355303
1558693999443 -319345
1558694000779 -296177
1558694001754 -297152
1558694004685 -300082
1558694006635 -302032
1558694007249 -327150
1558694010397 -305794
1558694016248 -311644
1558694017221 -312617
1558694021131 -316448
1558694024078 -319394
1558694025090 -320406
1558694029581 -349478
1558694029581 -349477
1558694030585 -350481
1558694030936 -326251
1558694032515 -352411
1558694033513 -353408
1558694033694 -329008
1558694034665 -329979
1558694037592 -332904
1558694037592 -332904
1558694039569 -334881
1558694042156 -317365
1558694042171 -317380
1558694043474 -338785
1558694044503 -339813
1558694045419 -340729
1558694047375 -342684
1558694047985 -323193
1558694051287 -346594
1558694051892 -327100
1558694055801 -331008
1558694057969 -353274
1558694058946 -354251
1558694058946 -354251
1558694060529 -335735
1558694061875 -357179
1558694064460 -339666
1558694064810 -296018
1558694069325 -344530
1558694070720 -301927
1558694078499 -309705
1558694079471 -310677
1558694080084 -355287
1558694084250 -315376
1558694086176 -317301
1558694087745 -320095
1558694089095 -320220
1558694089697 -322047
1558694091049 -322174
1558694092033 -323158
1558694093988 -325112
1558694094954 -326078
1558694097886 -329010
1558694104613 -335736
1558694106368 -338715
1558694106581 -337703
1558694109414 -341761
1558694111638 -342759
1558694115101 -347447
1558694115397 -346516
1558694115975 -348321
1558694116313 -347432
1558694121191 -352308
1558694121809 -354154
1558694122173 -353290
1558694125102 -356218
1558694127874 -296024
1558694129823 -297973
1558694134352 -310634
1558694138255 -314536
1558694141568 -309716
1558694144126 -320406
1558694144503 -312602
1558694145097 -321377
1558694145486 -313585
1558694147427 -315526
1558694150975 -327254
1558694155322 -323419
1558694157777 -334055
1558694158684 -334962
1558694159996 -328093
1558694161921 -330017
1558694162908 -331004
1558694163874 -331970
1558694164481 -340758
1558694164855 -332951
1558694172321 -348596
1558694173290 -349565
1558694176426 -344519
1558694177393 -345486
1558694184246 -352336
1558694184844 -305750
1558694189768 -310673
1558694192105 -303865
1558694194626 -315531
1558694197639 -318543
1558694198802 -310561
1558694200767 -312526
1558694204307 -325210
1558694204691 -316449
1558694207677 -319435
1558694207717 -319475
1558694209211 -330114
1558694210133 -331036
1558694210497 -322254
1558694211488 -323245
1558694212437 -324194
1558694212437 -324194
1558694212437 -324194
1558694214388 -326145
1558694219991 -331747
1558694220589 -332345
1558694225986 -337741
1558694226002 -337757
1558694227973 -339728
1558694231804 -343558
1558694233401 -354298
1558694242646 -354396
1558694244585 -304057
1558694244632 -304104
1558694247556 -307028
1558694249444 -308916
1558694250435 -309907
1558694253196 -312667
1558694256690 -322262
1558694260992 -320462
1558694262944 -322414
1558694264526 -330096
1558694266882 -326351
1558694267878 -327347
1558694271684 -331153
1558694274369 -339938
1558694275529 -334997
1558694281088 -346655
1558694285350 -344817
1558694288941 -354504
1558694289291 -348757
1558694293218 -352682
1558694294051 -353515
1558694296027 -355490
1558694297004 -356467
1558694301910 -312866
1558694302894 -313850
1558694304874 -315830
1558694306843 -317799
1558694309782 -320737
1558694312730 -323685
1558694318470 -329424
1558694319452 -330406
1558694324031 -337868
1558694324031 -337868
1558694326334 -337287
1558694328299 -339252
1558694329289 -340242
1558694330313 -341265
1558694330933 -344765
1558694331275 -342227
1558694334833 -348663
1558694335183 -346135
1558694335183 -346135
1558694335813 -349642
1558694337781 -351609
1558694341719 -355546
1558694342877 -353826
1558694349761 -296526
1558694350745 -297510
1558694352715 -299480
1558694353354 -320774
1558694353702 -300467
1558694354685 -301450
1558694354685 -301450
1558694355682 -302446
1558694355688 -302452
1558694360614 -307378
1558694361268 -328687
1558694363529 -310292
1558694365506 -312269
1558694368110 -335528
1558694370080 -337498
1558694373246 -319962
1558694381715 -349131
1558694384032 -330747
1558694388605 -356019
1558694388945 -335659
1558694391718 -338431
1558694397289 -306596
1558694398269 -307576
1558694400612 -347322
1558694401565 -348275
1558694407501 -354209
1558694408105 -317411
1558694414063 -323368
1558694415338 -311705
1558694416138 -325443
1558694416316 -312683
1558694418251 -314618
1558694418251 -314618
1558694421721 -331024
1558694426987 -323353
1558694427952 -324318
1558694428609 -337911
1558694434509 -343810
1558694435843 -332208
1558694437633 -333998
1558694438666 -335030
1558694440585 -336949
1558694441403 -350702
1558694441403 -350701
1558694442546 -338910
1558694445164 -354461
1558694446148 -355445
1558694451260 -298348
1558694453373 -349735
1558694454341 -350703
1558694462054 -358414
1558694462054 -358414
1558694467995 -311539
1558694468941 -312485
1558694470581 -317666
1558694477798 -321341
1558694481724 -325266
1558694482711 -326253
1558694484675 -328217
1558694485331 -332415
1558694486320 -333403
1558694487302 -334385
1558694487458 -331000
1558694488446 -331988
1558694488450 -331992
1558694489423 -332965
1558694491072 -338154
1558694492379 -335920
1558694497292 -340833
1558694497970 -345050
1558694497970 -345050
1558694503877 -350956
1558694507794 -354871
1558694509094 -352633
1558694513858 -357395
1558694514517 -312892
1558694514848 -358385
1558694518447 -316821
1558694520418 -318791
1558694520756 -308292
1558694521408 -319781
1558694528513 -326883
1558694531932 -319467
1558694532791 -320326
1558694534480 -322014
1558694534557 -322091
1558694538268 -325802
1558694538928 -337295
1558694538929 -337295
1558694540236 -327770
1558694541878 -340243
1558694543847 -342212
1558694545154 -332687
1558694545813 -344177
1558694545813 -344177
1558694558611 -356970
1558694558765 -346295
1558694569606 -357132
1558694574511 -362035
1558694578127 -335781
1558694580411 -315214
1558694580411 -315214
1558694581227 -316030
1558694588098 -322900
1558694589091 -323893
1558694590725 -348377
1558694590725 -348377
1558694595689 -353340
1558694597938 -332739
1558694609575 -344374
1558694611217 -318203
1558694614167 -321152
1558694614510 -349307
1558694617125 -324109
1558694618427 -353223
1558694623346 -358141
1558694627943 -334923
1558694631064 -309604
1558694631889 -338867
1558694632037 -310577
1558694634661 -341638
1558694635968 -314507
1558694639583 -346558
1558694641887 -320425
1558694644821 -323359
1558694647767 -326305
1558694648761 -327299
1558694649408 -356379
1558694649734 -328271
1558694651707 -330244
1558694657290 -303937
1558694661377 -339913
1558694664343 -342878
1558694665312 -343847
1558694665992 -312638
1558694667277 -345811
1558694668265 -346799
1558694676958 -355489
1558694677981 -356511
1558694678983 -357513
1558694683864 -301765
1558694684491 -331134
1558694692413 -339055
1558694692752 -310652
1558694697638 -315537
1558694697638 -315537
1558694698595 -316494
1558694699252 -345892
1558694699577 -317476
1558694700243 -346883
1558694700247 -346887
1558694704193 -350832
1558694704344 -322242
1558694705304 -323202
1558694708256 -326154
1558694708256 -326154
1558694711206 -329103
1558694712187 -330084
1558694713219 -331116
1558694714157 -332054
1558694715144 -333041
1558694717116 -335012
1558694722243 -340139
1558694724995 -316866
1558694726182 -344077
1558694727050 -344945
1558694727050 -344945
1558694727792 -319662
1558694727945 -345840
1558694728815 -320685
1558694729896 -347790
1558694730576 -322446
1558694732428 -324297
1558694738585 -356476
1558694738586 -356477
1558694739568 -357459
1558694742192 -334060
1558694742192 -334060
1558694742517 -360407
1558694743502 -310589
1558694744157 -336025
1558694745470 -312557
1558694750221 -317307
1558694751205 -318291
1558694751206 -318292
1558694754155 -321240
1558694754156 -321241
1558694758090 -325175
1558694761041 -328125
1558694761690 -353554
1558694764975 -332059
1558694766945 -334029
1558694768913 -335996
1558694768913 -335996
1558694770880 -337963
1558694773667 -340750
1558694780216 -310616
1558694780548 -347629
1558694781533 -348614
1558694782515 -349596
1558694784484 -351564
1558694787435 -354514
1558694791031 -321430
1558694792355 -359432
1558694795304 -362380
1558694796287 -303910
1558694801686 -332083
1558694803996 -311616
1558694805963 -313582
1558694811861 -319478
1558694811861 -319478
1558694814812 -322428
1558694819729 -327343
1558694821533 -329146
1558694825466 -333078
1558694825466 -333078
