1558693125601 -1541
1558693131676 -7616
1558693135659 -11599
1558693141564 -9710
1558693145330 -21270
1558693147045 -22984
1558693149963 -25902
1558693149975 -25914
1558693154239 -22071
1558693155785 -31724
1558693170595 -38425
1558693174521 -42351
1558693176013 -51387
1558693176974 -52348
1558693177320 -45150
1558693178922 -54296
1558693182090 -49920
1558693187110 -54940
1558693188104 -55934
1558693192860 -60690
1558693195765 -63594
1558693200154 -73760
1558693204090 -77696
1558693207976 -81580
1558693210944 -84548
1558693217833 -80158
1558693218800 -81125
1558693225409 -99012
1558693225412 -99015
1558693234207 -107809
1558693235263 -97587
1558693236158 -109760
1558693236158 -109760
1558693238197 -100520
1558693247981 -110304
1558693254579 -127624
1558693256655 -118978
1558693258583 -120905
1558693260438 -133482
1558693260521 -122843
1558693262472 -124455
1558693263369 -136413
1558693267393 -129376
1558693270309 -132292
1558693273006 -146050
1558693273988 -147032
1558693276937 -149981
1558693278967 -140949
1558693280892 -152815
1558693281841 -153764
1558693290488 -162411
1558693292452 -164375
1558693304137 -176060
1558693304150 -176073
1558693314722 -186645
1558693314732 -186655
1558693314732 -186655
1558693315730 -187653
1558693320550 -192472
1558693327493 -188275
1558693329441 -190223
1558693332283 -203689
1558693333294 -204700
1558693337983 -209388
1558693338247 -199028
1558693343131 -203912
1558693344119 -204900
1558693346880 -207661
1558693351791 -212571
1558693356639 -217419
1558693358605 -219385
1558693362547 -223142
1558693365182 -236587
1558693369095 -240499
1558693369192 -229787
1558693377987 -238581
1558693385537 -255754
1558693386792 -247386
1558693393473 -254067
1558693398245 -252934
1558693399337 -259931
1558693401181 -255870
1558693412758 -267445
1558693414703 -269390
1558693415683 -270370
1558693417635 -272322
1558693421673 -282266
1558693426431 -271587
1558693426560 -286590
1558693427408 -272564
1558693427542 -287572
1558693436209 -271622
1558693437374 -297404
1558693444833 -280243
1558693445811 -281220
1558693450827 -298438
1558693452788 -300399
1558693453758 -301369
1558693455711 -294808
1558693457676 -296773
1558693465344 -292864
1558693465349 -292869
1558693466303 -293823
1558693469236 -296755
1558693479013 -306531
1558693481948 -309465
1558693482925 -310442
1558693513587 -3574
1558693515588 -43
1558693518397 -8384
1558693526272 -16257
1558693527249 -17234
1558693527290 -17275
1558693528234 -18219
1558693530200 -20184
1558693536830 -26813
1558693536830 -26813
1558693540776 -30759
1558693541774 -31757
1558693547338 -31790
1558693548318 -32770
1558693548323 -32775
1558693551243 -35695
1558693552451 -42030
1558693556131 -40582
1558693558101 -42552
1558693565959 -55536
1558693570631 -55082
1558693570852 -60429
1558693571609 -56060
1558693574543 -58994
1558693575521 -59972
1558693576501 -60952
1558693578451 -62902
1558693580454 -70029
1558693581383 -65834
1558693584368 -73943
1558693585373 -74948
1558693588339 -77913
1558693590052 -63190
1558693590280 -79854
1558693591263 -80837
1558693592974 -66112
1558693594187 -81280
1558693599041 -86134
1558693602735 -75873
1558693606670 -79808
1558693612348 -85486
1558693613340 -86478
1558693616500 -103591
1558693621147 -94285
1558693621151 -94289
1558693622149 -95287
1558693630941 -104078
1558693637611 -109353
1558693638779 -125300
1558693638784 -125305
1558693640733 -127254
1558693648373 -120115
1558693651305 -123046
1558693657972 -129713
1558693658950 -130691
1558693659934 -131675
1558693660113 -146634
1558693664033 -150554
1558693672655 -144396
1558693679555 -151296
1558693683430 -167076
1558693690078 -161819
1558693697108 -180753
1558693698096 -181741
1558693708692 -192336
1558693709660 -193304
1558693710640 -194284
1558693723164 -206808
1558693729051 -212694
1558693731799 -201532
1558693732934 -214920
1558693737864 -219850
1558693740592 -210325
1558693744507 -214239
1558693746457 -216189
1558693751347 -221079
1558693752340 -222072
1558693757048 -226779
1558693759008 -228739
1558693761125 -243111
1558693766082 -248068
1558693768788 -238163
1558693768794 -238169
1558693781508 -252616
1558693783311 -252683
1558693783486 -254594
1558693787194 -256566
1558693790285 -261392
1558693791255 -262362
1558693792095 -261467
1558693794062 -263433
1558693795063 -264434
1558693796970 -268076
1558693806640 -273906
1558693813456 -280722
1558693819343 -286609
1558693832952 -300218
1558693838842 -279570
1558693840806 -281534
1558693845531 -286258
1558693845531 -312796
1558693853356 -285293
1558693857095 -324360
1558693860184 -292120
1558693861009 -328274
1558693871600 -338760
1558693876635 -283458
1558693881396 -328137
1558693881550 -288373
1558693885433 -292255
1558693887373 -294195
1558693887373 -294195
1558693893078 -299899
1558693895021 -289249
1558693896861 -343600
1558693899945 -294172
1558693909264 -356001
1558693910798 -357534
1558693925058 -326991
1558693929088 -291290
1558693935926 -298127
1558693937727 -299928
1558693940639 -302839
1558693940640 -302840
1558693941661 -343592
1558693944451 -346381
1558693944451 -346381
1558693946410 -348340
1558693950430 -312627
1558693951288 -353217
1558693952259 -354188
1558693963039 -329207
1558693966860 -300876
1558693975670 -309685
1558693978615 -312630
1558693978625 -312640
1558693980464 -346629
1558693987285 -353449
1558693993082 -301834
1558693995043 -303795
1558693996018 -304769
1558693997982 -306733
1558694007669 -318408
1558694010528 -290137
1558694010610 -321348
1558694011491 -291100
1558694014362 -325100
1558694015331 -326069
1558694016378 -295986
1558694020216 -330953
1558694022169 -332906
1558694025136 -335873
1558694032857 -312463
1558694038720 -295817
1558694039705 -296802
1558694042650 -299747
1558694043556 -354287
1558694048405 -303906
1558694054357 -311452
1558694056220 -311720
1558694057190 -312690
1558694060125 -315624
1558694060125 -315624
1558694062974 -290285
1558694067857 -295165
1558694073672 -329170
1558694074634 -330131
1558694075613 -331110
1558694080413 -307718
1558694081498 -336995
1558694081498 -336995
1558694082449 -337945
1558694083355 -310659
1558694083458 -338954
1558694085284 -312588
1558694093037 -348532
1558694094080 -295102
1558694096033 -297054
1558694105697 -306716
1558694111946 -315903
1558694116401 -301702
1558694117330 -321287
1558694122269 -307569
1558694130898 -297813
1558694132852 -299767
1558694135733 -339687
1558694136714 -340668
1558694136761 -303675
1558694139659 -343613
1558694139708 -306622
1558694141681 -308595
1558694143569 -347522
1558694147468 -351420
1558694147518 -314431
1558694151374 -355325
1558694155419 -288562
1558694159122 -292264
1558694168850 -301988
1558694170808 -303945
1558694175535 -308670
1558694176633 -350557
1558694179570 -353493
1558694180553 -354476
1558694189216 -363136
1558694191195 -365114
1558694193112 -367030
1558694194106 -293192
1558694195065 -368982
1558694195071 -368988
1558694197059 -370976
1558694203974 -323310
1558694208634 -327970
1558694215542 -334877
1558694216560 -286503
1558694217667 -337002
1558694217667 -287610
1558694218738 -288680
1558694223400 -293296
1558694224390 -343724
1558694228178 -347511
1558694228973 -348306
1558694229951 -349284
1558694230944 -300835
1558694232846 -352179
1558694239798 -359130
1558694244841 -314723
1558694245702 -308926
1558694245827 -315708
1558694247717 -287394
1558694249694 -289370
1558694250723 -313944
1558694250723 -290398
1558694252505 -292179
1558694253255 -316475
1558694254204 -317423
1558694258104 -321322
1558694265202 -304867
1558694266952 -330166
1558694267221 -306885
1558694272917 -336128
1558694274868 -314528
1558694275720 -338930
1558694280453 -343661
1558694283715 -293557
1558694286316 -349521
1558694286322 -349527
1558694287280 -350485
1558694287286 -350491
1558694288274 -351479
1558694289614 -299455
1558694290216 -353420
1558694291582 -301423
1558694291584 -301425
1558694296389 -306229
1558694304729 -337906
1558694305721 -338898
1558694305729 -338906
1558694311087 -295684
1558694315540 -348716
1558694328639 -313233
1558694328647 -313241
1558694332558 -291773
1558694333079 -366253
1558694335047 -368220
1558694336033 -369206
1558694338978 -372150
1558694343213 -302426
1558694349634 -331191
1558694351081 -310293
1558694354554 -336110
1558694355540 -337096
1558694359497 -341053
1558694360462 -342018
1558694362885 -292085
1558694364401 -345956
1558694364868 -294068
1558694370603 -299802
1558694376038 -357591
1558694376038 -357591
1558694377018 -358571
1558694379973 -361526
1558694382398 -311595
1558694382920 -364472
1558694383382 -312579
1558694385344 -314540
1558694389274 -292240
1558694390794 -309316
1558694413709 -316672
1558694414289 -332808
1558694417375 -335893
1558694417642 -295336
1558694421939 -340456
1558694430241 -307933
1558694431227 -308919
1558694435723 -354233
1558694450732 -298492
1558694455228 -325979
1558694470249 -285922
1558694470802 -341551
1558694473180 -288852
1558694474166 -289838
1558694475712 -346460
1558694478099 -293771
1558694481610 -352358
1558694488499 -359244
1558694488783 -304453
1558694489740 -305410
1558694493251 -335035
1558694493252 -335036
1558694494236 -336020
1558694496203 -337986
1558694499567 -300409
1558694504490 -305331
1558694511020 -352801
1558694519064 -293934
1558694519064 -293934
1558694520048 -294917
1558694520627 -362406
1558694521035 -295904
1558694522995 -297863
1558694522995 -297863
1558694535446 -320767
1558694539197 -324517
1558694540527 -315388
1558694541130 -326450
1558694541511 -316371
1558694542493 -317352
1558694544459 -293910
1558694548021 -333340
1558694549384 -298834
1558694550370 -299820
1558694553934 -339252
1558694578384 -309494
1558694578708 -297939
1558694582336 -313446
1558694584486 -303717
1558694589006 -320115
1558694590966 -322075
1558694592310 -311540
1558694594904 -326012
1558694603139 -296921
1558694603760 -334867
1558694604742 -335849
1558694608674 -339781
1558694608674 -339780
1558694616744 -310524
1558694619692 -313472
1558694621655 -315435
1558694627200 -358302
1558694633294 -300729
1558694636249 -303684
1558694637225 -304660
1558694641177 -308611
1558694650666 -352604
1558694651019 -318452
1558694651992 -319425
1558694657531 -359468
1558694659356 -361292
1558694659684 -301270
1558694665591 -307177
1558694667555 -309140
1558694671140 -373075
1558694674439 -316023
1558694683809 -325226
1558694685747 -327163
1558694687060 -297782
1558694694005 -304726
1558694696611 -338026
1558694698862 -309583
1558694700510 -341924
1558694709184 -350597
1558694710171 -351584
1558694713166 -354578
1558694718043 -359454
1558694718046 -359457
1558694723457 -304974
1558694725108 -317724
1558694727350 -308866
1558694728134 -320750
1558694729998 -322613
1558694739847 -291078
1558694745741 -296970
1558694754270 -346882
1558694759335 -310559
1558694760321 -311545
1558694769168 -290086
1558694778539 -320328
1558694778840 -299757
1558694782474 -324262
1558694793592 -314507
1558694796540 -292014
1558694800311 -295785
1558694803259 -298732
1558694804242 -299715
1558694808177 -303650
1558694810144 -305616
