1558693137118 -13606
1558693142586 -12396
1558693143492 -13302
1558693143885 -20373
1558693148295 -18105
1558693149268 -19078
1558693149532 -24607
1558693151274 -21084
1558693158318 -33392
1558693159813 -29621
1558693166064 -41138
1558693172772 -47846
1558693178533 -53606
1558693185883 -55419
1558693188058 -57594
1558693189793 -63966
1558693190702 -64875
1558693190853 -60389
1558693197954 -72127
1558693198912 -73085
1558693202156 -71656
1558693203786 -77959
1558693204768 -77498
1558693208658 -81388
1558693216729 -81733
1558693217466 -90196
1558693221589 -86593
1558693224509 -89513
1558693224509 -89513
1558693230174 -95177
1558693236841 -109543
1558693238821 -111523
1558693240885 -105888
1558693243538 -116240
1558693249398 -122100
1558693251366 -124068
1558693253344 -118347
1558693253344 -118347
1558693256239 -128940
1558693257232 -129930
1558693260176 -121500
1558693268967 -130290
1558693273677 -135000
1558693274665 -135988
1558693276646 -137969
1558693277629 -138952
1558693278583 -150985
1558693283490 -144813
1558693287544 -148867
1558693290177 -162579
1558693293136 -165538
1558693294111 -166513
1558693296069 -157392
1558693301923 -163227
1558693302872 -175274
1558693315463 -186303
1558693316547 -177851
1558693318363 -189203
1558693319485 -180789
1558693322273 -193113
1558693324225 -185529
1558693324237 -185541
1558693326179 -197019
1558693334009 -204849
1558693337896 -199199
1558693347537 -218343
1558693354396 -215686
1558693356316 -226631
1558693360222 -220402
1558693365917 -236232
1558693372778 -243093
1558693379629 -239808
1558693380604 -250918
1558693385324 -255638
1558693389385 -249549
1558693390370 -250534
1558693398991 -259154
1558693404964 -253475
1558693408788 -268951
1558693409776 -269939
1558693423345 -283488
1558693425247 -285390
1558693426242 -261879
1558693428178 -288321
1558693429172 -264809
1558693435970 -271606
1558693436913 -272549
1558693440747 -276382
1558693449526 -309668
1558693461259 -304082
1558693464021 -306843
1558693466953 -309774
1558693469886 -312707
1558693470864 -313684
1558693493193 -336009
1558693495148 -337963
1558693500036 -342851
1558693510640 -542
1558693514576 -4478
1558693516545 -6446
1558693516677 -1667
1558693517488 -7389
1558693525481 -10471
1558693527471 -12461
1558693529261 -19160
1558693534253 -19243
1558693537882 -27781
1558693542922 -27912
1558693543871 -28861
1558693545827 -30817
1558693549589 -39487
1558693549589 -39487
1558693550717 -35707
1558693558244 -47916
1558693558541 -43530
1558693559519 -44422
1558693560498 -45401
1558693561483 -46386
1558693564154 -53826
1558693564351 -49254
1558693569971 -59643
1558693574025 -58928
1558693576820 -66492
1558693581844 -66747
1558693582522 -72193
1558693586648 -71550
1558693588449 -78120
1558693589599 -74501
1558693590552 -75454
1558693593485 -78387
1558693594438 -79340
1558693597384 -82286
1558693602223 -87125
1558693604201 -89103
1558693605886 -92871
1558693606827 -93812
1558693611719 -98704
1558693612819 -85594
1558693620501 -107485
1558693635987 -122970
1558693635987 -122970
1558693644928 -117701
1558693649678 -136660
1558693653708 -126480
1558693653708 -126480
1558693656376 -142987
1558693657472 -129954
1558693657480 -129962
1558693659287 -145898
1558693660263 -146874
1558693665172 -151783
1558693678748 -165356
1558693680899 -152725
1558693682818 -154644
1558693684716 -156542
1558693687654 -159480
1558693688478 -175086
1558693689574 -161400
1558693690549 -162375
1558693694395 -177978
1558693697396 -169209
1558693699362 -171175
1558693701296 -173109
1558693702274 -174087
1558693705049 -176862
1558693710922 -182734
1558693712872 -184684
1558693713859 -185671
1558693720577 -204159
1558693722650 -194462
1558693723346 -206927
1558693728358 -200169
1558693731287 -203098
1558693735246 -207057
1558693741066 -212877
1558693743022 -214833
1558693744977 -216788
1558693748887 -220698
1558693750844 -222655
1558693754490 -237781
1558693758399 -241689
1558693760458 -230154
1558693761327 -244617
1558693767306 -237001
1558693768283 -237978
1558693769259 -238954
1558693770270 -239965
1558693772219 -241914
1558693772949 -256212
1558693773195 -242890
1558693775957 -245652
1558693777786 -257057
1558693780888 -250583
1558693806189 -275859
1558693809987 -289257
1558693814910 -294180
1558693818626 -297896
1558693825468 -304737
1558693836242 -305637
1558693837206 -306601
1558693842001 -287483
1558693842827 -288308
1558693843075 -312469
1558693854620 -300100
1558693856513 -301992
1558693860424 -305903
1558693864342 -309821
1558693869400 -336643
1558693871074 -316552
1558693873966 -319443
1558693875012 -342250
1558693875996 -322305
1558693894593 -340899
1558693911257 -357560
1558693912119 -326631
1558693914842 -329353
1558693915934 -362236
1558693919635 -334144
1558693919737 -315448
1558693921578 -336086
1558693924479 -338986
1558693924480 -338987
1558693934335 -330044
1558693936217 -311661
1558693938014 -313457
1558693938247 -333955
1558693942160 -337868
1558693947792 -323234
1558693959555 -334996
1558693962561 -329298
1558693971179 -337915
1558693971179 -337914
1558693972155 -338890
1558693975988 -295315
1558693977036 -343771
1558693979974 -346709
1558693981934 -348668
1558693990591 -357324
1558693994425 -313750
1558693999405 -366137
1558694019666 -338986
1558694024608 -343926
1558694030519 -351439
1558694040116 -361034
1558694043063 -363981
1558694045971 -366888
1558694048905 -319543
1558694051775 -316639
1558694051837 -322475
1558694052755 -317619
1558694053800 -324437
1558694057495 -322358
1558694059437 -324300
1558694062379 -327241
1558694063370 -328232
1558694064341 -329203
1558694066286 -331148
1558694069267 -339902
1558694072202 -337062
1558694072221 -337081
1558694074104 -338964
1558694075084 -339943
1558694077072 -341931
1558694077081 -341940
1558694078018 -342876
1558694085727 -356360
1558694086654 -351509
1558694087636 -352491
1558694087680 -358312
1558694088613 -353467
1558694089591 -354445
1558694091590 -309784
1558694093544 -311738
1558694100386 -318579
1558694101345 -309822
1558694111509 -329701
1558694116828 -325303
1558694119782 -337973
1558694121748 -339938
1558694122728 -340918
1558694133277 -341750
1558694133277 -341750
1558694134296 -352484
1558694140169 -358355
1558694146964 -355433
1558694147001 -334690
1558694147978 -335667
1558694150905 -317550
1558694165381 -332020
1558694175161 -341796
1558694177929 -344564
1558694180081 -367765
1558694181842 -348475
1558694183834 -325270
1558694184779 -351411
1558694184780 -351412
1558694184808 -326243
1558694186733 -353364
1558694186765 -328200
1558694186765 -328200
1558694188721 -330156
1558694196621 -338054
1558694199539 -340972
1558694201315 -320398
1558694207268 -348700
1558694207268 -326350
1558694209117 -328199
1558694217102 -336183
1558694219493 -360923
1558694223177 -364606
1558694225620 -344699
1558694227738 -322271
1558694233355 -352432
1558694234333 -353410
1558694235355 -354431
1558694236343 -355419
1558694241271 -301294
1558694244195 -338726
1558694251153 -345683
1558694255691 -315712
1558694257672 -352201
1558694258645 -353174
1558694262589 -357117
1558694264510 -324251
1558694270474 -305005
1558694273401 -307932
1558694274205 -333945
1558694274300 -308831
1558694276148 -335887
1558694277133 -336872
1558694278032 -312562
1558694280020 -314550
1558694283904 -318433
1558694284016 -343754
1558694291755 -326283
1558694292889 -352624
1558694295692 -330220
1558694301567 -321579
1558694303399 -337926
1558694307466 -327477
1558694309336 -343862
1558694309465 -329476
1558694314224 -348748
1558694314225 -348749
1558694314350 -334361
1558694326985 -346994
1558694330819 -339136
1558694330819 -339136
1558694348485 -312319
1558694356332 -320164
1558694359160 -367432
1558694367976 -331806
1558694387515 -335625
1558694391427 -355251
1558694393412 -357235
1558694393421 -357244
1558694398168 -346273
1558694408989 -357091
1558694411106 -317559
1558694413071 -319523
1558694417933 -324385
1558694419937 -326389
1558694421629 -339512
1558694425687 -332138
1558694425687 -332138
1558694428642 -335092
1558694429498 -347380
1558694430614 -337064
1558694431608 -338058
1558694433434 -351315
1558694436385 -354266
1558694440286 -346735
1558694444219 -350667
1558694449989 -367868
1558694452941 -370819
1558694454057 -360502
1558694460805 -328278
1558694463763 -331236
1558694465706 -308094
1558694478489 -320875
1558694482425 -324811
1558694486205 -328590
1558694488165 -330550
1558694490159 -357628
1558694492939 -360408
1558694497873 -365341
1558694498993 -341376
1558694501948 -344330
1558694507707 -324544
1558694507845 -350226
1558694509815 -352195
1558694511670 -328506
1558694517375 -334211
1558694517375 -334211
1558694519490 -313249
1558694535134 -351963
1558694539004 -332761
1558694546725 -338505
1558694548850 -342606
1558694549838 -343594
1558694556592 -348371
1558694566242 -358020
1558694566242 -358019
1558694567267 -359044
1558694571161 -362938
1558694572324 -317607
1558694577062 -368838
1558694579051 -370827
1558694579213 -324494
1558694589692 -329041
1558694596585 -335934
1558694602640 -347912
1558694606412 -351683
1558694607405 -352676
1558694608378 -353648
1558694611329 -356598
1558694618213 -363480
1558694619196 -303862
1558694624951 -364296
1558694632816 -317480
1558694632831 -320532
1558694635596 -323297
1558694635763 -320427
1558694636580 -324281
1558694637565 -325266
1558694637730 -322393
1558694639703 -324366
1558694642485 -330185
1558694647405 -335104
1558694648552 -333214
1558694649373 -337072
1558694651348 -339046
1558694653472 -338133
1558694657254 -341914
1558694661018 -348715
1558694664154 -348812
1558694671019 -355675
1558694676919 -361573
1558694678763 -313709
1558694678776 -313722
1558694686441 -321386
1558694692386 -327330
1558694710051 -347756
1558694713818 -348759
1558694718744 -353683
1558694718748 -353687
1558694719728 -354667
1558694721803 -356741
1558694724881 -359818
1558694726932 -361868
1558694732413 -337856
1558694738433 -315692
1558694749241 -326491
1558694753018 -358459
1558694755969 -333218
1558694756971 -334220
1558694756972 -334221
1558694757938 -335181
1558694763851 -341091
1558694764812 -342052
1558694767760 -344999
1558694769727 -346965
1558694774485 -351719
1558694786292 -363521
1558694797934 -310749
1558694799903 -312718
1558694804822 -317636
1558694805807 -318621
1558694808756 -321443
1558694818597 -331283
