1558693130427 -6634
1558693131416 -6274
1558693133374 -8232
1558693134052 -10259
1558693136100 -12307
1558693144769 -20975
1558693146972 -21830
1558693150685 -25543
1558693152704 -27561
1558693153644 -23967
1558693161508 -31831
1558693165883 -42088
1558693167218 -37541
1558693169772 -45950
1558693173588 -48921
1558693174574 -49907
1558693174867 -45190
1558693178378 -53710
1558693194863 -70195
1558693197739 -73071
1558693199596 -74928
1558693200923 -71243
1558693201500 -76832
1558693202470 -77802
1558693202880 -73200
1558693205401 -80733
1558693213170 -88501
1558693217411 -87731
1558693221161 -91481
1558693224051 -94371
1558693229902 -100213
1558693230889 -99048
1558693235756 -103915
1558693236707 -104866
1558693240207 -114285
1558693242962 -117040
1558693243423 -111581
1558693245869 -119947
1558693247809 -121887
1558693251208 -119366
1558693258070 -125961
1558693258074 -125965
1558693259033 -126924
1558693263371 -134762
1558693264355 -135746
1558693264913 -132804
1558693270070 -141461
1558693270078 -141469
1558693270078 -141469
1558693273008 -144399
1558693273987 -145378
1558693280433 -148323
1558693282349 -150239
1558693285959 -157350
1558693289477 -160868
1558693296862 -164752
1558693296874 -164764
1558693297308 -168699
1558693297308 -168699
1558693298258 -169649
1558693299772 -167662
1558693316662 -186556
1558693320152 -185212
1558693321132 -186192
1558693337984 -207878
1558693343484 -208543
1558693343860 -213754
1558693346413 -211472
1558693347387 -212446
1558693347763 -217655
1558693348782 -218674
1558693356175 -219574
1558693362847 -226246
1558693366757 -230156
1558693368125 -238017
1558693373988 -243879
1558693384587 -254478
1558693391424 -261315
1558693392402 -260860
1558693392405 -260863
1558693402176 -270634
1558693410453 -272188
1558693413745 -274807
1558693415702 -276764
1558693416684 -277746
1558693420246 -271376
1558693422581 -283642
1558693424159 -275288
1558693429391 -279977
1558693431966 -283094
1558693431966 -283094
1558693434890 -267699
1558693439974 -290559
1558693442649 -275457
1558693443543 -276350
1558693445477 -278284
1558693448842 -317366
1558693449602 -318126
1558693449759 -288653
1558693450152 -318675
1558693450677 -319200
1558693450694 -319217
1558693450859 -319382
1558693451340 -284147
1558693451650 -320137
1558693451668 -320155
1558693451869 -320356
1558693452420 -320907
1558693452575 -321060
1558693452684 -291578
1558693453035 -321520
1558693453668 -322152
1558693453728 -322212
1558693453739 -322223
1558693454694 -321875
1558693454996 -322177
1558693455075 -322256
1558693455378 -322559
1558693455740 -322921
1558693455931 -323112
1558693456355 -321727
1558693456542 -321914
1558693456699 -322060
1558693457013 -322372
1558693457460 -321988
1558693457473 -322001
1558693458136 -322663
1558693458263 -322790
1558693458430 -322957
1558693458454 -322981
1558693459265 -323790
1558693459302 -323827
1558693459799 -324324
1558693459802 -324327
1558693460207 -324712
1558693460222 -324727
1558693460489 -324993
1558693460753 -325257
1558693460966 -325470
1558693461087 -325591
1558693461102 -321117
1558693461368 -321382
1558693461456 -311428
1558693461465 -311437
1558693461546 -311518
1558693461546 -311518
1558693462008 -302569
1558693462908 -295713
1558693467177 -297303
1558693468154 -298280
1558693473039 -303164
1558693510538 -385
1558693511721 -1568
1558693512769 -329989
1558693513821 -3668
1558693524804 -14648
1558693524818 -14662
1558693529934 -17169
1558693531103 -20188
1558693531885 -19120
1558693532466 -22310
1558693532920 -20155
1558693533456 -23300
1558693533849 -21084
1558693534834 -22069
1558693539560 -26794
1558693541511 -28745
1558693541519 -28753
1558693550455 -39539
1558693550648 -40473
1558693552406 -41490
1558693554382 -43464
1558693556172 -36293
1558693556313 -45395
1558693563987 -53069
1558693565792 -45912
1558693566894 -55976
1558693568859 -57941
1558693571012 -60836
1558693572634 -52753
1558693578840 -68663
1558693578840 -68663
1558693578841 -68664
1558693586333 -72483
1558693588147 -72548
1558693590111 -70228
1558693591062 -75463
1558693591948 -76349
1558693598041 -84190
1558693600000 -86149
1558693601940 -88089
1558693602142 -86542
1558693611984 -96383
1558693613405 -91033
1558693614242 -98641
1558693615338 -92966
1558693618400 -104548
1558693626122 -103748
1558693628181 -114103
1558693633217 -107727
1558693634849 -120771
1558693635517 -110027
1558693635822 -121744
1558693636997 -111507
1558693637768 -123690
1558693639975 -114485
1558693642550 -120175
1558693643818 -118327
1558693645481 -123106
1558693645591 -131513
1558693646567 -132489
1558693648536 -134458
1558693651477 -137399
1558693652455 -138377
1558693652666 -127175
1558693653505 -128014
1558693660000 -130777
1558693660262 -134768
1558693661068 -146990
1558693664018 -149940
1558693665243 -139749
1558693665864 -136640
1558693668194 -142700
1558693669554 -144060
1558693674959 -146041
1558693683294 -154069
1558693683703 -154784
1558693684268 -155043
1558693684906 -155987
1558693693077 -163851
1558693701014 -172094
1558693702797 -183170
1558693706870 -177950
1558693707579 -177209
1558693709987 -181066
1558693710833 -181912
1558693714890 -185969
1558693716389 -186019
1558693720538 -191616
1558693722238 -191867
1558693724121 -204492
1558693724259 -195337
1558693727080 -207451
1558693728029 -208400
1558693729750 -200827
1558693734803 -204201
1558693734908 -215278
1558693735291 -206304
1558693736865 -217235
1558693742700 -223070
1558693755156 -224553
1558693758387 -229399
1558693762986 -232383
1558693762986 -232383
1558693763238 -234250
1558693767190 -238202
1558693769099 -240107
1558693773589 -241761
1558693773714 -253477
1558693775982 -246989
1558693776965 -247972
1558693777694 -248701
1558693780439 -248611
1558693781650 -252657
1558693786494 -257500
1558693789303 -269065
1558693789441 -260447
1558693790200 -258372
1558693790390 -261370
1558693791180 -259352
1558693795238 -275000
1558693805454 -276433
1558693806712 -274883
1558693807859 -287620
1558693808733 -276904
1558693808776 -288537
1558693813546 -275836
1558693813667 -293428
1558693816191 -287166
1558693819424 -281713
1558693823801 -294776
1558693825141 -287430
1558693826126 -297101
1558693826778 -297752
1558693827042 -289330
1558693827467 -286547
1558693828182 -287261
1558693831012 -308086
1558693832040 -294327
1558693832885 -291964
1558693834023 -311097
1558693834962 -312036
1558693835847 -286231
1558693839753 -290136
1558693840775 -291158
1558693841756 -318830
1558693848469 -297948
1558693857338 -276731
1558693858431 -277823
1558693858487 -277879
1558693861151 -310629
1558693861252 -280644
1558693862131 -300189
1558693862583 -281975
1558693864023 -302081
1558693864160 -283552
1558693866866 -316343
1558693866876 -316353
1558693866978 -305036
1558693869857 -319333
1558693871753 -321225
1558693881479 -305864
1558693881479 -305864
1558693881914 -301303
1558693882464 -306849
1558693883539 -302928
1558693886408 -335879
1558693886484 -305873
1558693886484 -305873
1558693888359 -337830
1558693890256 -287477
1558693891116 -311493
1558693892215 -298316
1558693893043 -290264
1558693894022 -291243
1558693895137 -301238
1558693896103 -302204
1558693897957 -318333
1558693899098 -305198
1558693899885 -297105
1558693900927 -298146
1558693900927 -298146
1558693906245 -326620
1558693907165 -327540
1558693910946 -308164
1558693912816 -310034
1558693916717 -295224
1558693926133 -288477
1558693927190 -305695
1558693934915 -297258
1558693936977 -298993
1558693940603 -302945
1558693945571 -307583
1558693955623 -285587
1558693956500 -286464
1558693957383 -287347
1558693957439 -287403
1558693959249 -338523
1558693970767 -289419
1558693971767 -351039
1558693972731 -291382
1558693973832 -303793
1558693977630 -296281
1558693978629 -297280
1558693979627 -313659
1558693981659 -294143
1558693983539 -317571
1558693984512 -296996
1558693993086 -311735
1558693993100 -327130
1558693994103 -306585
1558694005811 -339839
1558694006781 -295297
1558694006822 -298969
1558694008704 -300851
1558694009716 -298232
1558694014445 -302960
1558694015427 -349454
1558694016406 -350433
1558694017376 -305891
1558694017438 -309584
1558694019350 -353376
1558694020621 -312767
1558694026190 -327611
1558694027177 -295109
1558694032070 -333490
1558694039733 -341152
1558694040023 -307953
1558694040688 -299061
1558694041692 -300065
1558694042445 -310375
1558694043637 -302009
1558694044653 -303025
1558694047517 -348935
1558694047534 -315463
1558694049475 -350893
1558694050502 -308873
1558694052407 -353824
1558694057178 -295942
1558694067893 -306656
1558694068853 -307616
1558694068865 -314475
1558694068868 -314478
1558694070845 -316455
1558694070845 -316455
1558694071410 -310173
1558694074765 -313527
1558694075705 -314467
1558694076731 -304954
1558694076930 -315692
1558694081414 -327023
1558694086277 -298827
1558694092161 -337768
1558694100989 -299194
1558694101954 -300158
1558694102932 -301136
1558694102937 -301141
1558694104757 -350363
1558694104920 -303124
1558694105730 -351335
1558694106721 -304924
1558694109941 -308143
1558694110917 -309119
1558694112896 -311098
1558694115943 -309046
1558694116481 -314682
1558694119350 -312452
1558694123521 -292433
1558694125229 -318446
1558694128190 -296253
1558694130142 -298205
1558694130932 -299843
1558694130933 -324149
1558694137752 -306662
1558694141704 -334918
1558694141724 -309785
1558694141728 -309789
1558694149558 -289457
1558694153244 -301764
1558694157399 -297297
1558694158950 -307470
1558694160833 -309352
1558694161124 -301021
1558694162024 -310543
1558694166975 -306871
1558694167954 -307850
1558694171895 -293246
1558694174743 -296094
1558694174777 -296128
1558694177527 -298877
1558694179495 -328113
1558694184379 -332997
1558694186327 -334944
1558694187405 -308754
1558694189300 -337917
1558694193238 -312656
1558694198955 -291051
1558694202894 -351509
1558694202951 -299065
1558694210691 -306766
1558694213445 -305540
1558694213593 -309668
1558694214004 -306098
1558694219824 -315899
1558694221530 -314661
1558694223608 -294526
1558694227105 -319199
1558694227105 -320235
1558694231282 -297276
1558694232011 -298005
1558694234953 -328083
1558694235328 -301321
1558694236498 -302491
1558694239927 -333056
1558694241922 -335050
1558694243821 -336949
1558694244178 -310170
1558694244850 -315765
1558694244850 -337978
1558694247715 -340843
1558694249645 -342773
1558694250562 -299032
1558694257396 -305865
1558694258355 -294381
1558694259336 -295362
1558694261433 -297458
1558694262315 -355438
1558694266191 -314659
1558694268214 -316682
1558694269184 -317652
1558694269593 -305617
1558694275224 -311248
1558694275909 -311932
1558694282723 -297296
1558694282784 -292590
1558694284848 -294654
1558694285670 -300243
1558694286656 -301229
1558694287635 -302207
1558694292655 -302460
1558694302251 -349441
1558694310106 -296632
1558694312223 -296795
1558694313062 -299588
1558694315025 -301551
1558694315035 -362220
1558694315095 -299666
1558694317992 -302568
1558694319803 -304379
1558694321756 -308281
1558694326695 -311268
1558694331604 -316175
1558694332563 -297818
1558694332564 -288951
1558694332569 -317139
1558694333538 -289925
1558694334535 -319105
1558694336509 -321078
1558694337536 -293922
1558694339445 -295831
1558694342397 -307650
1558694344220 -328786
1558694350109 -291800
1558694353058 -294748
1558694355999 -312383
1558694357007 -341568
1558694357982 -299672
1558694358971 -343531
1558694359957 -301646
1558694360970 -302659
1558694363892 -348450
1558694363892 -348450
1558694363900 -303800
1558694364885 -349443
1558694369653 -354209
1558694371614 -313302
1558694372584 -357139
1558694373554 -358109
1558694373557 -358112
1558694374740 -314639
1558694379406 -294901
1558694379466 -291164
1558694380437 -295931
1558694384373 -308667
1558694389291 -313584
1558694391105 -315398
1558694391265 -302962
1558694398923 -314411
1558694402902 -327193
1558694407844 -285519
1558694407874 -301180
1558694408807 -333098
1558694409813 -287488
1558694410116 -303422
1558694411763 -289437
1558694416816 -294490
1558694418602 -296276
1558694421507 -314811
1558694421554 -314857
1558694421891 -315194
1558694424386 -348672
1558694427286 -286607
1558694428328 -306000
1558694429291 -353575
1558694430275 -354559
1558694432242 -356526
1558694432275 -309946
1558694434209 -358492
1558694441941 -293335
1558694448809 -312988
1558694453744 -305136
1558694455712 -307104
1558694457569 -288720
1558694457667 -321845
1558694457678 -309070
1558694468339 -289795
1558694469298 -333475
1558694475192 -339368
1558694477169 -341344
1558694478167 -299621
1558694479154 -300608
1558694480108 -344282
1558694480129 -301583
1558694486007 -350179
1558694488004 -309457
1558694490903 -297771
1558694502597 -296795
1558694508389 -315255
1558694513360 -293895
1558694514200 -319070
1558694514240 -308436
1558694520149 -314345
1558694521963 -302497
1558694522011 -302545
1558694525015 -329883
1558694528070 -332938
1558694529215 -334083
1558694536707 -312753
1558694539659 -315704
1558694542555 -347420
1558694547373 -297847
1558694549404 -299877
1558694553378 -358239
1558694557352 -303974
1558694559328 -305950
1558694559328 -305950
1558694559331 -305953
1558694561924 -312396
1558694565104 -311725
1558694571790 -291997
1558694575831 -340844
1558694575888 -301694
1558694578704 -298910
1558694583731 -303936
1558694583768 -303973
1558694587354 -307559
1558694591291 -311495
1558694593428 -319231
1558694597303 -362312
1558694599271 -308626
1558694599340 -302464
1558694599343 -302467
1558694600195 -295986
1558694605169 -314523
1558694612073 -307863
1558694612956 -316078
1558694615737 -311526
1558694616811 -326163
1558694617795 -327147
1558694620822 -295128
1558694621803 -296109
1558694623812 -298118
1558694624767 -299073
1558694630418 -339769
1558694633384 -342734
1558694634349 -343699
1558694635343 -344693
1558694638290 -347640
1558694639362 -313666
1558694643345 -294244
1558694644086 -294985
1558694644191 -353539
1558694647211 -291200
1558694649999 -300898
1558694651985 -302883
1558694653750 -304648
1558694654094 -298082
1558694656903 -300890
1558694657795 -311570
1558694658649 -309546
1558694662570 -313467
1558694663706 -317479
1558694665542 -316439
1558694666728 -310714
1558694670597 -324368
1558694672549 -326319
1558694672623 -287262
1558694675383 -295976
1558694675498 -329267
1558694676557 -291195
1558694679302 -333069
1558694680182 -300775
1558694680182 -300775
1558694683285 -297923
1558694688118 -341882
1558694688195 -302832
1558694696919 -317510
1558694698375 -288652
1558694700981 -315616
1558694703696 -357450
1558694703706 -357460
1558694705658 -359412
1558694707621 -361374
1558694709438 -299714
1558694713538 -312563
1558694718319 -308593
1558694724481 -323505
1558694727414 -326437
1558694735760 -300642
1558694741706 -306586
1558694742692 -307572
1558694742721 -307601
1558694745818 -344838
1558694749498 -314377
1558694750824 -316540
1558694753617 -289059
1558694754492 -353509
1558694756460 -355476
1558694768157 -306660
1558694770336 -305776
1558694772304 -307743
1558694775257 -310696
1558694775965 -319253
1558694776076 -311515
1558694776951 -320239
1558694782966 -293117
1558694799223 -315234
1558694806104 -296756
