1558693126728 -2759
1558693132337 -8368
1558693134319 -10350
1558693135360 -11390
1558693136305 -12335
1558693141147 -17176
1558693142119 -18148
1558693154535 -30044
1558693155488 -30997
1558693156456 -31965
1558693170072 -45581
1558693172878 -48387
1558693174810 -50318
1558693177679 -53187
1558693180624 -56132
1558693190721 -66229
1558693199004 -72618
1558693199004 -72618
1558693203782 -77396
1558693204752 -78366
1558693206732 -80346
1558693212532 -86145
1558693212563 -86176
1558693213482 -87095
1558693218329 -91942
1558693220130 -93743
1558693224001 -97614
1558693228874 -102485
1558693243315 -116926
1558693244271 -117882
1558693250075 -123686
1558693253002 -126613
1558693258834 -130801
1558693262744 -134711
1558693269429 -141396
1558693272352 -144319
1558693273340 -145307
1558693281222 -153189
1558693287137 -159103
1558693287172 -159138
1558693292817 -164783
1558693300539 -172505
1558693305441 -174927
1558693308365 -177850
1558693310316 -179801
1558693320919 -190403
1558693321912 -191396
1558693322870 -192354
1558693330694 -200177
1558693338351 -207834
1558693340322 -209804
1558693352053 -221535
1558693358902 -227630
1558693361642 -230370
1558693368498 -237226
1558693381210 -249937
1558693382170 -250897
1558693384944 -253671
1558693394727 -263454
1558693400592 -269318
1558693414105 -281910
1558693419973 -272059
1558693432522 -284606
1558693517135 -4343
1558693526920 -14127
1558693526922 -14129
1558693529850 -17057
1558693530827 -18034
1558693530827 -18034
1558693557066 -44271
1558693567650 -51726
1558693573523 -57599
1558693580357 -64432
1558693587113 -71188
1558693598775 -82849
1558693599754 -83828
1558693600727 -84801
1558693601702 -85776
1558693606616 -90689
1558693609366 -93439
1558693632668 -116258
1558693637552 -121142
1558693638529 -122119
1558693655963 -139553
1558693658898 -142488
1558693663786 -141851
1558693664776 -142841
1558693667696 -145761
1558693674540 -152605
1558693678461 -156526
1558693682257 -160322
1558693688059 -166124
1558693691972 -170036
1558693691972 -170036
1558693711356 -189380
1558693724065 -202088
1558693733680 -211703
1558693739549 -217572
1558693746382 -224403
1558693752084 -230105
1558693754039 -232060
1558693759908 -237929
1558693780272 -256612
1558693789070 -265409
1558693791030 -267369
1558693791032 -267371
1558693793965 -270304
1558693796914 -273253
1558693802682 -279021
1558693809490 -285825
1558693816323 -292610
1558693827858 -304145
1558693828839 -292136
1558693830795 -294091
1558693840575 -303870
1558693851163 -298953
1558693861911 -309699
1558693866835 -304266
1558693871530 -308960
1558693876415 -313844
1558693880340 -268040
1558693885229 -272928
1558693886200 -273899
1558693890105 -277803
1558693892056 -279754
1558693894838 -282536
1558693907925 -295621
1558693909080 -296776
1558693917158 -304851
1558693919113 -306805
1558693937695 -312671
1558693949259 -287426
1558693956101 -294267
1558693970614 -308778
1558693979408 -290326
1558693984287 -295204
1558694012337 -293160
1558694022095 -302916
1558694023092 -303913
1558694024076 -304897
1558694029934 -310754
1558694029943 -310763
1558694039569 -291230
1558694058105 -309763
1558694058105 -309763
1558694082392 -308744
1558694088119 -314470
1558694102776 -305850
1558694108692 -311765
1558694109636 -312709
1558694113648 -287745
1558694116293 -290390
1558694116304 -290401
1558694122174 -296270
1558694129971 -304066
1558694148421 -292374
1558694149373 -293326
1558694166816 -310767
1558694174632 -292208
1558694184249 -301821
1558694185229 -302801
1558694186211 -303782
1558694195026 -295148
1558694202764 -302885
1558694211498 -311618
1558694214423 -297219
1558694219708 -302502
1558694222612 -305406
1558694223540 -306334
1558694224471 -307264
1558694230028 -312820
1558694248867 -302499
1558694257415 -311046
1558694260318 -313949
1558694268266 -287888
1558694279867 -299487
1558694296548 -289886
1558694297518 -290856
1558694301301 -294638
1558694308186 -301522
1558694311151 -304486
1558694312156 -305491
1558694313112 -306447
1558694318992 -312327
1558694325735 -296626
1558694341451 -312340
1558694344395 -291133
1558694350140 -296877
1558694363919 -310655
1558694377516 -299972
1558694381450 -303905
1558694398991 -295197
1558694400996 -297201
1558694403923 -300128
1558694404942 -301147
1558694408841 -305045
1558694409826 -306030
1558694420554 -298239
1558694423417 -301101
1558694428334 -306018
1558694430300 -307983
1558694432282 -309965
1558694434237 -311920
1558694438204 -298578
1558694446869 -307242
1558694455717 -316089
1558694469342 -300579
1558694471297 -302534
1558694480142 -311378
1558694481126 -312362
1558694482107 -313342
1558694490821 -291890
1558694492772 -293840
1558694499655 -300722
1558694508520 -309586
1558694512462 -313527
1558694532394 -307118
1558694533148 -307872
1558694545577 -294033
1558694546567 -295023
1558694547543 -295998
1558694558361 -306815
1558694568069 -316522
1558694573943 -302732
1558694574919 -303708
1558694583773 -312561
1558694587566 -287257
1558694589519 -289210
1558694591501 -291192
1558694595425 -295115
1558694604272 -303960
1558694605256 -304944
1558694608207 -307895
1558694616907 -294902
1558694624789 -302781
1558694629686 -307675
1558694631656 -309645
1558694645259 -299017
1558694653129 -306886
1558694656078 -309834
1558694664779 -293121
1558694672638 -300979
1558694683299 -311639
1558694689202 -317541
1558694700009 -298068
1558694710678 -308735
1558694715599 -313656
1558694717556 -315613
1558694728543 -301152
1558694732242 -304851
1558694732264 -304873
1558694738059 -310665
1558694755604 -297921
1558694792811 -305779
1558694796746 -309714
1558694799699 -312666
1558694814292 -301814
1558694823145 -310665
