1558693138923 -16040
1558693164103 -41219
1558693166176 -43230
1558693175796 -52849
1558693180611 -57664
1558693197814 -74866
1558693204422 -81474
1558693212104 -89150
1558693215927 -92973
1558693225542 -102587
1558693242821 -119851
1558693246639 -121368
1558693250481 -125210
1558693255285 -130014
1558693280172 -154900
1558693284971 -159699
1558693290697 -165413
1558693294569 -169284
1558693299270 -173985
1558693300230 -174945
1558693304138 -178853
1558693305071 -179786
1558693305993 -180708
1558693314696 -189411
1558693324264 -196859
1558693324264 -196859
1558693335670 -208265
1558693341487 -214082
1558693346335 -218893
1558693354833 -227391
1558693368353 -240911
1558693388463 -258791
1558693389431 -259759
1558693402791 -273119
1558693425805 -296132
1558693439374 -309701
1558693443996 -314322
1558693444971 -315297
1558693455592 -295385
1558693470876 -310667
1558693471843 -311634
1558693482465 -322254
1558693483433 -323222
1558693488260 -328048
1558693509602 -544
1558693526994 -17936
1558693548084 -39025
1558693568191 -56582
1558693569160 -57551
1558693572084 -60474
1558693574951 -63341
1558693582523 -70912
1558693585461 -73850
1558693590282 -78671
1558693590297 -78686
1558693597988 -86339
1558693599929 -88280
1558693603600 -91951
1558693606528 -94879
1558693608429 -96779
1558693622918 -111267
1558693638201 -126549
1558693641100 -129448
1558693642064 -127572
1558693643093 -128601
1558693649794 -135302
1558693649794 -135302
1558693650602 -136109
1558693666065 -151572
1558693667993 -153500
1558693670909 -156416
1558693671864 -157371
1558693691007 -176413
1558693697607 -183012
1558693698587 -183992
1558693711120 -196524
1558693723525 -208928
1558693725457 -210860
1558693729364 -214766
1558693732219 -217621
1558693734145 -219547
1558693749423 -229576
1558693754254 -234406
1558693759097 -239249
1558693767614 -247766
1558693776349 -256169
1558693779200 -259020
1558693786932 -266752
1558693796492 -276312
1558693810110 -289929
1558693812955 -292774
1558693814726 -293830
1558693816643 -295747
1558693818577 -297681
1558693847342 -303948
1558693849252 -305857
1558693863596 -320195
1558693865495 -322093
1558693867423 -324021
1558693871328 -297953
1558693880973 -307597
1558693881919 -308543
1558693882875 -309499
1558693886578 -313201
1558693887547 -314170
1558693890448 -317070
1558693897205 -323826
1558693901144 -327765
1558693917347 -343962
1558693927973 -318245
1558693928924 -319196
1558693942267 -332537
1558693944202 -334472
1558693944202 -334472
1558693954832 -345100
1558693956604 -346871
1558693962458 -298337
1558693963393 -299272
1558693975920 -311797
1558693981569 -317445
1558693982536 -318412
1558693982536 -318412
1558693991214 -327089
1558693992177 -328052
1558694001846 -337719
1558694005533 -341405
1558694005534 -341405
1558694017121 -352987
1558694018088 -308547
1558694041133 -331589
1558694044018 -334473
1558694049644 -340099
1558694067032 -307901
1558694067997 -308866
1558694070949 -311818
1558694072857 -313725
1558694086200 -327066
1558694098579 -339442
1558694102467 -343329
1558694105375 -346235
1558694108464 -349323
1558694121596 -306947
1558694126429 -311779
1558694140914 -326262
1558694141876 -327224
1558694141876 -327224
1558694144613 -329961
1558694145579 -330927
1558694161030 -346369
1558694164891 -350228
1558694169570 -303093
1558694183082 -316603
1558694188888 -322408
1558694193551 -327070
1558694193555 -327074
1558694194523 -328042
1558694215731 -349246
1558694220786 -294759
1558694220786 -294759
1558694221702 -295674
1558694223638 -297610
1558694224514 -298486
1558694231053 -305024
1558694235977 -309947
1558694243539 -317509
1558694245537 -319506
1558694246593 -320562
1558694259006 -332973
1558694281188 -314908
1558694281188 -314908
1558694284914 -318633
1558694291724 -325442
1558694301430 -335147
1558694310016 -343732
1558694313904 -347620
1558694321683 -355397
1558694334162 -319925
1558694338049 -323811
1558694338049 -323811
1558694340967 -326728
1558694354563 -340322
1558694355531 -341290
1558694375777 -327409
1558694391154 -342784
1558694394073 -345703
1558694395047 -346677
1558694395052 -346681
1558694397972 -349601
1558694404634 -356262
1558694410462 -362089
1558694412375 -317476
1558694412375 -317476
1558694415470 -320570
1558694416425 -321525
1558694434564 -339661
1558694436519 -341616
1558694443314 -348410
1558694443314 -348410
1558694448172 -353267
1558694452868 -357961
1558694462623 -313136
1558694465503 -316016
1558694465508 -316021
1558694481878 -332389
1558694502112 -352618
1558694506004 -300802
1558694506970 -301768
1558694509882 -304680
1558694514739 -309536
1558694529401 -324196
1558694531485 -326280
1558694535060 -329854
1558694537906 -332700
1558694543738 -338531
1558694544705 -339498
1558694545518 -340311
1558694556209 -350999
1558694563063 -310589
1558694567895 -315420
1558694573564 -321088
1558694574523 -322047
1558694585260 -332783
1558694586178 -333700
1558694594757 -342278
1558694596708 -344228
1558694618899 -324013
1558694632514 -337626
1558694642068 -347179
1558694643038 -348149
1558694644969 -350079
1558694657601 -324199
1558694666201 -332798
1558694667162 -333759
1558694676872 -343425
1558694688365 -354918
1558694706840 -331003
1558694736642 -309756
