1558693127321 -3585
1558693132138 -9334
1558693134896 -11160
1558693136902 -13165
1558693141647 -17910
1558693141673 -17936
1558693143836 -21031
1558693144535 -20798
1558693149170 -25433
1558693149447 -26642
1558693150475 -27670
1558693151198 -26485
1558693154366 -31561
1558693154997 -30284
1558693158268 -35463
1558693158950 -34237
1558693160238 -37433
1558693161819 -37106
1558693163052 -40247
1558693172275 -47561
1558693174162 -49448
1558693174621 -51813
1558693174640 -51832
1558693183787 -59073
1558693185825 -61111
1558693186339 -63530
1558693187875 -63161
1558693188463 -65654
1558693189038 -64324
1558693189525 -66716
1558693193698 -68984
1558693197770 -74959
1558693201006 -76291
1558693201968 -77253
1558693203517 -80706
1558693206871 -81461
1558693212266 -89454
1558693213247 -90435
1558693219867 -97054
1558693228629 -105815
1558693229612 -106798
1558693231565 -108750
1558693234459 -111642
1558693243237 -117826
1558693245938 -123119
1558693247107 -121696
1558693249985 -121258
1558693249985 -121258
1558693250786 -127967
1558693253713 -130893
1558693256657 -133837
1558693258575 -135754
1558693260656 -131929
1558693264391 -141569
1558693265231 -142408
1558693271057 -148234
1558693271187 -142459
1558693273955 -151131
1558693273955 -151131
1558693274920 -152096
1558693278980 -150252
1558693280035 -151307
1558693282915 -154187
1558693293509 -163747
1558693294424 -164662
1558693302006 -179178
1558693302202 -172439
1558693303150 -173387
1558693305074 -175311
1558693306825 -183996
1558693308965 -179202
1558693311863 -182100
1558693315432 -192602
1558693315432 -192602
1558693319279 -196449
1558693324348 -194585
1558693325088 -202257
1558693325088 -202257
1558693326295 -196514
1558693327039 -204208
1558693333842 -210953
1558693337551 -214662
1558693341679 -211897
1558693342645 -212863
1558693344356 -221466
1558693346587 -216805
1558693346609 -216827
1558693352119 -229229
1558693353094 -230204
1558693354059 -231169
1558693356246 -226464
1558693357218 -227436
1558693357944 -235054
1558693364839 -235057
1558693365796 -236014
1558693369701 -239919
1558693375286 -252396
1558693377484 -247702
1558693380392 -250610
1558693388737 -265844
1558693390913 -249288
1558693391884 -250259
1558693393570 -270677
1558693394803 -253177
1558693396486 -273593
1558693399409 -276516
1558693400626 -258999
1558693408255 -266627
1558693409027 -286128
1558693423832 -264006
1558693424782 -264956
1558693426724 -266898
1558693430440 -270613
1558693433565 -273738
1558693437248 -314222
1558693439232 -279404
1558693445024 -285194
1558693445996 -274653
1558693448934 -325899
1558693450882 -327847
1558693455580 -284236
1558693461380 -290035
1558693464296 -292951
1558693465376 -342340
1558693476121 -353085
1558693480847 -356801
1558693493546 -369496
1558693495502 -371452
1558693503162 -379106
1558693503162 -379106
1558693504141 -380084
1558693507073 -383012
1558693518790 -6403
1558693523662 -11275
1558693526478 -360345
1558693530457 -18070
1558693533319 -367185
1558693536133 -23743
1558693537206 -371071
1558693546981 -380845
1558693549752 -383616
1558693549752 -383616
1558693550729 -384593
1558693554598 -41611
1558693559310 -46323
1558693562449 -396310
1558693564493 -398353
1558693571962 -58974
1558693573717 -64522
1558693573882 -60894
1558693577618 -68423
1558693578425 -69230
1558693582331 -73135
1558693582469 -69480
1558693583318 -74122
1558693584410 -71420
1558693584410 -71420
1558693588256 -79060
1558693589224 -80028
1558693589241 -80045
1558693590191 -80995
1558693594162 -81172
1558693599973 -90775
1558693600965 -85457
1558693601930 -86422
1558693605627 -96429
1558693606630 -97432
1558693607613 -92105
1558693611505 -95997
1558693611522 -102324
1558693611522 -102324
1558693613489 -104291
1558693613508 -104310
1558693616354 -100845
1558693617400 -105281
1558693619269 -103760
1558693620296 -108177
1558693623151 -107642
1558693633665 -118154
1558693635620 -120109
1558693640473 -124961
1558693643383 -127871
1558693653106 -136601
1558693658773 -142268
1558693659745 -143240
1558693660718 -144213
1558693665906 -153478
1558693668842 -156414
1558693678447 -166019
1558693682953 -166446
1558693696047 -183617
1558693700747 -188316
1558693701221 -179762
1558693713485 -201053
1558693713861 -192401
1558693713863 -192403
1558693720664 -199204
1558693721637 -200177
1558693722090 -205696
1558693726006 -209612
1558693727329 -205868
1558693728287 -206826
1558693736791 -220396
1558693739944 -218483
1558693741648 -225253
1558693745856 -224395
1558693753402 -231035
1558693757132 -240737
1558693760070 -243675
1558693762031 -245396
1558693765964 -249329
1558693769667 -253032
1558693770900 -248533
1558693772622 -255987
1558693775594 -258958
1558693776558 -259922
1558693779463 -262827
1558693782432 -265796
1558693784351 -267715
1558693787278 -270641
1558693795935 -279298
1558693796825 -258751
1558693801732 -263658
1558693801892 -285254
1558693806576 -268501
1558693807571 -269496
1558693809685 -293047
1558693815484 -292705
1558693816269 -293490
1558693816276 -278199
1558693820003 -281926
1558693822182 -299403
1558693823132 -300353
1558693823876 -285798
1558693828965 -306186
1558693829954 -307175
1558693831686 -282703
1558693835814 -313034
1558693836498 -287514
1558693837771 -314991
1558693839412 -277200
1558693841489 -318709
1558693842329 -280116
1558693858137 -335357
1558693858137 -335357
1558693858694 -296479
1558693862076 -339093
1558693866329 -289536
1558693867764 -344781
1558693873627 -350639
1558693875567 -352579
1558693875578 -352590
1558693877980 -301185
1558693883369 -360381
1558693884349 -361361
1558693892000 -327201
1558693893972 -329173
1558693901913 -337113
1558693909881 -345080
1558693915348 -350546
1558693915370 -350568
1558693917532 -277062
1558693922171 -357368
1558693925289 -284818
1558693926290 -285819
1558693927039 -362236
1558693928994 -364191
1558693930147 -289675
1558693931922 -367118
1558693934674 -332766
1558693935653 -333745
1558693935974 -295501
1558693937635 -335727
1558693939589 -337681
1558693941641 -301168
1558693949426 -308951
1558693951304 -349394
1558693954229 -352319
1558693956200 -354290
1558693957233 -293600
1558693962893 -360982
1558693964842 -362931
1558693968707 -305072
1558693970703 -368791
1558693971626 -307991
1558693974617 -372704
1558693977454 -313818
1558693977561 -311662
1558693977561 -311662
1558693980360 -316724
1558693994969 -329068
1558693995746 -303112
1558693996721 -304086
1558693999860 -333958
1558693999868 -333966
1558694001584 -308949
1558694002561 -309925
1558694006527 -340624
1558694011163 -288557
1558694017948 -295341
1558694018928 -296321
1558694020873 -298265
1558694021198 -341596
1558694021840 -299232
1558694025148 -345545
1558694025730 -303122
1558694038206 -315596
1558694039186 -316576
1558694040147 -283841
1558694044033 -287726
1558694044033 -287726
1558694045973 -289666
1558694047919 -291611
1558694052309 -372702
1558694053770 -297462
1558694056086 -376478
1558694058976 -379367
1558694069141 -312831
1558694070140 -313830
1558694079682 -289514
1558694091065 -386373
1558694091065 -386373
1558694098145 -307975
1558694100835 -396142
1558694102045 -311874
1558694105596 -400902
1558694105830 -315659
1558694113726 -290825
1558694116302 -367739
1558694116464 -293563
1558694117425 -294524
1558694117425 -294524
1558694117427 -294526
1558694119373 -296471
1558694123150 -374586
1558694126990 -304087
1558694129898 -306995
1558694133730 -385165
1558694133736 -385171
1558694137646 -389080
1558694143513 -394947
1558694143513 -394946
1558694144493 -395926
1558694149356 -296486
1558694151163 -298292
1558694152127 -299256
1558694152157 -342405
1558694153082 -300211
1558694154271 -301400
1558694156170 -303299
1558694164738 -311866
1558694169602 -286771
1558694174463 -364708
1558694189882 -307048
1558694194005 -353422
1558694194708 -311873
1558694196724 -313889
1558694198504 -290446
1558694208533 -367948
1558694210135 -302074
1558694215424 -374838
1558694215424 -374838
1558694220422 -379836
1558694222245 -314180
1558694222943 -314878
1558694223217 -382631
1558694223398 -382811
1558694225552 -291523
1558694225552 -291523
1558694236331 -302301
1558694241199 -307168
1558694242171 -308140
1558694246985 -312954
1558694249995 -286156
1558694255635 -291796
1558694258120 -361169
1558694258564 -294724
1558694262508 -298668
1558694262518 -298678
1558694264023 -367071
1558694264442 -300602
1558694265414 -301573
1558694270195 -306354
1558694271258 -307417
1558694280922 -287119
1558694281585 -354553
1558694286473 -359440
1558694289698 -295894
1558694290408 -363374
1558694290677 -296873
1558694292482 -298678
1558694294432 -300627
1558694295425 -301620
1558694297123 -370088
1558694303017 -375981
1558694304005 -376969
1558694304007 -376971
1558694307141 -313335
1558694311875 -384838
1558694321547 -394506
1558694322527 -340601
1558694324490 -342563
1558694326456 -344529
1558694326546 -302760
1558694333360 -351432
1558694333366 -351438
1558694334331 -352403
1558694334331 -352403
1558694335358 -311571
1558694337320 -313533
1558694340063 -358134
1558694342046 -298013
1558694343023 -298989
1558694343023 -361094
1558694345976 -301942
1558694348924 -366994
1558694350833 -306798
1558694357698 -313662
1558694359766 -377834
1558694371239 -301117
1558694372203 -302081
1558694372220 -302098
1558694375330 -371370
1558694390854 -386892
1558694395503 -300274
1558694398432 -303202
1558694402341 -307111
1558694403637 -399673
1558694405301 -310070
1558694408213 -312982
1558694409192 -313961
1558694411958 -316727
1558694411958 -316727
1558694415013 -289813
1558694420811 -295610
1558694423136 -362945
1558694435277 -310074
1558694435768 -375576
1558694437734 -377542
1558694441145 -315941
1558694446023 -290942
1558694447982 -292900
1558694448962 -293880
1558694451902 -296820
1558694452472 -358208
1558694452885 -297803
1558694454843 -299761
1558694459568 -304485
1558694461511 -306428
1558694461515 -306431
1558694466420 -311336
1558694468080 -373814
1558694468375 -313290
1558694469026 -374760
1558694478860 -384593
1558694479122 -294132
1558694481835 -387567
1558694483616 -389348
1558694485807 -300816
1558694489719 -304728
1558694490507 -396238
1558694499504 -314511
1558694502302 -352092
1558694502436 -317442
1558694504279 -354069
1558694507183 -293194
1558694508040 -357828
1558694511155 -297165
1558694512113 -298123
1558694514039 -300049
1558694516881 -366665
1558694517867 -367651
1558694519842 -369625
1558694529837 -315845
1558694535411 -291328
1558694539291 -295208
1558694545144 -301060
1558694550057 -305972
1558694550174 -369578
1558694551030 -306945
1558694551142 -370546
1558694554775 -310689
1558694556730 -312644
1558694560671 -316584
1558694561669 -317582
1558694565551 -291493
1558694569686 -389087
1558694570687 -390088
1558694571393 -297334
1558694571625 -391026
1558694572405 -298346
1558694586873 -312812
1558694588175 -368781
1558694589811 -315749
1558694591764 -317702
1558694594094 -374699
1558694595071 -375676
1558694598631 -290510
1558694600961 -381565
1558694601562 -293441
1558694601570 -293449
1558694603749 -384353
1558694608663 -389266
1558694616528 -397130
1558694623420 -404022
1558694632096 -350318
1558694637999 -356220
1558694639965 -358186
1558694640357 -302075
1558694641365 -303083
1558694642311 -304028
1558694643899 -362119
1558694646848 -365068
1558694651938 -313654
1558694653881 -282667
1558694661441 -379659
1558694671489 -300272
1558694686849 -374952
1558694687832 -375935
1558694691775 -379877
1558694698507 -386608
1558694702418 -390519
1558694703425 -391526
1558694705398 -304033
1558694706348 -394448
1558694710296 -308931
1558694714212 -344815
1558694718152 -348754
1558694719137 -349739
1558694720096 -288570
1558694722334 -352934
1558694728004 -296477
1558694728971 -359569
1558694735577 -304049
1558694742573 -373165
1558694745182 -313652
1558694745523 -376114
1558694747146 -315616
1558694748313 -378903
1558694754960 -293449
1558694755946 -294435
1558694757894 -296383
1558694759846 -298334
1558694763754 -302242
1558694770436 -308923
1558694771417 -309904
1558694774349 -312835
1558694783157 -295404
1558694790978 -303224
