1558693131677 -3658
1558693133636 -5617
1558693136231 -6828
1558693136665 -8646
1558693143303 -15284
1558693151030 -23010
1558693151510 -22107
1558693154870 -26850
1558693155807 -27787
1558693158805 -30785
1558693160353 -30949
1558693160764 -32744
1558693167229 -39209
1558693167841 -38437
1558693172755 -43351
1558693173114 -45071
1558693174072 -46029
1558693176590 -47183
1558693176875 -48749
1558693177564 -48157
1558693178538 -49131
1558693178544 -49137
1558693182449 -53042
1558693184366 -54959
1558693185359 -55952
1558693187653 -58246
1558693194099 -64692
1558693196891 -67484
1558693197876 -68469
1558693199888 -71761
1558693200720 -71312
1558693208495 -79087
1558693210443 -81035
1558693211460 -83332
1558693211466 -83338
1558693213193 -83785
1558693213194 -83786
1558693214163 -84755
1558693215330 -87134
1558693215330 -87103
1558693216122 -86714
1558693220977 -91344
1558693222892 -94614
1558693224856 -95223
1558693231672 -102039
1558693235578 -105945
1558693238332 -108699
1558693241227 -112949
1558693242196 -112563
1558693248788 -120510
1558693249753 -121475
1558693254841 -125207
1558693257491 -129212
1558693257796 -128162
1558693260374 -132075
1558693262305 -134006
1558693271006 -142706
1558693272937 -144637
1558693273727 -145427
1558693280552 -152252
1558693281920 -152189
1558693282901 -153170
1558693285489 -157189
1558693285838 -156107
1558693286796 -157065
1558693287720 -157989
1558693290194 -161894
1558693290497 -160766
1558693291161 -162861
1558693296327 -166596
1558693297865 -169496
1558693299788 -171419
1558693301748 -173379
1558693302170 -172439
1558693309756 -180025
1558693311225 -182855
1558693312207 -183837
1558693314111 -185741
1558693314115 -185745
1558693317977 -189564
1558693319907 -191494
1558693328595 -200181
1558693330942 -201091
1558693331897 -202046
1558693335354 -206940
1558693340742 -210891
1558693346800 -218385
1558693353278 -223426
1558693355527 -226866
1558693364792 -234625
1558693365754 -235587
1558693367708 -237541
1558693367708 -237541
1558693368719 -238552
1558693371867 -243197
1558693372627 -242460
1558693373797 -245125
1558693375553 -245386
1558693376716 -248037
1558693379299 -249132
1558693382352 -253670
1558693385142 -254975
1558693386116 -255949
1558693386239 -257555
1558693389077 -258909
1558693391084 -262398
1558693399833 -271144
1558693400776 -267111
1558693401778 -273088
1558693402564 -268899
1558693402566 -268901
1558693409410 -275743
1558693413320 -279653
1558693419098 -290343
1558693420079 -291324
1558693422141 -288474
1558693425898 -297136
1558693426867 -298105
1558693431728 -298061
1558693432865 -299198
1558693432928 -299261
1558693439591 -305923
1558693440313 -311537
1558693442299 -313522
1558693454051 -292757
1558693455694 -326910
1558693455699 -326915
1558693458612 -329827
1558693459570 -330785
1558693461865 -300570
1558693463819 -302523
1558693470260 -307534
1558693477870 -315143
1558693479811 -317084
1558693481754 -319026
1558693482725 -319997
1558693486609 -323881
1558693491039 -329733
1558693491466 -328737
1558693492017 -330710
1558693495355 -332625
1558693500051 -337319
1558693505879 -343145
1558693512036 -2999
1558693514819 -5460
1558693514952 -5915
1558693515800 -6441
1558693518732 -9373
1558693519814 -10777
1558693523698 -14660
1558693526622 -17584
1558693528504 -19145
1558693529498 -20139
1558693530462 -21103
1558693530498 -21460
1558693531445 -22086
1558693531445 -22086
1558693540094 -31055
1558693544907 -35868
1558693547931 -38561
1558693554746 -45376
1558693556548 -47178
1558693560297 -47961
1558693560455 -48973
1558693564455 -52973
1558693567096 -54760
1558693568062 -55726
1558693568281 -56799
1558693571990 -59654
1558693574153 -62671
1558693576100 -64618
1558693577776 -65439
1558693581494 -69157
1558693588781 -77299
1558693589724 -78242
1558693590271 -77933
1558693600945 -88606
1558693602339 -90856
1558693604151 -90752
1558693605623 -93284
1558693614001 -100602
1558693621202 -108381
1558693622168 -109347
1558693623129 -110308
1558693624668 -111268
1558693625663 -112263
1558693626664 -113264
1558693635311 -121910
1558693647964 -134562
1558693648943 -135541
1558693649170 -136328
1558693650145 -137303
1558693652894 -140052
1558693656784 -143942
1558693663581 -141888
1558693665520 -143827
1558693667356 -146678
1558693667469 -145776
1558693668352 -147674
1558693672321 -150627
1558693678995 -157301
1558693683817 -163138
1558693683819 -163140
1558693685760 -164066
1558693685783 -165104
1558693695477 -173782
1558693697515 -176836
1558693699194 -177497
1558693699194 -177497
1558693700271 -179589
1558693703206 -182524
1558693713763 -191298
1558693714969 -194287
1558693715960 -195278
1558693720807 -200125
1558693723586 -202904
1558693725535 -204853
1558693734331 -210631
1558693744691 -222225
1558693747855 -224155
1558693751783 -228083
1558693753718 -230018
1558693754240 -231774
1558693754240 -231774
1558693755684 -231984
1558693757634 -233934
1558693759102 -236418
1558693760562 -236862
1558693771151 -247450
1558693773129 -249428
1558693777038 -253336
1558693780957 -257255
1558693781903 -258201
1558693783862 -260160
1558693785181 -256971
1558693786130 -257920
1558693787098 -258888
1558693787099 -258889
1558693789045 -260835
1558693789732 -266030
1558693790705 -267003
1558693793674 -269972
1558693794506 -270804
1558693795496 -271794
1558693800641 -272430
1558693802446 -278744
1558693804489 -276278
1558693807224 -283522
1558693812142 -288440
1558693812266 -284055
1558693818876 -290665
1558693822774 -294563
1558693829476 -283455
1558693835357 -285871
1558693836321 -286835
1558693837294 -287808
1558693840221 -294196
1558693843941 -294452
1558693848834 -299344
1558693853659 -304168
1558693859617 -313583
1558693863563 -317528
1558693868144 -318652
1558693871047 -321554
1558693871967 -322474
1558693878800 -298865
1558693880978 -306578
1558693883896 -309496
1558693889614 -315213
1558693893527 -319126
1558693894514 -320113
1558693898998 -319060
1558693901484 -327081
1558693905271 -325332
1558693906528 -326589
1558693909187 -329248
1558693912261 -337857
1558693912608 -332668
1558693918767 -344361
1558693920200 -302876
1558693926065 -308740
1558693929525 -276823
1558693929912 -312586
1558693932456 -279754
1558693936558 -319231
1558693942077 -289374
1558693942077 -289374
1558693949893 -297189
1558693954997 -337668
1558693959665 -306959
1558693960518 -307812
1558693960676 -343346
1558693964566 -347235
1558693966494 -349162
1558693968309 -315600
1558693971231 -318521
1558693972332 -354998
1558693979072 -326358
1558693980026 -327312
1558693985731 -333014
1558693988687 -335969
1558693989663 -328574
1558693992631 -339911
1558693997479 -344758
1558694000341 -339251
1558694005285 -352560
1558694009912 -348821
1558694015700 -310431
1558694016853 -317472
1558694017831 -318450
1558694018810 -319429
1558694024708 -325326
1558694025652 -326270
1558694026629 -327247
1558694036259 -336876
1558694037877 -332605
1558694041142 -341759
1558694041802 -336530
1558694045648 -340375
1558694049945 -350560
1558694054258 -348984
1558694054258 -348984
1558694059546 -305782
1558694064913 -311572
1558694075186 -321420
1558694077385 -324043
1558694080899 -327133
1558694086139 -332796
1558694088718 -334951
1558694097518 -343749
1558694099721 -346376
1558694100535 -347190
1558694103231 -349461
1558694107393 -354046
1558694109288 -355517
1558694112478 -358705
1558694114148 -360375
1558694126605 -313409
1558694126609 -313413
1558694127587 -314391
1558694130448 -316430
1558694135338 -321319
1558694142134 -328888
1558694143101 -329855
1558694151799 -337778
1558694158556 -345305
1558694160462 -347210
1558694167432 -353407
1558694174834 -301874
1558694176772 -303811
1558694181638 -308677
1558694181936 -311655
1558694182609 -309648
1558694184546 -311584
1558694184869 -314588
1558694185846 -315565
1558694190783 -320501
1558694193303 -320340
1558694194245 -321282
1558694194644 -324362
1558694196675 -326393
1558694197093 -324130
1558694198035 -325072
1558694199036 -326072
1558694199435 -329152
1558694200447 -330164
1558694201967 -329003
1558694204376 -334093
1558694205927 -332962
1558694210629 -337664
1558694217724 -344757
1558694220305 -350018
1558694221475 -348507
1558694229549 -359259
1558694239671 -311686
1558694240639 -312654
1558694241320 -311751
1558694246114 -316545
1558694246114 -316545
1558694251037 -321467
1558694253995 -326008
1558694255733 -326162
1558694255948 -327961
1558694256712 -327141
1558694259810 -331823
1558694260620 -331049
1558694260621 -331050
1558694262721 -334733
1558694264665 -336677
1558694267517 -337945
1558694271434 -343445
1558694272401 -344411
1558694282065 -352489
1558694299623 -311929
1558694302570 -314873
1558694315986 -327927
1558694316358 -328647
1558694321079 -333367
1558694331623 -343561
1558694337326 -349263
1558694339765 -352046
1558694340748 -353029
1558694341593 -353874
1558694343171 -355108
1558694345121 -357058
1558694345522 -357801
1558694347506 -359784
1558694348475 -360753
1558694354356 -315139
1558694355341 -316124
1558694355341 -316124
1558694355878 -321230
1558694355879 -321231
1558694365491 -330842
1558694367468 -332819
1558694370400 -335750
1558694373884 -334664
1558694376245 -341594
1558694376818 -337598
1558694381120 -346468
1558694383711 -344490
1558694384856 -350203
1558694391699 -357044
1558694393665 -319963
1558694395366 -356143
1558694396352 -357128
1558694399289 -360065
1558694403226 -305670
1558694403445 -329742
1558694409129 -335425
1558694413067 -315510
1558694415064 -317507
1558694415128 -341424
1558694417025 -319468
1558694419862 -322304
1558694430626 -356919
1558694437315 -303863
1558694439297 -341737
1558694445123 -311669
1558694450010 -316556
1558694453070 -355506
1558694456022 -358457
1558694459630 -326174
1558694460606 -327150
1558694465489 -332032
1558694465491 -332034
1558694467723 -313935
1558694468653 -314865
1558694471371 -337912
1558694472346 -338886
1558694475265 -341804
1558694476517 -322728
1558694477215 -343753
1558694477498 -323709
1558694478481 -324692
1558694479476 -325686
1558694480961 -347498
1558694482444 -328654
1558694484877 -351413
1558694487804 -354339
1558694489139 -335348
1558694490756 -298431
1558694500951 -347158
1558694502470 -310144
1558694503915 -350121
1558694505249 -312922
1558694506230 -313903
1558694507224 -314897
1558694509153 -316826
1558694509155 -316828
1558694515547 -301520
1558694519472 -305444
1558694520905 -328576
1558694524796 -332467
1558694527500 -313471
1558694527717 -335387
1558694530767 -338437
1558694538299 -345967
1558694538985 -324955
1558694542920 -328889
1558694547093 -354757
1558694549804 -335772
1558694553773 -303581
1558694563446 -349411
1558694565403 -351367
1558694569329 -355292
1558694569424 -319230
1558694577182 -314473
1558694578044 -327850
1558694578047 -327852
1558694580982 -330787
1558694583943 -321233
1558694584881 -322171
1558694594658 -344461
1558694596691 -333980
1558694601625 -338913
1558694604263 -354064
1558694608171 -305672
1558694610304 -347591
1558694613052 -310552
1558694614030 -311530
1558694615010 -312510
1558694617195 -354480
1558694621857 -319356
1558694624640 -322138
1558694625063 -362346
1558694626060 -363342
1558694632450 -329948
1558694633748 -307749
1558694636347 -333844
1558694637680 -311681
1558694637681 -311682
1558694641273 -338769
1558694643210 -340706
1558694644566 -318566
1558694646535 -320535
1558694647914 -345410
1558694659157 -333150
1558694670957 -344948
1558694672180 -309628
1558694676092 -313539
1558694677070 -314517
1558694679056 -316503
1558694683917 -321244
1558694685543 -359529
1558694697364 -319046
1558694697457 -334783
1558694700298 -321980
1558694701339 -338664
1558694702318 -339643
1558694710149 -347472
1558694710953 -332633
1558694712100 -349422
1558694716864 -338544
1558694718845 -340524
1558694719783 -357103
1558694720822 -358141
1558694721844 -359163
1558694725984 -310539
1558694728676 -350354
1558694728738 -313293
1558694728738 -313293
1558694729635 -351313
1558694729808 -314362
1558694730702 -315256
1558694735398 -357075
1558694735404 -319958
1558694735408 -319962
1558694737353 -321907
1558694740303 -361978
1558694747199 -312611
1558694755883 -321294
1558694757849 -323260
1558694759817 -325228
1558694769654 -335063
