1558693133573 -2958
1558693149085 -18469
1558693150120 -19504
1558693151088 -20472
1558693154777 -24161
1558693157737 -27121
1558693164475 -33859
1558693165472 -34856
1558693175237 -41561
1558693175259 -41583
1558693177140 -43464
1558693186989 -53313
1558693193771 -60095
1558693198582 -64906
1558693199537 -65861
1558693201252 -67576
1558693215922 -81630
1558693221804 -87512
1558693226531 -92239
1558693234360 -100068
1558693236294 -102001
1558693239231 -104938
1558693241189 -106896
1558693244174 -109881
1558693252778 -118485
1558693259618 -125325
1558693263528 -127182
1558693277079 -140732
1558693278062 -141715
1558693284969 -148622
1558693293767 -157419
1558693304288 -167939
1558693305255 -168906
1558693307232 -170883
1558693316035 -179686
1558693332492 -196142
1558693336404 -199895
1558693342287 -205777
1558693345050 -208539
1558693356784 -220273
1558693359715 -223204
1558693361667 -225156
1558693362666 -226155
1558693370310 -233799
1558693371303 -234792
1558693373246 -236735
1558693376183 -239672
1558693377158 -240647
1558693410260 -272742
1558693411271 -273753
1558693421824 -284306
1558693421830 -284312
1558693422885 -285367
1558693433696 -296178
1558693434665 -286318
1558693441222 -292873
1558693457835 -295269
1558693461750 -299184
1558693464515 -301949
1558693469406 -298846
1558693475272 -304711
1558693476250 -305689
1558693509330 1
1558693509820 -489
1558693514705 -5374
1558693518601 -9270
1558693544854 -35505
1558693564337 -54988
1558693568166 -58817
1558693571104 -61755
1558693583676 -74326
1558693604214 -92731
1558693607003 -95520
1558693607968 -96485
1558693610896 -99413
1558693613923 -102440
1558693621639 -110155
1558693622650 -111166
1558693637128 -125644
1558693642016 -130532
1558693642016 -130532
1558693643974 -132490
1558693646905 -135421
1558693653600 -140205
1558693661415 -148020
1558693662405 -149009
1558693668262 -154866
1558693675098 -161701
1558693675942 -162545
1558693689614 -176216
1558693701178 -180496
1558693704113 -183431
1558693722699 -201913
1558693723528 -202741
1558693735281 -214493
1558693742095 -221307
1558693744049 -223261
1558693759534 -235977
1558693765467 -241910
1558693783819 -260262
1558693787735 -264178
1558693788713 -265156
1558693789691 -266134
1558693795477 -271919
1558693795477 -271919
1558693797391 -273833
1558693798450 -274892
1558693803356 -279798
1558693804322 -280764
1558693809185 -281666
1558693825607 -298088
1558693843978 -298985
1558693862582 -317587
1558693869369 -324373
1558693878052 -279716
1558693894532 -296194
1558693902553 -304214
1558693902553 -304214
1558693904535 -306196
1558693906797 -308458
1558693924670 -326325
1558693926628 -328282
1558693935430 -287545
1558693950943 -303056
1558693965441 -317551
1558693984991 -337093
1558693994608 -346706
1558693998520 -309566
1558694004411 -315456
1558694010098 -321142
1558694017921 -328964
1558694019883 -330926
1558694025746 -336788
1558694026728 -337770
1558694046125 -357163
1558694056721 -309692
1558694063568 -316538
1558694065550 -318520
1558694078244 -331212
1558694100599 -353522
1558694111480 -309195
1558694149165 -346872
1558694152910 -350615
1558694159800 -357503
1558694166593 -308915
1558694166593 -308915
1558694167570 -309892
1558694169531 -311853
1558694178180 -320501
1558694186003 -328323
1558694189976 -332295
1558694190980 -333299
1558694220535 -362848
1558694234624 -324335
1558694235601 -325311
1558694239543 -329253
1558694243564 -333273
1558694243564 -333273
1558694267841 -357546
1558694270799 -360503
1558694270833 -360537
1558694273568 -363271
1558694273629 -303286
1558694294188 -323843
1558694314682 -344333
1558694325338 -354986
1558694326322 -355969
1558694362567 -325221
1558694363544 -326198
1558694367328 -329980
1558694374263 -336915
1558694376222 -338874
1558694387022 -349673
1558694396689 -359335
1558694399642 -301996
1558694403573 -305927
1558694405569 -307923
1558694419295 -321647
1558694420229 -322581
1558694425066 -327417
1558694433912 -336262
1558694434905 -337255
1558694451460 -353806
1558694451460 -353806
1558694455403 -357748
1558694461299 -363642
1558694469019 -311178
1558694472946 -315104
1558694476882 -319039
1558694476882 -319038
1558694486566 -328719
1558694491504 -333655
1558694502312 -344459
1558694529934 -307802
1558694534591 -312459
1558694537415 -315282
1558694542329 -320195
1558694542330 -320196
1558694550222 -328087
1558694554152 -332017
1558694563876 -341738
1558694590235 -313758
1558694593172 -316694
1558694604978 -328499
1558694604978 -328499
1558694606783 -330304
1558694608750 -332271
1558694634184 -357700
1558694635159 -358675
1558694636139 -359654
1558694650910 -319629
1558694660573 -329289
1558694661556 -330272
1558694661556 -330272
1558694662542 -331258
1558694665496 -334210
1558694673367 -342081
1558694683062 -351774
1558694697807 -309771
1558694712399 -324361
1558694714368 -326330
1558694724422 -336382
1558694729179 -341139
1558694733916 -345875
1558694736844 -348802
1558694740775 -352732
1558694741759 -353716
1558694741759 -353716
1558694750448 -304887
1558694750448 -304887
1558694758324 -312761
1558694761275 -315712
1558694773081 -327517
