1558693126079 -825
1558693135900 -10646
1558693139734 -14480
1558693140717 -15463
1558693155082 -29827
1558693155082 -29827
1558693159996 -34741
1558693161970 -36715
1558693183158 -53981
1558693192348 -63171
1558693197767 -68589
1558693203521 -74343
1558693203522 -74344
1558693209386 -80207
1558693210371 -81192
1558693215252 -86073
1558693219978 -90420
1558693220972 -91414
1558693223894 -94336
1558693236603 -107045
1558693246203 -116645
1558693265761 -134073
1558693271466 -139778
1558693297697 -166007
1558693299654 -167964
1558693299654 -167964
1558693311390 -179604
1558693319043 -187257
1558693322948 -191162
1558693333707 -201920
1558693337616 -205829
1558693349189 -217402
1558693354078 -222290
1558693363713 -231925
1558693371516 -238982
1558693383241 -250706
1558693391878 -259343
1558693394821 -262286
1558693399702 -267167
1558693409480 -270654
1558693409483 -270657
1558693419095 -270691
1558693420089 -271685
1558693420104 -271700
1558693421071 -272667
1558693427894 -279489
1558693430834 -282428
1558693433063 -284657
1558693436647 -274636
1558693439489 -277478
1558693439502 -277491
1558693448270 -286258
1558693460818 -292124
1558693513640 -1472
1558693524372 -12204
1558693525366 -13198
1558693526350 -14182
1558693530270 -18102
1558693535132 -22964
1558693557447 -44225
1558693568016 -54793
1558693569970 -56747
1558693575852 -62629
1558693575852 -62629
1558693589427 -76203
1558693591370 -78146
1558693597239 -84007
1558693597239 -84007
1558693604036 -90804
1558693614648 -101415
1558693618529 -105296
1558693620492 -105377
1558693621467 -106351
1558693624397 -109281
1558693632073 -116957
1558693642832 -127715
1558693650632 -135514
1558693651640 -136522
1558693652633 -137515
1558693658314 -143195
1558693663181 -148062
1558693673065 -156340
1558693694326 -177600
1558693696264 -179525
1558693701140 -184401
1558693718578 -201838
1558693725434 -204508
1558693729214 -208288
1558693748742 -227816
1558693750524 -229598
1558693750532 -229606
1558693752496 -231570
1558693754438 -233511
1558693757371 -236444
1558693760299 -239372
1558693771052 -250125
1558693774839 -252348
1558693774853 -252362
1558693790432 -267941
1558693794384 -271893
1558693797315 -271531
1558693800150 -274366
1558693804018 -278233
1558693812804 -274849
1558693825401 -287444
1558693827271 -289314
1558693834191 -283607
1558693847680 -297055
1558693863335 -298929
1558693877797 -300949
1558693889498 -312648
1558693891471 -299107
1558693910145 -285750
1558693913851 -289456
1558693913972 -289577
1558693915775 -291380
1558693917553 -293157
1558693928284 -303887
1558693929270 -304873
1558693933173 -308775
1558693933173 -308775
1558693939041 -314642
1558693944761 -285490
1558693950642 -291370
1558693956485 -297212
1558693962389 -303115
1558693962389 -303115
1558693966128 -306854
1558693971966 -312691
1558693980759 -290362
1558693984661 -294264
1558693984663 -294266
1558693985644 -295247
1558693991368 -300970
1558693992358 -301959
1558693997244 -306845
1558694001138 -310738
1558694003071 -312671
1558694004047 -313647
1558694007966 -296706
1558694022473 -311211
1558694022473 -311211
1558694031286 -286467
1558694034197 -289377
1558694036970 -292150
1558694037939 -293119
1558694038939 -294119
1558694039936 -295116
1558694044852 -300031
1558694063205 -290187
1558694075909 -302889
1558694079825 -306804
1558694090412 -317390
1558694100187 -297132
1558694112147 -309090
1558694117625 -314568
1558694119579 -290363
1558694120556 -291340
1558694123510 -294294
1558694125450 -296234
1558694130340 -301123
1558694140925 -311707
1558694141902 -312684
1558694144836 -315617
1558694150743 -291383
1558694154680 -295319
1558694154680 -295319
1558694165198 -305836
1558694172050 -312687
1558694172056 -312693
1558694186543 -300912
1558694189516 -303884
1558694194367 -308735
1558694206064 -298959
1558694207065 -299960
1558694207999 -300894
1558694211819 -304713
1558694219025 -311918
1558694230269 -298035
1558694235213 -302978
1558694237227 -304992
1558694241152 -308916
1558694242177 -309941
1558694246117 -313881
1558694277145 -314790
1558694280122 -317767
1558694284024 -295570
1558694291901 -303446
1558694334842 -291027
1558694334843 -291028
1558694346501 -302685
1558694347496 -303679
1558694349449 -305632
1558694367144 -289279
1558694370927 -293061
1558694370927 -293061
1558694373879 -296013
1558694377800 -299933
1558694391582 -313713
1558694398297 -290408
1558694399280 -291391
1558694401250 -293360
1558694432554 -294561
1558694435522 -297528
1558694447147 -309151
1558694452069 -314072
1558694456006 -291744
1558694468628 -304364
1558694468631 -304367
1558694473546 -309282
1558694475509 -311244
1558694481409 -288018
1558694487315 -293923
1558694499935 -306541
1558694521411 -297789
1558694528457 -304834
1558694547789 -294055
1558694562436 -308700
1558694564365 -310629
1558694568294 -314557
1558694575176 -291152
1558694587799 -303774
1558694597656 -313629
1558694600602 -316575
1558694602578 -295818
1558694604552 -297792
1558694622069 -315303
1558694641602 -304745
1558694647488 -310631
1558694655358 -288213
1558694665028 -297881
1558694666028 -298881
1558694666028 -298881
1558694674875 -307727
1558694678843 -311694
1558694689450 -303694
1558694699296 -313539
1558694703238 -289144
1558694725977 -311880
1558694726913 -312816
1558694733410 -303608
1558694734375 -304573
1558694740277 -310474
1558694742247 -312444
1558694745201 -315397
1558694749135 -299730
1558694756830 -307424
1558694756831 -307424
1558694764700 -315292
1558694780278 -300828
1558694781259 -301809
1558694784208 -304758
1558694785191 -305740
1558694794041 -314589
1558694795025 -315573
1558694796992 -299860
