1558693131267 -6461
1558693132002 -10462
1558693134180 -9373
1558693142205 -17469
1558693142239 -17503
1558693142708 -17616
1558693145568 -20476
1558693148807 -24071
1558693149798 -25062
1558693152289 -27196
1558693152447 -27640
1558693153726 -28990
1558693153726 -28990
1558693154254 -29161
1558693155190 -33650
1558693156141 -34601
1558693157129 -32036
1558693158191 -36651
1558693161661 -36920
1558693163926 -37783
1558693167808 -41665
1558693168233 -38766
1558693172144 -47403
1558693173014 -43547
1558693177342 -55784
1558693178363 -52220
1558693179279 -57721
1558693180277 -58719
1558693180716 -51248
1558693181205 -50993
1558693182230 -60671
1558693183160 -61601
1558693183187 -57042
1558693184831 -57336
1558693185161 -63602
1558693185861 -58366
1558693187330 -61184
1558693192952 -65457
1558693193188 -67042
1558693196176 -66702
1558693198162 -68688
1558693198412 -70917
1558693200523 -74377
1558693201277 -73782
1558693201442 -79879
1558693201906 -72431
1558693201913 -72438
1558693206287 -76074
1558693208182 -77969
1558693209216 -87650
1558693211019 -83524
1558693211169 -89602
1558693211192 -85046
1558693211998 -84503
1558693213578 -84102
1558693213958 -86463
1558693215073 -87909
1558693215910 -88414
1558693216884 -89388
1558693222681 -95517
1558693225562 -96360
1558693225637 -94040
1558693226580 -99415
1558693232446 -100848
1558693233424 -101826
1558693234326 -105093
1558693236356 -104757
1558693241124 -113959
1558693245005 -113406
1558693248814 -119580
1558693249679 -128104
1558693252820 -117397
1558693253710 -124476
1558693254542 -132966
1558693254780 -119357
1558693257643 -128408
1558693257760 -122337
1558693258980 -126330
1558693258980 -126330
1558693259559 -130324
1558693259560 -130325
1558693260542 -131307
1558693262318 -134627
1558693264271 -136580
1558693268197 -138961
1558693268597 -135946
1558693268954 -147375
1558693269180 -139944
1558693270264 -134840
1558693271529 -138878
1558693272508 -139857
1558693273825 -146133
1558693275142 -139717
1558693275142 -139717
1558693275147 -139722
1558693276024 -146788
1558693276420 -143769
1558693279062 -143636
1558693279354 -146703
1558693279355 -146704
1558693280125 -144699
1558693281347 -148696
1558693281957 -149394
1558693283862 -151299
1558693286428 -164847
1558693287022 -154458
1558693287905 -152479
1558693287927 -152501
1558693288819 -153393
1558693289720 -157156
1558693292581 -160017
1558693294093 -166399
1558693295094 -173512
1558693295487 -162923
1558693297939 -170245
1558693299313 -166749
1558693299407 -162889
1558693301370 -164852
1558693302381 -165863
1558693303775 -182192
1558693304728 -177033
1558693305196 -172632
1558693305274 -168756
1558693305600 -170931
1558693310179 -173661
1558693312025 -179460
1558693312126 -175607
1558693313295 -191666
1558693313474 -184404
1558693314077 -177558
1558693319775 -183256
1558693320094 -191024
1558693320122 -185451
1558693323588 -191022
1558693323973 -194903
1558693324975 -203344
1558693325004 -190333
1558693325542 -192976
1558693326622 -190102
1558693326894 -205262
1558693327932 -193261
1558693328922 -194251
1558693330542 -194022
1558693330552 -194032
1558693330765 -201695
1558693331526 -195006
1558693335327 -202761
1558693335611 -206541
1558693335612 -206542
1558693336588 -207518
1558693337280 -204714
1558693337545 -200735
1558693338538 -209468
1558693340048 -207482
1558693340343 -211273
1558693342452 -205641
1558693342452 -205641
1558693343435 -206624
1558693345200 -223564
1558693345403 -208592
1558693346179 -217108
1558693348861 -216295
1558693351063 -229426
1558693351915 -214270
1558693352013 -230376
1558693355187 -218376
1558693355793 -218148
1558693355882 -234245
1558693357647 -224042
1558693357750 -220105
1558693361524 -239886
1558693361661 -224015
1558693361664 -231952
1558693362828 -226017
1558693365299 -231694
1558693366414 -244775
1558693367368 -229722
1558693368231 -234626
1558693369667 -232856
1558693372248 -234602
1558693373148 -243436
1558693376059 -246347
1558693376162 -238501
1558693377033 -247321
1558693377033 -243427
1558693377149 -239488
1558693379097 -241436
1558693380422 -243610
1558693381427 -244615
1558693382381 -245568
1558693383987 -246326
1558693390567 -256961
1558693390663 -253002
1558693391022 -253488
1558693391639 -253978
1558693394356 -264643
1558693394576 -256915
1558693395565 -273921
1558693395930 -258396
1558693396308 -266595
1558693397402 -263796
1558693397861 -260327
1558693399205 -268765
1558693399813 -262279
1558693399813 -262279
1558693400446 -262785
1558693400446 -262785
1558693403095 -272655
1558693403288 -269682
1558693403288 -269682
1558693404087 -273627
1558693404367 -282581
1558693406717 -269183
1558693407132 -285345
1558693409967 -275294
1558693410075 -288288
1558693412069 -290282
1558693414313 -271074
1558693414852 -280178
1558693415826 -281152
1558693415913 -269335
1558693418847 -297058
1558693419824 -298035
1558693420205 -276965
1558693420214 -276974
1558693420747 -286073
1558693425685 -303895
1558693427640 -281061
1558693428194 -297733
1558693428624 -282045
1558693428991 -277269
1558693430130 -299669
1558693430967 -279245
1558693432099 -301638
1558693432925 -281202
1558693435793 -284070
1558693436724 -285001
1558693436876 -306415
1558693437846 -307385
1558693440663 -310202
1558693441158 -319363
1558693442598 -290874
1558693444001 -298844
1558693445969 -300812
1558693447015 -318408
1558693447462 -317001
1558693448969 -320362
1558693448980 -286965
1558693449947 -321340
1558693450932 -322325
1558693456706 -311548
1558693457168 -298783
1558693457627 -295611
1558693459552 -330945
1558693461912 -292652
1558693467672 -309285
1558693468269 -323109
1558693468756 -299495
1558693472253 -343646
1558693472253 -343646
1558693473157 -327996
1558693475110 -329949
1558693475441 -317053
1558693476002 -347395
1558693476410 -318022
1558693479995 -334832
1558693484014 -325625
1558693488709 -340050
1558693493516 -328074
1558693495470 -330027
1558693499379 -333936
1558693500270 -351609
1558693506060 -340616
1558693507038 -341594
1558693508994 -343550
1558693508995 -343551
1558693514871 -349426
1558693517566 -8318
1558693517799 -352353
1558693520899 -6402
1558693522794 -374130
1558693522831 -10397
1558693522831 -10397
1558693522881 -8384
1558693523769 -11335
1558693525388 -16140
1558693527754 -13256
1558693530395 -357815
1558693531999 -22653
1558693532171 -22923
1558693533083 -23835
1558693535287 -362707
1558693538275 -25841
1558693539188 -366607
1558693540287 -27853
1558693541178 -368597
1558693543222 -28722
1558693544074 -371492
1558693544142 -31708
1558693548488 -39240
1558693549092 -34591
1558693552353 -43005
1558693552706 -380123
1558693553374 -44126
1558693554306 -44958
1558693556863 -44411
1558693558214 -48866
1558693558567 -385983
1558693558863 -44361
1558693560158 -50810
1558693562559 -50107
1558693566528 -51918
1558693566528 -51917
1558693567736 -56177
1558693568808 -59459
1558693569782 -60433
1558693571617 -60058
1558693573367 -58756
1558693574707 -65429
1558693575271 -62819
1558693578250 -63639
1558693578251 -63640
1558693579183 -66731
1558693579229 -64617
1558693586021 -74462
1558693586975 -72363
1558693589836 -77383
1558693590820 -78367
1558693591801 -77189
1558693594115 -84836
1558693595045 -83201
1558693595077 -85798
1558693595077 -85798
1558693595668 -83215
1558693598947 -87102
1558693599599 -87867
1558693601915 -92635
1558693604451 -84218
1558693605262 -93530
1558693606405 -86172
1558693606766 -94921
1558693607219 -86986
1558693609191 -88958
1558693609208 -94255
1558693611656 -99811
1558693612109 -91876
1558693614494 -102648
1558693614647 -102754
1558693615013 -103281
1558693619960 -105006
1558693619961 -105007
1558693620935 -105981
1558693620935 -105981
1558693624679 -112945
1558693624847 -109893
1558693625662 -113928
1558693625822 -110868
1558693626798 -111844
1558693628127 -116233
1558693629713 -109476
1558693630528 -110291
1558693631324 -119590
1558693632023 -119164
1558693632502 -117548
1558693635932 -124038
1558693639344 -124390
1558693640311 -120073
1558693640659 -128764
1558693643266 -123028
1558693646503 -133643
1558693648147 -122240
1558693648465 -135605
1558693650090 -129852
1558693652061 -126154
1558693661005 -148143
1558693662961 -150098
1558693663621 -137598
1558693666877 -154099
1558693667844 -152177
1558693668080 -153713
1558693668513 -142489
1558693672828 -160050
1558693672828 -160050
1558693673448 -147424
1558693676326 -150302
1558693676638 -162271
1558693676651 -160983
1558693677314 -155087
1558693678283 -152141
1558693680707 -165039
1558693683025 -156883
1558693683499 -167831
1558693684303 -168635
1558693686399 -172032
1558693686457 -173678
1558693686927 -160785
1558693688234 -175455
1558693689231 -176452
1558693689231 -176452
1558693690262 -175895
1558693693114 -177445
1558693695730 -173502
1558693696707 -174479
1558693698803 -184436
1558693699938 -187159
1558693702553 -176409
1558693702876 -190097
1558693703860 -191081
1558693710236 -180952
1558693714148 -184863
1558693715130 -185845
1558693716124 -186839
1558693717378 -199360
1558693719181 -204243
1558693720308 -202289
1558693720964 -194817
1558693721289 -205123
1558693723231 -207065
1558693723232 -207066
1558693723932 -194647
1558693724847 -209894
1558693725813 -210860
1558693725845 -199698
1558693726822 -200675
1558693727753 -212800
1558693728620 -202472
1558693728656 -199371
1558693728724 -213771
1558693732567 -203282
1558693732600 -217647
1558693735487 -209339
1558693735788 -219103
1558693735797 -219112
1558693737499 -208214
1558693737764 -221079
1558693739363 -213215
1558693742293 -210880
1558693743612 -225592
1558693744247 -212834
1558693744301 -215016
1558693745546 -228861
1558693746996 -227237
1558693747177 -215764
1558693748502 -230482
1558693751090 -219677
1558693752938 -222592
1558693757128 -239107
1558693759787 -229441
1558693760708 -229294
1558693760708 -229294
1558693761561 -241802
1558693763513 -243754
1558693763637 -232223
1558693764567 -244808
1558693765651 -234236
1558693765978 -247956
1558693766594 -235179
1558693766879 -250191
1558693766926 -248904
1558693768873 -250851
1558693773101 -253342
1558693773736 -257048
1558693774298 -243944
1558693778647 -256005
1558693780092 -248676
1558693780092 -248676
1558693780162 -249807
1558693782116 -251761
1558693783094 -252739
1558693788603 -268843
1558693790214 -267571
1558693790214 -267571
1558693790850 -259434
1558693791199 -268556
1558693793186 -270543
1558693793186 -270543
1558693793336 -273576
1558693794299 -274539
1558693794800 -263384
1558693797014 -274304
1558693797061 -274418
1558693798035 -275325
1558693798273 -278513
1558693800027 -277316
1558693800218 -280458
1558693800577 -269161
1558693804054 -283870
1558693804471 -272994
1558693805371 -273894
1558693807469 -275633
1558693807727 -285083
1558693808520 -276684
1558693808683 -285972
1558693811622 -288978
1558693812530 -289819
1558693814728 -261197
1558693816519 -262988
1558693818392 -295681
1558693818453 -264922
1558693818453 -295809
1558693819044 -287567
1558693819389 -296678
1558693821015 -289538
1558693821446 -298802
1558693822406 -299762
1558693822913 -291076
1558693823257 -300546
1558693826151 -303440
1558693826694 -295217
1558693826695 -295218
1558693826780 -294943
1558693827052 -304408
1558693828013 -305369
1558693828735 -296898
1558693828735 -296898
1558693830691 -298854
1558693833111 -279578
1558693834937 -281403
1558693837737 -314986
1558693837811 -315166
1558693838421 -306943
1558693838426 -306948
1558693838710 -315959
1558693838775 -316130
1558693838788 -285254
1558693839692 -316941
1558693840873 -318228
1558693841691 -318425
1558693842612 -319861
1558693843309 -311831
1558693843309 -311831
1558693845576 -322825
1558693847077 -315599
1558693847170 -315333
1558693848566 -325300
1558693849986 -318508
1558693854898 -323420
1558693857122 -334371
1558693861717 -307695
1558693861823 -329679
1558693862880 -309340
1558693863796 -331652
1558693863958 -341206
1558693864754 -332610
1558693865942 -342950
1558693867565 -290902
1558693867894 -344902
1558693868643 -314620
1558693870538 -338393
1558693870928 -347662
1558693872318 -318294
1558693873386 -296722
1558693875350 -316485
1558693875619 -328134
1558693876328 -317463
1558693876330 -317465
1558693879431 -330018
1558693880429 -331016
1558693880491 -333005
1558693882132 -305467
1558693884070 -307405
1558693886338 -338851
1558693887084 -328218
1558693889262 -341775
1558693891862 -337835
1558693891981 -333114
1558693892118 -342703
1558693895120 -347632
1558693897678 -338810
1558693897984 -348568
1558693898654 -339786
1558693899640 -340772
1558693900652 -341784
1558693900668 -341799
1558693901609 -347579
1558693904590 -327922
1558693905017 -355600
1558693909784 -350914
1558693910282 -333612
1558693910904 -363412
1558693913343 -309793
1558693914065 -337393
1558693915341 -356470
1558693915541 -320495
1558693918065 -359192
1558693918348 -347684
1558693919034 -317316
1558693919710 -294056
1558693919902 -316351
1558693921971 -320253
1558693924212 -353547
1558693924535 -298880
1558693924776 -321225
1558693924779 -321228
1558693926016 -355351
1558693930914 -360248
1558693931642 -328090
1558693931964 -336916
1558693932300 -306644
1558693933270 -307613
1558693933701 -331982
1558693933825 -363159
1558693933898 -338850
1558693935772 -365106
1558693936763 -366097
1558693936994 -311337
1558693937630 -335910
1558693937820 -342771
1558693938947 -313290
1558693938954 -313259
1558693940737 -345688
1558693941713 -346664
1558693941852 -316156
1558693942198 -338645
1558693943175 -339621
1558693943678 -348628
1558693952119 -350397
1558693952220 -381552
1558693953103 -351381
1558693955051 -353328
1558693955151 -346245
1558693958215 -312643
1558693958812 -355254
1558693959941 -358217
1558693959941 -358216
1558693960137 -314565
1558693960945 -359220
1558693960945 -359220
1558693962093 -336388
1558693962736 -301027
1558693964675 -298118
1558693965004 -339297
1558693966624 -300067
1558693966874 -357967
1558693970386 -308676
1558693971720 -326146
1558693972498 -305940
1558693974453 -307895
1558693974734 -349023
1558693975516 -366608
1558693977382 -310823
1558693978565 -332990
1558693978621 -352908
1558693982317 -290140
1558693984232 -317673
1558693987168 -294990
1558693988953 -327240
1558693991890 -325330
1558693996034 -387122
1558693996034 -387122
1558693996864 -387952
1558693997857 -305678
1558694000522 -338807
1558694000522 -338807
1558694002472 -340757
1558694003693 -325036
1558694004431 -342715
1558694004667 -326010
1558694005747 -317526
1558694009665 -321443
1558694010478 -343913
1558694011267 -318917
1558694011286 -344720
1558694012261 -345695
1558694012263 -345697
1558694012510 -333853
1558694013077 -351359
1558694016393 -337736
1558694017085 -324734
1558694018056 -325705
1558694019029 -326678
1558694019341 -340684
1558694020897 -306750
1558694021122 -342465
1558694021958 -329606
1558694024014 -304933
1558694024084 -345427
1558694025012 -305930
1558694026003 -347346
1558694026759 -312612
1558694026978 -348320
1558694027910 -308828
1558694028887 -309805
1558694034580 -320432
1558694035780 -357122
1558694036869 -348643
1558694036869 -348642
1558694037734 -359076
1558694038734 -360076
1558694041293 -327144
1558694042438 -323354
1558694043406 -324322
1558694046386 -367727
1558694047128 -332978
1558694048337 -369678
1558694049085 -334935
1558694050421 -313535
1558694051262 -372603
1558694051377 -314490
1558694051377 -314490
1558694052344 -315457
1558694053330 -316443
1558694054952 -340801
1558694058202 -321315
1558694059192 -322304
1558694059838 -345686
1558694060842 -341755
1558694062608 -348455
1558694064073 -327184
1558694064356 -309586
1558694064366 -309596
1558694064565 -350411
1558694066517 -352363
1558694066841 -329952
1558694067868 -389209
1558694068472 -354317
1558694069448 -355293
1558694070632 -351542
1558694070785 -333895
1558694071626 -352535
1558694073367 -359210
1558694073578 -354486
1558694073578 -354486
1558694075506 -356414
1558694075648 -338757
1558694076523 -397862
1558694080419 -401757
1558694080528 -343636
1558694080528 -343636
1558694083661 -328888
1558694084174 -310840
1558694084481 -347587
1558694085417 -348523
1558694087476 -332703
1558694089814 -323190
1558694090022 -316688
1558694090178 -352185
1558694090999 -317665
1558694091772 -325148
1558694093298 -338523
1558694094905 -356912
1558694095878 -357884
1558694099127 -344350
1558694099790 -326454
1558694100583 -333957
1558694100759 -362765
1558694100923 -346145
1558694102871 -348092
1558694107850 -336995
1558694109775 -371779
1558694115199 -348569
1558694115479 -377483
1558694117203 -379206
1558694118224 -344886
1558694120963 -354331
1558694126805 -313372
1558694127780 -314347
1558694128759 -315325
1558694129067 -358208
1558694129881 -325612
1558694130892 -362948
1558694131020 -315092
1558694132008 -316079
1558694132793 -328523
1558694133692 -307802
1558694134799 -366854
1558694135710 -331440
1558694135910 -319981
1558694135910 -319981
1558694137705 -321776
1558694140575 -336304
1558694141640 -325710
1558694142454 -374508
1558694144403 -376456
1558694145526 -329596
1558694150113 -345839
1558694151090 -346816
1558694151393 -335462
1558694155233 -341796
1558694156051 -351775
1558694158899 -299623
1558694160929 -335035
1558694161891 -335997
1558694162724 -303447
1558694162978 -395022
1558694165818 -339923
1558694166608 -307328
1558694167537 -354098
1558694167703 -346898
1558694168818 -352884
1558694170494 -311213
1558694171689 -345793
1558694173251 -313968
1558694175515 -354709
1558694176158 -316874
1558694179069 -319784
1558694179578 -315559
1558694181335 -355436
1558694181981 -322694
1558694186254 -322234
1558694189769 -330479
1558694190139 -304033
1558694191206 -327185
1558694192032 -371224
1558694193110 -329089
1558694195789 -322500
1558694198891 -378083
1558694198990 -312883
1558694199050 -335028
1558694201287 -341993
1558694202282 -342987
1558694202325 -343030
1558694204263 -344967
1558694206237 -346941
1558694206492 -333202
1558694207710 -361915
1558694210045 -350747
1558694211216 -337925
1558694211535 -324674
1558694211928 -352629
1558694212888 -353588
1558694216927 -305534
1558694218055 -306662
1558694218550 -372754
1558694218845 -307452
1558694218845 -307452
1558694220397 -347104
1558694220937 -322854
1558694224546 -326463
1558694226058 -380261
1558694228285 -316890
1558694228688 -355392
1558694228920 -342056
1558694229230 -317835
1558694229929 -343065
1558694230223 -318828
1558694230892 -385094
1558694231117 -333033
1558694231946 -333862
1558694233910 -335826
1558694236114 -324718
1558694236577 -311749
1558694238095 -326699
1558694239036 -327640
1558694239753 -352832
1558694240028 -328631
1558694240050 -328653
1558694240581 -394782
1558694240720 -353799
1558694240895 -342810
1558694240895 -342810
1558694243379 -318550
1558694243883 -345797
1558694244364 -319535
1558694244512 -398713
1558694245858 -347772
1558694246858 -335460
1558694247393 -322564
1558694248334 -323505
1558694249547 -304234
1558694250570 -358375
1558694254907 -330077
1558694255471 -344069
1558694256821 -331990
1558694257177 -364981
1558694258062 -312748
1558694260299 -317595
1558694262883 -370686
1558694262969 -317654
1558694263958 -318643
1558694264943 -319628
1558694267242 -324537
1558694268057 -315181
1558694269886 -324570
1558694270005 -317129
1558694270214 -327509
1558694270856 -378658
1558694271634 -346801
1558694271982 -319105
1558694273572 -348739
1558694273917 -321040
1558694276767 -323890
1558694280686 -327759
1558694280797 -338090
1558694281767 -339060
1558694283365 -391166
1558694284731 -342024
1558694287101 -299123
1558694287671 -344963
1558694288662 -345954
1558694290225 -344906
1558694293576 -350868
1558694293987 -306008
1558694294188 -337980
1558694294203 -341275
1558694296948 -308969
1558694297497 -354788
1558694298930 -353608
1558694303824 -358501
1558694304977 -348768
1558694307597 -319612
1558694307762 -351553
1558694310713 -354503
1558694311697 -306118
1558694315458 -327472
1558694315522 -305214
1558694316446 -328459
1558694316620 -360410
1558694317030 -324464
1558694321922 -329356
1558694321923 -329357
1558694321923 -329357
1558694322371 -312062
1558694323357 -313048
1558694325860 -333293
1558694326299 -320408
1558694327425 -371213
1558694330675 -338107
1558694332174 -375961
1558694333563 -340995
1558694334096 -323786
1558694336045 -325735
1558694336130 -330238
1558694336932 -348941
1558694337827 -327516
1558694339883 -351891
1558694340450 -347881
1558694341026 -355648
1558694342021 -356643
1558694342417 -349848
1558694343405 -350836
1558694344810 -356811
1558694344823 -338930
1558694344971 -359593
1558694346351 -312405
1558694346929 -361550
1558694347332 -313386
1558694347616 -337304
1558694349310 -315363
1558694351706 -345811
1558694352693 -346798
1558694355434 -345120
1558694357614 -351717
1558694360298 -349982
1558694362498 -377117
1558694362501 -377120
1558694365491 -359591
1558694367956 -301626
1558694368412 -383031
1558694368814 -334865
1558694369922 -303592
1558694370258 -305464
1558694371767 -337817
1558694373986 -334500
1558694373996 -334510
1558694376753 -310422
1558694378079 -338361
1558694381846 -342359
1558694383812 -344325
1558694385367 -351415
1558694386772 -347284
1558694387337 -353385
1558694389710 -350221
1558694392255 -311723
1558694395208 -314676
1558694395463 -355971
1558694396163 -329826
1558694396214 -315682
1558694398397 -304627
1558694398704 -358984
1558694401985 -335646
1558694402967 -336628
1558694403467 -363746
1558694406420 -366699
1558694406875 -326341
1558694408666 -342327
1558694410425 -345624
1558694410785 -330251
1558694411326 -371604
1558694412754 -332220
1558694413368 -348566
1558694414629 -348289
1558694419535 -353195
1558694423124 -361113
1558694423409 -342873
1558694425774 -332001
1558694426358 -345822
1558694426760 -332987
1558694427958 -306767
1558694429850 -367838
1558694430152 -305082
1558694430688 -336914
1558694431271 -350734
1558694436587 -342812
1558694436830 -315638
1558694436850 -311779
1558694437571 -343795
1558694440126 -312010
1558694441571 -320378
1558694441761 -316689
1558694441761 -316689
1558694442089 -313973
1558694445273 -351494
1558694446029 -317913
1558694446596 -321524
1558694447564 -385549
1558694449465 -328271
1558694450441 -329247
1558694451481 -326408
1558694452295 -390280
1558694452462 -327389
1558694456094 -307900
1558694456333 -335138
1558694460114 -335040
1558694461094 -336020
1558694462080 -337006
1558694463235 -342037
1558694465538 -337419
1558694466016 -344816
1558694466535 -338416
1558694476206 -317907
1558694476583 -328386
1558694476841 -355637
1558694481115 -322816
1558694481115 -322816
1558694481631 -367025
1558694482616 -368010
1558694483596 -368990
1558694484581 -369975
1558694485431 -337233
1558694486039 -327739
1558694486416 -338218
1558694487663 -323553
1558694488479 -324369
1558694489498 -374891
1558694490967 -332666
1558694493137 -344937
1558694494147 -309212
1558694496090 -347890
1558694496376 -381768
1558694497332 -333220
1558694499041 -350839
1558694500978 -316042
1558694502113 -387504
1558694502590 -344288
1558694502970 -354767
1558694503772 -318835
1558694504726 -319789
1558694504943 -310124
1558694505214 -341101
1558694505538 -347235
1558694506522 -348219
1558694506523 -348220
1558694508004 -371121
1558694508871 -314052
1558694508987 -372104
1558694511475 -353171
1558694511488 -353184
1558694512146 -348032
1558694512433 -354129
1558694512556 -327618
1558694514396 -356092
1558694514900 -378016
1558694516843 -352729
1558694516845 -352731
1558694518819 -354704
1558694521498 -326677
1558694524563 -387678
1558694525256 -340316
1558694525765 -309323
1558694526514 -331693
1558694528298 -343357
1558694529326 -344385
1558694530273 -321536
1558694531982 -315539
1558694532285 -323547
1558694533134 -348192
1558694533537 -396651
1558694537338 -400451
1558694540789 -332050
1558694541691 -309354
1558694541989 -347165
1558694542977 -348152
1558694543576 -334837
1558694549855 -355028
1558694552266 -319928
1558694562306 -353564
1558694564478 -332821
1558694566699 -374103
1558694574882 -317424
1558694575352 -382755
1558694575554 -343213
1558694576530 -344188
1558694578344 -385747
1558694579516 -314141
1558694580468 -315093
1558694581439 -349096
1558694582289 -389691
1558694584176 -352517
1558694585918 -354258
1558694590141 -324765
1558694591074 -343568
1558694592162 -312260
1558694592424 -334964
1558694594126 -314223
1558694594138 -314235
1558694594772 -363111
1558694595093 -315190
1558694595848 -348341
1558694598780 -351273
1558694603243 -345779
1558694603728 -323824
1558694604598 -309615
1558694607629 -327725
1558694609140 -319404
1558694609660 -344281
1558694610339 -315355
1558694610563 -330658
1558694613082 -323345
1558694613284 -318300
1558694614516 -367003
1558694614516 -367003
1558694617298 -369782
1558694620349 -340443
1558694620349 -340443
1558694623187 -375671
1558694624427 -359044
1558694624427 -359044
1558694626038 -346131
1558694627002 -347095
1558694627005 -347098
1558694628646 -338904
1558694629331 -307919
1558694630007 -335020
1558694631063 -357269
1558694632899 -352991
1558694635746 -340758
1558694636963 -363167
1558694637499 -347753
1558694638721 -343732
1558694638970 -365174
1558694639898 -366102
1558694642947 -321533
1558694646375 -312120
1558694646881 -325467
1558694650522 -355529
1558694650555 -376757
1558694652076 -314420
1558694656444 -382646
1558694657977 -320320
1558694658100 -323844
1558694660369 -386570
1558694661354 -387555
1558694662137 -311555
1558694662137 -311555
1558694663732 -326075
1558694673570 -339312
1558694673973 -343739
1558694673973 -343739
1558694678893 -328308
1558694679469 -341809
1558694682506 -344846
1558694682875 -352640
1558694683615 -333029
1558694685296 -351035
1558694685913 -309687
1558694686176 -348515
1558694689845 -313617
1558694690187 -355925
1558694690496 -339909
1558694690531 -360295
1558694693492 -342904
1558694693868 -317639
1558694695950 -301740
1558694697391 -346801
1558694697834 -303624
1558694698960 -312560
1558694699351 -348760
1558694699941 -313541
1558694700332 -349741
1558694700666 -324434
1558694700765 -306554
1558694700926 -314526
1558694702896 -316496
1558694703280 -352688
1558694704457 -328222
1558694706261 -376022
1558694707053 -356459
1558694710192 -379952
1558694711177 -380937
1558694712314 -336076
1558694717867 -317453
1558694718859 -318445
1558694718889 -363269
1558694720931 -320516
1558694721611 -335208
1558694723355 -329139
1558694723475 -347232
1558694725424 -349180
1558694726593 -340189
1558694727250 -333034
1558694727250 -351006
1558694727577 -341173
1558694728102 -333885
1558694729092 -334875
1558694729474 -343070
1558694730013 -374392
1558694730415 -344011
1558694730663 -330247
1558694736760 -342543
1558694738716 -315675
1558694740670 -346453
1558694741485 -347268
1558694741918 -324104
1558694742314 -386691
1558694743435 -349218
1558694744411 -350194
1558694744869 -327055
1558694745855 -328040
1558694746605 -323563
1558694750159 -349740
1558694750525 -327482
1558694750772 -332957
1558694751253 -357035
1558694753327 -330284
1558694756893 -356471
1558694759829 -359406
1558694766719 -307629
1558694768683 -309593
1558694769666 -310576
1558694769666 -310576
1558694778354 -319263
1558694778725 -355679
1558694785614 -301894
1558694785614 -301894
1558694791519 -307798
1558694796051 -336957
1558694799004 -339910
1558694800970 -341875
