1558693131494 -6483
1558693131549 -8435
1558693132470 -7459
1558693133345 -20
1558693136172 -12499
1558693137019 -13478
1558693139117 -8598
1558693139972 -16298
1558693141261 -16249
1558693142303 -17291
1558693142846 -17888
1558693144152 -19140
1558693144152 -19140
1558693145596 -12267
1558693145845 -22730
1558693146852 -16332
1558693147061 -22049
1558693147827 -17307
1558693149614 -26499
1558693151750 -21230
1558693153348 -29806
1558693153497 -30382
1558693153522 -30407
1558693153997 -23947
1558693154483 -23961
1558693155234 -31692
1558693156162 -32620
1558693156270 -24803
1558693156326 -33211
1558693157229 -33687
1558693157229 -33687
1558693158051 -28001
1558693158394 -27872
1558693159100 -25771
1558693159272 -36157
1558693160282 -37167
1558693160393 -29871
1558693160580 -35355
1558693161145 -37603
1558693162052 -32002
1558693163039 -32989
1558693163040 -32990
1558693163923 -40381
1558693163923 -40381
1558693163964 -39005
1558693166879 -41880
1558693166958 -35491
1558693167296 -42070
1558693167857 -43517
1558693168723 -35358
1558693168723 -35358
1558693168785 -45239
1558693169760 -46214
1558693169810 -44811
1558693170873 -39406
1558693171187 -45961
1558693173020 -47794
1558693173144 -43093
1558693173602 -48603
1558693173651 -40285
1558693174758 -43291
1558693175492 -51946
1558693177516 -53176
1558693178488 -54148
1558693179264 -49213
1558693180325 -56779
1558693180435 -47584
1558693180751 -55503
1558693181392 -57052
1558693181413 -48562
1558693181737 -56489
1558693182323 -57322
1558693182555 -51285
1558693183163 -58823
1558693183193 -59647
1558693185216 -60215
1558693188701 -57431
1558693189299 -64958
1558693189421 -59369
1558693189951 -64703
1558693190672 -59402
1558693191168 -66827
1558693191269 -66928
1558693192257 -58890
1558693192556 -62473
1558693193118 -69571
1558693195852 -70851
1558693196770 -71769
1558693197157 -71909
1558693197157 -64306
1558693197157 -64306
1558693197733 -74186
1558693198154 -68071
1558693198773 -65405
1558693199051 -68968
1558693199979 -69896
1558693199979 -69896
1558693200112 -68842
1558693201046 -70963
1558693201046 -70963
1558693203425 -79084
1558693206670 -73818
1558693208340 -83339
1558693211179 -77811
1558693212162 -78794
1558693215437 -82585
1558693216032 -82664
1558693216440 -83588
1558693217899 -92897
1558693218466 -88248
1558693218934 -85566
1558693219341 -86489
1558693219484 -83830
1558693219910 -86542
1558693221687 -95069
1558693222418 -86764
1558693222658 -96040
1558693222767 -97565
1558693225073 -95863
1558693225752 -88718
1558693226078 -96868
1558693227622 -102420
1558693227626 -102424
1558693229110 -93456
1558693229579 -104377
1558693230130 -99726
1558693230494 -106939
1558693230938 -98061
1558693231401 -104783
1558693231904 -99027
1558693231935 -102725
1558693232427 -108871
1558693232478 -107276
1558693233155 -102751
1558693235401 -110199
1558693236791 -107581
1558693236791 -107581
1558693237223 -110605
1558693238227 -101192
1558693238247 -114691
1558693239691 -106813
1558693241778 -111374
1558693241804 -106150
1558693242897 -116279
1558693243604 -109137
1558693243910 -120353
1558693243973 -118771
1558693244075 -107040
1558693246744 -116340
1558693246834 -123275
1558693248642 -118237
1558693250312 -121101
1558693250427 -114773
1558693250559 -120154
1558693252612 -125993
1558693252641 -115605
1558693254228 -125017
1558693256183 -126972
1558693257490 -130778
1558693257508 -120472
1558693260314 -129906
1558693261277 -130672
1558693262978 -128500
1558693263024 -133813
1558693266071 -135465
1558693266071 -129638
1558693268006 -141294
1558693268006 -141294
1558693270105 -140859
1558693270133 -133042
1558693271041 -140435
1558693271079 -141833
1558693273901 -143295
1558693274693 -138260
1558693275674 -139241
1558693276687 -140253
1558693277482 -143004
1558693278696 -148090
1558693278769 -141676
1558693279640 -143206
1558693279730 -153017
1558693279730 -142637
1558693279965 -150719
1558693280754 -143661
1558693280897 -150290
1558693281716 -144623
1558693282421 -152881
1558693282758 -152151
1558693283368 -148890
1558693284847 -155600
1558693285509 -151031
1558693286918 -157671
1558693286918 -157671
1558693287624 -160911
1558693288548 -159301
1558693289218 -162505
1558693289452 -152359
1558693290380 -153946
1558693291435 -155001
1558693292408 -155974
1558693293080 -163538
1558693293476 -162869
1558693295007 -165465
1558693295319 -158885
1558693296120 -161641
1558693296896 -162417
1558693297235 -160142
1558693297978 -171265
1558693298011 -174443
1558693299122 -168504
1558693300884 -174171
1558693300920 -177352
1558693301059 -166651
1558693303823 -175502
1558693304179 -174932
1558693304690 -169134
1558693305046 -170637
1558693305153 -175906
1558693307101 -177854
1558693308661 -179119
1558693308661 -179119
1558693310020 -180544
1558693310020 -180544
1558693311566 -183245
1558693312422 -188739
1558693312667 -174892
1558693314469 -178912
1558693319257 -189714
1558693319568 -185159
1558693320616 -191139
1558693321491 -187082
1558693322110 -193789
1558693322199 -192656
1558693322199 -192656
1558693323158 -193615
1558693323158 -193613
1558693323238 -185463
1558693326031 -190473
1558693326094 -194382
1558693327084 -195372
1558693327136 -189361
1558693328034 -196322
1558693328976 -193418
1558693329110 -191335
1558693330310 -195859
1558693330972 -192708
1558693331798 -203476
1558693332770 -204448
1558693332947 -201235
1558693333794 -210068
1558693333923 -202211
1558693334774 -211048
1558693335684 -207362
1558693337461 -209139
1558693337502 -213776
1558693339720 -204161
1558693339792 -201528
1558693341569 -209856
1558693341953 -212475
1558693342370 -218644
1558693342543 -210830
1558693342635 -207076
1558693342635 -207076
1558693343600 -205825
1558693344515 -212802
1558693344562 -206787
1558693345652 -207388
1558693346411 -209606
1558693346568 -208792
1558693347219 -223492
1558693351427 -219714
1558693351483 -213619
1558693352081 -228354
1558693352708 -223230
1558693354213 -217408
1558693355186 -218381
1558693355273 -220820
1558693356221 -217957
1558693356619 -227141
1558693359129 -224676
1558693359231 -221366
1558693362083 -230369
1558693362992 -228539
1558693363099 -225234
1558693363634 -239872
1558693363872 -232158
1558693364921 -230468
1558693365823 -234109
1558693366240 -234522
1558693367783 -236069
1558693368787 -237073
1558693368944 -229897
1558693370729 -231682
1558693371701 -239987
1558693372598 -235793
1558693375616 -236569
1558693377328 -253564
1558693378552 -239504
1558693379297 -255533
1558693379551 -240503
1558693379604 -241739
1558693383061 -246754
1558693384020 -247713
1558693384393 -252627
1558693384410 -245362
1558693385392 -246344
1558693386196 -254429
1558693386692 -258271
1558693386931 -263153
1558693388215 -251409
1558693389149 -257382
1558693389149 -257382
1558693389217 -252411
1558693390577 -262156
1558693391071 -259304
1558693392116 -254251
1558693393210 -254162
1558693393210 -254162
1558693393455 -261718
1558693393488 -265067
1558693393933 -256481
1558693396005 -256957
1558693396407 -267986
1558693396986 -259121
1558693398655 -274876
1558693398917 -259869
1558693400252 -263945
1558693400309 -268571
1558693402569 -278790
1558693402828 -263780
1558693406114 -269806
1558693406182 -277761
1558693407721 -275954
1558693414446 -276977
1558693414820 -272976
1558693415431 -277962
1558693415775 -273931
1558693416334 -265576
1558693417501 -278011
1558693418614 -290192
1558693419024 -295245
1558693419554 -283244
1558693421513 -285203
1558693421952 -298173
1558693423941 -300162
1558693424227 -284731
1558693427101 -287205
1558693428043 -277284
1558693429467 -278946
1558693431573 -307793
1558693432550 -308770
1558693433520 -282998
1558693433746 -309966
1558693433918 -295498
1558693434171 -278629
1558693434688 -310908
1558693435114 -292371
1558693436028 -295951
1558693436064 -295987
1558693436555 -290651
1558693436821 -296925
1558693436860 -290935
1558693436991 -281448
1558693437529 -291625
1558693437783 -291858
1558693438715 -298637
1558693438915 -283370
1558693441614 -286050
1558693442371 -296466
1558693443062 -283495
1558693443715 -288169
1558693444406 -298480
1558693445507 -289942
1558693445936 -286369
1558693446517 -290225
1558693448319 -288866
1558693449397 -287761
1558693449516 -293966
1558693450820 -291252
1558693452333 -290696
1558693452377 -296084
1558693455168 -295714
1558693455168 -295714
1558693455322 -299029
1558693456302 -300009
1558693456826 -310919
1558693459724 -299860
1558693460142 -304575
1558693460689 -300824
1558693460689 -300824
1558693461018 -305468
1558693464759 -296827
1558693464899 -309348
1558693465904 -299108
1558693467687 -299754
1558693468665 -300732
1558693469369 -301024
1558693470506 -324597
1558693470721 -301376
1558693471186 -303303
1558693471595 -303662
1558693471698 -302353
1558693471698 -302353
1558693471701 -316150
1558693474028 -305683
1558693488916 -322475
1558693498692 -332249
1558693510489 -606
1558693512382 -20
1558693513932 -1570
1558693515450 -17
1558693516963 -1530
1558693518499 -6496
1558693518823 -6461
1558693518899 -3465
1558693519850 -10170
1558693520031 -353583
1558693523278 -1472
1558693524152 -14261
1558693528235 -14265
1558693528600 -16237
1558693531514 -21833
1558693532101 -10295
1558693532101 -10295
1558693532134 -18164
1558693532408 -16974
1558693533334 -23652
1558693533482 -21118
1558693534213 -25161
1558693534335 -18901
1558693535303 -19869
1558693536258 -20824
1558693536701 -26809
1558693538215 -25850
1558693538784 -24813
1558693539907 -18100
1558693540230 -27865
1558693540779 -26808
1558693540852 -28849
1558693543750 -31746
1558693543752 -31748
1558693545748 -30310
1558693545944 -36891
1558693546708 -31270
1558693547013 -34647
1558693547757 -38704
1558693549506 -27698
1558693549685 -40606
1558693550559 -35121
1558693550593 -38589
1558693551458 -29650
1558693551576 -39572
1558693552448 -36903
1558693553396 -31587
1558693553454 -38016
1558693553849 -41482
1558693554497 -42493
1558693555385 -39840
1558693555385 -39840
1558693556341 -40796
1558693556342 -40797
1558693556533 -47454
1558693556535 -47456
1558693557432 -47749
1558693558291 -42853
1558693558299 -36490
1558693559278 -37468
1558693559377 -49694
1558693560340 -48955
1558693561922 -50742
1558693563253 -51868
1558693567050 -53790
1558693567088 -45278
1558693567378 -55010
1558693568113 -56728
1558693569860 -54314
1558693570055 -58670
1558693570703 -59523
1558693572654 -61474
1558693572794 -57248
1558693573635 -62454
1558693574746 -51358
1558693574942 -65862
1558693577792 -64530
1558693578821 -67436
1558693579625 -64078
1558693579625 -64078
1558693582594 -59206
1558693583869 -70859
1558693585485 -72223
1558693588304 -72756
1558693588525 -65136
1558693588838 -75822
1558693588888 -61926
1558693589410 -76147
1558693589719 -80638
1558693590114 -75520
1558693594142 -78594
1558693595267 -82004
1558693595613 -68651
1558693597310 -88229
1558693598878 -84282
1558693599058 -87672
1558693599428 -72465
1558693600055 -88669
1558693600997 -77607
1558693602415 -89397
1558693602965 -78184
1558693603134 -94053
1558693604706 -93320
1558693606183 -79219
1558693606561 -91965
1558693606872 -83482
1558693607067 -97986
1558693607153 -94135
1558693609490 -94893
1558693610805 -87414
1558693611952 -102871
1558693611952 -102871
1558693613503 -101310
1558693613691 -98647
1558693615848 -106767
1558693617306 -102709
1558693618337 -106144
1558693618409 -93627
1558693618439 -95048
1558693620276 -108083
1558693620362 -95579
1558693620826 -107807
1558693622239 -110046
1558693622382 -93288
1558693623426 -96461
1558693623762 -110743
1558693627340 -112295
1558693627354 -112309
1558693627867 -115674
1558693632303 -120151
1558693633271 -121118
1558693633853 -106888
1558693634247 -122094
1558693634659 -122466
1558693636679 -120027
1558693638545 -126352
1558693639731 -112537
1558693639739 -112545
1558693641742 -112639
1558693642175 -126730
1558693644841 -132688
1558693645706 -130660
1558693646625 -117522
1558693647663 -132605
1558693648539 -121344
1558693649228 -137034
1558693649267 -122302
1558693649382 -132729
1558693651168 -138946
1558693651981 -139759
1558693653555 -138497
1558693656193 -128998
1558693656836 -144614
1558693657036 -140383
1558693658136 -130940
1558693658273 -143215
1558693659331 -130227
1558693662434 -150281
1558693662593 -134376
1558693662897 -146179
1558693663025 -135829
1558693664526 -136309
1558693665122 -147548
1558693665122 -147548
1558693665122 -147548
1558693665122 -147548
1558693667000 -137896
1558693667530 -155308
1558693667907 -140711
1558693668141 -155759
1558693669488 -157266
1558693669759 -153041
1558693670019 -152445
1558693670443 -158221
1558693670853 -143656
1558693671830 -144633
1558693671954 -154380
1558693672327 -156881
1558693672684 -155965
1558693673122 -160740
1558693674759 -147562
1558693676113 -163891
1558693677374 -160655
1558693678890 -150673
1558693681089 -165610
1558693681823 -152718
1558693682307 -165588
1558693683884 -171661
1558693683897 -168418
1558693685744 -173361
1558693685856 -170377
1558693686482 -168907
1558693688365 -159260
1558693688492 -160270
1558693689117 -164377
1558693689259 -157909
1558693689259 -157909
1558693689725 -177502
1558693690422 -162200
1558693690427 -162205
1558693691348 -173772
1558693691381 -173805
1558693692288 -163183
1558693692359 -164137
1558693692704 -177224
1558693693011 -168271
1558693693011 -168271
1558693693153 -161803
1558693693674 -178194
1558693693992 -169252
1558693694146 -162796
1558693695220 -166115
1558693700242 -186284
1558693703755 -172404
1558693703773 -173490
1558693705829 -188252
1558693708059 -195674
1558693708887 -179604
1558693709961 -196002
1558693710440 -185698
1558693710826 -181543
1558693711110 -194575
1558693711110 -194575
1558693711419 -186677
1558693711972 -199587
1558693712399 -187657
1558693712435 -182151
1558693713515 -182163
1558693715337 -185053
1558693715608 -186325
1558693715842 -201883
1558693716297 -186013
1558693716616 -195745
1558693716769 -202810
1558693717510 -188227
1558693720133 -189849
1558693720646 -206686
1558693721863 -205328
1558693723392 -194109
1558693724362 -195079
1558693725346 -196063
1558693726331 -212371
1558693726470 -210063
1558693727030 -195677
1558693727301 -198018
1558693729293 -200010
1558693729464 -213057
1558693729484 -213077
1558693729969 -198469
1558693730251 -216290
1558693730466 -214059
1558693730554 -214018
1558693730616 -200331
1558693732753 -208010
1558693733027 -212154
1558693737006 -216133
1558693738372 -221836
1558693738946 -218073
1558693739704 -208203
1558693740000 -223593
1558693740913 -226952
1558693742240 -225704
1558693742775 -213491
1558693744194 -227658
1558693744472 -218326
1558693745793 -231831
1558693747126 -225710
1558693747935 -217321
1558693749639 -220355
1558693749771 -233364
1558693752559 -223275
1558693754203 -222701
1558693754790 -233374
1558693756276 -240935
1558693757007 -230861
1558693757007 -230861
1558693757721 -236305
1558693758299 -237425
1558693758385 -227771
1558693758415 -226970
1558693758697 -237281
1558693759942 -233796
1558693760245 -228800
1558693761040 -229538
1558693761209 -229764
1558693761226 -229781
1558693761283 -230668
1558693762996 -231494
1558693763114 -247772
1558693764098 -248756
1558693764314 -247903
1558693765329 -248918
1558693768481 -247065
1558693768925 -253583
1558693769052 -246410
1558693769060 -246418
1558693770697 -255355
1558693770920 -240305
1558693774600 -242438
1558693774627 -259285
1558693774642 -244026
1558693775561 -243399
1558693775743 -253101
1558693775756 -253114
1558693776136 -254719
1558693776138 -254721
1558693776588 -245972
1558693777671 -255029
1558693777802 -246356
1558693779466 -264124
1558693779913 -263384
1558693780292 -254145
1558693780432 -265090
1558693780763 -249317
1558693781383 -250767
1558693781585 -258943
1558693782609 -259967
1558693784332 -252170
1558693784493 -253047
1558693785324 -253162
1558693786887 -265470
1558693787147 -254396
1558693787425 -255979
1558693789216 -257054
1558693790485 -273956
1558693792177 -260015
1558693792936 -260185
1558693793008 -264211
1558693793155 -260993
1558693793375 -270733
1558693794301 -262855
1558693795340 -263894
1558693795340 -263894
1558693795368 -263922
1558693795735 -274318
1558693795872 -263120
1558693796296 -264850
1558693796441 -279911
1558693797602 -264850
1558693798075 -265912
1558693799108 -276465
1558693801549 -279152
1558693802678 -283851
1558693803780 -271617
1558693804300 -287770
1558693805894 -283251
1558693807332 -274580
1558693807909 -285266
1558693808668 -276505
1558693809475 -290648
1558693809872 -278426
1558693809872 -287229
1558693810419 -291592
1558693811432 -282635
1558693813185 -290788
1558693813346 -294519
1558693814873 -298343
1558693815269 -296441
1558693815269 -296441
1558693816701 -285254
1558693817664 -286217
1558693817890 -285138
1558693820663 -287911
1558693821592 -281715
1558693822171 -285960
1558693822588 -289835
1558693822839 -293257
1558693823931 -290142
1558693827333 -294580
1558693828819 -295029
1558693829139 -305606
1558693829579 -299996
1558693830407 -313877
1558693830557 -300974
1558693831114 -291235
1558693831811 -298020
1558693835660 -287241
1558693836989 -304152
1558693837006 -304169
1558693838600 -290181
1558693838600 -290181
1558693839363 -309778
1558693840025 -323495
1558693840553 -292134
1558693841138 -289752
1558693841788 -308951
1558693842294 -312708
1558693842294 -312708
1558693844292 -295872
1558693844638 -305633
1558693844814 -290325
1558693845934 -321110
1558693846375 -296129
1558693848911 -297521
1558693850261 -300014
1558693851139 -302718
1558693851247 -301000
1558693851287 -318450
1558693851669 -297179
1558693852823 -301432
1558693853610 -299120
1558693853868 -324278
1558693854632 -300142
1558693854632 -300142
1558693855818 -326227
1558693855818 -326227
1558693856357 -317350
1558693857006 -280440
1558693860262 -321255
1558693861541 -310149
1558693861890 -285323
1558693862385 -337558
1558693863243 -324235
1558693863374 -338547
1558693864309 -339482
1558693865164 -295298
1558693867126 -328118
1558693871328 -305857
1558693871504 -294936
1558693873048 -321650
1558693873048 -321650
1558693873460 -296892
1558693874433 -297864
1558693874755 -335746
1558693875976 -301037
1558693876385 -299816
1558693876950 -302011
1558693877915 -302976
1558693878450 -306624
1558693879094 -318657
1558693879664 -340654
1558693879849 -304910
1558693879948 -355118
1558693880691 -288328
1558693880845 -305906
1558693881816 -306876
1558693882926 -322488
1558693884014 -318541
1558693885177 -294114
1558693885275 -294033
1558693887926 -322452
1558693888187 -296945
1558693888713 -328275
1558693888713 -328275
1558693889085 -298021
1558693889879 -324405
1558693891856 -300792
1558693892092 -300850
1558693892395 -300030
1558693892662 -327187
1558693894484 -334787
1558693894621 -329146
1558693895302 -334863
1558693896297 -303931
1558693896302 -303936
1558693896404 -336707
1558693897797 -306554
1558693898253 -305887
1558693899513 -334030
1558693900025 -328052
1558693900254 -307887
1558693900529 -335046
1558693901070 -329097
1558693902370 -281982
1558693902817 -282593
1558693903119 -282731
1558693903449 -343751
1558693904361 -343920
1558693904361 -329418
1558693905293 -330350
1558693906450 -286062
1558693907224 -335250
1558693907403 -287014
1558693908446 -288057
1558693909269 -337295
1558693909385 -334441
1558693911960 -313187
1558693914575 -315802
1558693916688 -296298
1558693917183 -299760
1558693919130 -301707
1558693919310 -320536
1558693919876 -294156
1558693921360 -349384
1558693921680 -361980
1558693923803 -298082
1558693924487 -304075
1558693925061 -326286
1558693926267 -314223
1558693928344 -306747
1558693928902 -330127
1558693933073 -321028
1558693933718 -334942
1558693934529 -308807
1558693935031 -322986
1558693936004 -323958
1558693936063 -303850
1558693937137 -315539
1558693937466 -311744
1558693937688 -286231
1558693939001 -306788
1558693939617 -301065
1558693940095 -318496
1558693940576 -302023
1558693941430 -289973
1558693942415 -290958
1558693942415 -290958
1558693943205 -344427
1558693944165 -345387
1558693944384 -292926
1558693947226 -268872
1558693949238 -297780
1558693949317 -310761
1558693950013 -324289
1558693950296 -311739
1558693951641 -330041
1558693952958 -327233
1558693953510 -294178
1558693954127 -302668
1558693954480 -295148
1558693956120 -317561
1558693957419 -298087
1558693957969 -279614
1558693958035 -306576
1558693958481 -336880
1558693958814 -333087
1558693960447 -316641
1558693960976 -309516
1558693961715 -283359
1558693961796 -323234
1558693962779 -324217
1558693963398 -341796
1558693963909 -312449
1558693965670 -327107
1558693965986 -353935
1558693966601 -288245
1558693967155 -323348
1558693967617 -329053
1558693967940 -355888
1558693968427 -342697
1558693969179 -309846
1558693969264 -347661
1558693969451 -343720
1558693970527 -331961
1558693971175 -307747
1558693971486 -293129
1558693972158 -308730
1558693972158 -308730
1558693972952 -329144
1558693974111 -310682
1558693975829 -298039
1558693975829 -332021
1558693976790 -332982
1558693977409 -300714
1558693977726 -310633
1558693977795 -300005
1558693979212 -353477
1558693979299 -340730
1558693979368 -302672
1558693982248 -303890
1558693982302 -305606
1558693983688 -305895
1558693983767 -320337
1558693984201 -305842
1558693984699 -321269
1558693985536 -318439
1558693985911 -347340
1558693985911 -347339
1558693986621 -308828
1558693986664 -323234
1558693988615 -325185
1558693989297 -322200
1558693989563 -311769
1558693989895 -294891
1558693991756 -316453
1558693992565 -329134
1558693992734 -317431
1558693992871 -316174
1558693995639 -315506
1558693995654 -320350
1558693995752 -300747
1558693997600 -322296
1558693998186 -292247
1558693999066 -331969
1558693999209 -335777
1558693999209 -335777
1558694000197 -336765
1558694001030 -333933
1558694001617 -306611
1558694002088 -296149
1558694003108 -339676
1558694003472 -328167
1558694005427 -330122
1558694006041 -342609
1558694006539 -315876
1558694010309 -335003
1558694010649 -343551
1558694010905 -304965
1558694010949 -347516
1558694011141 -335835
1558694011632 -344534
1558694012118 -336812
1558694014802 -308861
1558694014839 -331053
1558694016157 -294851
1558694016785 -332999
1558694016994 -326330
1558694017975 -342668
1558694018919 -328255
1558694019426 -352328
1558694019678 -313736
1558694019765 -339629
1558694019881 -329217
1558694020426 -353328
1558694020707 -336920
1558694021672 -337885
1558694021674 -337887
1558694021711 -341574
1558694022355 -355257
1558694022449 -316507
1558694022451 -316509
1558694023434 -317491
1558694024464 -318521
1558694026621 -335955
1558694026866 -309594
1558694027583 -336917
1558694028861 -307553
1558694030290 -294358
1558694031287 -295355
1558694031307 -351169
1558694031307 -351169
1558694033240 -342573
1558694033769 -312460
1558694034179 -343512
1558694036138 -300205
1558694038093 -302160
1558694039037 -301048
1558694039466 -318157
1558694039966 -349297
1558694040772 -323180
1558694041410 -287216
1558694042394 -298904
1558694042404 -288210
1558694043055 -359266
1558694043263 -308804
1558694045947 -362157
1558694045952 -362162
1558694047703 -297995
1558694048688 -312753
1558694048749 -310756
1558694049100 -314641
1558694050098 -315638
1558694050651 -314716
1558694052145 -297950
1558694053603 -369812
1558694054303 -304594
1558694056827 -313335
1558694058305 -320312
1558694058305 -320312
1558694059277 -321284
1558694060249 -322256
1558694061429 -328999
1558694061650 -327189
1558694062632 -328171
1558694062958 -313248
1558694063554 -305095
1558694064131 -326138
1558694064690 -310493
1558694064883 -315173
1558694065029 -347433
1558694065363 -332933
1558694065636 -289252
1558694065853 -316143
1558694066079 -328086
1558694067625 -313427
1558694067769 -318058
1558694067949 -350352
1558694069543 -293158
1558694070555 -294170
1558694071055 -312595
1558694072044 -339613
1558694072540 -318342
1558694073394 -338931
1558694073398 -338935
1558694073827 -356228
1558694073831 -356232
1558694073952 -315492
1558694074521 -324809
1558694075484 -325772
1558694075793 -337799
1558694076383 -299997
1558694076383 -299997
1558694076804 -302994
1558694077363 -300977
1558694077868 -345436
1558694078218 -328506
1558694079251 -344787
1558694080145 -330432
1558694081330 -297012
1558694083015 -348549
1558694086670 -354237
1558694086954 -310563
1558694089844 -355375
1558694090202 -352204
1558694090868 -290190
1558694091834 -291156
1558694092540 -360106
1558694093117 -355118
1558694094770 -294091
1558694094815 -310495
1558694095583 -345865
1558694096131 -322318
1558694096732 -296053
1558694097255 -294156
1558694098645 -304898
1558694098682 -298003
1558694099436 -349717
1558694101587 -307839
1558694101639 -300959
1558694101712 -309597
1558694102633 -301953
1558694104666 -312551
1558694105094 -295889
1558694105627 -291174
1558694106351 -312602
1558694106398 -305718
1558694106768 -332953
1558694108062 -298857
1558694109488 -295035
1558694109488 -308807
1558694110481 -316732
1558694112276 -327445
1558694112595 -318846
1558694113009 -303803
1558694113831 -340015
1558694115228 -314547
1558694115605 -341789
1558694116504 -342687
1558694117605 -308398
1558694118066 -299964
1558694118606 -315503
1558694119011 -325261
1558694120563 -317459
1558694122355 -348536
1558694124875 -331124
1558694125454 -322350
1558694126859 -308756
1558694126859 -308756
1558694128218 -354397
1558694128646 -310543
1558694131903 -322694
1558694132308 -305889
1558694132871 -323662
1558694133511 -339758
1558694135242 -308823
1558694135244 -308825
1558694135480 -292165
1558694136444 -342691
1558694137181 -352345
1558694137699 -328490
1558694138466 -290161
1558694139390 -296074
1558694139428 -291123
1558694141368 -347613
1558694141745 -319416
1558694142314 -348559
1558694142322 -299006
1558694144269 -350513
1558694144274 -300958
1558694144275 -300959
1558694144833 -359994
1558694145276 -353154
1558694145296 -296990
1558694145296 -296990
1558694145300 -296994
1558694146240 -354117
1558694146618 -324288
1558694146806 -320386
1558694148191 -354434
1558694148767 -338511
1558694148782 -299060
1558694150187 -301880
1558694150708 -340451
1558694150708 -340451
1558694152106 -358347
1558694152702 -302980
1558694154059 -311884
1558694155164 -306857
1558694158840 -316317
1558694159201 -336869
1558694159751 -350534
1558694161703 -289224
1558694163669 -321145
1558694164049 -341717
1558694164534 -297033
1558694164637 -322113
1558694166586 -294106
1558694166976 -344643
1558694167950 -345617
1558694168433 -326256
1558694168540 -296060
1558694168541 -296061
1558694172042 -361782
1558694172095 -304593
1558694172883 -350549
1558694174972 -364712
1558694174975 -364715
1558694176117 -308614
1558694176908 -309405
1558694178148 -305667
1558694180510 -358173
1558694181815 -371554
1558694181844 -310749
1558694183037 -310555
1558694183037 -310555
1558694185383 -310589
1558694185988 -343461
1558694187532 -320028
1558694187540 -320036
1558694187702 -345523
1558694188335 -313540
1558694188936 -310503
1558694192299 -317504
1558694192403 -324898
1558694192855 -350326
1558694193235 -318440
1558694193377 -327763
1558694193812 -351282
1558694197421 -304060
1558694198355 -304994
1558694198559 -300790
1558694200231 -358048
1558694200717 -293042
1558694201270 -335655
1558694201323 -307961
1558694201683 -294007
1558694201936 -327140
1558694202303 -336688
1558694204479 -296803
1558694205080 -302958
1558694205478 -310824
1558694206819 -339310
1558694207088 -304966
1558694207856 -333059
1558694208354 -300678
1558694208354 -310585
1558694208376 -300700
1558694208376 -313722
1558694210106 -292459
1558694212217 -304540
1558694213181 -289246
1558694213804 -296157
1558694214139 -290204
1558694214745 -349129
1558694215888 -350271
1558694219517 -295582
1558694221059 -355441
1558694222748 -320624
1558694223109 -299173
1558694223215 -315537
1558694223860 -358242
1558694223984 -300048
1558694225041 -283615
1558694225937 -284511
1558694226788 -332131
1558694227518 -309869
1558694227697 -303760
1558694227761 -300788
1558694228432 -362813
1558694228493 -310844
1558694230641 -289215
1558694231614 -336957
1558694232590 -337932
1558694234023 -331897
1558694235080 -332954
1558694235303 -310711
1558694239319 -312343
1558694240070 -315477
1558694240906 -302950
1558694241258 -314282
1558694241388 -287320
1558694242103 -315127
1558694242427 -300999
1558694242481 -301053
1558694243986 -317009
1558694244481 -349820
1558694244990 -318013
1558694244990 -320397
1558694246854 -308897
1558694247757 -345628
1558694247947 -320970
1558694248980 -322003
1558694250258 -308829
1558694251601 -313643
1558694251973 -327379
1558694252482 -314524
1558694252832 -306013
1558694253014 -298942
1558694253585 -326607
1558694255392 -353261
1558694256241 -318282
1558694256703 -332108
1558694257251 -319292
1558694257251 -319292
1558694257913 -282466
1558694259342 -332363
1558694259951 -302115
1558694260413 -313593
1558694262233 -303359
1558694262306 -335327
1558694262322 -335343
1558694264775 -310699
1558694265795 -290347
1558694265795 -290347
1558694266085 -328125
1558694266890 -309053
1558694267767 -313690
1558694267834 -292386
1558694268037 -330077
1558694268037 -330077
1558694268322 -321452
1558694268429 -343833
1558694270926 -313088
1558694271388 -346791
1558694272534 -285569
1558694272803 -334842
1558694274565 -316727
1558694274746 -347765
1558694275726 -316851
1558694276646 -338685
1558694276716 -317840
1558694277611 -339649
1558694278664 -319788
1558694281355 -305905
1558694282279 -295312
1558694285368 -327528
1558694286473 -327596
1558694286801 -312881
1558694286864 -335713
1558694286864 -335713
1558694288215 -312764
1558694288431 -329554
1558694289409 -351443
1558694290187 -314736
1558694290737 -316817
1558694291038 -308458
1558694291200 -332323
1558694291782 -340630
1558694293754 -342602
1558694294678 -299263
1558694294884 -307916
1558694295134 -336256
1558694298803 -316222
1558694298990 -341148
1558694299039 -340160
1558694301569 -306153
1558694302034 -308838
1558694302799 -301084
1558694303781 -302066
1558694304000 -310803
1558694304618 -322036
1558694305717 -295464
1558694305757 -304042
1558694306735 -305020
1558694307512 -356358
1558694307714 -305998
1558694307934 -314737
1558694308282 -312865
1558694309898 -316701
1558694311287 -360133
1558694311766 -353919
1558694312234 -316816
1558694312851 -319653
1558694312852 -319654
1558694313571 -303317
1558694313833 -320635
1558694313833 -320635
1558694314169 -331586
1558694316175 -296497
1558694318130 -298452
1558694318321 -308066
1558694318654 -305524
1558694319635 -306505
1558694322254 -311998
1558694323046 -303367
1558694323894 -341308
1558694325467 -332267
1558694326220 -294416
1558694326232 -307439
1558694326795 -344208
1558694328192 -296388
1558694328739 -346151
1558694329357 -316225
1558694330019 -322964
1558694330163 -311370
1558694330175 -311382
1558694332363 -339162
1558694333070 -314276
1558694334056 -298560
1558694334544 -351954
1558694335667 -315985
1558694338274 -355682
1558694338773 -319979
1558694339005 -307199
1558694339232 -346030
1558694339234 -356642
1558694339638 -332582
1558694340218 -347016
1558694340731 -321936
1558694340940 -305444
1558694343569 -336512
1558694343922 -312115
1558694344083 -330949
1558694345621 -326826
1558694345686 -310189
1558694346051 -307976
1558694346694 -314887
1558694347521 -340464
1558694347663 -312166
1558694348500 -341443
1558694348500 -341443
1558694349537 -330741
1558694349921 -311846
1558694352838 -359631
1558694352838 -359631
1558694353372 -307573
1558694353404 -346346
1558694354358 -308559
1558694354387 -347329
1558694356703 -343568
1558694357179 -350120
1558694357690 -344554
1558694361453 -299695
1558694363330 -325253
1558694364608 -351470
1558694364651 -315064
1558694365270 -327193
1558694366172 -304455
1558694366355 -304597
1558694367153 -305436
1558694367341 -305583
1558694368324 -306566
1558694368444 -318857
1558694370106 -308347
1558694370343 -357203
1558694372918 -302870
1558694372927 -302879
1558694373360 -323772
1558694375949 -337870
1558694377265 -327676
1558694378810 -340984
1558694378810 -340984
1558694378954 -300574
1558694378954 -300574
1558694379938 -289034
1558694381909 -303529
1558694382569 -312519
1558694383564 -345737
1558694383869 -305488
1558694385522 -315472
1558694386041 -319484
1558694388313 -319312
1558694388788 -297883
1558694389290 -320289
1558694391576 -313194
1558694399068 -330065
1558694399080 -302534
1558694399302 -312512
1558694400057 -303510
1558694400435 -309528
1558694400435 -309528
1558694400740 -351146
1558694403066 -316276
1558694403651 -354056
1558694403937 -307390
1558694403961 -334957
1558694405391 -314483
1558694407329 -316421
1558694407993 -296947
1558694408966 -371099
1558694409633 -313085
1558694409970 -312707
1558694410567 -314019
1558694410933 -313670
1558694410935 -313672
1558694411235 -294073
1558694411235 -294073
1558694411615 -342610
1558694411917 -314654
1558694412216 -309618
1558694414252 -297090
1558694414540 -347979
1558694415600 -319051
1558694415671 -309921
1558694419454 -322905
1558694419541 -350533
1558694419898 -308851
1558694420927 -289342
1558694422189 -316438
1558694424842 -293257
1558694425135 -319384
1558694425699 -314651
1558694426111 -320360
1558694426697 -315649
1558694428765 -311601
1558694428989 -332439
1558694428992 -332442
1558694429204 -301421
1558694430045 -324293
1558694431424 -334158
1558694431961 -306106
1558694434661 -303074
1558694434923 -309068
1558694435639 -339087
1558694435668 -293271
1558694435904 -308120
1558694436623 -305035
1558694436924 -331171
1558694437907 -332154
1558694438367 -306065
1558694440481 -343927
1558694441279 -308976
1558694443720 -315935
1558694444334 -301935
1558694444604 -318748
1558694445216 -312913
1558694445607 -339853
1558694447560 -321703
1558694450103 -352835
1558694451510 -345754
1558694453444 -327586
1558694454160 -292457
1558694455853 -358584
1558694456817 -300902
1558694457106 -295403
1558694458209 -330422
1558694458213 -330426
1558694458794 -310991
1558694459086 -316685
1558694459181 -331394
1558694459347 -333488
1558694460362 -354603
1558694462333 -356573
1558694463281 -337422
1558694464115 -336327
1558694464182 -358422
1558694464742 -306138
1558694466111 -360350
1558694467114 -341254
1558694467134 -306952
1558694468024 -340235
1558694468636 -320831
1558694469688 -311083
1558694470039 -344178
1558694471625 -313020
1558694471975 -346113
1558694472959 -347097
1558694473853 -346063
1558694474527 -326721
1558694474645 -312939
1558694475624 -313918
1558694477365 -318759
1558694478294 -330488
1558694478864 -353000
1558694478865 -353001
1558694479303 -331497
1558694479348 -298434
1558694479848 -353984
1558694480534 -288688
1558694481258 -333451
1558694481900 -325980
1558694481912 -325992
1558694483216 -335409
1558694483487 -294568
1558694483783 -357911
1558694485762 -359889
1558694486226 -305311
1558694486735 -330814
1558694487202 -306287
1558694487578 -327393
1558694489530 -309368
1558694489562 -329377
1558694489674 -333751
1558694490117 -342309
1558694490205 -298358
1558694491196 -302276
1558694491307 -312262
1558694491632 -335708
1558694492501 -332316
1558694492572 -336648
1558694493161 -304240
1558694495476 -339551
1558694496111 -307190
1558694497399 -317236
1558694499365 -343437
1558694499833 -318917
1558694501292 -345363
1558694501734 -353923
1558694502727 -354916
1558694503301 -323137
1558694503313 -343126
1558694503984 -315062
1558694504688 -356876
1558694505275 -325111
1558694505283 -345096
1558694505929 -314080
1558694506907 -315058
1558694507261 -327097
1558694507713 -307406
1558694507890 -316041
1558694511692 -298533
1558694511851 -296657
1558694512033 -351843
1558694513639 -300480
1558694513974 -353784
1558694514586 -314278
1558694515580 -315272
1558694516582 -301387
1558694517567 -302372
1558694517888 -337722
1558694518540 -305380
1558694518552 -303357
1558694518876 -338710
1558694520550 -305187
1558694523465 -310305
1558694526972 -334670
1558694528345 -302791
1558694528345 -312981
1558694530010 -349842
1558694530327 -356154
1558694530431 -304877
1558694530983 -338680
1558694532118 -351950
1558694533150 -317785
1558694533197 -317832
1558694533473 -288133
1558694535315 -289975
1558694536893 -321528
1558694536969 -362794
1558694537852 -322487
1558694538396 -346092
1558694539066 -293725
1558694539387 -308709
1558694541341 -349036
1558694541976 -299644
1558694541987 -290166
1558694542318 -311639
1558694544737 -302066
1558694545264 -352959
1558694545922 -294100
1558694545922 -300581
1558694546247 -353942
1558694546692 -304021
1558694547786 -373609
1558694548703 -296881
1558694548858 -306525
1558694549362 -333993
1558694550198 -357892
1558694550324 -334955
1558694550332 -334962
1558694550607 -307936
1558694551176 -320494
1558694551560 -330517
1558694551656 -299833
1558694551656 -299833
1558694553217 -337847
1558694554130 -361823
1558694554197 -338826
1558694554629 -302806
1558694557107 -341735
1558694557297 -314625
1558694558531 -286049
1558694559509 -287027
1558694560439 -339395
1558694561442 -340398
1558694561552 -316208
1558694562039 -346665
1558694562450 -341406
1558694562559 -317215
1558694563506 -311682
1558694564923 -349548
1558694565790 -313151
1558694565803 -335118
1558694565803 -335118
1558694566385 -293902
1558694566398 -291944
1558694566838 -336152
1558694568081 -325408
1558694568353 -295870
1558694568408 -316583
1558694568741 -316102
1558694569344 -296861
1558694570347 -295892
1558694570702 -318062
1558694570989 -328315
1558694571317 -296862
1558694571655 -319015
1558694571671 -340981
1558694571947 -329273
1558694572641 -320001
1558694573280 -298825
1558694575976 -354930
1558694576097 -306775
1558694576230 -301775
1558694576336 -327302
1558694578556 -325915
1558694578579 -347889
1558694579191 -306706
1558694580050 -310727
1558694580171 -305715
1558694580232 -331198
1558694580536 -349846
1558694580589 -337913
1558694580894 -359844
1558694581038 -311715
1558694581195 -332160
1558694581529 -350839
1558694582063 -312740
1558694584000 -314677
1558694584907 -312422
1558694584971 -315647
1558694585369 -354678
1558694585899 -311442
1558694586877 -312420
1558694586924 -317600
1558694587429 -344750
1558694587782 -366732
1558694587842 -288039
1558694588238 -357546
1558694592832 -323507
1558694593298 -350617
1558694593298 -350617
1558694593773 -319315
1558694594681 -317206
1558694596096 -343453
1558694596599 -304862
1558694596688 -296884
1558694596715 -288031
1558694597456 -319980
1558694598441 -320965
1558694598687 -290003
1558694599170 -356487
1558694600029 -347386
1558694600416 -322940
1558694601638 -292953
1558694601991 -349347
1558694603492 -311754
1558694605843 -311665
1558694605947 -322453
1558694609737 -326242
1558694610714 -327219
1558694611694 -359048
1558694612384 -320644
1558694612695 -318516
1558694612698 -318519
1558694613196 -335718
1558694614646 -331150
1558694615198 -337720
1558694615968 -320290
1558694615968 -320290
1558694616611 -333115
1558694617133 -339654
1558694618160 -287045
1558694620050 -304873
1558694620508 -326328
1558694620545 -337049
1558694622097 -290982
1558694622865 -345386
1558694624013 -308835
1558694625410 -312556
1558694626036 -294920
1558694626933 -311755
1558694627190 -333009
1558694629146 -334964
1558694630322 -317468
1558694631144 -318290
1558694631366 -347868
1558694631761 -300645
1558694633176 -349677
1558694633831 -318651
1558694634706 -303589
1558694636638 -325336
1558694637043 -324188
1558694638619 -327316
1558694639631 -300633
1558694640065 -344384
1558694641713 -302109
1558694641860 -347676
1558694642557 -331254
1558694643018 -359516
1558694643560 -304561
1558694645530 -306531
1558694646507 -315389
1558694647854 -334998
1558694649818 -336961
1558694649900 -309721
1558694650241 -338937
1558694650394 -310789
1558694650889 -310710
1558694650891 -310712
1558694651877 -311698
1558694652216 -340912
1558694654393 -311446
1558694655309 -315703
1558694655563 -342705
1558694655804 -315624
1558694656620 -316440
1558694657135 -345830
1558694658270 -318508
1558694659091 -347786
1558694660100 -287039
1558694660291 -306461
1558694660558 -320378
1558694661213 -321451
1558694663029 -351723
1558694665394 -352533
1558694665480 -325299
1558694668074 -325126
1558694669328 -356465
1558694670843 -327894
1558694674857 -301794
1558694676634 -365326
1558694676635 -365327
1558694677624 -366316
1558694678709 -335759
1558694679751 -313678
1558694680581 -301622
1558694681566 -308502
1558694681739 -315665
1558694682510 -328677
1558694682594 -309530
1558694686471 -318432
1558694686479 -313414
1558694689430 -321391
1558694689810 -325126
1558694690794 -326110
1558694690897 -350711
1558694691371 -348419
1558694692409 -308811
1558694692819 -328135
1558694693905 -353717
1558694695929 -342094
1558694697689 -333004
1558694701062 -333021
1558694701704 -347868
1558694702220 -318620
1558694702941 -303831
1558694703654 -349817
1558694704006 -301618
1558694704608 -350771
1558694704999 -305512
1558694705972 -303584
1558694705980 -337939
1558694705982 -337941
1558694707942 -339900
1558694708808 -309697
1558694714148 -304555
1558694714235 -349548
1558694714674 -315562
1558694715222 -350534
1558694715222 -350534
1558694715655 -316543
1558694715795 -313406
1558694716628 -317516
1558694716781 -314392
1558694717619 -349576
1558694717621 -349578
1558694717768 -288018
1558694718422 -319310
1558694718756 -293920
1558694721686 -353642
1558694721831 -296994
1558694723135 -313541
1558694724391 -324723
1558694724829 -356784
1558694727820 -317854
1558694727960 -318365
1558694729695 -306965
1558694730519 -307789
1558694730594 -307864
1558694730819 -321224
1558694730867 -321272
1558694731478 -301726
1558694731884 -312586
1558694731916 -312618
1558694732652 -323057
1558694734069 -334955
1558694735550 -325093
1558694736509 -326052
1558694739237 -314398
1558694739757 -340086
1558694741719 -342047
1558694741884 -342769
1558694742173 -312420
1558694742699 -343583
1558694743581 -324281
1558694745631 -346514
1558694745964 -323232
1558694746014 -336417
1558694746992 -337395
1558694751846 -304568
1558694752063 -315678
1558694752063 -315678
1558694752831 -305553
1558694753800 -298602
1558694754440 -355320
1558694754744 -345145
1558694755410 -356290
1558694756760 -309481
1558694757969 -321584
1558694758344 -299162
1558694758724 -311445
1558694764207 -305024
1558694764285 -354683
1558694766003 -306820
1558694766004 -306821
1558694768535 -313335
1558694771485 -301569
1558694771503 -293915
1558694772323 -294735
1558694773546 -312710
1558694774289 -296701
1558694775511 -314675
1558694776805 -323317
1558694778223 -300635
1558694778223 -300635
1558694779447 -318611
1558694782132 -312215
1558694782132 -312215
1558694782576 -317175
1558694783140 -305551
1558694783140 -305551
1558694783689 -330200
1558694784672 -331183
1558694786171 -299950
1558694787047 -287954
1558694787071 -309482
1558694788031 -288937
1558694788609 -335120
1558694789121 -302899
1558694791006 -313416
1558694796877 -297782
1558694797860 -298765
1558694799821 -300726
1558694802606 -303510
1558694802606 -303509
1558694806538 -307440
