1558693127456 -2914
1558693129222 -4680
1558693132488 -4730
1558693134129 -9405
1558693135512 -7754
1558693137339 -9581
1558693140973 -15950
1558693141926 -16903
1558693145953 -18194
1558693148615 -23591
1558693148805 -21046
1558693149587 -24563
1558693152697 -24938
1558693158247 -33223
1558693161417 -33658
1558693177441 -47017
1558693181413 -53649
1558693191722 -63939
1558693194027 -66244
1558693201557 -73774
1558693201574 -71149
1558693206395 -78612
1558693206408 -78625
1558693206408 -78625
1558693212276 -81815
1558693217138 -86676
1558693222686 -94902
1558693222686 -94902
1558693228433 -100649
1558693228634 -98170
1558693228641 -97293
1558693229387 -101603
1558693234176 -106389
1558693234176 -106389
1558693243925 -116117
1558693246825 -119017
1558693248029 -116681
1558693251641 -123833
1558693257851 -126503
1558693262116 -134275
1558693264041 -136200
1558693265966 -138124
1558693267565 -136216
1558693269832 -141988
1558693273679 -145835
1558693276597 -148753
1558693276606 -148762
1558693282379 -154531
1558693294691 -159162
1558693297575 -162046
1558693300553 -172704
1558693303420 -167891
1558693303420 -167891
1558693307348 -171819
1558693309299 -173770
1558693312158 -184210
1558693313200 -177670
1558693316123 -180593
1558693320669 -192721
1558693331627 -195153
1558693331627 -195153
1558693332257 -204154
1558693336513 -200039
1558693338444 -201970
1558693342721 -214618
1558693345135 -208660
1558693347598 -219495
1558693348059 -211584
1558693348559 -220456
1558693348579 -220476
1558693349052 -212577
1558693359826 -223351
1558693369433 -231724
1558693373328 -235619
1558693376265 -238556
1558693377262 -239552
1558693377319 -249198
1558693383120 -254925
1558693384081 -246371
1558693384082 -255810
1558693388946 -260674
1558693392730 -255020
1558693393786 -265514
1558693395675 -257965
1558693397611 -259901
1558693402382 -274110
1558693403344 -275072
1558693409323 -271613
1558693410324 -272614
1558693410324 -272614
1558693413093 -275382
1558693415972 -287699
1558693419926 -276100
1558693425520 -297247
1558693430662 -286833
1558693434368 -306072
1558693436304 -308008
1558693443031 -314735
1558693447126 -294507
1558693450049 -297430
1558693452552 -324255
1558693452989 -293734
1558693454491 -326194
1558693455912 -296657
1558693461625 -302369
1558693470840 -312763
1558693478614 -320535
1558693484442 -326363
1558693488322 -330242
1558693490264 -332184
1558693491233 -333153
1558693498840 -340758
1558693511744 -2659
1558693515880 -4489
1558693521499 -12413
1558693523424 -14338
1558693528592 -17201
1558693530261 -21175
1558693533934 -24806
1558693536249 -24858
1558693545586 -36457
1558693549484 -40354
1558693553365 -44235
1558693559567 -38748
1558693567763 -58632
1558693569349 -48529
1558693570679 -61547
1558693578442 -69310
1558693580099 -59279
1558693585873 -65001
1558693586863 -65991
1558693587082 -74845
1558693587830 -66958
1558693589018 -76781
1558693592685 -71813
1558693592864 -80627
1558693594632 -73759
1558693595783 -83546
1558693598677 -86440
1558693601592 -89355
1558693603391 -82518
1558693603391 -82518
1558693605350 -84476
1558693609205 -96968
1558693609205 -96968
1558693613084 -100847
1558693615996 -103759
1558693624735 -103860
1558693624743 -111866
1558693624743 -111866
1558693626561 -113684
1558693626575 -113698
1558693641092 -128214
1558693643194 -121456
1558693653747 -131999
1558693658628 -136880
1558693660372 -147493
1558693662536 -140787
1558693667421 -145672
1558693668140 -155260
1558693673111 -160231
1558693680114 -158365
1558693684542 -162920
1558693692284 -170661
1558693694258 -172635
1558693695212 -173589
1558693698566 -176816
1558693702298 -180548
1558693702298 -180548
1558693714025 -192275
1558693718338 -196713
1558693719288 -197663
1558693719890 -198140
1558693720867 -199117
1558693721068 -199443
1558693723799 -202049
1558693729564 -199796
1558693731454 -201686
1558693732431 -202663
1558693735646 -214021
1558693740257 -210489
1558693742442 -219652
1558693744386 -221596
1558693746153 -216385
1558693748077 -218309
1558693750842 -221074
1558693751016 -228226
1558693753776 -224008
1558693755874 -233083
1558693756843 -234052
1558693759642 -229873
1558693759758 -236967
1558693771252 -248461
1558693774166 -244397
1558693775144 -244953
1558693780015 -249824
1558693785822 -263030
1558693793731 -263540
1558693799369 -271183
1558693801349 -273163
1558693803235 -275049
1558693805121 -276935
1558693806299 -268049
1558693811202 -272951
1558693812181 -273930
1558693812913 -284727
1558693818974 -280722
1558693821824 -283572
1558693828250 -300063
1558693831499 -280562
1558693833324 -305137
1558693854362 -298075
1558693855367 -299080
1558693855793 -295090
1558693861134 -304845
1558693865869 -309580
1558693866542 -305838
1558693867362 -306657
1558693867802 -311512
1558693868786 -312496
1558693873226 -287369
1558693875178 -289321
1558693876511 -320220
1558693877473 -321182
1558693886911 -301052
1558693886912 -301053
1558693895769 -299970
1558693902496 -271080
1558693904739 -308939
1558693907716 -276299
1558693910499 -314699
1558693918846 -287428
1558693921848 -326046
1558693930555 -334752
1558693939221 -307799
1558693943020 -280710
1558693945962 -283652
1558693948850 -286539
1558693953706 -291395
1558693960745 -302799
1558693961710 -303764
1558693965206 -302893
1558693965468 -307520
1558693966434 -308486
1558693968394 -310445
1558693972008 -309694
1558693972010 -309696
1558693974263 -293241
1558693979802 -317487
1558693981574 -319259
1558693983055 -302032
1558693984478 -322162
1558693984478 -322162
1558693997113 -334793
1558693998068 -335747
1558693998537 -285488
1558694004715 -342392
1558694009298 -296247
1558694009298 -296247
1558694016949 -303897
1558694019299 -309549
1558694019896 -306844
1558694020864 -307812
1558694022202 -312452
1558694025163 -315413
1558694030655 -317602
1558694031787 -322036
1558694034386 -287290
1558694034386 -287290
1558694036345 -289249
1558694054906 -345152
1558694054915 -307816
1558694055891 -308792
1558694056841 -347087
1558694058659 -311560
1558694062578 -315478
1558694070465 -303877
1558694077099 -310510
1558694078212 -301134
1558694081145 -304066
1558694083916 -317326
1558694092717 -315637
1558694093695 -316615
1558694099266 -332674
1558694108098 -341505
1558694108162 -341569
1558694111476 -304232
1558694111583 -304339
1558694117735 -351138
1558694119933 -312688
1558694121899 -314653
1558694122576 -355978
1558694124818 -284515
1558694128727 -288424
1558694129548 -289245
1558694132479 -292175
1558694134442 -294138
1558694136015 -317451
1558694142817 -324252
1558694143787 -325222
1558694147510 -328945
1558694148510 -329944
1558694149453 -330887
1558694150422 -331856
1558694150422 -331856
1558694153336 -334770
1558694157854 -293220
1558694158763 -294129
1558694163051 -344483
1558694167499 -302864
1558694169850 -351280
1558694172400 -307765
1558694177454 -308633
1558694179067 -314431
1558694188154 -319331
1558694188858 -294284
1558694190115 -321292
1558694202521 -307946
1558694203475 -308900
1558694204420 -309844
1558694214218 -345392
1558694218211 -349384
1558694224847 -300087
1558694230583 -305822
1558694230599 -313444
1558694243459 -296413
1558694251289 -304243
1558694257948 -310901
1558694259644 -334880
1558694263554 -338789
1558694263856 -286668
1558694263857 -286669
1558694269378 -344612
1558694273622 -296433
1558694276098 -351330
1558694278438 -301248
1558694279035 -354266
1558694279433 -302243
1558694282383 -305193
1558694282939 -318573
1558694282940 -318574
1558694284336 -307146
1558694287287 -310096
1558694292555 -328188
1558694304839 -303296
1558694304845 -303302
1558694305263 -340894
1558694315878 -351508
1558694317621 -300457
1558694326316 -309151
1558694328555 -305367
1558694334417 -311228
1558694335154 -297663
1558694345048 -321858
1558694346022 -322832
1558694353688 -282312
1558694357717 -334525
1558694358615 -287239
1558694360507 -337315
1558694361489 -338297
1558694367338 -344145
1558694368313 -345120
1558694372242 -349047
1558694377105 -353909
1558694383050 -311670
1558694392576 -322043
1558694395669 -294153
1558694403324 -332790
1558694405308 -334774
1558694406256 -335722
1558694407496 -305979
1558694410009 -339474
1558694414992 -344457
1558694416950 -346414
1558694418225 -291453
1558694419199 -292427
1558694420759 -350223
1558694425997 -299224
1558694431328 -360789
1558694431908 -305134
1558694431908 -305134
1558694432311 -303074
1558694434270 -305032
1558694436828 -310053
1558694437192 -307954
1558694438824 -312049
1558694452388 -301303
1558694453381 -302296
1558694460251 -309165
1558694461244 -310158
1558694461469 -332227
1558694464444 -335202
1558694467383 -338141
1558694473196 -343951
1558694479878 -350630
1558694482810 -353561
1558694483783 -354534
1558694483783 -354533
1558694488712 -299588
1558694490436 -304510
1558694496326 -310399
1558694497309 -311382
1558694497511 -308386
1558694499279 -313352
1558694499279 -313352
1558694503164 -314038
1558694505183 -289072
1558694506098 -316972
1558694510138 -294026
1558694511052 -321925
1558694516812 -300699
1558694518775 -302662
1558694521756 -332628
1558694522721 -333593
1558694526712 -310598
1558694528911 -312797
1558694542105 -352972
1558694544056 -354922
1558694544060 -354926
1558694550104 -306731
1558694551701 -306678
1558694555035 -311661
1558694555978 -312604
1558694555980 -312606
1558694560810 -317435
1558694561533 -316509
1558694562747 -319372
1558694562747 -319372
1558694565400 -320375
1558694566365 -321340
1558694571548 -302584
1558694573204 -328178
1558694574017 -328991
1558694587699 -342671
1558694589098 -290177
1558694590070 -291149
1558694590637 -345609
1558694591052 -292131
1558694591053 -292132
1558694594015 -295093
1558694596494 -351464
1558694599263 -354231
1558694610019 -308633
1558694611008 -309621
1558694612547 -313623
1558694614918 -313531
1558694617449 -292076
1558694624519 -323131
1558694628416 -327027
1558694629258 -303883
1558694631078 -305703
1558694634005 -308629
1558694634279 -332890
1558694635251 -333861
1558694636972 -311596
1558694646792 -295037
1558694649752 -348360
1558694650733 -349341
1558694652682 -351289
1558694656463 -304705
1558694668272 -316509
1558694669257 -317494
1558694671218 -289162
1558694674036 -312525
1558694675151 -293095
1558694679909 -297852
1558694681904 -320392
1558694681904 -299847
1558694683836 -322324
1558694683836 -322324
1558694683862 -301805
1558694684824 -302766
1558694686742 -325229
1558694687770 -305712
1558694688693 -327180
1558694693474 -331960
1558694697634 -315575
1558694699282 -337768
1558694701546 -289163
1558694703376 -290992
1558694706128 -344613
1558694711005 -349488
1558694720677 -359153
1558694722852 -298203
1558694723260 -310867
1558694726182 -313788
1558694732750 -320354
1558694737627 -295083
1558694740973 -316322
1558694745862 -320826
1558694751216 -308670
1558694764989 -296012
1558694768922 -299944
1558694773841 -304862
1558694784498 -315474
1558694789415 -320389
1558694793348 -295060
