1558693125793 -980
1558693130805 -7922
1558693134439 -9625
1558693136104 -8470
1558693138374 -13560
1558693138951 -16068
1558693138992 -11358
1558693140975 -13341
1558693141028 -18145
1558693141857 -14223
1558693143171 -11340
1558693143228 -18414
1558693147580 -19946
1558693148520 -20886
1558693151325 -23691
1558693152125 -29241
1558693152125 -29241
1558693153827 -29013
1558693154245 -26611
1558693155999 -33115
1558693158133 -30498
1558693160545 -28713
1558693160826 -36012
1558693161072 -33437
1558693162244 -39360
1558693166176 -43230
1558693166496 -41682
1558693168229 -36397
1558693168455 -43641
1558693179105 -50128
1558693180043 -52929
1558693181041 -53927
1558693181709 -49597
1558693184945 -55967
1558693185988 -58873
1558693187093 -59978
1558693193187 -70240
1558693197381 -68403
1558693198744 -75796
1558693201350 -74234
1558693203870 -71756
1558693209672 -77558
1558693210143 -83025
1558693210659 -78545
1558693210860 -81882
1558693211136 -88182
1558693212788 -83810
1558693213078 -85960
1558693213591 -81477
1558693214549 -82435
1558693216635 -87610
1558693221717 -92238
1558693222654 -99700
1558693222659 -99705
1558693224171 -95145
1558693224648 -95169
1558693225135 -96109
1558693228052 -99025
1558693228406 -105451
1558693228406 -105451
1558693232455 -102976
1558693233849 -104822
1558693235155 -112185
1558693235399 -105920
1558693236379 -106900
1558693239788 -107673
1558693243763 -120793
1558693246223 -117196
1558693246625 -114038
1558693250378 -117791
1558693252052 -118591
1558693253330 -120743
1558693253330 -120743
1558693253377 -128106
1558693254780 -125301
1558693256255 -123668
1558693256766 -127287
1558693258220 -125633
1558693258834 -125372
1558693261745 -128283
1558693261851 -136579
1558693265523 -136042
1558693267579 -134116
1558693268313 -138832
1558693272291 -138827
1558693278184 -152912
1558693280636 -148048
1558693283003 -150724
1558693285005 -152725
1558693285045 -151580
1558693287528 -154940
1558693291368 -156512
1558693291612 -158146
1558693291660 -158194
1558693291660 -159380
1558693293625 -168340
1558693294569 -169284
1558693295493 -162027
1558693296472 -163006
1558693297200 -162344
1558693303236 -169265
1558693304840 -169984
1558693308081 -174110
1558693310010 -176038
1558693315648 -180790
1558693315737 -181765
1558693316564 -191279
1558693316565 -181707
1558693317651 -183679
1558693317803 -184113
1558693320740 -187049
1558693326214 -191356
1558693326603 -192912
1558693326986 -199581
1558693327349 -193377
1558693327953 -200548
1558693329895 -202490
1558693331245 -197273
1558693333045 -198187
1558693333744 -206339
1558693334019 -199161
1558693336932 -202074
1558693337601 -210196
1558693337912 -203054
1558693338018 -204046
1558693338844 -204872
1558693338844 -204872
1558693339831 -205859
1558693341480 -214075
1558693345020 -211328
1558693345593 -210587
1558693346986 -213293
1558693348236 -220794
1558693348561 -213555
1558693351010 -223568
1558693351957 -224515
1558693352446 -217440
1558693352471 -215463
1558693352471 -215462
1558693352833 -219140
1558693358694 -231252
1558693360233 -223224
1558693363424 -228789
1558693364129 -229123
1558693364400 -229765
1558693364500 -237058
1558693366352 -231717
1558693367334 -232699
1558693368845 -231836
1558693373200 -238564
1558693377107 -242471
1558693377109 -242473
1558693377862 -250419
1558693378089 -243453
1558693380734 -253291
1558693382400 -245391
1558693382564 -247557
1558693383362 -246353
1558693383541 -248534
1558693384932 -250296
1558693385566 -255894
1558693385743 -251107
1558693387715 -253079
1558693391366 -261694
1558693398933 -269261
1558693403770 -274098
1558693404772 -275100
1558693406361 -271724
1558693408608 -278935
1558693410026 -275259
1558693410271 -271329
1558693411008 -276241
1558693412247 -273305
1558693413923 -279156
1558693416335 -286662
1558693418250 -288577
1558693420412 -258992
1558693421741 -286974
1558693422960 -284017
1558693422960 -284017
1558693423735 -288967
1558693425792 -286848
1558693426780 -287836
1558693429163 -267543
1558693431605 -301932
1558693433564 -283900
1558693434722 -305049
1558693435187 -273566
1558693435377 -300609
1558693437304 -302536
1558693438341 -288674
1558693441181 -291513
1558693447008 -289784
1558693449787 -289581
1558693451868 -294643
1558693456569 -296362
1558693460512 -298749
1558693461423 -293705
1558693461498 -299735
1558693463310 -303102
1558693463363 -295645
1558693464276 -304068
1558693468944 -308735
1558693469911 -309702
1558693476139 -314374
1558693480047 -318282
1558693483433 -323222
1558693484772 -323006
1558693487294 -327082
1558693487703 -325936
1558693489226 -329013
1558693509841 -332869
1558693510771 -678
1558693512727 -2634
1558693512950 -60
1558693514123 -4301
1558693514461 -1571
1558693515402 -6344
1558693517609 -7516
1558693519264 -10206
1558693520973 -11151
1558693522939 -13117
1558693526025 -16967
1558693526439 -16345
1558693528917 -19859
1558693535696 -22805
1558693536486 -27428
1558693537455 -28397
1558693539388 -30330
1558693540951 -30856
1558693541925 -31830
1558693542357 -32534
1558693543845 -33750
1558693545250 -34002
1558693545803 -35708
1558693546338 -33446
1558693555032 -43784
1558693555034 -43786
1558693555800 -44193
1558693556605 -44998
1558693560467 -48859
1558693561449 -49841
1558693563671 -52422
1558693563671 -44967
1558693564427 -52818
1558693565219 -53776
1558693565608 -46904
1558693568555 -57306
1558693570478 -51774
1558693574422 -63171
1558693576380 -61986
1558693576915 -65471
1558693577359 -62965
1558693579214 -60509
1558693580299 -65905
1558693580697 -69253
1558693583924 -65219
1558693586008 -71614
1558693587658 -76214
1558693588973 -74578
1558693590900 -76505
1558693595369 -83924
1558693595601 -76895
1558693599459 -80633
1558693600249 -88803
1558693600262 -88816
1558693601401 -82575
1558693603589 -89193
1558693604568 -92919
1558693606259 -87432
1558693608428 -96778
1558693609296 -94900
1558693609394 -97744
1558693610362 -98712
1558693612910 -94083
1558693616672 -105225
1558693617762 -98934
1558693618095 -103698
1558693620016 -108366
1558693620983 -109332
1558693631445 -119794
1558693631446 -119795
1558693634348 -122697
1558693634553 -116269
1558693635552 -117268
1558693635552 -117268
1558693638008 -119178
1558693639440 -121155
1558693642374 -124089
1558693645932 -131440
1558693651722 -138266
1558693652541 -139085
1558693652966 -134680
1558693653566 -130905
1558693656438 -142982
1558693656438 -142982
1558693657856 -139570
1558693661766 -143480
1558693664127 -149634
1558693665232 -151776
1558693669588 -151301
1558693670892 -148230
1558693672911 -158418
1558693675766 -153060
1558693680487 -165994
1558693685587 -170716
1558693686602 -171731
1558693690938 -166416
1558693693410 -178539
1558693696803 -172281
1558693699536 -184941
1558693703393 -188797
1558693710834 -195963
1558693711120 -196524
1558693714245 -189721
1558693716213 -187134
1558693720615 -206018
1558693723014 -193935
1558693723020 -193941
1558693723857 -197696
1558693725454 -210857
1558693725811 -199650
1558693734139 -219265
1558693734139 -219265
1558693736100 -221502
1558693736451 -207371
1558693740344 -211264
1558693743907 -229033
1558693746344 -220182
1558693747326 -221164
1558693747674 -232799
1558693748927 -218243
1558693749624 -234749
1558693750094 -223932
1558693751614 -236739
1558693756697 -226013
1558693757430 -236918
1558693758128 -238280
1558693759096 -239248
1558693760848 -234686
1558693769337 -238652
1558693772132 -241447
1558693773923 -253411
1558693777302 -251139
1558693777302 -251139
1558693778233 -258053
1558693783184 -257021
1558693783184 -257021
1558693783678 -263166
1558693783753 -253068
1558693784996 -264816
1558693787901 -267721
1558693788057 -259266
1558693790494 -269982
1558693790494 -269982
1558693791476 -270964
1558693793479 -272967
1558693794555 -274375
1558693795535 -275355
1558693795774 -266983
1558693796478 -276298
1558693800274 -268512
1558693802371 -282190
1558693804253 -284072
1558693804286 -284105
1558693810962 -288990
1558693813365 -278823
1558693814725 -293829
1558693816269 -281727
1558693816826 -294853
1558693818611 -296638
1558693820553 -298580
1558693821537 -299564
1558693822347 -286640
1558693824924 -290381
1558693825867 -291324
1558693826356 -283417
1558693826868 -292324
1558693829273 -286334
1558693830095 -286705
1558693830750 -280556
1558693830750 -280556
1558693831033 -283724
1558693831235 -288296
1558693832091 -288700
1558693832091 -288700
1558693832132 -288741
1558693833385 -290445
1558693835178 -292238
1558693835188 -292248
1558693836618 -286423
1558693838620 -295228
1558693841508 -291312
1558693842484 -299091
1558693844768 -301826
1558693846369 -302975
1558693847211 -297015
1558693853102 -309705
1558693856959 -313561
1558693860992 -295382
1558693863368 -320423
1558693868102 -325156
1558693869145 -297970
1558693870083 -298908
1558693870579 -304968
1558693871970 -300795
1558693877328 -278841
1558693879276 -280789
1558693882260 -292338
1558693884206 -294284
1558693889972 -291484
1558693894661 -296172
1558693895788 -305864
1558693897572 -299083
1558693898181 -327002
1558693898183 -327004
1558693905212 -331832
1558693907667 -309176
1558693908445 -337265
1558693911423 -282001
1558693912412 -282990
1558693913027 -341845
1558693913607 -340224
1558693916379 -342994
1558693916379 -342994
1558693917132 -298051
1558693918576 -296038
1558693919299 -309572
1558693922679 -293256
1558693924108 -314380
1558693925929 -306847
1558693930853 -321124
1558693931305 -308765
1558693931797 -312714
1558693939462 -305457
1558693943807 -321266
1558693944203 -334472
1558693944357 -310351
1558693944778 -322237
1558693951682 -302990
1558693952630 -303937
1558693953580 -331037
1558693954549 -332006
1558693957564 -347831
1558693959988 -285508
1558693960452 -311759
1558693961780 -287299
1558693964188 -341642
1558693964357 -300236
1558693964713 -290232
1558693964713 -290232
1558693966116 -343569
1558693967642 -293161
1558693970160 -306038
1558693971552 -297070
1558693977743 -292455
1558693977747 -292459
1558693977866 -313743
1558693978749 -293461
1558693979387 -304904
1558693981564 -317440
1558693990261 -326136
1558693993901 -297047
1558693994089 -308799
1558694001707 -304852
1558694002684 -305829
1558694005067 -357127
1558694006038 -358097
1558694006592 -309736
1558694011754 -363811
1558694012450 -298178
1558694018166 -292351
1558694018582 -311616
1558694023101 -308828
1558694029519 -319976
1558694029900 -315626
1558694029900 -304083
1558694030896 -305079
1558694032277 -325273
1558694033079 -326075
1558694033399 -323856
1558694034628 -308811
1558694035323 -325779
1558694038218 -328674
1558694038963 -331959
1558694039196 -329652
1558694039463 -291350
1558694043853 -336848
1558694045777 -338772
1558694050158 -302041
1558694050168 -302051
1558694051252 -291378
1558694053508 -343962
1558694054032 -305913
1558694054198 -294324
1558694054498 -344951
1558694055441 -345894
1558694056953 -297078
1558694057344 -350339
1558694058322 -351317
1558694059304 -352299
1558694060280 -353275
1558694064776 -304900
1558694064779 -304903
1558694065537 -294268
1558694065537 -294268
1558694069078 -307700
1558694071656 -311780
1558694071656 -311780
1558694075574 -316442
1558694076928 -315549
1558694078464 -319331
1558694078464 -318587
1558694081885 -310615
1558694086515 -325134
1558694086728 -282726
1558694087118 -297100
1558694088469 -327088
1558694089068 -299050
1558694089447 -328066
1558694090613 -286610
1558694092559 -288556
1558694093354 -331972
1558694100202 -338818
1558694100515 -341377
1558694104584 -314564
1558694105950 -344558
1558694109652 -289604
1558694112052 -350657
1558694112202 -308196
1558694112297 -353154
1558694114816 -353419
1558694115754 -311748
1558694117631 -356233
1558694120626 -305977
1558694121170 -301120
1558694126433 -308704
1558694126433 -308704
1558694128370 -313720
1558694130130 -296164
1558694132070 -298104
1558694135123 -320472
1558694135992 -302026
1558694137618 -287468
1558694139957 -322224
1558694148514 -333861
1558694148603 -293448
1558694151372 -336719
1558694153484 -335746
1558694154373 -304221
1558694154461 -299305
1558694154561 -339903
1558694155261 -305108
1558694158089 -307936
1558694158203 -343544
1558694159041 -308888
1558694159164 -304007
1558694161308 -343570
1558694162880 -312727
1558694163284 -345546
1558694163923 -349261
1558694166793 -291341
1558694166794 -291342
1558694166903 -311745
1558694171683 -296229
1558694173055 -355316
1558694176444 -296197
1558694177409 -297162
1558694178246 -311767
1558694184043 -317564
1558694185015 -318535
1558694188148 -312689
1558694192032 -311783
1558694192465 -318552
1558694195344 -321431
1558694197392 -323478
1558694197982 -289368
1558694198447 -331966
1558694199780 -291165
1558694201362 -334880
1558694202621 -296201
1558694203331 -336849
1558694203726 -295111
1558694206037 -332122
1558694206246 -339764
1558694207656 -299040
1558694207977 -334062
1558694210015 -343532
1558694211262 -304841
1558694211902 -345418
1558694213414 -304797
1558694214408 -305791
1558694215776 -349291
1558694220054 -346138
1558694220054 -346138
1558694220172 -346255
1558694221549 -312931
1558694226450 -352531
1558694228227 -302199
1558694229586 -302994
1558694230873 -292388
1558694231858 -293372
1558694233949 -307920
1558694233951 -307922
1558694236847 -298360
1558694237754 -311724
1558694238793 -300305
1558694239292 -312866
1558694239327 -312734
1558694239826 -301338
1558694242224 -315797
1558694243767 -305277
1558694247509 -321478
1558694250074 -301324
1558694250990 -324562
1558694251413 -325382
1558694253350 -314856
1558694256278 -291562
1558694261597 -312845
1558694262644 -336214
1558694263165 -298448
1558694263528 -284820
1558694266599 -340169
1558694271302 -292593
1558694273209 -294500
1558694274426 -348388
1558694275370 -349331
1558694279197 -352764
1558694279741 -315022
1558694280714 -315995
1558694281189 -314909
1558694285843 -307132
1558694289774 -323492
1558694290735 -312024
1558694294766 -310082
1558694295747 -311063
1558694296727 -312042
1558694297551 -331269
1558694298257 -307259
1558694298693 -314008
1558694302410 -336127
1558694307549 -322859
1558694310987 -344703
1558694312093 -303586
1558694312115 -303607
1558694313015 -291920
1558694313903 -347619
1558694314003 -292908
1558694315417 -330722
1558694318768 -310260
1558694322676 -314167
1558694326583 -284215
1558694331489 -289121
1558694331495 -289126
1558694331559 -310462
1558694332212 -317975
1558694332458 -290089
1558694342896 -328657
1558694344044 -301674
1558694344843 -330604
1558694345028 -302658
1558694345160 -293914
1558694346556 -302723
1558694346978 -304607
1558694347559 -303725
1558694348121 -296874
1558694348529 -304695
1558694349111 -297864
1558694349507 -305673
1558694350491 -306657
1558694351645 -337405
1558694352456 -308622
1558694356338 -342097
1558694356338 -342097
1558694356396 -312561
1558694357721 -289294
1558694357942 -306694
1558694359273 -345031
1558694361244 -347002
1558694364132 -349889
1558694365088 -350844
1558694366364 -297936
1558694369014 -325178
1558694369015 -325179
1558694369310 -300881
1558694370003 -326167
1558694370922 -322555
1558694373943 -330106
1558694379502 -331134
1558694380041 -311611
1558694382009 -313579
1558694382414 -334045
1558694383391 -335022
1558694384946 -286552
1558694385329 -336960
1558694392045 -310801
1558694399334 -355491
1558694399916 -288433
1558694401298 -357454
1558694403848 -292364
1558694408181 -300283
1558694414758 -303273
1558694416485 -321585
1558694417428 -322528
1558694422375 -310888
1558694423707 -295520
1558694424340 -312853
1558694424340 -312853
1558694426309 -314822
1558694427614 -299427
1558694429578 -301390
1558694431626 -323725
1558694431650 -336748
1558694433195 -295566
1558694434468 -306280
1558694436148 -298519
1558694436151 -298521
1558694438389 -330487
1558694440399 -345495
1558694440400 -345496
1558694441300 -333398
1558694443266 -335363
1558694444281 -349377
1558694447202 -352297
1558694448177 -340273
1558694450738 -313107
1558694451126 -343221
1558694456778 -298612
1558694457632 -289865
1558694460954 -353045
1558694461946 -354036
1558694462546 -294779
1558694465722 -357811
1558694466490 -317002
1558694468668 -300533
1558694471237 -303468
1558694471292 -313124
1558694472219 -304450
1558694472270 -314102
1558694473238 -315069
1558694475061 -325572
1558694475170 -307401
1558694475550 -307414
1558694478945 -329456
1558694479502 -311365
1558694480894 -331405
1558694487690 -338200
1558694493533 -344042
1558694494582 -311336
1558694494585 -311339
1558694495059 -326920
1558694496538 -313292
1558694496648 -303571
1558694497029 -328890
1558694500968 -332828
1558694503083 -353589
1558694505879 -337738
1558694507478 -314400
1558694510724 -342581
1558694511103 -298872
1558694511312 -288040
1558694513057 -300826
1558694513242 -289970
1558694518131 -294858
1558694522783 -310551
1558694528407 -323202
1558694530219 -306944
1558694532290 -309015
1558694533156 -327951
1558694534453 -293215
1558694535965 -330759
1558694536057 -331040
1558694537024 -332007
1558694539620 -316344
1558694540823 -335617
1558694544909 -339891
1558694545102 -303863
1558694548829 -343811
1558694550451 -300950
1558694551947 -310707
1558694553290 -348081
1558694553394 -303893
1558694556718 -351699
1558694558627 -298977
1558694560635 -300985
1558694561166 -311664
1558694562144 -309670
1558694563545 -303895
1558694564431 -359411
1558694566376 -361356
1558694567041 -291202
1558694570331 -365310
1558694572908 -297068
1558694574875 -299035
1558694577198 -316483
1558694578205 -317490
1558694579186 -318471
1558694582365 -329888
1558694586510 -310668
1558694588482 -312639
1558694592415 -287270
1558694592768 -332051
1558694596345 -291200
1558694598548 -309770
1558694598557 -309779
1558694598671 -337953
1558694599307 -294161
1558694599574 -310795
1558694600598 -348117
1558694601278 -296132
1558694607012 -301866
1558694607990 -302843
1558694611083 -297042
1558694614014 -299973
1558694614195 -319309
1558694615981 -321095
1558694617833 -312685
1558694617928 -303886
1558694619156 -358433
1558694623090 -301937
1558694626700 -291217
1558694626700 -291217
1558694627024 -305871
1558694632764 -311610
1558694632764 -311610
1558694640250 -300135
1558694641110 -346221
1558694644228 -308738
1558694645214 -309724
1558694646913 -352023
1558694648165 -312673
1558694648488 -327332
1558694649055 -308939
1558694649868 -309751
1558694650849 -310732
1558694652742 -319341
1558694653081 -291162
1558694654747 -296990
1558694655725 -297967
1558694658575 -325173
1558694660789 -298868
1558694661106 -339948
1558694662571 -304812
1558694662768 -300847
1558694663549 -305790
1558694664539 -306780
1558694666208 -332805
1558694668137 -334734
1558694668652 -306730
1558694669109 -335706
1558694669958 -348797
1558694670416 -312656
1558694670941 -349780
1558694673891 -352728
1558694674137 -301786
1558694675116 -302765
1558694676872 -343425
1558694678092 -305741
1558694678092 -305741
1558694678872 -345425
1558694680611 -359446
1558694683257 -291210
1558694684242 -292195
1558694687496 -335926
1558694690764 -288400
1558694692777 -290413
1558694692777 -290413
1558694693452 -341881
1558694695219 -319384
1558694695751 -293387
1558694697027 -304979
1558694701975 -326139
1558694710941 -359368
1558694710943 -359370
1558694717981 -286452
1558694718342 -342504
1558694723002 -291472
1558694723002 -371427
1558694724672 -307127
1558694725906 -294375
1558694726346 -350507
1558694726746 -318514
1558694727304 -351465
1558694727375 -351536
1558694728651 -320418
1558694730254 -312708
1558694730696 -322463
1558694734095 -316548
1558694734383 -326149
1558694739978 -292187
1558694740282 -332047
1558694740532 -313645
1558694745022 -313489
1558694745882 -298090
1558694746360 -319472
1558694748832 -301040
1558694751856 -290356
1558694755557 -307764
1558694756540 -308747
1558694756832 -348595
1558694757816 -349579
1558694758799 -350562
1558694759675 -298174
1558694760764 -352526
1558694762732 -354494
1558694763586 -302084
1558694763713 -355475
1558694767360 -289238
1558694776051 -297926
1558694779061 -291328
1558694779986 -301860
1558694781019 -293285
1558694792777 -314648
1558694794745 -316615
1558694795727 -291164
1558694797695 -293131
1558694802450 -297884
1558694802450 -297884
1558694802450 -297884
1558694812290 -307721
1558694818191 -313619
1558694826880 -295847
1558694828849 -297815
1558694829835 -298801
