1558693130767 -2407
1558693132261 -744
1558693133891 -52
1558693133891 -1770
1558693138509 -4670
1558693139474 -5635
1558693140534 -6695
1558693141438 -13078
1558693145330 -11491
1558693146326 -17966
1558693146326 -17966
1558693146657 -14535
1558693146657 -14535
1558693147571 -15449
1558693151507 -19385
1558693155413 -23895
1558693157290 -25168
1558693157802 -29441
1558693160333 -28815
1558693163185 -31667
1558693164979 -32857
1558693166095 -34577
1558693166467 -38106
1558693166467 -38106
1558693169869 -37722
1558693173931 -42413
1558693179043 -42215
1558693180851 -44023
1558693182834 -54356
1558693184385 -52236
1558693190945 -54116
1558693192761 -55932
1558693193600 -56771
1558693195305 -63156
1558693197411 -60582
1558693197411 -60582
1558693198378 -61549
1558693199113 -66964
1558693200043 -67894
1558693200115 -71637
1558693200998 -68849
1558693206754 -74604
1558693206944 -78466
1558693210668 -78518
1558693215532 -83382
1558693215683 -87204
1558693220467 -87638
1558693221452 -88611
1558693229131 -100601
1558693230023 -97479
1558693230099 -97258
1558693231105 -92730
1558693232068 -99227
1558693233006 -94631
1558693235952 -97577
1558693236845 -104301
1558693236879 -108348
1558693237831 -105287
1558693238911 -106070
1558693239781 -107237
1558693239865 -107024
1558693240844 -102456
1558693243757 -105369
1558693244732 -106344
1558693246697 -113855
1558693247680 -114838
1558693250332 -121801
1558693250444 -117602
1558693253383 -114995
1558693254290 -121746
1558693255343 -116955
1558693255343 -122501
1558693260042 -131510
1558693263175 -130333
1558693265137 -132294
1558693265137 -132294
1558693265875 -137343
1558693267005 -134460
1558693267114 -134271
1558693268050 -129662
1558693269759 -141227
1558693273761 -140918
1558693275702 -137314
1558693278351 -149819
1558693278579 -146031
1558693279325 -145643
1558693282249 -148567
1558693283233 -149551
1558693283470 -150922
1558693283470 -150922
1558693285775 -146837
1558693286783 -147845
1558693289322 -156774
1558693292117 -158435
1558693297976 -165428
1558693299990 -165379
1558693300972 -162034
1558693302958 -168347
1558693306770 -174222
1558693309772 -175161
1558693310675 -178127
1558693310737 -171799
1558693314672 -175734
1558693315373 -181690
1558693321417 -188853
1558693322290 -189726
1558693328864 -195053
1558693332090 -197478
1558693332777 -198966
1558693334047 -194470
1558693335054 -199551
1558693336942 -197365
1558693341828 -202251
1558693343764 -208903
1558693347543 -212682
1558693350600 -215097
1558693354446 -218943
1558693356082 -222269
1558693357340 -221837
1558693358374 -222871
1558693360213 -225351
1558693361220 -221642
1558693361247 -225744
1558693364106 -229235
1558693364144 -224566
1558693365161 -229658
1558693366099 -226521
1558693366099 -226521
1558693366670 -232856
1558693368029 -233157
1558693368033 -233161
1558693368091 -232588
1558693368638 -234824
1558693369902 -234399
1558693370857 -235354
1558693371774 -236902
1558693371840 -236336
1558693373793 -238289
1558693376677 -241805
1558693377677 -238098
1558693378622 -243750
1558693378655 -239076
1558693378655 -239076
1558693379689 -244185
1558693380642 -245138
1558693382597 -247093
1558693382601 -247097
1558693383289 -246163
1558693387476 -251972
1558693389377 -254380
1558693389432 -253928
1558693390014 -252888
1558693394127 -254112
1558693397032 -262034
1558693397032 -262034
1558693398005 -263007
1558693402684 -265557
1558693403671 -266544
1558693404978 -268130
1558693406625 -269498
1558693409533 -272406
1558693409805 -269789
1558693409833 -272985
1558693410778 -270762
1558693413673 -273657
1558693415635 -275619
1558693416230 -279103
1558693416588 -273880
1558693417468 -278343
1558693421119 -283992
1558693421348 -262208
1558693421419 -282294
1558693425014 -287887
1558693425256 -282829
1558693428162 -269020
1558693428916 -291788
1558693429167 -286738
1558693429200 -290074
1558693431116 -288686
1558693434238 -279235
1558693436090 -281087
1558693438989 -283986
1558693444693 -287324
1558693445378 -308250
1558693445628 -277238
1558693446599 -278209
1558693446601 -278211
1558693448574 -291205
1558693449289 -312161
1558693454448 -297078
1558693454448 -297078
1558693455155 -317767
1558693456366 -287975
1558693457126 -319738
1558693458302 -288383
1558693459271 -289351
1558693462233 -293841
1558693463210 -294818
1558693489040 -328228
1558693497836 -337021
1558693498814 -337998
1558693500768 -339952
1558693502723 -341906
1558693506634 -345816
1558693513150 -1822
1558693513989 -4357
1558693515129 -5430
1558693518061 -8362
1558693521964 -10636
1558693521998 -12299
1558693522935 -11607
1558693526840 -15512
1558693527896 -9341
1558693528820 -19121
1558693529803 -20104
1558693529849 -11294
1558693532580 -22947
1558693533775 -15220
1558693533775 -15220
1558693537458 -27759
1558693538406 -27077
1558693538437 -28736
1558693539413 -29712
1558693544343 -25788
1558693546078 -36444
1558693547213 -35884
1558693550965 -41330
1558693555852 -44427
1558693555852 -44427
1558693556080 -37524
1558693560584 -49158
1558693563530 -52104
1558693566604 -45430
1558693573443 -52269
1558693576443 -51521
1558693581266 -60092
1558693585013 -63838
1558693585013 -63838
1558693585915 -74487
1558693588030 -76663
1558693589952 -68777
1558693596661 -85231
1558693597592 -86162
1558693601697 -76775
1558693603588 -82413
1558693604422 -90925
1558693604629 -79707
1558693607336 -86161
1558693613268 -88323
1558693616133 -94956
1558693618090 -96913
1558693618150 -93204
1558693620879 -107381
1558693621084 -92385
1558693621084 -92385
1558693624792 -111294
1558693626948 -98249
1558693627869 -106692
1558693627925 -99226
1558693628695 -114787
1558693628853 -107676
1558693633568 -112391
1558693634406 -120907
1558693638320 -124821
1558693639300 -125801
1558693640471 -111769
1558693642364 -121186
1558693643241 -129741
1558693643363 -129455
1558693644340 -130432
1558693646342 -117639
1558693648250 -134342
1558693650056 -136555
1558693652212 -123509
1558693653187 -123228
1558693658840 -144932
1558693659056 -129097
1558693660775 -139098
1558693662750 -148839
1558693663713 -142035
1558693670423 -150067
1558693670621 -140628
1558693671548 -157637
1558693671599 -141606
1558693672579 -142586
1558693673618 -143625
1558693674480 -160569
1558693675298 -161387
1558693677244 -155565
1558693677244 -155565
1558693679479 -149484
1558693679479 -149484
1558693680235 -166324
1558693683012 -162655
1558693685065 -163386
1558693686099 -156104
1558693687022 -165329
1558693689960 -176049
1558693692892 -171199
1558693694711 -174353
1558693694855 -180944
1558693695878 -165030
1558693697783 -176090
1558693699605 -179247
1558693707402 -193476
1558693711305 -181519
1558693711318 -197392
1558693714105 -190265
1558693714241 -184455
1558693714284 -183435
1558693716207 -202281
1558693719138 -205212
1558693720119 -206193
1558693721929 -198088
1558693733636 -203828
1558693734477 -210565
1558693737455 -213543
1558693739554 -208703
1558693739557 -208706
1558693743276 -219364
1558693743459 -211174
1558693748137 -228370
1558693748979 -225066
1558693755825 -228631
1558693758763 -231569
1558693759915 -227630
1558693762671 -235477
1558693766705 -246937
1558693766758 -234473
1558693776318 -256550
1558693779135 -251940
1558693780250 -250115
1558693783062 -255867
1558693783062 -255867
1558693783193 -253058
1558693785119 -265351
1558693785193 -252907
1558693786095 -266327
1558693789887 -262692
1558693790863 -263668
1558693793828 -266633
1558693794965 -264830
1558693797666 -273588
1558693801670 -277592
1558693801925 -269639
1558693805398 -276614
1558693805487 -281409
1558693805518 -275382
1558693805553 -272454
1558693806567 -273468
1558693808543 -275444
1558693810348 -281564
1558693810506 -277407
1558693812381 -288302
1558693812404 -282268
1558693813377 -283241
1558693814221 -274886
1558693814326 -290247
1558693816331 -281488
1558693818121 -278786
1558693818318 -283475
1558693829650 -290313
1558693829797 -297684
1558693831839 -296994
1558693832823 -300710
1558693836495 -287007
1558693838606 -306493
1558693841385 -291897
1558693845502 -294285
1558693846220 -297030
1558693848085 -298596
1558693850179 -318066
1558693851109 -301918
1558693852160 -287226
1558693857847 -291848
1558693859950 -305856
1558693863887 -298951
1558693864694 -298694
1558693868588 -319395
1558693870773 -289309
1558693871397 -305396
1558693872363 -306362
1558693874462 -292997
1558693876355 -327160
1558693878230 -272993
1558693878375 -296910
1558693880199 -274962
1558693882233 -333035
1558693882278 -328182
1558693883265 -301799
1558693887168 -333071
1558693888090 -338890
1558693889122 -292934
1558693889964 -284725
1558693891080 -294891
1558693897758 -343659
1558693898734 -344635
1558693898738 -286247
1558693899587 -294347
1558693905977 -293485
1558693906744 -301503
1558693908830 -312058
1558693909800 -297308
1558693909954 -313182
1558693917107 -320334
1558693917118 -320345
1558693919108 -328160
1558693920259 -295163
1558693934735 -309637
1558693936569 -303136
1558693938449 -341673
1558693938449 -341673
1558693938449 -341673
1558693939498 -348547
1558693940600 -301085
1558693943388 -296095
1558693946175 -287483
1558693947284 -307768
1558693948119 -289427
1558693948223 -351443
1558693948265 -308748
1558693954136 -306841
1558693955961 -297268
1558693956051 -288413
1558693962661 -303967
1558693962731 -295093
1558693965651 -298012
1558693965709 -318413
1558693965866 -313634
1558693968645 -321349
1558693971439 -312744
1558693975361 -298222
1558693975368 -298229
1558693977289 -300149
1558693979271 -302131
1558693979271 -302131
1558693979400 -316584
1558693980384 -333086
1558693983331 -305760
1558693983336 -305765
1558693983337 -336039
1558693984273 -306702
1558693986240 -338941
1558693986999 -319358
1558693990811 -313670
1558693991808 -314666
1558693993745 -316603
1558693996839 -319266
1558693996839 -319266
1558693999618 -288447
1558694002712 -302974
1558694002715 -302977
1558694005569 -337923
1558694008417 -297244
1558694009219 -298046
1558694009324 -341676
1558694012155 -300982
1558694013144 -301971
1558694013147 -301974
1558694013231 -345582
1558694013232 -345583
1558694014275 -314536
1558694014278 -314539
1558694015114 -303941
1558694016165 -348515
1558694016373 -319428
1558694021109 -324162
1558694023921 -312746
1558694026966 -303840
1558694028783 -317608
1558694029864 -311695
1558694030851 -312682
1558694030851 -312682
1558694031898 -332157
1558694033883 -334142
1558694034574 -316405
1558694036441 -298972
1558694037586 -337844
1558694038412 -300943
1558694039484 -321314
1558694039556 -339814
1558694041471 -318343
1558694041509 -341766
1558694042426 -324256
1558694044362 -326191
1558694048257 -330086
1558694048318 -296058
1558694050333 -350587
1558694056026 -288463
1558694058851 -340679
1558694058935 -306842
1558694064636 -297072
1558694065631 -298067
1558694065765 -313502
1558694067731 -315637
1558694068553 -300988
1558694068553 -300988
1558694070542 -302977
1558694070665 -318401
1558694073531 -355355
1558694079470 -327374
1558694080189 -315013
1558694081426 -329329
1558694084502 -305963
1558694085010 -317443
1558694085078 -319901
1558694086970 -289415
1558694091997 -313456
1558694098836 -295231
1558694099740 -334561
1558694100822 -348721
1558694104751 -352649
1558694109526 -311968
1558694111720 -346540
1558694115360 -350179
1558694115360 -311564
1558694119068 -295227
1558694121087 -355904
1558694122011 -298170
1558694122069 -310416
1558694125063 -305645
1558694128001 -308582
1558694129722 -318068
1558694130643 -306801
1558694133857 -314437
1558694134715 -338608
1558694135521 -311678
1558694139429 -315585
1558694140589 -344482
1558694144456 -303883
1558694145364 -333708
1558694146421 -305848
1558694153249 -312675
1558694155392 -314521
1558694157259 -322555
1558694157997 -305031
1558694158206 -317328
1558694159038 -324334
1558694159841 -306874
1558694159900 -348242
1558694161759 -308791
1558694162739 -309770
1558694163725 -310756
1558694166820 -332115
1558694166820 -332115
1558694167749 -299915
1558694169588 -316617
1558694169707 -301873
1558694171667 -303832
1558694173565 -304026
1558694174474 -304004
1558694174637 -339931
1558694175459 -304989
1558694178384 -343677
1558694181169 -310698
1558694183277 -348570
1558694186041 -315570
1558694187078 -317537
1558694187196 -352488
1558694189132 -298990
1558694190034 -320492
1558694192159 -357450
1558694192915 -292311
1558694195886 -295281
1558694196032 -361323
1558694201612 -301007
1558694201907 -311763
1558694203641 -334098
1558694207639 -298969
1558694208588 -314704
1558694209454 -339910
1558694209533 -300863
1558694211477 -302807
1558694212471 -318586
1558694214239 -313632
1558694216315 -315708
1558694218470 -348923
1558694218587 -324701
1558694219652 -350105
1558694221540 -287916
1558694225012 -291388
1558694225911 -356362
1558694225911 -356362
1558694230737 -297112
1558694231852 -337965
1558694234702 -301076
1558694235767 -305876
1558694237807 -343919
1558694238742 -344853
1558694240683 -310791
1558694244674 -350783
1558694248513 -354621
1558694248578 -296413
1558694256124 -309801
1558694257152 -310829
1558694259046 -312722
1558694259939 -339758
1558694263960 -317636
1558694264001 -304100
1558694264884 -312717
1558694268895 -348714
1558694270967 -311065
1558694271709 -351528
1558694271878 -311976
1558694271878 -289559
1558694278587 -284839
1558694279598 -285850
1558694281433 -301118
1558694284337 -302017
1558694285341 -338974
1558694287318 -307002
1558694289263 -306942
1558694292203 -309882
1558694302033 -308282
1558694304856 -358481
1558694304983 -311232
1558694306961 -313209
1558694307800 -327482
1558694309904 -316152
1558694311877 -287978
1558694312698 -308051
1558694315826 -291926
1558694319584 -295684
1558694320567 -296667
1558694321419 -341096
1558694322400 -342077
1558694323383 -343059
1558694323515 -318831
1558694324356 -321608
1558694326325 -323577
1558694326467 -321783
1558694327309 -324561
1558694327316 -346991
1558694329310 -348984
1558694329337 -349011
1558694331274 -328526
1558694332229 -351902
1558694334201 -331452
1558694334343 -310441
1558694335189 -354861
1558694339260 -315357
1558694340106 -300639
1558694340239 -316336
1558694342096 -339346
1558694343064 -340314
1558694344032 -312132
1558694347981 -298781
1558694348002 -316102
1558694349934 -318034
1558694350735 -318834
1558694354838 -305636
1558694358633 -313084
1558694362560 -299718
1558694362560 -299717
1558694362699 -313496
1558694363685 -314482
1558694366496 -303652
1558694367520 -304676
1558694368297 -328826
1558694368303 -328832
1558694368308 -328837
1558694368308 -305463
1558694369313 -306468
1558694370293 -330822
1558694371265 -331794
1558694373249 -310403
1558694375220 -335748
1558694377295 -303724
1558694382214 -308642
1558694385990 -319926
1558694388957 -326105
1558694389948 -323883
1558694391747 -328894
1558694392746 -329892
1558694394689 -355212
1558694395844 -303448
1558694395852 -300929
1558694399639 -336783
1558694400656 -361176
1558694403559 -340701
1558694406680 -314283
1558694407534 -344675
1558694410605 -288601
1558694412389 -317459
1558694412601 -290596
1558694413374 -318444
1558694414496 -351634
1558694414525 -351663
1558694415509 -293504
1558694418282 -318539
1558694418399 -296394
1558694421108 -321364
1558694421108 -319959
1558694421258 -299252
1558694423046 -303852
1558694425205 -303199
1558694426018 -326274
1558694427979 -328234
1558694427992 -326841
1558694429932 -310738
1558694431077 -309070
1558694431912 -312717
1558694434877 -335090
1558694435880 -336093
1558694436040 -314032
1558694436844 -337057
1558694437664 -337877
1558694439633 -338481
1558694440619 -339467
1558694440763 -320994
1558694441768 -321999
1558694442736 -290757
1558694444553 -344766
1558694445673 -293693
1558694448470 -310741
1558694448620 -296640
1558694449478 -348325
1558694449606 -297626
1558694450461 -349307
1558694452418 -351264
1558694453400 -353613
1558694453407 -352253
1558694454383 -353229
1558694456332 -290542
1558694457332 -357545
1558694458313 -358526
1558694458313 -357158
1558694460433 -308451
1558694460433 -308451
1558694464082 -311990
1558694464253 -312271
1558694467202 -315220
1558694472895 -307102
1558694474878 -322855
1558694475850 -323757
1558694479795 -327701
1558694480774 -314980
1558694488681 -306547
1558694490450 -338421
1558694493399 -341369
1558694493564 -311429
1558694494381 -342351
1558694494569 -312434
1558694495361 -308221
1558694497334 -345303
1558694498494 -316358
1558694499303 -347271
1558694500311 -348215
1558694507376 -295087
1558694509141 -357105
1558694511151 -298861
1558694511189 -309265
1558694512947 -311023
1558694512947 -360847
1558694512947 -311022
1558694515075 -327538
1558694515099 -302809
1558694516044 -303754
1558694519966 -307675
1558694520786 -308451
1558694520806 -318880
1558694522753 -320827
1558694522914 -310623
1558694532088 -294433
1558694532825 -320488
1558694533857 -296201
1558694534544 -322207
1558694534648 -318279
1558694535414 -333487
1558694536504 -320135
1558694538487 -300831
1558694541413 -299820
1558694542416 -304759
1558694543401 -305744
1558694545207 -343278
1558694545369 -307712
1558694546358 -308701
1558694548131 -306538
1558694554233 -316575
1558694555041 -313447
1558694555077 -353146
1558694557045 -355113
1558694558171 -290229
1558694558811 -346471
1558694561831 -310419
1558694562815 -350473
1558694563762 -351420
1558694564755 -352413
1558694566701 -354358
1558694567682 -326028
1558694571589 -359244
1558694573593 -322180
1558694575544 -324130
1558694575544 -324130
1558694577689 -309744
1558694581464 -330050
1558694584256 -316392
1558694586364 -318418
1558694589153 -337738
1558694590120 -322255
1558694590137 -338722
1558694591279 -306755
1558694594089 -342673
1558694594242 -309718
1558694595013 -297901
1558694596058 -328192
1558694598006 -346589
1558694601941 -350524
1558694602927 -351509
1558694603093 -318568
1558694605834 -308720
1558694605878 -354459
1558694606818 -309704
1558694611783 -314604
1558694615720 -296955
1558694616532 -348663
1558694616698 -297933
1558694616698 -297933
1558694618483 -350614
1558694618511 -306784
1558694620639 -301874
1558694622454 -310726
1558694622611 -303845
1558694623375 -302815
1558694624395 -356524
1558694624584 -305818
1558694625404 -313675
1558694626382 -314653
1558694627317 -306756
1558694627338 -359466
1558694628335 -360463
1558694629287 -308726
1558694631304 -312537
1558694636203 -317436
1558694637140 -316578
1558694640143 -321375
1558694640950 -313640
1558694641959 -330228
1558694644837 -293117
1558694644915 -333184
1558694649830 -338098
1558694650743 -299021
1558694650783 -323471
1558694651766 -324454
1558694655718 -306784
1558694656700 -307766
1558694657630 -305903
1558694658613 -306885
1558694660490 -348755
1558694661436 -334123
1558694662606 -313671
1558694663409 -336096
1558694667304 -315572
1558694669279 -317546
1558694672446 -293183
1558694674225 -346910
1558694674225 -346910
1558694675171 -298981
1558694678043 -350726
1558694678162 -301972
1558694678238 -313178
1558694679966 -352649
1558694681975 -354657
1558694681975 -354657
1558694683946 -318885
1558694684889 -357570
1558694688024 -308758
1558694689008 -309742
1558694690972 -311706
1558694691780 -308688
1558694692836 -309744
1558694693811 -310719
1558694693975 -314709
1558694694796 -311704
1558694694816 -329754
1558694695734 -289255
1558694696893 -317626
1558694696899 -317632
1558694697650 -291171
1558694697711 -332649
1558694699642 -316549
1558694700570 -294091
1558694703435 -320342
1558694703469 -338406
1558694703557 -297077
1558694703617 -291016
1558694705564 -292953
1558694709348 -344284
1558694712213 -305732
1558694714265 -349200
1558694714422 -301811
1558694714422 -301811
1558694716181 -309700
1558694716253 -351187
1558694716391 -303779
1558694716397 -303785
1558694721439 -308827
1558694722318 -315836
1558694722536 -309923
1558694725244 -342148
1558694728206 -315593
1558694728206 -315593
1558694731890 -348791
1558694731972 -304011
1558694732078 -319464
1558694732794 -349695
1558694733749 -350650
1558694734744 -351644
1558694734749 -351649
1558694735747 -332013
1558694736635 -308674
1558694737633 -309671
1558694737863 -291207
1558694738600 -310638
1558694738846 -292190
1558694740594 -312632
1558694740672 -336938
1558694748440 -320462
1558694748540 -344805
1558694749460 -321481
1558694749668 -302970
1558694753312 -349576
1558694755220 -325267
1558694759094 -308663
1558694759094 -308663
1558694763026 -312595
1558694767210 -320511
1558694772758 -342799
1558694774909 -297913
1558694776689 -346729
1558694776690 -346729
1558694780624 -350662
1558694785541 -355578
1558694786472 -315548
1558694788494 -358529
1558694789424 -317911
1558694790651 -313653
1558694790651 -313653
1558694797296 -325782
1558694803082 -308709
1558694808986 -314610
1558694810902 -300781
1558694812870 -302748
1558694814888 -320509
