1558693135330 -11544
1558693139171 -15385
1558693148650 -24864
1558693153549 -29762
1558693168075 -43378
1558693168077 -43380
1558693181550 -56853
1558693187612 -62915
1558693196990 -72293
1558693200783 -76085
1558693200783 -76085
1558693210518 -84954
1558693216357 -90793
1558693228832 -103267
1558693229813 -104248
1558693229813 -104248
1558693233680 -108115
1558693234655 -109090
1558693239517 -113952
1558693242265 -116700
1558693242271 -116706
1558693250034 -124459
1558693270275 -144699
1558693271239 -145663
1558693271252 -145676
1558693283878 -158302
1558693286987 -161411
1558693292560 -166984
1558693305110 -179533
1558693310912 -182292
1558693314703 -186083
1558693322503 -193883
1558693324425 -195801
1558693359484 -230858
1558693362213 -232132
1558693362213 -232132
1558693367110 -237029
1558693369070 -238989
1558693376895 -246813
1558693391376 -261293
1558693406161 -276077
1558693412732 -281174
1558693414670 -283112
1558693423540 -291982
1558693434246 -302687
1558693449684 -318125
1558693453595 -322036
1558693462235 -330675
1558693473966 -342089
1558693477877 -326263
1558693479671 -328056
1558693500199 -348582
1558693502964 -351346
1558693535559 -23200
1558693539467 -27108
1558693543381 -31022
1558693589037 -76012
1558693590011 -76986
1558693590993 -77968
1558693606440 -93414
1558693619154 -106127
1558693625014 -109582
1558693636574 -121141
1558693647328 -131894
1558693649285 -133850
1558693650097 -134662
1558693660846 -145410
1558693661830 -146394
1558693688052 -171508
1558693699625 -183081
1558693700600 -184056
1558693725851 -204520
1558693733672 -212340
1558693750126 -228793
1558693758928 -237594
1558693759901 -238567
1558693762831 -241497
1558693770490 -248090
1558693776352 -253952
1558693779285 -256885
1558693785170 -262731
1558693795794 -273355
1558693799781 -277342
1558693806519 -284079
1558693813365 -290925
1558693815325 -292885
1558693830753 -308313
1558693830753 -308313
1558693845247 -321660
1558693849157 -325570
1558693852087 -328500
1558693854042 -330455
1558693860887 -322365
1558693872449 -333925
1558693895746 -357219
1558693897703 -359176
1558693899658 -361130
1558693902667 -350289
1558693915237 -362857
1558693929797 -377415
1558693945280 -392894
1558693945280 -392894
1558693947235 -316525
1558693948216 -317506
1558693950168 -319458
1558693953108 -322397
1558693957988 -327277
1558693959780 -329068
1558693964673 -333961
1558693969556 -338843
1558693981281 -350567
1558693986989 -356274
1558693993822 -362669
1558693995776 -364623
1558693996755 -365602
1558694001639 -370485
1558694010278 -379123
1558694012224 -381069
1558694016136 -384980
1558694017112 -385956
1558694021024 -389867
1558694024970 -393813
1558694030671 -399512
1558694051168 -357945
1558694059806 -366582
1558694067631 -374406
1558694068605 -375380
1558694075447 -352446
1558694084113 -361111
1558694084119 -361117
1558694096792 -373789
1558694102543 -379539
1558694111613 -388608
1558694118135 -346366
1558694122040 -350270
1558694123999 -352229
1558694127738 -355967
1558694139469 -367697
1558694140446 -368673
1558694141458 -369685
1558694143379 -371606
1558694144358 -372585
1558694146310 -374537
1558694149253 -377479
1558694165706 -339617
1558694166682 -340593
1558694184113 -358022
1558694186069 -359978
1558694193887 -367794
1558694193889 -367796
1558694197729 -371636
1558694215399 -349554
1558694219520 -353675
1558694220493 -354648
1558694221224 -355378
1558694232671 -366823
1558694238583 -372733
1558694242550 -376699
1558694247386 -352584
1558694248373 -353571
1558694254017 -359214
1558694257916 -363112
1558694265752 -370947
1558694267737 -372932
1558694268539 -373734
1558694270542 -375736
1558694272499 -377693
1558694276315 -381509
1558694282173 -387366
1558694287063 -392255
1558694305539 -352210
1558694311443 -358113
1558694316235 -362905
1558694334868 -357338
1558694344541 -367009
1558694346513 -368981
1558694349465 -371933
1558694352409 -374877
1558694383726 -354777
1558694386691 -357742
1558694396367 -367416
1558694397325 -368374
1558694404214 -375263
1558694411909 -382956
1558694415015 -386062
1558694416043 -387090
1558694429601 -351095
1558694430587 -352081
1558694433534 -355027
1558694433534 -355027
1558694435535 -357028
1558694438335 -359828
1558694450096 -371587
1558694451082 -372573
1558694453050 -374540
1558694461750 -383239
1558694463722 -337907
1558694467676 -341861
1558694472564 -346748
1558694477479 -351662
1558694478466 -352649
1558694495028 -369209
1558694499949 -374129
1558694505833 -380012
1558694506818 -352531
1558694522394 -368105
1558694525347 -371058
1558694539928 -385636
1558694549768 -353787
1558694550743 -354761
1558694554702 -358720
1558694570266 -374282
1558694570274 -374290
1558694572215 -376230
1558694577138 -381153
1558694591721 -395733
1558694593700 -346323
1558694599621 -352243
1558694600590 -353212
1558694607303 -359924
1558694610247 -362867
1558694616153 -368773
1558694619103 -371722
1558694634672 -387289
1558694640568 -342662
1558694649420 -351513
1558694657134 -359226
1558694667963 -370053
1558694669920 -372010
1558694678649 -380737
1558694688448 -346805
1558694695408 -353764
1558694698297 -356653
1558694701072 -359428
1558694704027 -362382
1558694705991 -364346
1558694707955 -366310
1558694714850 -373204
1558694722941 -381292
1558694723721 -348789
1558694736327 -361393
1558694740256 -365322
