1558304394647 -6570521
1558304394647 -6570521
1558304394648 -6570521
1558304394648 -6570521
1558304394658 -6570530
1558304394668 -6570540
1558304394671 -6570510
1558304394677 -6570516
1558304394684 -6570522
1558304396776 -1757
1558304397717 -2894
1558304399279 -4260
1558304400643 -5820
1558304400643 -5820
1558304401577 -6754
1558304402554 -7731
1558304404512 -9689
1558304410962 -13171
1558304412960 -17828
1558304416314 -21490
1558304416847 -21715
1558304417221 -22397
1558304417729 -22597
1558304418031 -23207
1558304419011 -24187
1558304419011 -24187
1558304419988 -25163
1558304421462 -26293
1558304422526 -24734
1558304429429 -31636
1558304429481 -31688
1558304433366 -34678
1558304434128 -38959
1558304435731 -40905
1558304440516 -45690
1558304444626 -49456
1558304444890 -46202
1558304444890 -46200
1558304446938 -48248
1558304449484 -54314
1558304450716 -52026
1558304451848 -53158
1558304452416 -57246
1558304452664 -53974
1558304454349 -59179
1558304455585 -56895
1558304457966 -61142
1558304458185 -63015
1558304458487 -59795
1558304460466 -61774
1558304460466 -61774
1558304474591 -77025
1558304474592 -77026
1558304479484 -81912
1558304480283 -83459
1558304481628 -84056
1558304482781 -81710
1558304484374 -86802
1558304488101 -91271
1558304490129 -93299
1558304492833 -96003
1558304493370 -92299
1558304495298 -94226
1558304497424 -96352
1558304499248 -98176
1558304500832 -103053
1558304504129 -103057
1558304504556 -106777
1558304506512 -108733
1558304515150 -117371
1558304516102 -122200
1558304516114 -122212
1558304516615 -117688
1558304520727 -118837
1558304521073 -123294
1558304524233 -126454
1558304527470 -125579
1558304528710 -126819
1558304530387 -128495
1558304535847 -138066
1558304535847 -138066
1558304536342 -134450
1558304539694 -140762
1558304546844 -144951
1558304549386 -148953
1558304553288 -152393
1558304557037 -156604
1558304558330 -157435
1558304561762 -161329
1558304562897 -162000
1558304565840 -164943
1558304566811 -165914
1558304566811 -165914
1558304567787 -166890
1558304568608 -168175
1558304572523 -172090
1558304572675 -171778
1558304574888 -174455
1558304582301 -181868
1558304582301 -181868
1558304582449 -181552
1558304584631 -183734
1558304585328 -184431
1558304585370 -184473
1558304587179 -186282
1558304592895 -192461
1558304594715 -200734
1558304599102 -197974
1558304603744 -208670
1558304610782 -209653
1558304612822 -208336
1558304612831 -208345
1558304613406 -211380
1558304614242 -213113
1558304614795 -210309
1558304620248 -218222
1558304621899 -217413
1558304625534 -221048
1558304625973 -224844
1558304628625 -223377
1558304633173 -231146
1558304634752 -232725
1558304635135 -229887
1558304635727 -233700
1558304642432 -239650
1558304643202 -248128
1558304643547 -241520
1558304645339 -240090
1558304645771 -242989
1558304645980 -242471
1558304646194 -240945
1558304646575 -243066
1558304647324 -244542
1558304650147 -255073
1558304650391 -246881
1558304651767 -248257
1558304651767 -248985
1558304653216 -250434
1558304660696 -265622
1558304663549 -260039
1558304664850 -262068
1558304666849 -263339
1558304668796 -263402
1558304672127 -266733
1558304673943 -271160
1558304675644 -264672
1558304676624 -265652
1558304677328 -282254
1558304677329 -282255
1558304677469 -274686
1558304678934 -276151
1558304680469 -269494
1558304682334 -271358
1558304684708 -271830
1558304685130 -282347
1558304685259 -274281
1558304686839 -275860
1558304687207 -274329
1558304689170 -278189
1558304689636 -276756
1558304693323 -282341
1558304694909 -292126
1558304695034 -262856
1558304696011 -263833
1558304700435 -280794
1558304704878 -302070
1558304708434 -305626
1558304710051 -277871
1558304712879 -293236
1558304713323 -310515
1558304713867 -294224
1558304716676 -284495
1558304717466 -285285
1558304719191 -288404
1558304723916 -293310
1558304725605 -294999
1558304726036 -295247
1558304729921 -299132
1558304729987 -299198
1558304733957 -290243
1558304734826 -294359
1558304734935 -304145
1558304738183 -297715
1558304738584 -307793
1558304740045 -299577
1558304740045 -299577
1558304740045 -299577
1558304741292 -287879
1558304745431 -314639
1558304747921 -307452
1558304748898 -278869
1558304752021 -281992
1558304756976 -286946
1558304759066 -328270
1558304759128 -328332
1558304759562 -289531
1558304760454 -290423
1558304761772 -366694
1558304765592 -299628
1558304768730 -337930
1558304771599 -281453
1558304773000 -282854
1558304775522 -285375
1558304777365 -283556
1558304777479 -287332
1558304777872 -307838
1558304780628 -290481
1558304782769 -279643
1558304783233 -289423
1558304788619 -285492
1558304792176 -302027
1558304792631 -302482
1558304794278 -300466
1558304795021 -301209
1558304796058 -287368
1558304800788 -306975
1558304801628 -406550
1558304803124 -299994
1558304806350 -303220
1558304806438 -303308
1558304807626 -298934
1558304812876 -318878
1558304813014 -304321
1558304815840 -300839
1558304817293 -323294
1558304819248 -325249
1558304821594 -306593
1558304823031 -308030
1558304824954 -330954
1558304827416 -312414
1558304830202 -336201
1558304832890 -290355
1558304834704 -439625
1558304835818 -293283
1558304843530 -349527
1558304844505 -350502
1558304844628 -302092
1558304848613 -306076
1558304850316 -307779
1558304851007 -455928
1558304851723 -306806
1558304859564 -314646
1558304861493 -283555
1558304862463 -284525
1558304864460 -286522
1558304870584 -316063
1558304873238 -308054
1558304876546 -311361
1558304877432 -322910
1558304877964 -300023
1558304883075 -305134
1558304891223 -336699
1558304891276 -296097
1558304893985 -298806
1558304900538 -346010
1558304901698 -293628
1558304901698 -293628
1558304903704 -349175
1558304904743 -309562
1558304908738 -313557
1558304918821 -310748
1558304923059 -313698
1558304923155 -294081
1558304923577 -315503
1558304924035 -314674
1558304928769 -299695
1558304928886 -290830
1558304930045 -320683
1558304931395 -293339
1558304932921 -303846
1558304937822 -299765
1558304940745 -311669
1558304941467 -332104
1558304941552 -312476
1558304943426 -334062
1558304949402 -294079
1558304953065 -557072
1558304955318 -317259
1558304955793 -300468
1558304957271 -347904
1558304958247 -302921
1558304959225 -303899
1558304960205 -304879
1558304962643 -290528
1558304962983 -353614
1558304968896 -313567
1558304973609 -288357
1558304976774 -291521
1558304980708 -295455
1558304983191 -321338
1558304985327 -313209
1558304989858 -317739
1558304991450 -319331
1558304997729 -295452
1558304998715 -296438
1558305000592 -315336
1558305002729 -291135
1558305005744 -343887
1558305007717 -345860
1558305010998 -308719
1558305015785 -304186
1558305019207 -316927
1558305019282 -623286
1558305023900 -305642
1558305024401 -312799
1558305025122 -289837
1558305026851 -315248
1558305027538 -631542
1558305027585 -315982
1558305028569 -286839
1558305030923 -634927
1558305031213 -312953
1558305033703 -315443
1558305036493 -301206
1558305037129 -318868
1558305038876 -320615
1558305038878 -320617
1558305039221 -297489
1558305041190 -299457
1558305043637 -308349
1558305044793 -326530
1558305045123 -303390
1558305046985 -311696
1558305050386 -308651
1558305051232 -309496
1558305053490 -318200
1558305056441 -290907
1558305057567 -339300
1558305058901 -287863
1558305061490 -295956
1558305063299 -292260
1558305067248 -348977
1558305074217 -308680
1558305077207 -311670
1558305077687 -306645
1558305078458 -682460
1558305079390 -308348
1558305082976 -323909
1558305084883 -325816
1558305085748 -326681
1558305087462 -286596
1558305088851 -329783
1558305090055 -289188
1558305090688 -331620
1558305091720 -695722
1558305092502 -297029
1558305093633 -334564
1558305093637 -334568
1558305095455 -299979
1558305095459 -299983
1558305097682 -296814
1558305097913 -338844
1558305097913 -338844
1558305099453 -340383
1558305100686 -299818
1558305105450 -346379
1558305109363 -308494
1558305109632 -308763
1558305113599 -286582
1558305114037 -292107
1558305114963 -293033
1558305116167 -357093
1558305118780 -722782
1558305118900 -296969
1558305118902 -296971
1558305123364 -301432
1558305127047 -321872
1558305128290 -301271
1558305128290 -301271
1558305131070 -304051
1558305132019 -310085
1558305132019 -310085
1558305133979 -328803
1558305134798 -329622
1558305135453 -3135