1558304394064 -449
1558304395857 -2242
1558304396669 -710
1558304397660 -1701
1558304399833 -5336
1558304401165 -5775
1558304402589 -8092
1558304402991 -6713
1558304404114 -11238
1558304406069 -13193
1558304407037 -11647
1558304407854 -11575
1558304407990 -15114
1558304409352 -14853
1558304409352 -14853
1558304410332 -15833
1558304411870 -18994
1558304413171 -17209
1558304413223 -18724
1558304413743 -17463
1558304414829 -19438
1558304416717 -20437
1558304417121 -22622
1558304419010 -23508
1558304419975 -24473
1558304420449 -24167
1558304421746 -25782
1558304421747 -25783
1558304423367 -27085
1558304423707 -27743
1558304425277 -32295
1558304425634 -29670
1558304427230 -34248
1558304428583 -31742
1558304429322 -33040
1558304430366 -34973
1558304432252 -35969
1558304432300 -36907
1558304435468 -39185
1558304437911 -44929
1558304441029 -45635
1558304444809 -49415
1558304445038 -48195
1558304447053 -51550
1558304449642 -53357
1558304449912 -53069
1558304449922 -53079
1558304450908 -54062
1558304451533 -58551
1558304451986 -55140
1558304452859 -56013
1558304453640 -57998
1558304453701 -58197
1558304456179 -63197
1558304457513 -61228
1558304457558 -61273
1558304458315 -62811
1558304462352 -66066
1558304463280 -66994
1558304464759 -71389
1558304465396 -69754
1558304470002 -74360
1558304471909 -74472
1558304472951 -75683
1558304473275 -73712
1558304473628 -80258
1558304475439 -82069
1558304477765 -80328
1558304478789 -81352
1558304478861 -83218
1558304481604 -84334
1558304481929 -86286
1558304482718 -87075
1558304483642 -86204
1558304484663 -89020
1558304484663 -89020
1558304485715 -88445
1558304485852 -88414
1558304486342 -89068
1558304486671 -91028
1558304486904 -87339
1558304487255 -88056
1558304487612 -91969
1558304489198 -89999
1558304491163 -91964
1558304492353 -96710
1558304493738 -100367
1558304493740 -100369
1558304494238 -96799
1558304495501 -95935
1558304497148 -97949
1558304497381 -99242
1558304497435 -99996
1558304497604 -98038
1558304499885 -100685
1558304500795 -107424
1558304501340 -103900
1558304502479 -109108
1558304505565 -112194
1558304506014 -108574
1558304507996 -109856
1558304507996 -109856
1558304508011 -109871
1558304513918 -113655
1558304513922 -113659
1558304516560 -117358
1558304518830 -125455
1558304519490 -120088
1558304520766 -122625
1558304524217 -125015
1558304525501 -127359
1558304526347 -126945
1558304529650 -129387
1558304531503 -128881
1558304535561 -136159
1558304535740 -133118
1558304536381 -137870
1558304537133 -143758
1558304538884 -139482
1558304540375 -139740
1558304542806 -143404
1558304544894 -145491
1558304545159 -151784
1558304547001 -144378
1558304549861 -150458
1558304550952 -148329
1558304550952 -148329
1558304551893 -151251
1558304553711 -160289
1558304554889 -161467
1558304556520 -158009
1558304556726 -154379
1558304557455 -156881
1558304558804 -156457
1558304559526 -161015
1558304559695 -157072
1558304560434 -161923
1558304560611 -158264
1558304564163 -163589
1558304569524 -166497
1558304576220 -173193
1558304577053 -174704
1558304578137 -175110
1558304579393 -176366
1558304579917 -185542
1558304580713 -186338
1558304582495 -188120
1558304582731 -182156
1558304582731 -182156
1558304583053 -180024
1558304584073 -180720
1558304584252 -181223
1558304587650 -186320
1558304587799 -184446
1558304589399 -188824
1558304589709 -186679
1558304592569 -189214
1558304593533 -190178
1558304593614 -190584
1558304596293 -201918
1558304596293 -194963
1558304601117 -199090
1558304601129 -199798
1558304602101 -200074
1558304602101 -198746
1558304603062 -208687
1558304604099 -202768
1558304605044 -203713
1558304606933 -212558
1558304607734 -213359
1558304607735 -213360
1558304608713 -214338
1558304609027 -204161
1558304610008 -205142
1558304611175 -209148
1558304612934 -208068
1558304617772 -213047
1558304618021 -213155
1558304618580 -217249
1558304619563 -218232
1558304619784 -214918
1558304621934 -217209
1558304622644 -228192
1558304622721 -220694
1558304622797 -221466
1558304624433 -222406
1558304624705 -219839
1558304625648 -220782
1558304627989 -223123
1558304628082 -223216
1558304628773 -223907
1558304632848 -238394
1558304633383 -238929
1558304634271 -232243
1558304634271 -232243
1558304634271 -232243
1558304634403 -229536
1558304634956 -230230
1558304635982 -233954
1558304637206 -232339
1558304637927 -235899
1558304637949 -236431
1558304637955 -236437
1558304640916 -236190
1558304641018 -239500
1558304641322 -236455
1558304645375 -243347
1558304645625 -240674
1558304647946 -242995
1558304650584 -256128
1558304651808 -257352
1558304653360 -258904
1558304654336 -259880
1558304655530 -254012
1558304657713 -256195
1558304659071 -253936
1558304659289 -257771
1558304660058 -254923
1558304661457 -256505
1558304661988 -256853
1558304666839 -261704
1558304668296 -263161
1558304668296 -263161
1558304669386 -267867
1558304675914 -270739
1558304675914 -263036
1558304677613 -280880
1558304680005 -266107
1558304681256 -276120
1558304681829 -276876
1558304683777 -270895
1558304684547 -270648
1558304688667 -274768
1558304689023 -273848
1558304689673 -276790
1558304691323 -294590
1558304691323 -294590
1558304691418 -278538
1558304692686 -295953
1558304697600 -282420
1558304699798 -284617
1558304703310 -280159
1558304706003 -274689
1558304706101 -274787
1558304706192 -283040
1558304706223 -283071
1558304707848 -276534
1558304708287 -271981
1558304710545 -287393
1558304712737 -281414
1558304712917 -281223
1558304714893 -283198
1558304716066 -284743
1558304716067 -284744
1558304716341 -285025
1558304719033 -323416
1558304720762 -289066
1558304722417 -291093
1558304728113 -284061
1558304728254 -291945
1558304729561 -301281
1558304730246 -286194
1558304734564 -294456
1558304737022 -296914
1558304741482 -313198
1558304743117 -299063
1558304744057 -287272
1558304745112 -284470
1558304751892 -323606
1558304752588 -282610
1558304752792 -275951
1558304753439 -283461
1558304753659 -296869
1558304754315 -326029
1558304754420 -277579
1558304754428 -277587
1558304754635 -293991
1558304755292 -327006
1558304757211 -328925
1558304757547 -287569
1558304759278 -330991
1558304760282 -290303
1558304761155 -332868
1558304761286 -284444
1558304767312 -297332
1558304769110 -292267
1558304770779 -301715
1558304771664 -302598
1558304772331 -295488
1558304772548 -303099
1558304772971 -344681
1558304773955 -304885
1558304774011 -297167
1558304774200 -304751
1558304775150 -379533
1558304777604 -312682
1558304780897 -304052
1558304780967 -293405
1558304782491 -317568
1558304783470 -318547
1558304783638 -294229
1558304786286 -286875
1558304786661 -299098
1558304788307 -298897
1558304788359 -323435
1558304789274 -299864
1558304789336 -324412
1558304789638 -290227
1558304790242 -300832
1558304790244 -300834
1558304790419 -302856
1558304794327 -329403
1558304794688 -295276
1558304799196 -299783
1558304802007 -302799
1558304803938 -291154
1558304805145 -305937
1558304808724 -343797
1558304808843 -296059
1558304815561 -350633
1558304817513 -352585
1558304817514 -352586
1558304818616 -283350
1558304822299 -309513
1558304822999 -310213
1558304825169 -290792
1558304831494 -297053
1558304833300 -298858
1558304833810 -302989
1558304834613 -303792
1558304837965 -303587
1558304838195 -303817
1558304838613 -304235
1558304838613 -303344
1558304838979 -304537
1558304839282 -304013
1558304840058 -309236
1558304840058 -305615
1558304841221 -306778
1558304842880 -307610
1558304844327 -289863
1558304848606 -314226
1558304852726 -308628
1558304857837 -322714
1558304858996 -304529
1558304861330 -304782
1558304862271 -305723
1558304862472 -297510
1558304865050 -300088
1558304866608 -290752
1558304867228 -310680
1558304869312 -304349
1558304870073 -294216
1558304871914 -296057
1558304871914 -306951
1558304872585 -337460
1558304875791 -289322
1558304877063 -481446
1558304881458 -294989
1558304881923 -295454
1558304883670 -307811
1558304884424 -349297
1558304884824 -312522
1558304888509 -312649
1558304891813 -285783
1558304892688 -298138
1558304893385 -306914
1558304893406 -295162
1558304894598 -288568
1558304895208 -308737
1558304895602 -289572
1558304897118 -310647
1558304897124 -310653
1558304901888 -307336
1558304902427 -307875
1558304903037 -323213
1558304904950 -306704
1558304905079 -299048
1558304908021 -292363
1558304908021 -313469
1558304909370 -293712
1558304909536 -311289
1558304910257 -294599
1558304910257 -304225
1558304910873 -312626
1558304912766 -297107
1558304913739 -298080
1558304915564 -317316
1558304916368 -310335
1558304917090 -301431
1558304921388 -305728
1558304925482 -293026
1558304927345 -307521
1558304928122 -295666
1558304929426 -304986
1558304929519 -349692
1558304930326 -305886
1558304931365 -311540
1558304932096 -299640
1558304932129 -297833
1558304932977 -353149
1558304933130 -308690
1558304933130 -308690
1558304934041 -301585
1558304937959 -303662
1558304938139 -305683
1558304939684 -359854
1558304943686 -309389
1558304947281 -311282
1558304949555 -289261
1558304950396 -314397
1558304954680 -318681
1558304955340 -319340
1558304956114 -299671
1558304956671 -320671
1558304957356 -300913
1558304958345 -298050
1558304958603 -308690
1558304959365 -310647
1558304960188 -303745
1558304962244 -305800
1558304962257 -301962
1558304962535 -312621
1558304964919 -328918
1558304967986 -293787
1558304978711 -289286
1558304979724 -305522
1558304982940 -300673
1558304984185 -294759
1558304984906 -310703
1558304986215 -350209
1558304986570 -312367
1558304988170 -352163
1558304989753 -305976
1558304991814 -302387
1558304993068 -285252
1558304993634 -285818
1558304994427 -286611
1558304994518 -312249
1558304996187 -600257
1558304997608 -313829
1558304998131 -290314
1558304998156 -315887
1558304998924 -299332
1558305000321 -300729
1558305000848 -301255
1558305001091 -301498
1558305001554 -289346
1558305001948 -302355
1558305005576 -609646
1558305005909 -316479
1558305005949 -298131
1558305006806 -294597
1558305006806 -294597
1558305010713 -302888
1558305012485 -304660
1558305014587 -291980
1558305014635 -306810
1558305017567 -305357
1558305018457 -295849
1558305018493 -310668
1558305020050 -307129
1558305021391 -298783
1558305021432 -313607
1558305024102 -311891
1558305026264 -313342
1558305026483 -303874
1558305026580 -284623
1558305027131 -327516
1558305030888 -317965
1558305031089 -286155
1558305031863 -293292
1558305035535 -290601
1558305035535 -290601
1558305035535 -293577
1558305036376 -297805
1558305039854 -297896
1558305039925 -294990
1558305043501 -304929
1558305043538 -343915
1558305044775 -302816
1558305047244 -305285
1558305051850 -302123
1558305053600 -303872
1558305055597 -313637
1558305056290 -291760
1558305057291 -292761
1558305061028 -311300
1558305061804 -297273
1558305061804 -289701
1558305062021 -289918
1558305065243 -302134
1558305065304 -302195
1558305065304 -286359
1558305066295 -294192
1558305067919 -303388
1558305068138 -291414
1558305068138 -291414
1558305068138 -291414
1558305069124 -292400
1558305070900 -307791
1558305071283 -675352
1558305071367 -675436
1558305074586 -295640
1558305074819 -311709
1558305075263 -310731
1558305075479 -296533
1558305075695 -296749
1558305076507 -313397
1558305076507 -304402
1558305077299 -305194
1558305077910 -313377
1558305077910 -314799
1558305079726 -315193
1558305080228 -684297
1558305080734 -317525
1558305081627 -302680
1558305081629 -302682
1558305081905 -305176
1558305082679 -288096
1558305082679 -288096
1558305082683 -288100
1558305082955 -310849
1558305085193 -308463
1558305086102 -291519
1558305092348 -297764
1558305093370 -330160
1558305093370 -330160
1558305095518 -289511
1558305098665 -289963
1558305099512 -298486
1558305099512 -293504
1558305103447 -302420
1558305104149 -309563
1558305106874 -298170
1558305106947 -343735
1558305109630 -303621
1558305110744 -304735
1558305112061 -287513
1558305113922 -350709
1558305116790 -353576
1558305116793 -353579
1558305118727 -294173
1558305118746 -355532
1558305120748 -296193
1558305121229 -312523
1558305122337 -297781
1558305122337 -297781
1558305122562 -316551
1558305122705 -295435
1558305122970 -314264
1558305123703 -314996
1558305124909 -288867
1558305124921 -288879
1558305125342 -316635
1558305125366 -286680
1558305128570 -304010
1558305131087 -306527
1558305132066 -312559
1558305132836 -308274
1558305134308 -295621
1558305134498 -314991
1558305135361 -310798
1558305138041 -299353
1558305138243 -318735
1558305138310 -313726
1558305139301 -314717
1558305140415 -304371
1558305140945 -302257
1558305141594 -314321
1558305142178 -322670
1558305146062 -318789
1558305146562 -307874
1558305147425 -311380
1558305148699 -294056
1558305150634 -297161
1558305151149 -331640
1558305152130 -297486
1558305154418 -758485
1558305154422 -758489
1558305154586 -315896
1558305155035 -300390
1558305159187 -304541
1558305160713 -306067
1558305160713 -294478
1558305161068 -307592
1558305162347 -308871
1558305163285 -309809
1558305163488 -299717
1558305164024 -297788
1558305166760 -347248
1558305168204 -314726
1558305169836 -315187
1558305171064 -307292
1558305171747 -295505
1558305174320 -354806
1558305177853 -301610
1558305178105 -314332
1558305178793 -312555
1558305179099 -296404
1558305179114 -296419
1558305180401 -360884
1558305180541 -304298
1558305180573 -304330
1558305181015 -317242
1558305181491 -361974
1558305185720 -309476
1558305186364 -310614
1558305187714 -305018
1558305189195 -306499
1558305191798 -309101
1558305192548 -298971
1558305193524 -299947
1558305197317 -308066
1558305198291 -309040
1558305199245 -293129
1558305199335 -310084
1558305199390 -305812
1558305203370 -290586
1558305204588 -298471
1558305208147 -812213
1558305208148 -812214
1558305208382 -295597
1558305214138 -287363
1558305215074 -308955
1558305216274 -340520
1558305218921 -292145
1558305219878 -293102
1558305220852 -294076
1558305221831 -295055
1558305222165 -309378
1558305222569 -346814
1558305224114 -311327
1558305224560 -292170
1558305224785 -298008
1558305229859 -303082
1558305230645 -303867
1558305233213 -357454
1558305233458 -314975
1558305236278 -303886
1558305239375 -292553
1558305242242 -295432
1558305242560 -310168
1558305244214 -297391
1558305246241 -313848
1558305247233 -297557
1558305247612 -300801
1558305248062 -315668
1558305248599 -301788
1558305253065 -306241
1558305253643 -317972
1558305253643 -306819
1558305254229 -318558
1558305256342 -309530
1558305257396 -310584
1558305257923 -311098
1558305258873 -323201
1558305260902 -314077
1558305260902 -311214
1558305264593 -295634
1558305266019 -330346
1558305266019 -316329
1558305266840 -331167
1558305266840 -297880
1558305267852 -298892
1558305268647 -306107
1558305268784 -319092
1558305270733 -335060
1558305271328 -300364
1558305271610 -335936
1558305274151 -338477
1558305275394 -312853
1558305276802 -341128
1558305278178 -307209
1558305278682 -309721
1558305278683 -343008
1558305281442 -303871
1558305282081 -311108
1558305283646 -347966
1558305285804 -308233
1558305287724 -352043
1558305290493 -315531
1558305296357 -292728
1558305297000 -293071
1558305300959 -297029
1558305301005 -297075
1558305303284 -307258
1558305304090 -300460
1558305307333 -303403
1558305308783 -305152
1558305308965 -305334
1558305309794 -313767
1558305310848 -306916
1558305313513 -318276
1558305314594 -310662
1558305314989 -311357
1558305315573 -311641
1558305316566 -920630
1558305317524 -313591
1558305317949 -314317
1558305318504 -314571
1558305321174 -317542
1558305322043 -304561
1558305323201 -327172
1558305325079 -291029
1558305326901 -309418
1558305327176 -308665
1558305327801 -293750
1558305328899 -311416
1558305328899 -294848
1558305329838 -295787
1558305330279 -934343
1558305333666 -299614
1558305337475 -318963
1558305338885 -304603
1558305339059 -343028
1558305339886 -343855
1558305340303 -344272
1558305340664 -306381
1558305341188 -307135
1558305343299 -305429
1558305345508 -300721
1558305349069 -304281
1558305350039 -354004
1558305350039 -354004
1558305352514 -307726
1558305355265 -359228
1558305355265 -310476
1558305355488 -287383
1558305356311 -311522
1558305356442 -288337
1558305356608 -957843
1558305358400 -313611
1558305361369 -293263
1558305363232 -318442
1558305366609 -298473
1558305366609 -298503
1558305368048 -299942
1558305370865 -312740
1558305371777 -303640
1558305373470 -298166
1558305373913 -305775
1558305374839 -310687
1558305376278 -318153
1558305376465 -318340
1558305376859 -312706
1558305378865 -314712
1558305381968 -313829
1558305384176 -325899
15583053