1558304404778 -9616
1558304404782 -9620
1558304408088 -12773
1558304412954 -17639
1558304421236 -26074
1558304421596 -24119
1558304424204 -29042
1558304425504 -28027
1558304430033 -34871
1558304434932 -39769
1558304445532 -49160
1558304451442 -55070
1558304456277 -59901
1558304456566 -59083
1558304458482 -60999
1558304462416 -63437
1558304466186 -67207
1558304469064 -70085
1558304469762 -73384
1558304470044 -71065
1558304471720 -75342
1558304475123 -76143
1558304475923 -76943
1558304482012 -83032
1558304491089 -92792
1558304491420 -90612
1558304493396 -92588
1558304494359 -93551
1558304495319 -94511
1558304503196 -102387
1558304503790 -105492
1558304505114 -104304
1558304506721 -108423
1558304517736 -116871
1558304517736 -115592
1558304518643 -116499
1558304518643 -116499
1558304519646 -117502
1558304522571 -120427
1558304522702 -127224
1558304530976 -132678
1558304536455 -134309
1558304539312 -137166
1558304541561 -141823
1558304543950 -141802
1558304543966 -141818
1558304557187 -157448
1558304562891 -163132
1558304572335 -176857
1558304573632 -173872
1558304579198 -179438
1558304579348 -175890
1558304584980 -181520
1558304585847 -182387
1558304589647 -186187
1558304590082 -190322
1558304591226 -191466
1558304591799 -188339
1558304598384 -193726
1558304601302 -196644
1558304602308 -197650
1558304605210 -200552
1558304606455 -201796
1558304607396 -202737
1558304609926 -205267
1558304610938 -211177
1558304611048 -211287
1558304611392 -206733
1558304622178 -217518
1558304629538 -224878
1558304629963 -228282
1558304633053 -231372
1558304638594 -236913
1558304639718 -234537
1558304639718 -234537
1558304646301 -241119
1558304650325 -248643
1558304650325 -248643
1558304658128 -256446
1558304661424 -256241
1558304663264 -261582
1558304663707 -262025
1558304672628 -270946
1558304679001 -277319
1558304679710 -278028
1558304681823 -276415
1558304684188 -275433
1558304689068 -280313
1558304691589 -270075
1558304692886 -284130
1558304693017 -284261
1558304696889 -288132
1558304696915 -301436
1558304698747 -277232
1558304701773 -293016
1558304704712 -283195
1558304704877 -282567
1558304706235 -284718
1558304706496 -284186
1558304709059 -287542
1558304717173 -284534
1558304718813 -286174
1558304725051 -291100
1558304726780 -331301
1558304728239 -294288
1558304736695 -341216
1558304736964 -341485
1558304737593 -278402
1558304740381 -298826
1558304740545 -281353
1558304740984 -281792
1558304741423 -286805
1558304744237 -289619
1558304745406 -286214
1558304747522 -352043
1558304749313 -290120
1558304760875 -301680
1558304760876 -301681
1558304765307 -297984
1558304766062 -298739
1558304771537 -298597
1558304773468 -306144
1558304773468 -306144
1558304775600 -380121
1558304776029 -308704
1558304779682 -306740
1558304780437 -307495
1558304782208 -309266
1558304784158 -311215
1558304787259 -289289
1558304788113 -290142
1558304789717 -302532
1558304792067 -304881
1558304795874 -297902
1558304799238 -312051
1558304805693 -287719
1558304806636 -308663
1558304807465 -309491
1558304807541 -412062
1558304818883 -423404
1558304819885 -301897
1558304822625 -283992
1558304824003 -285370
1558304824674 -306682
1558304831569 -313572
1558304833611 -438132
1558304834392 -296355
1558304835370 -297333
1558304836349 -298312
1558304836576 -297941
1558304839917 -301282
1558304843410 -304774
1558304844170 -306132
1558304844170 -306132
1558304846462 -307826
1558304849992 -454513
1558304852041 -288131
1558304853019 -289109
1558304853895 -458416
1558304861868 -466389
1558304866761 -299494
1558304873595 -306327
1558304875268 -307999
1558304880502 -294980
1558304883267 -297744
1558304889985 -296488
1558304891050 -297552
1558304892911 -307386
1558304895703 -310178
1558304898461 -304962
1558304904323 -310824
1558304905455 -297540
1558304905546 -510037
1558304909763 -301848
1558304910383 -290681
1558304912563 -517054
1558304915725 -307809
1558304915933 -296230
1558304917501 -297798
1558304917663 -309747
1558304918248 -310331
1558304918936 -299233
1558304918978 -299275
1558304924874 -529365
1558304924903 -529394
1558304925682 -305978
1558304927423 -292697
1558304927987 -308282
1558304931674 -296947
1558304933506 -313800
1558304934611 -299883
1558304940353 -290500
1558304946237 -296384
1558304950010 -300156
1558304952153 -556643
1558304954626 -290714
1558304955673 -305818
1558304955835 -305980
1558304964867 -315011
1558304965303 -301389
1558304968265 -572755
1558304972872 -293682
1558304974682 -310766
1558304979366 -300175
1558304979366 -300175
1558304984516 -295406
1558304994789 -305677
1558304996636 -601126
1558304998634 -309521
1558305003224 -294186
1558305004825 -295787
1558305007744 -298705
1558305008725 -299686
1558305020377 -311336
1558305021753 -626243
1558305027259 -287509
1558305027962 -300196
1558305031898 -304131
1558305033842 -306075
1558305033842 -306075
1558305038026 -298275
1558305038921 -299170
1558305039308 -643798
1558305042298 -646788
1558305048377 -308626
1558305049939 -292809
1558305050116 -310365
1558305053105 -657595
1558305057619 -288272
1558305058142 -662632
1558305059575 -290228
1558305062749 -305617
1558305065168 -308036
1558305067280 -297932
1558305068561 -673051
1558305070233 -300884
1558305074097 -316963
1558305077325 -307975
1558305084530 -293535
1558305084762 -315410
1558305087094 -283842
1558305091391 -300395
1558305094330 -303334
1558305098564 -295310
1558305100143 -309146
1558305117758 -296490
1558305118740 -297472
1558305120624 -299355
1558305120846 -291128
1558305121781 -300512
1558305123331 -293613
1558305125637 -304367
1558305126614 -305344
1558305131668 -310397
1558305131668 -310397
1558305135584 -737252
1558305137758 -308038
1558305138760 -309039
1558305141519 -743187
1558305141537 -743205
1558305147504 -290598
1558305149560 -305981
1558305150005 -293099
1558305151184 -307605
1558305153544 -296637
1558305158520 -301613
1558305158520 -314940
1558305161359 -317778
1558305164306 -307397
1558305167261 -310352
1558305167897 -295299
1558305176593 -291659
1558305177423 -292488
1558305181540 -308940
1558305183601 -785269
1558305191004 -306067
1558305191388 -318787
1558305196247 -290790
1558305198767 -313829
1558305199249 -293791
1558305201982 -317044
1558305205973 -291866
1558305208052 -302593
1558305208251 -809919
1558305209966 -304507
1558305210583 -296475
1558305211970 -306511
1558305211970 -306511
1558305217573 -303464
1558305223862 -825530
1558305226546 -312436
1558305228708 -314598
1558305232762 -834430
1558305239234 -295088
1558305240173 -296026
1558305241611 -302090
1558305242460 -298313
1558305247109 -307587
1558305252528 -308380
1558305254550 -315027
1558305255182 -311033
1558305260929 -862597
1558305263558 -294100
1558305264725 -290167
1558305269105 -870773
1558305270791 -301332
1558305275704 -301144
1558305281272 -306711
1558305282269 -307708
1558305286897 -312336
1558305286897 -317436
1558305292172 -287377
1558305299412 -299364
1558305300181 -295385
1558305301975 -301926
1558305312223 -312173
1558305313592 -915259
1558305313599 -915266
1558305314995 -310197
1558305315881 -311083
1558305316087 -316036
1558305316614 -918281
1558305320989 -320938
1558305322440 -317641
1558305324611 -298465
1558305337233 -311085
1558305337594 -311446
1558305337829 -311681
1558305344739 -946406
1558305349221 -323071
1558305349588 -314169
1558305349589 -314170
1558305352503 -317082
1558305354064 -292270
1558305354638 -956305
1558305354853 -298540
1558305356646 -958313
1558305356648 -958315
1558305357916 -301602
1558305366734 -310419
1558305368391 -306595
1558305368900 -307104
1558305369121 -307325
1558305372253 -315937
1558305373596 -975263
1558305377050 -315253
1558305377724 -288313
1558305382681 -292928
1558305385342 -295930
1558305387591 -989258
1558305388835 -299422
1558305388835 -299422
1558305390786 -301373
1558305399612 -310198
1558305402228 -312471
1558305406846 -317431
1558305411813 -305141
1558305412336 -305664
1558305413902 -307230
1558305414110 -324694
1558305415459 -295230
1558305418209 -297980
1558305427430 -307200
1558305430345 -310114
1558305430433 -310202
1558305434795 -307413
1558305435858 -308476
1558305441117 -320885
1558305441117 -320885
1558305442541 -322309
1558305447436 -299090
1558305454718 -306371
1558305457381 -299746
1558305459337 -10