1558304398584 -2592
1558304398584 -2592
1558304409427 -18419
1558304412193 -21105
1558304412193 -21105
1558304414278 -18284
1558304416049 -25041
1558304416126 -20132
1558304418955 -27947
1558304419846 -28758
1558304420872 -29864
1558304422758 -26763
1558304424692 -33604
1558304424730 -28734
1558304424753 -33744
1558304432605 -35805
1558304434476 -43387
1558304436243 -45154
1558304439316 -42515
1558304443095 -46294
1558304444909 -53682
1558304447134 -50330
1558304453821 -57016
1558304453828 -57023
1558304455771 -58965
1558304460349 -69247
1558304462116 -70888
1558304464208 -73034
1558304464544 -67737
1558304465982 -74752
1558304467903 -76673
1558304469057 -77743
1558304470243 -70652
1558304476103 -76512
1558304476104 -76513
1558304476563 -85327
1558304477526 -86290
1558304479040 -79447
1558304480016 -80423
1558304482238 -82645
1558304487830 -88237
1558304488002 -96671
1558304497724 -106392
1558304498065 -106750
1558304499584 -108252
1558304501539 -110207
1558304503286 -103119
1558304509688 -118330
1558304513449 -122090
1558304514426 -123067
1558304525163 -133804
1558304525647 -125478
1558304528685 -137350
1558304534081 -142746
1558304534669 -143288
1558304537588 -146207
1558304543047 -140418
1558304543421 -152040
1558304544997 -153661
1558304545813 -154427
1558304546975 -144346
1558304547073 -150937
1558304550055 -147426
1558304558213 -166831
1558304558265 -166879
1558304558828 -156198
1558304561732 -170350
1558304562405 -159775
1558304563674 -172292
1558304565040 -173654
1558304566594 -175212
1558304567303 -164673
1558304567679 -176293
1558304567800 -171664
1558304568256 -165626
1558304581330 -189943
1558304584242 -181230
1558304584243 -192856
1558304586012 -194628
1558304586250 -190114
1558304586887 -195500
1558304590614 -187602
1558304590614 -187602
1558304591873 -200480
1558304597408 -194396
1558304598382 -195370
1558304598508 -206528
1558304599730 -207749
1558304600493 -208512
1558304600504 -208523
1558304602306 -199293
1558304602349 -210879
1558304605218 -202205
1558304608944 -205931
1558304612931 -220939
1558304615255 -219119
1558304619707 -214827
1558304622706 -231232
1558304627710 -236234
1558304628649 -236651
1558304630087 -238610
1558304633486 -228605
1558304634284 -242284
1558304634368 -229487
1558304635150 -230269
1558304640260 -248774
1558304646968 -254633
1558304648555 -256217
1558304650614 -258262
1558304651586 -259243
1558304652772 -260404
1558304658626 -253682
1558304661999 -269615
1558304662349 -257405
1558304664490 -272070
1558304665347 -272917
1558304666859 -274457
1558304670245 -257624
1558304671167 -258546
1558304671175 -258553
1558304672134 -279704
1558304672689 -280286
1558304675129 -262506
1558304677982 -265358
1558304680021 -287591
1558304681732 -269106
1558304682750 -290320
1558304685167 -292734
1558304685317 -289181
1558304689580 -267764
1558304690025 -297411
1558304693304 -300690
1558304693721 -301291
1558304695458 -273641
1558304699650 -268791
1558304701528 -282547
1558304701686 -305550
1558304701687 -305551
1558304717140 -294257
1558304717265 -298282
1558304718780 -295897
1558304721828 -298944
1558304722574 -303590
1558304725491 -302606
1558304729941 -310956
1558304731632 -335496
1558304734609 -287480
1558304737337 -318350
1558304738126 -290997
1558304740074 -317187
1558304740524 -317637
1558304751340 -286787
1558304752077 -329188
1558304752852 -305863
1558304754668 -307679
1558304757817 -310828
1558304758002 -311012
1558304760387 -295832
1558304764757 -317767
1558304765871 -301316
1558304768177 -317174
1558304768177 -317174
1558304769693 -373557
1558304771902 -307346
1558304775915 -328923
1558304776807 -298415
1558304779283 -328279
1558304780172 -329168
1558304785685 -334680
1558304786931 -308538
1558304796139 -349141
1558304796340 -293027
1558304796341 -293028
1558304801338 -350330
1558304801995 -287115
1558304803202 -352194
1558304803203 -352194
1558304803932 -289051
1558304805933 -354924
1558304811458 -308143
1558304817045 -420908
1558304818668 -294933
1558304819305 -304422
1558304824288 -309219
1558304826514 -300429
1558304827491 -301406
1558304828921 -305185
1558304829440 -303355
1558304829440 -314370
1558304830317 -315247
1558304833361 -307275
1558304833361 -307275
1558304835486 -439349
1558304838302 -314565
1558304843445 -328373
1558304844971 -318883
1558304848086 -294319
1558304850804 -324715
1558304851224 -336148
1558304856971 -330880
1558304858222 -343144
1558304859448 -305679
1558304859473 -305704
1558304860626 -334534
1558304864603 -338509
1558304865736 -339641
1558304868258 -342162
1558304870490 -317029
1558304871962 -345865
1558304872204 -318743
1558304873810 -347712
1558304880621 -354521
1558304883162 -357061
1558304885559 -297907
1558304885567 -297915
1558304886851 -333388
1558304888604 -300952
1558304890298 -336834
1558304890736 -303083
1558304895195 -307542
1558304900535 -347070
1558304900535 -312881
1558304902002 -348537
1558304903948 -297436
1558304903956 -297444
1558304905314 -351848
1558304908107 -315428
1558304909299 -302786
1558304911501 -513885
1558304913936 -321053
1558304913936 -306777
1558304917347 -310187
1558304920414 -313899
1558304922354 -315839
1558304923001 -525385
1558304924659 -331775
1558304927454 -320293
1558304928230 -335345
1558304928230 -321068
1558304929577 -293454
1558304932490 -339604
1558304933462 -340576
1558304936510 -329347
1558304937878 -330715
1558304939189 -332026
1558304940904 -304779
1558304941718 -305593
1558304942100 -349211
1558304942900 -335736
1558304944643 -308518
1558304946219 -353329
1558304947515 -354624
1558304948110 -340945
1558304949928 -357036
1558304951475 -315348
1558304955478 -298843
1558304960539 -303904
1558304961208 -354040
1558304962172 -355003
1558304966777 -310141
1558304973385 -316743
1558304973750 -304494
1558304979708 -310451
1558304981068 -324425
1558304985053 -328409
1558304987282 -329011
1558304989224 -330953
1558304992409 -335764
1558304992593 -334321
1558304992755 -296341
1558304993586 -297171
1558304996035 -337763
1558304998950 -340677
1558305005082 -308665
1558305011551 -315133
1558305013970 -317552
1558305014401 -356123
1558305016929 -303007
1558305018680 -289329
1558305020170 -302017
1558305025945 -296593
1558305027517 -298165
1558305029483 -300131
1558305030697 -312543
1558305033511 -319587
1558305034559 -316405
1558305036189 -318035
1558305041390 -323235
1558305044093 -646475
1558305047876 -329720
1558305052075 -288768
1558305052160 -288853
1558305054861 -340934
1558305056825 -342898
1558305061053 -347125
1558305061549 -343391
1558305062808 -299500
1558305063659 -345500
1558305064144 -350214
1558305066652 -348491
1558305067016 -669398
1558305067463 -304154
1558305074974 -316838
1558305075579 -317443
1558305076217 -318081
1558305078337 -320201
1558305082245 -324108
1558305082438 -683341
1558305082449 -683352
1558305085843 -292323
1558305086140 -292620
1558305086841 -328704
1558305089951 -323183
1558305092088 -333950
1558305095829 -329060
1558305104717 -346578
1558305105448 -338678
1558305106008 -706911
1558305110569 -352429
1558305113446 -289994
1558305116527 -358386
1558305117272 -350499
1558305121689 -354915
1558305123493 -300040
1558305125236 -301783
1558305125703 -726606
1558305125749 -726652
1558305127150 -303696
1558305131572 -314793
1558305132757 -315977
1558305133372 -309917
1558305135656 -323687
1558305136628 -324659
1558305136801 -313345
1558305143472 -331502
1558305148444 -295929
1558305159017 -342234
1558305159017 -306501
1558305161994 -345209
1558305165769 -348983
1558305166022 -354049
1558305166108 -767011
1558305170890 -314711
1558305176357 -320177
1558305178208 -361418
1558305179627 -323447
1558305181630 -325449
1558305181773 -782676
1558305187824 -331642
1558305190145 -320906
1558305191984 -310180
1558305192199 -322959
1558305192399 -336217
1558305192461 -793364
1558305195792 -313987
1558305195851 -314046
1558305196094 -326854
1558305198631 -329391
1558305204250 -288320
1558305204250 -288320
1558305205936 -336695
1558305206676 -290745
1558305206915 -337674
1558305208762 -352578
1558305209903 -353718
1558305210131 -811034
1558305211852 -355667
1558305214185 -303139
1558305216725 -300793
1558305219020 -819923
1558305220518 -309471
1558305220518 -309471
1558305222099 -352856
1558305223361 -312314
