1558304395562 -1332
1558304396351 -1647
1558304397017 -1589
1558304397411 -3181
1558304397436 -3206
1558304400375 -5671
1558304400433 -5729
1558304400891 -5463
1558304403230 -9000
1558304403230 -8526
1558304404272 -9055
1558304405197 -10493
1558304408128 -13423
1558304410061 -15829
1558304411963 -16746
1558304412528 -17098
1558304413914 -18697
1558304414474 -19044
1558304414935 -20455
1558304415918 -19284
1558304416421 -20991
1558304417750 -22533
1558304418797 -24092
1558304420721 -26016
1558304422039 -27092
1558304423694 -28989
1558304424003 -29056
1558304427489 -30854
1558304428313 -33095
1558304428486 -33781
1558304429475 -32840
1558304429891 -34944
1558304431422 -34787
1558304431610 -36905
1558304434402 -39697
1558304435529 -40824
1558304436700 -40039
1558304437018 -41800
1558304437278 -42573
1558304439632 -42971
1558304440195 -45489
1558304442117 -47411
1558304442520 -45185
1558304442992 -48286
1558304443336 -46001
1558304443696 -46106
1558304443924 -47289
1558304444313 -46978
1558304445938 -49517
1558304446318 -49656
1558304447349 -50687
1558304447363 -50701
1558304449815 -53394
1558304452493 -54903
1558304452749 -56328
1558304454087 -56750
1558304455065 -57728
1558304455612 -58976
1558304458576 -62155
1558304458576 -62155
1558304459949 -62612
1558304460554 -64133
1558304460985 -64322
1558304461267 -63676
1558304462261 -64670
1558304462883 -65544
1558304463471 -67050
1558304465523 -69102
1558304465557 -69136
1558304467611 -70272
1558304467923 -70332
1558304468587 -71248
1558304468897 -71306
1558304469875 -72284
1558304469879 -72288
1558304470149 -73728
1558304472493 -73365
1558304473605 -74477
1558304473648 -76984
1558304474133 -77712
1558304475136 -76216
1558304475136 -78312
1558304476736 -77816
1558304477006 -80585
1558304477373 -78245
1558304477977 -81556
1558304477977 -81556
1558304478490 -79362
1558304478725 -79805
1558304479398 -82734
1558304480911 -84490
1558304481559 -82431
1558304482865 -86443
1558304482865 -86443
1558304483243 -84115
1558304484536 -85616
1558304484825 -88403
1558304485268 -87354
1558304486530 -87608
1558304487667 -90841
1558304488445 -89523
1558304489439 -92613
1558304490325 -91403
1558304491427 -94601
1558304492420 -95594
1558304492917 -95003
1558304494438 -97250
1558304496104 -97182
1558304496400 -99212
1558304499034 -100109
1558304501410 -104222
1558304502624 -103495
1558304503256 -106068
1558304504219 -107031
1558304506216 -109028
1558304508132 -110944
1558304508483 -109354
1558304509116 -111928
1558304510521 -112588
1558304510974 -110944
1558304511071 -113883
1558304512477 -114544
1558304513537 -112633
1558304513537 -112633
1558304513773 -113743
1558304513791 -113761
1558304514188 -115059
1558304514272 -116339
1558304515793 -118605
1558304516143 -115449
1558304520392 -119698
1558304521395 -120491
1558304522002 -121308
1558304522660 -125472
1558304524168 -123474
1558304530484 -133296
1558304533404 -136200
1558304534116 -133212
1558304535613 -138409
1558304536497 -139293
1558304537025 -136994
1558304539658 -141724
1558304540170 -142966
1558304540998 -140967
1558304542042 -144838
1558304542045 -144841
1558304543080 -145876
1558304543724 -141692
1558304544047 -146843
1558304545938 -145907
1558304552072 -157399
1558304552235 -154300
1558304555035 -157830
1558304555129 -152837
1558304556046 -153754
1558304556716 -159511
1558304558825 -161620
1558304558980 -156688
1558304559677 -162472
1558304559677 -162472
1558304560059 -162124
1558304560938 -158646
1558304563080 -161047
1558304563704 -161412
1558304564947 -162655
1558304565785 -165700
1558304566637 -164345
1558304567000 -164966
1558304568301 -171095
1558304569134 -169049
1558304570213 -170086
1558304572227 -175021
1558304574223 -177017
1558304575436 -178230
1558304575849 -172349
1558304576789 -173289
1558304577318 -182644
1558304582663 -179163
1558304583999 -180499
1558304584147 -184018
1558304585935 -188729
1558304586054 -183757
1558304586054 -183757
1558304586150 -186064
1558304586385 -182884
1558304587813 -190607
1558304588356 -184855
1558304589066 -188979
1558304589933 -187636
1558304590046 -189959
1558304595768 -198562
1558304596418 -196289
1558304596457 -196328
1558304597315 -197186
1558304597733 -203059
1558304597756 -194387
1558304598109 -194606
1558304601393 -201737
1558304602643 -199274
1558304603011 -199508
1558304603733 -203644
1558304603735 -203646
1558304607450 -207794
1558304610009 -210353
1558304611266 -211610
1558304611841 -207283
1558304612026 -209962
1558304612210 -212554
1558304612341 -208971
1558304612391 -212302
1558304612593 -208035
1558304612941 -213285
1558304614559 -210001
1558304615529 -210971
1558304618814 -219158
1558304618817 -219161
1558304619215 -217895
1558304620191 -218871
1558304621761 -220441
1558304622904 -223248
1558304623130 -219760
1558304623762 -224106
1558304624352 -219794
1558304626056 -224736
1558304628331 -227010
1558304631802 -228431
1558304632980 -231659
1558304633230 -228671
1558304635270 -235613
1558304636067 -234002
1558304637048 -234983
1558304640168 -235609
1558304640474 -240817
1558304641186 -239121
1558304641785 -237226
1558304642519 -241198
1558304642739 -237536
1558304642932 -240867
1558304643102 -242748
1558304643368 -238654
1558304645189 -243123
1558304645746 -241032
1558304645747 -244426
1558304646199 -245845
1558304647798 -245732
1558304647988 -247634
1558304647988 -247634
1558304648378 -247057
1558304648967 -248613
1558304649754 -247688
1558304649957 -249603
1558304649964 -249610
1558304651967 -246763
1558304654832 -254478
1558304655096 -250382
1558304655811 -255457
1558304657517 -254858
1558304657625 -252421
1558304657763 -255654
1558304658013 -253299
1558304659371 -257262
1558304660559 -260205
1558304661518 -261164
1558304661840 -267165
1558304663271 -260612
1558304664545 -262435
1558304664920 -262261
1558304665314 -261697
1558304671302 -270947
1558304672087 -268469
1558304672280 -271925
1558304673612 -273257
1558304674166 -268961
1558304675140 -271521
1558304675459 -270493
1558304677414 -272342
1558304678874 -276215
1558304678874 -278519
1558304679146 -261395
1558304679437 -279082
1558304680246 -279891
1558304681013 -280658
1558304681898 -273663
1558304684834 -276598
1558304685812 -277576
1558304687319 -279083
1558304687416 -284757
1558304689809 -295134
1558304689951 -272551
1558304690700 -282464
1558304692857 -276724
1558304692857 -275457
1558304693187 -275786
1558304693917 -278866
1558304694981 -292299
1558304695961 -293279
1558304696567 -281515
1558304696787 -279386
1558304696937 -294255
1558304697544 -282492
1558304699013 -283961
1558304699967 -297285
1558304702490 -307815
1558304704795 -289742
1558304704795 -287393
1558304706172 -274813
1558304707162 -281521
1558304707372 -289969
1558304708139 -282498
1558304708358 -313683
1558304708406 -313731
1558304711487 -278689
1558304711813 -275746
1558304713237 -280439
1558304714378 -311696
1558304714796 -283435
1558304717021 -285660
1558304718127 -285328
1558304718128 -285329
1558304720251 -284454
1558304722137 -286069
1558304722368 -287516
1558304722729 -286932
1558304723070 -288218
1558304723406 -290606
1558304723980 -289128
1558304726330 -280686
1558304726539 -282649
1558304726917 -294117
1558304728967 -285077
1558304729090 -293291
1558304730072 -294273
1558304730232 -284588
1558304731812 -296013
1558304732000 -286355
1558304732428 -286502
1558304734019 -298220
1558304734393 -298594
1558304734393 -298594
1558304735303 -289658
1558304736009 -290363
1558304738842 -293196
1558304740081 -297457
1558304740820 -296928
1558304742181 -286689
1558304742487 -296559
1558304742559 -296631
1558304743368 -297440
1558304744572 -308771
1558304745010 -285492
1558304746482 -310680
1558304746654 -291161
1558304746907 -287389
1558304748078 -287507
1558304748261 -305635
1558304752117 -291545
1558304755505 -295986
1558304755739 -295167
1558304757033 -301539
1558304758748 -299228
1558304758748 -299228
1558304759074 -306836
1558304759261 -286268
1558304760626 -300053
1558304761139 -288146
1558304761140 -288147
1558304761605 -301032
1558304762762 -368085
1558304762771 -368094
1558304762943 -327133
1558304765869 -330053
1558304765869 -305296
1558304766057 -291567
1558304767618 -299300
1558304768460 -300141
1558304768460 -300141
1558304768809 -303642
1558304769445 -301126
1558304770744 -305577
1558304771001 -302682
1558304771257 -302938
1558304771257 -296766
1558304772083 -306916
1558304773600 -299109
1558304774327 -306008
1558304775301 -306981
1558304775465 -300974
1558304777096 -308776
1558304777258 -302766
1558304777258 -302766
1558304777259 -302767
1558304778810 -310490
1558304779044 -304552
1558304782331 -317163
1558304782333 -317164
1558304782474 -289267
1558304783947 -290486
1558304785651 -292190
1558304785651 -292190
1558304786215 -292754
1558304786611 -321442
1558304787412 -322243
1558304787725 -283609
1558304788210 -323041
1558304788210 -323041
1558304789329 -296120
1558304790790 -297328
1558304790945 -316448
1558304792941 -278752
1558304793207 -279018
1558304793992 -300530
1558304794565 -290448
1558304794848 -301386
1558304795675 -302212
1558304795845 -401168
1558304796655 -303192
1558304797340 -293222
1558304799541 -285351
1558304799887 -306424
1558304799887 -285697
1558304801524 -287333
1558304801734 -336563
1558304805758 -312294
1558304806616 -292425
1558304807937 -303818
1558304808917 -304798
1558304808921 -304802
1558304809523 -414846
1558304809530 -414853
1558304811618 -307498
1558304815544 -300989
1558304816520 -301965
1558304817288 -422611
1558304821309 -306753
1558304821309 -306753
1558304821506 -294945
1558304822089 -307896
1558304823187 -296626
1558304823768 -283776
1558304825673 -299112
1558304826144 -311950
1558304826648 -300087
1558304827345 -287352
1558304827755 -313561
1558304829279 -289286
1558304829279 -302717
1558304833494 -306931
1558304834596 -306541
1558304835797 -317608
1558304835913 -296075
1558304836431 -309868
1558304836549 -308493
1558304836779 -318590
1558304838173 -311610
1558304838383 -310327
1558304839484 -321294
1558304840546 -313983
1558304846305 -272136
1558304846928 -288816
1558304847244 -307249
1558304847534 -273364
1558304849175 -275005
1558304849175 -291062
1558304849481 -309640
1558304850645 -310649
1558304852229 -457550
1558304852892 -278722
1558304853575 -313578
1558304854849 -280678
1558304857683 -299569
1558304858140 -283969
1558304858979 -300865
1558304859030 -300916
1558304859524 -289406
1558304860413 -290295
1558304860823 -302708
1558304861156 -299940
1558304861398 -291280
1558304861798 -303683
1558304862033 -343837
1558304862675 -288503
1558304864836 -303620
1558304866803 -292631
1558304866803 -292631
1558304867664 -309549
1558304868642 -310527
1558304872551 -354354
1558304872761 -314645
1558304874216 -304096
1558304877183 -303010
1558304877853 -307732
1558304878844 -308723
1558304881291 -307117
1558304881442 -307268
1558304882494 -308320
1558304882713 -291359
1558304883198 -309024
1558304883283 -295300
1558304884912 -490233
1558304885008 -310833
1558304886964 -312789
1558304887046 -299062
1558304888493 -314317
1558304888493 -314317
1558304888921 -289604
1558304889282 -290843
1558304891152 -303168
1558304891395 -300039
1558304893165 -320553
1558304893990 -321378
1558304895670 -297228
1558304895941 -323328
1558304896984 -305628
1558304900976 -302533
1558304900976 -302533
1558304901144 -328531
1558304901338 -309981
1558304901493 -328880
1558304903004 -311647
1558304905790 -285379
1558304908020 -290798
1558304908734 -310289
1558304911255 -312809
1558304911581 -338965
1558304911886 -312562
1558304912234 -313788
1558304912234 -313788
1558304919540 -302695
1558304920941 -303716
1558304921854 -291310
1558304921914 -304689
1558304922887 -305662
1558304923225 -302811
1558304924844 -307619
1558304925174 -304759
1558304927105 -306690
1558304927412 -296867
1558304927926 -355303
1558304928408 -297863
1558304929384 -308969
1558304933594 -303048
1558304934572 -304026
1558304936439 -305893
1558304937653 -304788
1558304938997 -306132
1558304939555 -309008
1558304940757 -307891
1558304943208 -312661
1558304943248 -295970
1558304946655 -299377
1558304947804 -314937
1558304947804 -314937
1558304953018 -305739
1558304954457 -307178
1558304954760 -305753
1558304955151 -322283
1558304955707 -322839
1558304957064 -308057
1558304957359 -324491
1558304957555 -307990
1558304958370 -308805
1558304958453 -313496
1558304959347 -309782
1558304959347 -309782
1558304959350 -309785
1558304959629 -563126
1558304959867 -312587
1558304960820 -311812
1558304962294 -312728
1558304968483 -289238
1558304970452 -291207
1558304970452 -291206
1558304972696 -295238
1558304972922 -293160
1558304973130 -293884
1558304974218 -294972
1558304974936 -342062
1558304976307 -297061
1558304977294 -298047
1558304977296 -298049
1558304978567 -345692
1558304979248 -300001
1558304980218 -300971
1558304982729 -305269
1558304983027 -305567
1558304983609 -303845
1558304983609 -304362
1558304983821 -350943
1558304983996 -312902
1558304984705 -351827
1558304985738 -314643
1558304986651 -315556
1558304988042 -308794
1558304988042 -308794
1558304989158 -356278
1558304989839 -310591
1558304991812 -312047
1558304992190 -312942
1558304992951 -303833
1558304992951 -313186
1558304993063 -313298
1558304994176 -305058
1558304995284 -297968
1558304996691 -291352
1558305000548 -295208
1558305001032 -303715
1558305002214 -300087
1558305002588 -302704
1558305004769 -304885
1558305006216 -304088
1558305008423 -303082
1558305008431 -611927
1558305010600 -310715
1558305011696 -309567
1558305012718 -307376
1558305014288 -308946
1558305014288 -308946
1558305014469 -324622
1558305015109 -309767
1558305015640 -318321
1558305016090 -310748
1558305016626 -286338
1558305017354 -288500
1558305018338 -289484
1558305018338 -289484
1558305019325 -290471
1558305020353 -623849
1558305020532 -290243
1558305021947 -286495
1558305025278 -289826
1558305025278 -296423
1558305026573 -297718
1558305027815 -292362
1558305028793 -293339
1558305029352 -299062
1558305029352 -299062
1558305029772 -294318
1558305031995 -635484
1558305033675 -304819
1558305036186 -300731
1558305036414 -346564
1558305037330 -308473
1558305040365 -304909
1558305041735 -351884
1558305042272 -310281
1558305042337 -306880
1558305043252 -311261
1558305043252 -311261
1558305044234 -312242
1558305044557 -648046
1558305044726 -315868
1558305044928 -314636
1558305044942 -314650
1558305045287 -309829
1558305050249 -319956
1558305050373 -320080
1558305050373 -318380
1558305052862 -292499
1558305055058 -292939
1558305055130 -299347
1558305058692 -298328
1558305058698 -298334
1558305061240 -305457
1558305062377 -313898
1558305063320 -302955
1558305064759 -308975
1558305065451 -306535
1558305067366 -307001
1558305069112 -320632
1558305069159 -310242
1558305070095 -321615
1558305072067 -323587
1558305074195 -312074
1558305074195 -288129
1558305075403 -289337
1558305075823 -327342
1558305075975 -290761
1558305076570 -291356
1558305076891 -328410
1558305076891 -290824
1558305078080 -329599
1558305079561 -293494
1558305081530 -295463
1558305081532 -295465
1558305081904 -333422
1558305081904 -333422
1558305085105 -299890
1558305086481 -301266
1558305086965 -338483
1558305087297 -296802
1558305087505 -295082
1558305089260 -303189
1558305089909 -299414
1558305090132 -297708
1558305090628 -305412
1558305091579 -343096
1558305093175 -307103
1558305094829 -304333
1558305095515 -347031
1558305097888 -349404
1558305098710 -313493
1558305099568 -351083
1558305100003 -314786
1558305100745 -315528
1558305102438 -353951
1558305102924 -310495
1558305103908 -311478
1558305105874 -313444
1558305105966 -297727
1558305105966 -297726
1558305106951 -298711
1558305106951 -298711
1558305109825 -290699
1558305109825 -290699
1558305110996 -362507
1558305111171 -362682
1558305112932 -304692
1558305114146 -295019
1558305114392 -297664
1558305115377 -298649
1558305115544 -289413
1558305116002 -303382
1558305116713 -720200
1558305116985 -304365
1558305118594 -310353
1558305118953 -306333
1558305122944 -285250
1558305122944 -285250
1558305123570 -310949
1558305125013 -305885
1558305125311 -308581
1558305125510 -287816
1558305128220 -311490
1558305131279 -318657
1558305131981 -319359
1558305132840 -295145
1558305134384 -296689
1558305135216 -297521
1558305136881 -289992
1558305137062 -310927
1558305137149 -299454
1558305137149 -299454
1558305138037 -311902
1558305138467 -325844
1558305139029 -312894
1558305139118 -301422
1558305141565 -292443
1558305141568 -292445
1558305143934 -317798
1558305144043 -306346
