1558304399294 -4421
1558304399617 -3084
1558304404263 -7730
1558304405212 -8679
1558304405230 -8697
1558304407206 -10671
1558304408157 -11622
1558304410109 -13574
1558304412751 -17878
1558304413719 -18846
1558304414691 -19817
1558304417646 -22772
1558304419720 -22619
1558304420412 -22533
1558304422338 -24459
1558304423302 -25423
1558304423597 -26496
1558304424631 -27530
1558304427525 -30424
1558304429576 -32475
1558304431229 -33349
1558304437259 -40158
1558304442687 -44807
1558304445655 -47775
1558304447655 -49775
1558304448837 -51736
1558304449561 -51681
1558304449561 -51681
1558304457716 -60614
1558304460297 -61662
1558304463460 -66355
1558304465999 -67362
1558304465999 -67362
1558304467204 -70099
1558304467933 -69296
1558304470131 -73026
1558304473044 -74407
1558304475019 -77913
1558304476748 -78111
1558304477949 -80843
1558304478729 -80090
1558304478964 -81858
1558304480886 -83780
1558304481794 -83155
1558304484791 -85015
1558304488451 -89812
1558304491485 -91709
1558304492459 -92683
1558304492461 -92685
1558304493185 -92031
1558304494411 -94635
1558304495128 -93974
1558304505309 -105533
1558304510155 -110379
1558304513534 -112379
1558304515502 -114347
1558304518058 -123358
1558304519899 -125199
1558304520760 -120984
1558304523334 -122179
1558304523588 -123811
1558304527926 -133226
1558304529370 -127518
1558304529525 -129746
1558304530208 -128356
1558304532131 -130279
1558304537246 -137467
1558304538221 -138442
1558304538810 -136957
1558304541028 -141249
1558304551880 -152101
1558304551880 -152101
1558304555923 -161223
1558304557629 -157849
1558304558745 -158965
1558304562386 -162606
1558304563330 -163550
1558304570267 -170487
1558304573140 -172845
1558304573843 -169849
1558304575413 -175118
1558304576776 -172782
1558304577750 -173754
1558304579392 -179097
1558304581104 -186404
1558304581173 -186473
1558304581651 -177655
1558304581996 -181701
1558304584371 -184076
1558304585934 -185639
1558304586370 -182374
1558304590584 -190288
1558304591797 -191501
1558304607249 -206953
1558304609926 -209630
1558304622213 -221917
1558304630437 -230141
1558304632715 -232419
1558304632715 -228253
1558304636137 -235840
1558304637818 -233356
1558304645967 -240705
1558304646730 -241468
1558304649545 -244283
1558304652914 -252617
1558304653458 -248195
1558304655691 -253629
1558304656826 -251563
1558304665076 -259813
1558304665377 -263315
1558304665377 -263315
1558304668479 -263215
1558304670011 -264747
1558304670294 -265136
1558304671856 -266592
1558304674212 -266054
1558304676746 -268586
1558304681035 -275875
1558304681794 -276634
1558304682442 -274278
1558304682448 -274283
1558304683416 -275251
1558304687077 -281917
1558304693078 -276761
1558304693572 -274751
1558304697099 -278277
1558304697475 -302774
1558304697513 -302812
1558304697517 -302816
1558304697558 -302857
1558304699035 -282717
1558304701340 -285022
1558304705955 -287121
1558304708012 -281475
1558304710443 -283906
1558304711077 -284540
1558304713157 -318456
1558304714869 -288332
1558304718445 -292201
1558304718781 -292244
1558304719983 -325282
1558304726275 -291657
1558304726854 -332153
1558304728636 -294018
1558304730986 -296368
1558304735566 -296338
1558304740018 -300790
1558304741970 -297200
1558304744233 -295387
1558304748081 -353380
1558304752599 -294980
1558304753303 -295684
1558304754054 -359353
1558304755246 -297626
1558304755247 -297627
1558304756915 -299295
1558304759600 -297070
1558304760929 -366228
1558304763070 -305449
1558304766212 -303681
1558304766212 -303681
1558304774799 -283583
1558304776309 -381608
1558304783427 -292209
1558304787811 -301043
1558304794337 -303118
1558304797111 -305891
1558304801306 -314536
1558304805596 -274208
1558304808166 -413465
1558304808673 -298692
1558304809990 -278602
1558304815518 -305536
1558304816060 -421359
1558304824282 -286481
1558304825136 -287335
1558304825140 -287339
1558304825140 -287339
1558304826764 -432060
1558304830632 -299241
1558304831146 -293345
1558304833286 -301894
1558304834362 -439658
1558304838328 -306936
1558304838328 -306936
1558304839482 -301679
1558304841248 -309855
1558304843066 -311673
1558304850847 -456143
1558304850904 -456200
1558304857126 -301503
1558304857705 -302082
1558304863886 -308262
1558304864103 -308479
1558304864104 -308442
1558304870398 -475694
1558304872057 -286655
1558304873279 -287877
1558304874276 -318612
1558304874836 -289434
1558304875984 -290146
1558304875984 -290146
1558304881190 -295352
1558304882289 -296450
1558304882653 -297249
1558304882814 -297410
1558304883093 -297254
1558304885391 -299987
1558304886951 -492246
1558304894581 -308740
1558304895027 -309621
1558304896967 -311561
1558304898322 -312481
1558304902212 -286707
1558304906120 -290344
1558304906368 -511663
1558304908010 -292234
1558304911615 -296109
1558304912609 -297102
1558304914093 -519388
1558304917770 -302263
1558304917854 -302347
1558304919648 -303870
1558304927132 -311353
1558304931361 -287393
1558304931364 -287396
1558304931970 -286251
1558304932343 -288375
1558304932343 -288375
1558304936468 -290748
1558304939820 -294099
1558304942124 -545170
1558304942127 -545173
1558304943897 -299927
1558304946869 -301147
1558304949930 -552976
1558304952972 -556018
1558304954728 -310757
1558304955544 -311573
1558304955544 -311573
1558304956700 -310976
1558304957431 -311707
1558304957521 -311797
1558304958324 -312600
1558304958329 -312605
1558304960539 -286341
1558304961641 -564687
1558304962470 -288272
1558304965848 -293958
1558304968869 -571915
1558304976656 -579702
1558304978932 -304729
1558304979911 -305707
1558304980624 -583670
1558304980890 -306686
1558304984964 -310759
1558304986752 -312547
1558304996351 -291918
1558304996352 -291919
1558305000906 -298918
1558305000906 -298918
1558305002653 -298219
1558305004392 -302403
1558305006143 -301709
1558305007218 -610264
1558305008159 -306170
1558305011651 -307216
1558305013247 -311257
1558305015861 -313871
1558305016471 -619517
1558305024478 -293493
1558305024479 -293494
1558305025878 -291492
1558305027548 -630593
1558305029459 -295072
1558305030619 -299632
1558305030619 -299632
1558305031421 -297034
1558305033907 -299520
1558305035927 -301539
1558305038224 -303836
1558305038364 -307376
1558305040225 -643270
1558305040290 -309302
1558305043268 -646313
1558305045207 -314218
1558305045207 -314218
1558305047666 -316677
1558305047905 -316916
1558305049839 -288722
1558305050113 -288996
1558305054907 -657952
1558305054915 -657960
1558305064122 -299635
1558305066676 -305557
1558305069615 -672660
1558305074939 -313819
1558305078482 -291052
1558305080447 -293017
1558305088373 -300942
1558305091805 -694850
1558305092082 -304650
1558305095624 -698669
1558305095666 -698711
1558305100138 -307435
1558305102048 -314615
1558305102048 -314615
1558305103702 -310998
1558305105586 -708631
1558305106650 -313946
1558305110952 -297887
1558305111609 -297938
1558305114375 -301309
1558305115669 -718714
1558305115672 -718717
1558305116496 -302824
1558305117353 -304287
1558305117479 -303807
1558305118302 -305236
1558305118989 -722033
1558305122603 -309537
1558305125395 -311722
1558305126225 -313158
1558305127869 -730913
1558305133482 -290420
1558305134304 -294366
1558305136593 -739636
1558305137853 -294791
1558305137999 -298060
1558305140191 -743234
1558305140213 -743256
1558305142898 -745941
1558305143022 -746065
1558305143902 -303962
1558305147667 -307727
1558305147667 -307727
1558305149949 -306885
1558305156192 -759235
1558305158100 -318159
1558305161003 -291082
1558305161657 -296091
1558305162379 -296813
1558305165207 -768250
1558305165314 -299748
1558305169028 -772071
1558305171491 -301568
1558305175869 -310301
1558305192076 -291926
1558305196968 -296713
1558305198696 -308903
1558305199365 -802408
1558305205777 -305518
1558305209483 -295505
1558305210071 -813112
1558305210072 -812538
1558305210076 -812542
1558305211445 -297467
1558305211584 -311323
1558305213857 -299879
1558305216876 -289625
1558305218511 -291260
1558305222367 -308387
1558305226830 -312850
1558305229233 -301980
1558305230314 -303061
1558305231273 -304020
1558305231549 -834015
1558305233806 -289908
1558305234534 -837000
1558305235102 -307848
1558305241177 -297278
1558305242157 -290670
1558305252599 -301110
1558305253401 -309501
1558305254119 -302630