1558304397877 -2692
1558304398454 -3269
1558304401263 -6078
1558304405159 -9974
1558304406168 -10983
1558304408109 -12924
1558304412660 -17445
1558304418588 -23402
1558304420280 -25065
1558304426140 -30924
1558304428270 -33084
1558304431297 -36111
1558304433185 -37999
1558304433963 -38747
1558304446722 -51471
1558304448490 -53239
1558304449473 -54222
1558304452420 -56051
1558304452467 -54845
1558304459322 -61699
1558304468902 -70030
1558304469816 -73446
1558304472960 -76590
1558304474699 -78329
1558304474759 -75887
1558304474762 -75890
1558304475670 -79300
1558304483507 -87136
1558304485620 -89249
1558304488376 -92005
1558304493175 -94300
1558304498005 -101634
1558304505854 -107551
1558304510770 -109822
1558304518374 -120071
1558304521314 -123011
1558304524417 -126114
1558304525319 -124369
1558304527240 -126290
1558304529287 -128337
1558304533129 -132178
1558304543731 -141715
1558304544812 -146509
1558304548529 -150226
1558304551540 -149523
1558304555362 -157056
1558304555372 -157066
1558304561117 -159099
1558304565943 -167637
1558304569159 -170853
1558304570917 -167394
1558304579726 -181420
1558304581590 -181855
1558304581597 -181862
1558304585430 -181906
1558304586318 -186583
1558304588289 -188554
1558304598089 -193552
1558304600037 -200302
1558304601024 -196486
1558304603917 -204182
1558304606118 -206383
1558304606118 -201580
1558304613563 -209025
1558304615510 -210972
1558304621819 -217280
1558304623371 -223636
1558304640951 -239265
1558304643723 -238508
1558304646700 -245013
1558304648541 -246854
1558304649557 -244342
1558304651842 -246627
1558304652008 -250321
1558304657638 -252423
1558304664233 -262545
1558304665042 -263354
1558304666990 -261589
1558304669204 -267516
1558304675791 -262850
1558304676735 -275046
1558304677581 -282814
1558304679252 -277563
1558304681490 -268545
1558304683409 -280932
1558304685373 -282896
1558304686952 -257607
1558304688439 -259094
1558304689317 -259972
1558304690295 -260950
1558304694276 -264930
1558304694960 -300193
1558304696164 -266818
1558304704366 -275015
1558304705820 -303342
1558304705899 -262213
1558304713608 -269921
1558304725286 -297152
1558304726334 -282645
1558304729371 -301236
1558304731021 -287330
1558304731022 -287331
1558304731500 -336732
1558304737820 -309684
1558304738530 -343762
1558304738797 -310661
1558304741223 -313087
1558304746616 -318479
1558304748663 -353895
1558304754274 -326136
1558304755306 -285392
1558304761156 -291241
1558304762056 -367288
1558304762057 -367289
1558304767203 -297287
1558304771471 -301554
1558304775666 -305749
1558304787530 -323100
1558304789336 -301343
1558304793479 -329048
1558304795177 -400409
1558304796159 -331727
1558304796176 -308182
1558304800943 -336509
1558304801863 -337429
1558304803821 -339386
1558304805370 -294576
1558304809700 -298905
1558304809701 -298906
1558304811509 -347071
1558304813834 -349394
1558304814640 -308565
1558304816523 -310448
1558304816541 -305745
1558304817517 -306721
1558304819978 -425210
1558304829190 -323113
1558304832990 -326912
1558304833000 -291278
1558304835361 -440592
1558304838405 -332327
1558304839573 -333495
1558304843181 -448412
1558304846383 -340304
1558304846383 -304659
1558304847867 -341787
1558304848643 -342563
1558304848643 -306918
1558304849510 -343430
1558304851414 -345334
1558304851414 -309689
1558304851426 -309701
1558304851858 -457089
1558304857615 -284783
1558304861182 -355098
1558304864713 -296823
1558304868377 -473608
1558304868991 -301100
1558304871773 -303882
1558304872422 -304531
1558304874844 -302009
1558304876661 -308769
1558304880427 -307592
1558304881235 -313342
1558304889043 -316206
1558304893290 -325395
1558304894103 -326208
1558304895084 -327189
1558304901665 -298696
1558304903038 -300069
1558304905819 -302850
1558304909180 -341275
1558304909931 -342025
1558304912682 -344775
1558304913651 -310680
1558304918547 -315576
1558304919365 -316394
1558304920321 -352412
1558304923251 -294905
1558304924235 -356324
1558304927989 -360077
1558304927989 -299643
1558304929463 -302065
1558304931431 -536661
1558304932053 -304655
1558304934008 -306610
1558304937646 -309298
1558304939874 -312475
1558304939874 -312475
1558304942674 -545788
1558304948676 -294190
1558304958679 -561793
1558304958684 -561798
1558304959259 -331858
1558304962254 -565368
1558304965842 -311353
1558304967282 -312793
1558304968863 -341460
1558304974389 -293823
1558304975243 -294677
1558304986117 -589231
1558304986754 -306186
1558304992107 -311539
1558304997395 -291591
1558304999008 -311598
1558305004079 -316668
1558305005858 -318256
1558305008792 -321190
1558305014556 -326953
1558305014945 -309138
1558305015918 -310111
1558305019995 -623108
1558305031476 -634587
1558305037637 -302622
1558305038406 -303391
1558305038406 -303391
1558305039885 -352274
1558305041865 -354253
1558305043632 -646743
1558305048388 -360774
1558305049339 -309388
1558305050253 -310302
1558305050934 -310983
1558305061598 -296232
1558305061836 -321883
1558305062266 -296900
1558305063634 -298268
1558305063775 -323822
1558305066327 -326373
1558305071637 -306270
1558305075028 -309661
1558305079142 -682253
1558305079507 -284299
1558305081032 -341076
1558305082996 -343040
1558305090160 -294950
1558305092093 -695204
1558305092098 -695209
1558305092127 -296917
1558305094095 -298885
1558305096049 -699160
1558305105464 -318823
1558305105792 -708903
1558305112871 -295312
1558305112871 -295312
1558305113372 -326731
1558305115195 -328554
1558305116005 -719116
1558305121594 -304034
1558305122123 -304563
1558305124341 -337700
1558305124977 -728088
1558305127073 -340432
1558305127914 -731025
1558305128048 -341407
1558305131647 -345006
1558305139077 -293110
1558305143194 -746305
1558305146699 -360057
1558305147425 -360783
1558305147425 -300731
1558305147425 -301457
1558305149606 -303638
1558305150959 -304991
1558305160248 -313552
1558305160947 -314251
1558305164399 -317702
1558305169073 -772184
1558305170507 -309175
1558305170592 -309260
1558305171628 -310295
1558305171629 -310296
1558305175002 -287561
1558305178414 -331715
1558305181286 -293843
1558305185609 -298166
1558305191640 -794751
1558305191947 -345245
1558305203313 -291598
1558305203553 -291838
1558305208661 -301254
1558305210096 -813206
1558305219002 -822112
1558305223347 -315937
1558305223638 -311920
1558305224455 -312737
1558305228148 -320420
1558305228347 -286607
1558305230127 -322398
1558305230403 -288661
1558305233955 -326226
1558305234401 -292656
1558305238449 -296703
1558305238684 -296938
1558305241226 -299478
1558305241596 -299848
1558305242497 -334766
1558305242961 -335230
1558305244423 -847533
1558305245214 -303463
1558305247310 -850420
1558305250023 -308267
1558305255974 -314215
1558305256865 -315105
1558305263555 -291247
1558305265516 -293207
1558305268454 -360718
1558305270383 -305725
1558305270497 -305839
1558305270752 -298443
1558305282183 -317523
1558305282586 -310274
1558305283536 -311223
1558305283536 -311223
1558305286630 -314317
1558305288209 -315895
1558305289090 -324429
1558305290265 -325604
1558305294702 -897070
1558305298606 -900974
1558305301725 -904093
1558305302608 -337945
1558305311749 -914117
1558305313524 -348857
1558305316476 -351808
1558305317470 -352802
1558305322051 -357382
1558305325368 -927736
1558305328682 -292918
1558305331323 -933691
1558305337022 -301257
1558305338091 -332226
1558305339600 -303834
1558305345924 -948292
1558305349274 -343408
1558305349859 -314092
1558305353142 -317374
1558305353142 -317374
1558305353314 -347447
1558305355643 -958011
1558305357678 -960046
1558305369117 -303342
1558305372517 -306741
1558305373531 -307239
1558305383739 -317961
1558305383739 -317961
1558305389283 -294161
1558305391565 -993932
1558305394611 -996978
1558305398922 -332540
1558305399936 -333554
1558305400966 -305842
1558305404295 -337912
1558305404790 -1007157
1558305405544 -339161
1558305407010 -311886
1558305411500 -316375
1558305412436 -346052
1558305413396 -347012
1558305414462 -348077
1558305416766 -350381
1558305420976 -1023343
1558305422663 -356277
1558305423313 -356927
1558305426359 -304662
1558305426591 -304894
1558305428531 -362144
1558305429197 -362809
1558305430109 -308411
1558305432803 -311105
1558305434006 -1036373
1558305434694 -308616
1558305444996 -318916
1558305447911 -321