1558304396230 -2740
1558304397159 -1485
1558304397207 -3717
1558304398161 -2487
1558304401999 -8509
1558304403926 -10435
1558304407822 -12148
1558304408799 -13123
1558304409756 -16265
1558304413620 -20129
1558304414648 -18972
1558304415511 -22020
1558304422103 -28612
1558304423064 -29573
1558304424226 -28548
1558304424995 -31504
1558304425160 -29482
1558304426130 -30452
1558304432003 -34896
1558304437536 -44045
1558304443172 -49680
1558304444546 -47437
1558304448443 -51334
1558304448453 -51344
1558304453810 -60005
1558304454771 -60966
1558304466061 -66747
1558304466219 -72413
1558304470758 -71444
1558304483473 -84158
1558304487383 -88066
1558304493079 -93762
1558304493079 -93762
1558304494972 -101118
1558304495033 -94538
1558304499801 -105947
1558304502856 -102361
1558304507741 -107246
1558304510673 -110177
1558304513152 -119297
1558304522805 -128945
1558304525762 -131902
1558304529163 -128665
1558304530525 -136665
1558304536288 -142428
1558304541974 -148114
1558304543947 -150087
1558304545633 -143209
1558304546528 -144104
1558304546821 -152961
1558304548476 -146052
1558304549880 -156020
1558304550455 -148031
1558304552389 -149965
1558304553573 -159712
1558304559157 -164370
1558304561208 -158783
1558304567867 -165442
1558304569189 -166764
1558304577607 -182819
1558304587160 -192370
1558304587266 -183960
1558304590193 -186887
1558304601926 -198618
1558304602696 -207905
1558304602696 -207905
1558304606253 -202945
1558304607095 -203787
1558304611735 -206973
1558304612340 -215477
1558304617552 -212790
1558304629165 -224402
1558304633660 -236794
1558304637344 -240478
1558304639824 -242958
1558304646643 -241527
1558304647534 -242418
1558304649491 -244375
1558304653698 -256832
1558304654393 -249277
1558304655362 -250246
1558304665944 -260827
1558304668462 -263345
1558304674374 -276714
1558304680861 -283201
1558304688390 -278492
1558304688737 -291076
1558304690230 -280330
1558304694920 -300213
1558304695324 -297663
1558304702905 -305227
1558304702958 -276791
1558304707664 -281496
1558304711345 -313667
1558304711755 -285586
1558304713594 -315916
1558304714565 -299019
1558304717554 -283401
1558304737702 -322153
1558304738787 -294177
1558304740453 -324904
1558304741197 -325647
1558304741984 -297374
1558304744576 -329026
1558304746441 -330891
1558304754899 -360190
1558304755021 -339469
1558304757703 -312566
1558304759262 -297984
1558304762037 -367328
1558304765459 -320321
1558304767030 -321892
1558304769557 -374848
1558304775261 -330122
1558304776226 -331087
1558304779951 -292578
1558304780783 -293409
1558304785975 -298601
1558304788006 -342865
1558304788270 -393561
1558304791037 -396328
1558304793556 -306181
1558304794670 -349526
1558304794719 -349575
1558304802260 -407551
1558304805575 -300755
1558304807720 -302900
1558304809090 -414381
1558304811510 -325873
1558304814950 -329312
1558304816518 -311696
1558304821308 -335670
1558304822816 -288845
1558304824369 -290398
1558304827703 -432994
1558304829557 -295584
1558304830631 -296658
1558304833958 -299984
1558304834191 -348551
1558304835294 -440585
1558304836128 -350487
1558304848732 -296126
1558304851843 -457134
1558304852418 -299811
1558304853359 -300752
1558304855952 -303344
1558304856616 -326880
1558304857000 -327264
1558304861176 -308568
1558304867859 -338122
1558304868349 -473640
1558304868354 -473645
1558304868988 -316379
1558304869795 -340057
1558304872488 -342750
1558304873220 -304132
1558304877570 -347831
1558304881209 -351470
1558304881556 -312467
1558304884052 -489343
1558304887275 -357534
1558304894299 -298224
1558304897993 -301917
1558304899774 -303698
1558304900008 -330893
1558304902207 -306130
1558304904584 -335465
1558304909033 -339912
1558304913653 -317575
1558304916262 -287120
1558304917141 -287999
1558304919050 -349923
1558304921303 -292161
1558304924820 -355688
1558304924820 -355688
1558304924821 -355689
1558304927594 -358461
1558304933554 -304643
1558304939092 -309947
1558304942656 -545708
1558304942657 -545708
1558304946155 -317242
1558304947040 -318127
1558304947040 -317894
1558304948685 -289584
1558304950464 -291363
1558304958320 -299218
1558304958626 -561677
1558304959613 -330698
1558304962250 -565301
1558304962365 -333449
1558304964793 -305690
1558304965634 -306531
1558304986699 -297451
1558304987466 -306695
1558304988439 -307668
1558304992742 -303493
1558304993615 -304366
1558304995393 -306143
1558304997882 -600933
1558305002052 -312802
1558305003261 -322487
1558305006195 -316944
1558305007698 -326923
1558305011430 -330655
1558305015476 -334700
1558305017837 -303285
1558305020788 -306236
1558305021773 -307220
1558305027736 -630786
1558305027736 -630786
1558305027737 -630787
1558305030633 -316079
1558305031919 -351139
1558305040417 -643467
1558305040719 -299944
1558305043584 -646634
1558305044236 -299564
1558305045216 -300544
1558305047366 -302693
1558305048883 -304210
1558305050870 -310093
1558305050870 -310093
1558305054401 -313624
1558305056195 -315418
1558305057024 -312349
1558305058150 -317372
1558305058992 -314317
1558305065136 -324358
1558305066694 -291873
1558305070857 -330078
1558305081449 -306625
1558305087153 -346369
1558305089267 -348481
1558305091125 -286234
1558305093088 -288197
1558305094071 -289180
1558305094143 -353355
1558305096037 -291146
1558305098793 -322519
1558305099623 -294731
1558305101301 -296409
1558305101301 -296409
1558305102923 -298031
1558305103815 -327540
1558305104729 -328454
1558305110233 -333957
1558305113000 -308107
1558305116461 -340184
1558305118500 -313606
1558305120870 -315976
1558305122011 -345733
1558305122897 -346619
1558305123771 -290796
1558305124458 -348180
1558305127895 -730944
1558305127897 -730946
1558305133004 -300027
1558305134131 -357850
1558305138043 -305065
1558305148473 -315493
1558305149298 -316318
1558305155257 -327624
1558305158081 -294490
1558305158341 -330707
1558305159921 -332287
1558305169044 -772093
1558305169967 -342331
1558305181371 -284359
1558305186692 -289679
1558305191055 -294041
1558305192941 -295927
1558305195451 -798498
1558305199089 -316553
1558305199212 -316676
1558305199374 -802421
1558305202555 -320019
1558305207038 -324501
1558305210085 -813132
1558305210086 -813133
1558305210994 -328457
1558305215123 -332585
1558305219477 -296186
1558305227547 -345007
1558305227992 -345451
1558305234277 -351734
1558305234530 -837577
1558305241714 -299580
1558305247868 -308774
1558305249421 -307285
1558305252566 -313472
1558305253434 -314340
1558305253661 -311525
1558305259165 -862212
1558305259178 -862225
1558305265190 -323051
1558305266095 -301713
1558305266973 -324834
1558305268059 -871106
1558305271991 -329851
1558305274300 -309917
1558305275407 -311023
1558305276783 -312399
1558305277246 -335105
1558305278336 -313952
1558305279816 -337673
1558305280320 -315936
1558305280797 -338654
1558305282751 -340607
1558305283748 -341604
1558305287221 -296343
1558305288947 -346801
1558305296601 -354451
1558305299197 -308317
1558305299411 -357259
1558305302297 -300111
1558305310611 -319730
1558305313907 -294101
1558305321056 -318868
1558305322040 -302233
1558305322696 -302889
1558305324561 -927009
1558305325063 -305255
1558305326086 -306278
1558305334274 -936721
1558305340489 -338295
1558305355181 -352981
1558305355954 -305682
1558305356111 -353910
1558305357665 -960112
1558305357666 -960113
1558305361597 -964044
1558305366825 -319254
1558305366825 -319254
1558305370891 -323319
1558305375708 -328135
1558305386993 -311221
1558305387777 -340202
1558305391548 -993995
1558305399337 -351760
1558305404017 -298143
1558305404985 -299111
1558305407648 -301941
1558305412134 -306259
1558305423354 -317644
1558305427204 -321327
1558305431880 -326169
1558305432636 -326925
1558305433168 -1035615
1558305435891 -299809
1558305440644 -304562
1558305441416 -335704
1558305442281 -336568
1558305442281 -336568
1558305445172 -1047619
1558305446994 -310910
1558305447268 -341553
1558305450834 -314750
1558305454566 -348849
1558305454807 -318723
1558305455648 -349931
1558305457696 -351978
1558305459075 -322990
1558305460175 -289821
1558305460505 -354785
1558305461986 -291632
1558305463180 -357459
1558305464866 -294511
1558305468071 -362349
1558305472155 -301799
1558305472326 -325269
1558305473319 -326262
1558305477160 -306804
1558305477256 -1079703
