1558304403851 -10471
1558304404827 -11447
1558304406749 -13369
1558304407509 -12646
1558304408428 -13565
1558304408668 -15288
1558304413616 -19683
1558304414478 -20545
1558304421945 -27082
1558304423050 -29115
1558304424871 -30008
1558304424989 -31054
1558304425849 -30986
1558304425960 -32025
1558304432720 -37857
1558304432779 -38844
1558304436638 -42586
1558304437572 -42709
1558304438607 -44555
1558304443288 -49236
1558304447268 -53216
1558304450077 -56025
1558304453964 -57584
1558304455960 -59155
1558304459869 -63064
1558304460845 -64040
1558304461949 -65144
1558304462705 -66323
1558304473559 -76754
1558304479236 -82431
1558304491775 -94969
1558304496386 -99955
1558304497750 -99944
1558304507104 -110671
1558304509547 -111741
1558304511830 -111875
1558304513512 -120024
1558304514083 -116275
1558304518666 -118711
1558304518965 -121157
1558304519635 -119680
1558304526780 -128971
1558304531372 -131416
1558304531661 -133852
1558304535455 -135499
1558304545925 -145941
1558304546864 -146880
1558304551038 -153228
1558304556885 -159075
1558304558707 -158723
1558304559811 -162001
1558304560632 -162822
1558304561611 -163801
1558304563553 -165743
1558304565664 -167854
1558304567460 -169650
1558304573337 -173009
1558304574312 -173984
1558304575324 -175339
1558304582119 -181791
1558304583111 -182783
1558304586642 -183728
1558304595735 -192821
1558304596646 -196316
1558304599822 -199492
1558304602474 -202144
1558304605394 -205064
1558304605395 -205065
1558304607483 -207153
1558304609887 -206971
1558304612812 -209896
1558304614021 -213687
1558304614773 -211857
1558304618903 -218569
1558304623608 -220661
1558304623814 -223480
1558304623814 -223480
1558304630395 -227448
1558304630404 -227457
1558304635344 -235009
1558304638277 -237928
1558304640275 -237328
1558304643968 -241020
1558304644136 -243787
1558304648091 -254603
1558304649775 -244859
1558304649994 -249644
1558304652211 -251861
1558304657736 -252820
1558304672288 -271938
1558304672426 -278938
1558304672430 -278942
1558304678820 -278470
1558304683685 -267344
1558304691515 -275172
1558304692965 -276622
1558304696557 -295394
1558304708951 -275212
1558304714961 -313798
1558304718017 -293963
1558304718728 -284987
1558304718856 -294802
1558304722011 -271935
1558304723192 -273115
1558304724790 -300735
1558304725023 -331534
1558304732486 -338997
1558304735577 -311519
1558304736351 -312293
1558304742445 -318384
1558304747056 -322994
1558304747056 -322994
1558304748008 -323945
1558304748832 -284317
1558304751994 -287478
1558304752910 -328846
1558304762871 -369382
1558304765196 -305180
1558304768219 -303701
1558304771316 -306798
1558304773960 -309441
1558304774890 -273605
1558304775030 -315010
1558304776005 -315984
1558304781032 -279746
1558304792449 -332421
1558304792449 -291052
1558304792940 -291543
1558304800408 -299007
1558304800565 -340534
1558304800565 -340533
1558304802115 -300712
1558304808952 -307545
1558304817759 -301981
1558304817837 -313314
1558304821243 -316720
1558304822922 -318398
1558304824627 -320103
1558304827450 -322925
1558304832329 -327804
1558304835176 -285373
1558304835684 -441821
1558304838304 -288500
1558304840473 -335947
1558304841203 -291399
1558304842046 -292242
1558304848126 -343598
1558304851646 -301840
1558304851718 -347188
1558304860708 -466842
1558304862456 -357923
1558304865789 -316401
1558304867439 -318051
1558304868568 -474702
1558304868571 -474705
1558304874304 -324915
1558304875972 -326583
1558304876153 -482287
1558304877881 -298850
1558304881367 -302336
1558304885702 -306670
1558304885726 -306694
1558304886678 -307646
1558304896330 -294036
1558304904091 -301796
1558304904417 -510551
1558304904418 -510552
1558304909321 -300181
1558304910211 -301070
1558304910211 -301070
1558304912924 -310627
1558304916232 -313935
1558304921549 -312407
1558304926982 -317839
1558304926982 -317839
1558304927417 -318274
1558304928971 -298548
1558304931715 -537849
1558304932274 -301850
1558304932284 -322849
1558304933245 -302821
1558304937982 -307557
1558304938623 -308198
1558304939928 -309503
1558304940903 -310478
1558304940905 -310480
1558304943311 -549445
1558304943844 -287280
1558304946551 -337111
1558304948961 -339517
1558304949717 -340273
1558304950628 -556762
1558304954768 -298202
1558304956900 -347453
1558304959492 -302926
1558304962245 -568379
1558304965781 -309214
1558304969147 -312579
1558304973072 -290281
1558304973917 -300581
1558304975105 -301769
1558304977872 -304536
1558304977989 -295195
1558304977990 -295196
1558304986245 -592379
1558304988455 -315117
1558304989455 -316117
1558304991271 -317933
1558304992942 -319603
1558305001029 -327689
1558305002542 -329202
1558305005057 -331716
1558305007627 -613761
1558305007635 -613769
1558305012314 -338971
1558305014720 -341376
1558305020032 -626166
1558305031761 -307149
1558305033996 -300550
1558305034803 -301357
1558305040441 -646575
1558305043635 -649769
1558305053243 -298696
1558305055796 -322003
1558305059143 -304596
1558305061287 -306739
1558305061993 -307445
1558305065103 -310555
1558305069463 -335668
1558305072410 -338614
1558305077823 -296952
1558305078461 -684594
1558305078650 -297779
1558305081604 -300732
1558305081606 -300734
1558305090283 -309410
1558305090938 -357137
1558305091918 -358117
1558305091928 -698061
1558305093234 -312361
1558305097743 -290665
1558305099907 -292829
1558305101388 -294310
1558305103706 -307184
1558305105676 -309154
1558305110617 -303537
1558305114409 -317582
1558305116376 -319549
1558305121495 -324667
1558305124940 -731073
1558305125285 -328456
1558305127237 -330408
1558305131132 -334303
1558305134272 -337442
1558305136202 -298538
1558305139155 -301491
1558305141123 -303459
1558305142716 -748849
1558305148040 -310375
1558305149572 -311907
1558305153336 -759469
1558305153707 -356870
1558305160307 -314005
1558305163201 -316899
1558305167131 -320828
1558305170081 -323778
1558305171902 -778035
1558305174164 -327861
1558305174164 -327861
1558305174164 -327861
1558305176156 -329852
1558305178580 -290344
1558305178660 -290424
1558305181436 -293199
1558305181821 -335516
1558305182807 -336502
1558305185575 -297337
1558305189419 -343113
1558305191295 -303055
1558305196161 -307911
1558305197136 -308886
1558305197136 -308886
1558305205041 -316790
1558305205970 -288228
1558305207940 -290198
1558305209749 -292006
1558305220123 -326637
1558305221855 -827060
1558305221901 -827106
1558305223582 -305837
1558305223582 -305837
1558305228956 -311211
1558305231766 -338278
1558305238898 -345410
1558305239904 -307359
1558305254845 -361351
1558305259101 -864306
1558305266154 -304725
1558305267030 -308389
1558305270978 -312335
1558305276750 -315319
1558305277571 -318924
1558305279919 -885124
1558305282456 -293807
1558305282875 -888080
1558305283431 -294781
1558305292489 -303838
1558305293984 -899189
1558305296504 -307852
1558305297687 -336252
1558305300509 -339073
1558305301068 -312415
1558305306909 -345471
1558305307171 -345732
1558305308714 -320060
1558305311376 -292399
1558305311632 -350191
1558305314448 -353006
1558305317110 -298133
1558305317196 -298219
1558305318177 -299199
1558305325993 -307014
1558305337041 -318061
1558305337317 -318337
1558305339123 -330856
1558305339601 -331334
1558305346340 -338072
1558305349295 -341027
1558305352633 -303166
1558305357599 -962803
1558305359165 -309697
1558305366480 -317011
1558305368071 -359796
1558305376114 -297464
1558305378095 -299444
1558305383779 -305128
1558305386628 -323793
1558305387702 -992905
1558305391144 -312492
1558305392307 -329472
1558305398954 -336119
1558305403326 -340490
1558305406349 -304145
1558305418823 -355987
1558305422037 -359201
1558305422052 -319845
1558305422057 -319850
1558305428411 -297653
1558305428929 -298171
1558305430229 -299470
1558305431750 -300991
1558305431750 -300991
1558305435709 -304950
1558305439566 -325940
1558305439874 -326248
1558305441812 -328186
1558305444096 -330469
1558305444975 -314214
1558305448017 -1053220
1558305454860 -324098
1558305457341 -343710
1558305461071 -301147
1558305461912 -348277
1558305464009 -304084
1558305468114 -354479
1558305469757 -356121
1558305470623 -356987
1558305471515 -311587
1558305474142 -314212
1558305475779 -362143
1558305476939 -317008
1558305488594 -311448
1558305488751 -1093953
1558305494743 -30