1558304393697 -6551345
1558304393699 -6551347
1558304393700 -6551348
1558304393707 -6551354
1558304405331 -9479
1558304406797 -12178
1558304414090 -18236
1558304416536 -21916
1558304423191 -28570
1558304423691 -27837
1558304425586 -28653
1558304427558 -30625
1558304432005 -37381
1558304435914 -41289
1558304445986 -49052
1558304447948 -51014
1558304449876 -52942
1558304453790 -56856
1558304455284 -58705
1558304459632 -62698
1558304465897 -69318
1558304468270 -68873
1558304470230 -70833
1558304480497 -83917
1558304486881 -87483
1558304486881 -87483
1558304488818 -89343
1558304493543 -94068
1558304495971 -98889
1558304498898 -101816
1558304501079 -103997
1558304503329 -102968
1558304504298 -103937
1558304507691 -110609
1558304514361 -117279
1558304516589 -119507
1558304517842 -117479
1558304530557 -127975
1558304541154 -138571
1558304544698 -147612
1558304547021 -144438
1558304552881 -150298
1558304556778 -154195
1558304556780 -154197
1558304556780 -154197
1558304561910 -162098
1558304562881 -163069
1558304567397 -164813
1558304569798 -169986
1558304570695 -170883
1558304578144 -175064
1558304580164 -177084
1558304583064 -179983
1558304583401 -183589
1558304591865 -188783
1558304593010 -193198
1558304596916 -197104
1558304599133 -199321
1558304606759 -203675
1558304607665 -207787
1558304616685 -216805
1558304617258 -212435
1558304618856 -214033
1558304620146 -225860
1558304620148 -225862
1558304623769 -218946
1558304624107 -224227
1558304624110 -224230
1558304624738 -219915
1558304625698 -220875
1558304628937 -224114
1558304629964 -230084
1558304630950 -231070
1558304634682 -234801
1558304635661 -235780
1558304641543 -241662
1558304645419 -240595
1558304645678 -240854
1558304647387 -247506
1558304649001 -244177
1558304649337 -249456
1558304663161 -258081
1558304663323 -258243
1558304675649 -281363
1558304678727 -273647
1558304680306 -275225
1558304681923 -276842
1558304683878 -278797
1558304683878 -278797
1558304686539 -281458
1558304696593 -273899
1558304705114 -281585
1558304706487 -282957
1558304711574 -288044
1558304713034 -318747
1558304713050 -290346
1558304718881 -324594
1558304722122 -290051
1558304723307 -291236
1558304723971 -290448
1558304725045 -292974
1558304725948 -331661
1558304732697 -284227
1558304733663 -300138
1558304733847 -300322
1558304734852 -301327
1558304735763 -287292
1558304740756 -307231
1558304741685 -277162
1558304741901 -293429
1558304742662 -294190
1558304745253 -280729
1558304747270 -352983
1558304747369 -353082
1558304748338 -299865
1558304759720 -295194
1558304759891 -295809
1558304760633 -366346
1558304760637 -296111
1558304760686 -366399
1558304761617 -297090
1558304763570 -299043
1558304763570 -299043
1558304767765 -303682
1558304768688 -294938
1558304771431 -297681
1558304772030 -285125
1558304777313 -303562
1558304780294 -293387
1558304782197 -308445
1558304787285 -289360
1558304787993 -301084
1558304789631 -395344
1558304790004 -292079
1558304792935 -295009
1558304794190 -296264
1558304796609 -402322
1558304796649 -402362
1558304801421 -276688
1558304803518 -305590
1558304805840 -281107
1558304806593 -281859
1558304807437 -309508
1558304808397 -310468
1558304810183 -285449
1558304818126 -423839
1558304823923 -299187
1558304826142 -274819
1558304829078 -304341
1558304832750 -438463
1558304841380 -300162
1558304841454 -290128
1558304841454 -290128
1558304843263 -302045
1558304844242 -449955
1558304844382 -293056
1558304851903 -310683
1558304852039 -300711
1558304853054 -458767
1558304853058 -458771
1558304853994 -302666
1558304858986 -307655
1558304865184 -295725
1558304868647 -298857
1558304869167 -474880
1558304869283 -474996
1558304870434 -300644
1558304872647 -302856
1558304875247 -305786
1558304876364 -481884
1558304878135 -308673
1558304880297 -310505
1558304884017 -297183
1558304884017 -297183
1558304886936 -300101
1558304892902 -293035
1558304895652 -308816
1558304901401 -292154
1558304903521 -294273
1558304904707 -508074
1558304911520 -514887
1558304912280 -312410
1558304913172 -303923
1558304915841 -315971
1558304916587 -307338
1558304916754 -316883
1558304917520 -317649
1558304918278 -309029
1558304920185 -523552
1558304923887 -527254
1558304924745 -285165
1558304934599 -315369
1558304938767 -292324
1558304940516 -543883
1558304942238 -295795
1558304951035 -304591
1558304951416 -554783
1558304959793 -563160
1558304959794 -563161
1558304959823 -313377
1558304961774 -291399
1558304961774 -291399
1558304962755 -286229
1558304962758 -292383
1558304964930 -294555
1558304965145 -294769
1558304967577 -297201
1558304969432 -292905
1558304970326 -573693
1558304970326 -573693
1558304973853 -303476
1558304974010 -297483
1558304984587 -314209
1558304987195 -316816
1558304992409 -315879
1558304994101 -295346
1558304995843 -599209
1558304995882 -297127
1558305005232 -608598
1558305012964 -314206
1558305013060 -314302
1558305020318 -299413
1558305020967 -624333
1558305023802 -302897
1558305029706 -293098
1558305035178 -298569
1558305038852 -291694
1558305039839 -292681
1558305044757 -297598
1558305044761 -297602
1558305046948 -299789
1558305049298 -312687
1558305049869 -313258
1558305052723 -305563
1558305059041 -296217
1558305065583 -297002
1558305067791 -671157
1558305067793 -671159
1558305074546 -311720
1558305077438 -308855
1558305079313 -682679
1558305085049 -296019
1558305085049 -296019
1558305087393 -285996
1558305095582 -294184
1558305098415 -309383
1558305098415 -309383
1558305099500 -310468
1558305102103 -313070
1558305115165 -313763
1558305118509 -299366
1558305120722 -301579
1558305121204 -302061
1558305126034 -294473
1558305129455 -732821
1558305131057 -311913
1558305136687 -305125
1558305137680 -306117
1558305139044 -289906
1558305141207 -744573
1558305146527 -314963
1558305146817 -315253
1558305154330 -757696
1558305161845 -312704
1558305163196 -766562
1558305166712 -286812
1558305168214 -310286
1558305168742 -288842
1558305170018 -773190
1558305174270 -294370
1558305175146 -317217
1558305175369 -295468
1558305176835 -296934
1558305176835 -296934
1558305178665 -298764
1558305179901 -783073
1558305181906 -304280
1558305186210 -308583
1558305191806 -314178
1558305196059 -316156
1558305198663 -303004
1558305201468 -305809
1558305201835 -299201
1558305206484 -310824
1558305208680 -306045
1558305209668 -307032
1558305211071 -814243
1558305214664 -312028
1558305217689 -315053
1558305222879 -826050
1558305230884 -309040
1558305232539 -835710
1558305233991 -306059
1558305236007 -308075
1558305238792 -316947
1558305239633 -311700
1558305239871 -311938
1558305252405 -300453
1558305255759 -297867
1558305260157 -863328
1558305260657 -302765
1558305263189 -305296
1558305267461 -309568
1558305268319 -316365
1558305271167 -874338
1558305271169 -874340
1558305271461 -319506
1558305279226 -296742
1558305281791 -884962
1558305291106 -308620
1558305295685 -898855
1558305299795 -317308
1558305306771 -294990
1558305308051 -296270
1558305308051 -301666
1558305311637 -305250
1558305312543 -306156
1558305312577 -300795
1558305312706 -915876
1558305315631 -918801
1558305321405 -315014
1558305324489 -312706
1558305325546 -928716
1558305326210 -314426
1558305329380 -932550
1558305330122 -296984
1558305334124 -322339
1558305337981 -304841
1558305340798 -298996
1558305341665 -944835
1558305341666 -944836
1558305342582 -300780
1558305351865 -310061
1558305353715 -956885
1558305353716 -956886
1558305354277 -321134
1558305356547 -956521
1558305357428 -294446
1558305359502 -959476
1558305368795 -305812
1558305369894 -293309
1558305371631 -308648
1558305371631 -308648
1558305372588 -309605
1558305372703 -972676
1558305372921 -309937
1558305374016 -311032
1558305375631 -975604
1558305376260 -313276
1558305388369 -295252
1558305388668 -988641
1558305389474 -296357
1558305389474 -312870
1558305392547 -992520
1558305399500 -306382
1558305402781 -1002754
1558305405465 -312346
1558305405781 -1005754
1558305411373 -318253
1558305413032 -302586
1558305415854 -305408
1558305415971 -322850
1558305417713 -291331
1558305421945 -1021918
1558305421946 -1021919
1558305421949 -1021922
1558305421950 -1021923
1558305422044 -295662
1558305426274 -315827
1558305427822 -317374
1558305428464 -302081
1558305428464 -302081
1558305431037 -290431
15