1558304397104 -3724
1558304397104 -3724
1558304397104 -3557
1558304397117 -3570
1558304398101 -4554
1558304399103 -5556
1558304401982 -8435
1558304408668 -15288
1558304412519 -18970
1558304414478 -20545
1558304416387 -22838
1558304423959 -30211
1558304424028 -30093
1558304425899 -32151
1558304427839 -34091
1558304428873 -34938
1558304429873 -35938
1558304435693 -41945
1558304437608 -43556
1558304447289 -52860
1558304449106 -55054
1558304450011 -55582
1558304450076 -56024
1558304451048 -56996
1558304455908 -59526
1558304461958 -65576
1558304463614 -69185
1558304468375 -71993
1558304474236 -77852
1558304474249 -77865
1558304478300 -81872
1558304478370 -81942
1558304481017 -84589
1558304491612 -96015
1558304492495 -96065
1558304500267 -103836
1558304502240 -105808
1558304504107 -106925
1558304509071 -109116
1558304510113 -112930
1558304510154 -110199
1558304511970 -114787
1558304512871 -115688
1558304513787 -113832
1558304514840 -117656
1558304517704 -120520
1558304520719 -120764
1558304524771 -124816
1558304525543 -128358
1558304525543 -128358
1558304530420 -130464
1558304532347 -132391
1558304532347 -132391
1558304533333 -133377
1558304535562 -138375
1558304541073 -141822
1558304545061 -145810
1558304545061 -145810
1558304547761 -148510
1558304547867 -147883
1558304552645 -153394
1558304552733 -152749
1558304555591 -156339
1558304557579 -157595
1558304557593 -157609
1558304560351 -160367
1558304569473 -169489
1558304584931 -184332
1558304588602 -185688
1558304592356 -191757
1558304593343 -192744
1558304596375 -195776
1558304608889 -205973
1558304608889 -205973
1558304622717 -220338
1558304626499 -223552
1558304626733 -236111
1558304638049 -235102
1558304643957 -241009
1558304644145 -253523
1558304646042 -243662
1558304648678 -246298
1558304650748 -245832
1558304650748 -245832
1558304652758 -249802
1558304653684 -248768
1558304655473 -250557
1558304658560 -253644
1558304660244 -257287
1558304660267 -257310
1558304661226 -258269
1558304670295 -264437
1558304671432 -280810
1558304671968 -262259
1558304677981 -272114
1558304678040 -287418
1558304688548 -269214
1558304688688 -272346
1558304692909 -276566
1558304693030 -276687
1558304693625 -274291
1558304694997 -304375
1558304699591 -265853
1558304700308 -280973
1558304710348 -281437
1558304712698 -283787
1558304713850 -280110
1558304714202 -323580
1558304716338 -282597
1558304718712 -284971
1558304720507 -281708
1558304720527 -281728
1558304722244 -283445
1558304723648 -284849
1558304727982 -277905
1558304729656 -279578
1558304731649 -341027
1558304733797 -294997
1558304733797 -283719
1558304738915 -293487
1558304738915 -293487
1558304743051 -297622
1558304745748 -300319
1558304757079 -292562
1558304758515 -290973
1558304758689 -294172
1558304759548 -295031
1558304764859 -300341
1558304766564 -302046
1558304769488 -378866
1558304771501 -306983
1558304774890 -273605
1558304779396 -278110
1558304779672 -278386
1558304785985 -284696
1558304786163 -284874
1558304787085 -285795
1558304787732 -286442
1558304788389 -292079
1558304798953 -297553
1558304802110 -300707
1558304803856 -307540
1558304811354 -285913
1558304811354 -285913
1558304811354 -285913
1558304814678 -289236
1558304816767 -300989
1558304821338 -305560
1558304822484 -297041
1558304833223 -283420
1558304834607 -443984
1558304842766 -293012
1558304846623 -296818
1558304850673 -300867
1558304852402 -302647
1558304854593 -304787
1558304857168 -307362
1558304857621 -307865
1558304857873 -308117
1558304857975 -308169
1558304858578 -308822
1558304861185 -311428
1558304862755 -472120
1558304866449 -290503
1558304866654 -287625
1558304871823 -292793
1558304874302 -298355
1558304875675 -299727
1558304877621 -301673
1558304884748 -305716
1558304886424 -310475
1558304886946 -496311
1558304886947 -496312
1558304887403 -311454
1558304889954 -314005
1558304893290 -287162
1558304893363 -314330
1558304898245 -295950
1558304898517 -507882
1558304900294 -294165
1558304906270 -515635
1558304909964 -303833
1558304911667 -305536
1558304918712 -312580
1558304921529 -291107
1558304925123 -534488
1558304925443 -295020
1558304928610 -288614
1558304928744 -288748
1558304930453 -300029
1558304936851 -306427
1558304937223 -297226
1558304938532 -308107
1558304939123 -299126
1558304948022 -291457
1558304955625 -299059
1558304956865 -300299
1558304958278 -292139
1558304960465 -303899
1558304961016 -570381
1558304962204 -296065
1558304967335 -310768
1558304972511 -306370
1558304976128 -585493
1558304976131 -585496
1558304978974 -296179
1558304979429 -588794
1558304979754 -313612
1558304980744 -293149
1558304980939 -298143
1558304982786 -299990
1558304984922 -297326
1558304986846 -304047
1558304987670 -304870
1558304988086 -597451
1558304993621 -306024
1558304996291 -308693
1558305002759 -315160
1558305004290 -286696
1558305005369 -305020
1558305007106 -289511
1558305007336 -306986
1558305011126 -310776
1558305011703 -294108
1558305024075 -299464
1558305024725 -307128
1558305026944 -302333
1558305026973 -302362
1558305028820 -304209
1558305029147 -638511
1558305030794 -306182
1558305031761 -307149
1558305035108 -310496
1558305039301 -648665
1558305043129 -296418
1558305045371 -290826
1558305048801 -302090
1558305048801 -294255
1558305049345 -294799
1558305050441 -303729
1558305054225 -299678
1558305061356 -314643
1558305063637 -316924
1558305067554 -320840
1558305069797 -288927
1558305076757 -296120
1558305093945 -313301
1558305094942 -314297
1558305095912 -315267
1558305098010 -290932
1558305099064 -291986
1558305099279 -318634
1558305103819 -713183
1558305104756 -293682
1558305106994 -716358
1558305109881 -302801
1558305110617 -299542
1558305112139 -305059
1558305113609 -302534
1558305120779 -313698
1558305121489 -314407
1558305124376 -313299
1558305127275 -316198
1558305129213 -288356
1558305135120 -294262
1558305135252 -297589
1558305137585 -746949
1558305144080 -306416
1558305144392 -753756
1558305155646 -314783
1558305155797 -298013
1558305158618 -300832
1558305160965 -289463
1558305161168 -303377
1558305162740 -304946
1558305162803 -305009
1558305171597 -313792
1558305175397 -317587
1558305177358 -305848
1558305189338 -317823
1558305192061 -290983
1558305194067 -292989
1558305195133 -306884
1558305196408 -805756
1558305204437 -316186
1558305216997 -299254
1558305221530 -303786
1558305228960 -311215
1558305231330 -313584
1558305234785 -304669
1558305238770 -306225
1558305239800 -309684
1558305241238 -311121
1558305241772 -309227
1558305243744 -313627
1558305244101 -311555
1558305245656 -315539
1558305249622 -319504
1558305249686 -319568
1558305252138 -319591
1558305256861 -298224
1558305258837 -300199
1558305259230 -868577
1558305262951 -302710
1558305265410 -306770
1558305265589 -306948
1558305271233 -310991
1558305279423 -319180
1558305280718 -320475
1558305286560 -295707
1558305287387 -296534
1558305292485 -303834
1558305298683 -307829
1558305301129 -312476
1558305304764 -313910
1558305307954 -319301
1558305311725 -921072
1558305312544 -292822
1558305313427 -293705
1558305314568 -923915
1558305314613 -923960
1558305318381 -298658
1558305320941 -301218
1558305321250 -301526
1558305326949 -307970
1558305326949 -307970
1558305327269 -307544
1558305338119 -318393
1558305338379 -318653
1558305338959 -292315
1558305338959 -319979
1558305342609 -295965
1558305360314 -313670
1558305361480 -970805
1558305362314 -312845
1558305362314 -315670
1558305370737 -321267
1558305374557 -983882
1558305375401 -299796
1558305386540 -307889
1558305390277 -311625
1558305392248 -313595
1558305392248 -313595
1558305393162 -317555
1558305398258 -319605
1558305398581 -319928
1558305403855 -1013180
1558305413560 -311355
1558305414489 -312284
1558305415627 -309884
1558305417527 -311783
1558305417824 -315618
1558305418467 -312723
1558305419646 -313902
1558305420704 -314960
1558305426494 -320750
1558305427612 -296854
1558305428337 -297579
1558305432616 -300242
1558305433108 -1042433
1558305439901 -307526
1558305440785 -308410
1558305447185 -1056510
1558305455405 -324643
1558305455619 -323242
1558305460067 -300144
1558305460234 -1069559
1558305460943 -301019
1558305461812 -299443
1558305463160 -1072485
1558305463191 -1072516
1558305464543 -302174
1558305470538 -308168
1558305475068 -312697
