1558304396064 -925
1558304397044 -1905
1558304399925 -5511
1558304401124 -7649
1558304402057 -8582
1558304402062 -8587
1558304403665 -9251
1558304408933 -15940
1558304409947 -16954
1558304410911 -17918
1558304412552 -17413
1558304413610 -18471
1558304413610 -18471
1558304418194 -23055
1558304419152 -24738
1558304419160 -24746
1558304419529 -26536
1558304420445 -27452
1558304422083 -26944
1558304422083 -27669
1558304427965 -33551
1558304428902 -33763
1558304432104 -39111
1558304434950 -41474
1558304435742 -40602
1558304437635 -42495
1558304437841 -44363
1558304442530 -48564
1558304447332 -52192
1558304448165 -53025
1558304448314 -51280
1558304448420 -55132
1558304452268 -55234
1558304456138 -59104
1558304459073 -62039
1558304461031 -63997
1558304463713 -68573
1558304463903 -69933
1558304463962 -66927
1558304464714 -70744
1558304464764 -71476
1558304466512 -71372
1558304466732 -69697
1558304469574 -75603
1558304469680 -72645
1558304470657 -73621
1558304471566 -78277
1558304474554 -77518
1558304475535 -78064
1558304477169 -80693
1558304478558 -81087
1558304480426 -82955
1558304480428 -82957
1558304481230 -87257
1558304482292 -89001
1558304483356 -85885
1558304483357 -85886
1558304485645 -88174
1558304491804 -98513
1558304491991 -94519
1558304496992 -103699
1558304497731 -103345
1558304499573 -106135
1558304501436 -104910
1558304502515 -108129
1558304503727 -106255
1558304505746 -108274
1558304507137 -109032
1558304510568 -113096
1558304512142 -117756
1558304513985 -120545
1558304514083 -119697
1558304514790 -116685
1558304515296 -117824
1558304517990 -123604
1558304519945 -125559
1558304521167 -120399
1558304521167 -120399
1558304521897 -127511
1558304523049 -127337
1558304523114 -122346
1558304525730 -132289
1558304526049 -125281
1558304526787 -132401
1558304527764 -133377
1558304529960 -129192
1558304530653 -134941
1558304530698 -136311
1558304531326 -133221
1558304532653 -138266
1558304533875 -133107
1558304541536 -140768
1558304542004 -147640
1558304542263 -145217
1558304543023 -148659
1558304545182 -150818
1558304546172 -149126
1558304546919 -152555
1558304549991 -155622
1558304552766 -158397
1558304555947 -158900
1558304557175 -156389
1558304559384 -165015
1558304560325 -165956
1558304560681 -163633
1558304561088 -162979
1558304562878 -162092
1558304564929 -167881
1558304567517 -170466
1558304569342 -168556
1558304570824 -172715
1558304571428 -174377
1558304571676 -170889
1558304572659 -176947
1558304572741 -174632
1558304573633 -172846
1558304576004 -181547
1558304579681 -179738
1558304586184 -185397
1558304586523 -192066
1558304588495 -194037
1558304590397 -195939
1558304591175 -191232
1558304593799 -198087
1558304599385 -204927
1558304601112 -206654
1558304601590 -204526
1558304601818 -201030
1558304602796 -207084
1558304603677 -203733
1558304604650 -204706
1558304606115 -209051
1558304606793 -206849
1558304607545 -207601
1558304608500 -207712
1558304609846 -215388
1558304612420 -211632
1558304613125 -216061
1558304613236 -213292
1558304613653 -219194
1558304614104 -217040
1558304616622 -219558
1558304622582 -221654
1558304623931 -223941
1558304624150 -223222
1558304625386 -228655
1558304626104 -225176
1558304626813 -229748
1558304628185 -231120
1558304633859 -232930
1558304637687 -236758
1558304637925 -241193
1558304638896 -242164
1558304640841 -239912
1558304642282 -245217
1558304643549 -242620
1558304643803 -247071
1558304643803 -247071
1558304644180 -244189
1558304645275 -244346
1558304647706 -250974
1558304648072 -248081
1558304649798 -254085
1558304650385 -249456
1558304650385 -249456
1558304652217 -252226
1558304654373 -257641
1558304654830 -257366
1558304659690 -263976
1558304659720 -262256
1558304659750 -264036
1558304661515 -261524
1558304661954 -259081
1558304665864 -262991
1558304667349 -267357
1558304668722 -268730
1558304670099 -273366
1558304672425 -274960
1558304673866 -276401
1558304674183 -266225
1558304675874 -267916
1558304676111 -276119
1558304676411 -280697
1558304676880 -268921
1558304683882 -288168
1558304684533 -276574
1558304684735 -283264
1558304686952 -278992
1558304688551 -268757
1558304690398 -270603
1558304690562 -289091
1558304690831 -293366
1558304691125 -288251
1558304691755 -296041
1558304691758 -296044
1558304692550 -272755
1558304692787 -289913
1558304696696 -299231
1558304697222 -277426
1558304699799 -302334
1558304703014 -301543
1558304703014 -301543
1558304704643 -303850
1558304708261 -307468
1558304712466 -309581
1558304712745 -311274
1558304713235 -317521
1558304714125 -313332
1558304718085 -317292
1558304718340 -287366
1558304718340 -287366
1558304720969 -320176
1558304722746 -291772
1558304723678 -269392
1558304726924 -331210
1558304728139 -297164
1558304730110 -299135
1558304731028 -295306
1558304734262 -303874
1558304736340 -282050
1558304736969 -282679
1558304737813 -302090
1558304740511 -310122
1558304740657 -310268
1558304741255 -310278
1558304741978 -306254
1558304742556 -312167
1558304742782 -311805
1558304743483 -313094
1558304745298 -314908
1558304746761 -292467
1558304747502 -316524
1558304748118 -352403
1558304749308 -313583
1558304754188 -323208
1558304756893 -321167
1558304757213 -326822
1558304759179 -328197
1558304760005 -324276
1558304760047 -329064
1558304760963 -365248
1558304761239 -293352
1558304762002 -331018
1558304762984 -332000
1558304765241 -334847
1558304766137 -335743
1558304766829 -336435
1558304767055 -331325
1558304767712 -337317
1558304768651 -372936
1558304771182 -340786
1558304771182 -308191
1558304776283 -380568
1558304777680 -298037
1558304780057 -317064
1558304780349 -349949
1558304780491 -302243
1558304780853 -301210
1558304782379 -319386
1558304783591 -387876
1558304784340 -321346
1558304788997 -310746
1558304790400 -284024
1558304793452 -330454
1558304794890 -321356
1558304796086 -289710
1558304800222 -293845
1558304802433 -328898
1558304802744 -339742
1558304803721 -340719
1558304805052 -331517
1558304810222 -331963
1558304812038 -333779
1558304812038 -349033
1558304812613 -339077
1558304813616 -340080
1558304814286 -340750
1558304816124 -342587
1558304818965 -340706
1558304818965 -340706
1558304819048 -423333
1558304830185 -309933
1558304831665 -289400
1558304832412 -293522
1558304832573 -290308
1558304832900 -312648
1558304834050 -297814
1558304835826 -315573
1558304835830 -315577
1558304836298 -297407
1558304839377 -303140
1558304840094 -319841
1558304842275 -446559
1558304843325 -301058
1558304846829 -304562
1558304847446 -311206
1558304850513 -295667
1558304850990 -308722
1558304851717 -312812
1558304853639 -314734
1558304854103 -458387
1558304854236 -333981
1558304856829 -336573
1558304857206 -302359
1558304857206 -314937
1558304858192 -315923
1558304859404 -304557
1558304864224 -343966
1558304864410 -344152
1558304867600 -325107
1558304868906 -348646
1558304869891 -349630
1558304869994 -331085
1558304870373 -327879
1558304871902 -317053
1558304873524 -292734
1558304877796 -338884
1558304877796 -338884
1558304878664 -297873
1558304883673 -344759
1558304885033 -342537
1558304886867 -491151
1558304886991 -344495
1558304891299 -310506
1558304891337 -310544
1558304892204 -311411
1558304892235 -318322
1558304894139 -313345
1558304894671 -352174
1558304897042 -304012
1558304898021 -304990
1558304898419 -502703
1558304901823 -308792
1558304903100 -310069
1558304904890 -299858
1558304905799 -312767
1558304908259 -315227
1558304908450 -303418
1558304908976 -302432
1558304910713 -336797
1558304911621 -318588
1558304912249 -305705
1558304912613 -319580
1558304912729 -307696
1558304913228 -306684
1558304913228 -306684
1558304913373 -517657
1558304915590 -341673
1558304917579 -324545
1558304919395 -314361
1558304920219 -327185
1558304922207 -348287
1558304924158 -350237
1558304925765 -318931
1558304928448 -335413
1558304931871 -338834
1558304932103 -300998
1558304934560 -327724
1558304934560 -327724
1558304937928 -331091
1558304939803 -321296
1558304941238 -334401
1558304941991 -546273
1558304942581 -324073
1558304943561 -325053
1558304950030 -343192
1558304951374 -332865
1558304952465 -291264
1558304952761 -557043
1558304956110 -337601
1558304957479 -296277
1558304958929 -309845
1558304960880 -311796
1558304961243 -565525
1558304961841 -312757
1558304964