1558304394739 -1412
1558304397771 -2924
1558304397788 -2941
1558304397876 -3029
1558304399124 -5797
1558304401059 -7732
1558304401142 -6295
1558304402021 -8547
1558304402117 -7270
1558304402923 -9596
1558304402926 -9599
1558304404911 -11437
1558304409211 -14280
1558304411200 -16268
1558304414107 -19174
1558304414508 -21181
1558304414848 -20000
1558304417803 -22955
1558304418201 -24874
1558304422718 -27785
1558304427901 -34573
1558304428611 -33677
1558304430765 -37437
1558304431660 -36726
1558304431800 -38472
1558304434509 -39575
1558304434698 -41223
1558304435447 -37461
1558304436313 -38327
1558304436414 -41478
1558304436545 -43217
1558304438510 -43574
1558304445073 -50137
1558304446052 -51116
1558304447158 -53829
1558304447265 -53936
1558304447910 -49922
1558304450856 -52868
1558304452019 -55850
1558304453780 -60451
1558304454848 -60849
1558304457855 -61686
1558304458692 -64693
1558304459663 -65664
1558304460539 -67060
1558304460668 -62140
1558304461503 -68024
1558304462499 -69020
1558304462637 -66467
1558304464244 -70765
1558304464355 -70356
1558304464355 -70356
1558304464590 -68420
1558304470343 -71814
1558304473157 -79677
1558304473968 -80488
1558304475123 -81124
1558304475247 -76718
1558304476809 -83329
1558304478777 -85297
1558304479676 -86196
1558304480740 -86741
1558304481797 -88317
1558304481861 -87861
1558304483006 -86836
1558304484955 -88785
1558304489020 -90491
1558304489841 -92353
1558304490737 -93249
1558304492613 -95125
1558304492793 -94264
1558304493587 -96099
1558304496960 -98430
1558304497781 -99251
1558304498696 -100166
1558304502390 -104900
1558304504601 -106071
1558304512162 -114671
1558304516196 -120819
1558304516197 -120820
1558304521765 -124273
1558304522031 -126654
1558304527046 -132740
1558304529661 -132169
1558304529965 -132876
1558304530036 -128788
1558304530934 -133845
1558304531903 -134814
1558304532881 -135792
1558304533968 -132719
1558304535185 -133936
1558304535861 -138772
1558304536040 -134791
1558304537406 -139913
1558304537411 -142033
1558304538221 -140728
1558304539453 -141960
1558304539552 -144174
1558304540709 -139459
1558304541296 -145918
1558304545433 -148344
1558304546161 -149945
1558304551031 -154815
1558304554651 -152896
1558304555485 -153730
1558304555872 -159656
1558304556031 -158942
1558304559411 -157656
1558304561703 -164614
1558304566440 -170223
1558304566563 -169473
1558304568359 -169062
1558304570405 -171108
1558304573365 -175912
1558304575375 -176048
1558304576207 -179990
1558304576324 -178871
1558304579337 -183120
1558304581335 -182008
1558304586730 -182661
1558304588654 -184585
1558304594629 -197172
1558304600361 -204143
1558304600503 -201176
1558304601400 -203943
1558304602397 -198327
1558304603401 -204074
1558304604348 -200278
1558304605298 -201228
1558304605342 -206015
1558304609218 -205147
1558304611215 -212754
1558304612725 -214264
1558304612991 -208920
1558304617303 -213232
1558304617800 -219338
1558304618746 -221289
1558304622127 -224670
1558304622127 -221456
1558304622670 -224208
1558304626336 -227874
1558304626518 -225701
1558304627813 -229351
1558304628914 -224492
1558304631205 -230388
1558304634452 -233781
1558304636290 -235619
1558304640060 -239389
1558304640175 -241713
1558304640175 -239358
1558304641327 -240656
1558304641745 -243283
1558304645089 -246627
1558304645743 -241321
1558304646260 -245589
1558304646842 -246025
1558304647589 -249127
1558304648495 -250023
1558304648702 -247885
1558304649972 -249301
1558304650439 -250871
1558304651725 -251054
1558304652478 -252910
1558304657710 -256892
1558304664321 -245067
1558304665812 -260518
1558304666034 -246779
1558304666039 -246784
1558304666422 -273789
1558304667010 -247755
1558304669041 -263484
1558304671655 -266713
1558304671857 -252601
1558304672834 -253578
1558304673873 -268316
1558304676625 -271068
1558304678813 -266225
1558304682925 -290292
1558304682979 -290346
1558304683142 -270553
1558304685816 -285108
1558304687688 -272198
1558304687946 -287238
1558304688887 -288179
1558304689260 -273770
1558304689946 -277356
1558304696563 -295855
1558304696743 -284152
1558304698997 -286406
1558304701091 -265774
1558304701104 -265787
1558304703287 -310653
1558304704363 -270388
1558304705510 -304802
1558304706343 -276496
1558304707805 -272487
1558304710528 -309820
1558304710784 -280936
1558304712195 -311487
1558304713008 -312300
1558304713310 -273754
1558304714075 -284227
1558304715915 -276359
1558304715915 -276359
1558304716693 -314678
1558304718872 -316857
1558304719662 -284343
1558304720110 -280553
1558304720879 -291030
1558304722199 -282642
1558304723256 -284745
1558304729723 -291211
1558304732629 -339995
1558304734526 -296013
1558304738293 -299779
1558304742481 -300153
1558304742551 -300222
1558304743294 -304780
1558304748764 -271981
1558304748966 -267211
1558304749925 -293096
1558304750111 -357477
1558304751201 -274417
1558304751733 -313217
1558304752184 -275400
1558304753689 -296860
1558304754714 -316198
1558304757256 -300426
1558304758088 -319571
1558304759539 -282754
1558304761569 -323051
1558304763536 -325017
1558304763677 -371043
1558304765074 -296622
1558304768376 -286618
1558304768380 -286622
1558304768396 -329875
1558304773446 -334923
1558304774089 -292330
1558304779347 -297587
1558304780259 -298499
1558304780386 -290544
1558304781106 -291264
1558304781934 -292091
1558304782794 -301033
1558304782796 -301035
1558304785423 -295580
1558304788018 -293250
1558304789535 -396901
1558304790906 -296138
1558304792270 -297502
1558304794629 -298513
1558304794915 -300146
1558304795835 -301066
1558304796573 -306413
1558304799070 -302953
1558304802083 -305966
1558304802551 -307781
1558304802803 -305545
1558304805682 -277664
1558304807082 -279064
1558304807082 -279064
1558304808460 -313689
1558304810255 -417621
1558304811661 -316889
1558304814436 -291299
1558304815344 -292207
1558304816326 -293188
1558304818028 -425394
1558304818031 -425397
1558304823747 -295726
1558304826940 -312495
1558304831047 -292621
1558304831544 -341376
1558304832408 -342239
1558304832681 -440047
1558304837871 -294354
1558304838508 -294990
1558304840083 -316941
1558304840723 -302295
1558304841751 -318609
1558304843290 -304862
1558304843527 -300008
1558304844191 -451557
1558304844722 -291247
1558304846159 -302640
1558304846159 -302640
1558304850460 -296983
1558304851306 -307786
1558304856201 -312681
1558304858092 -286819
1558304858928 -287654
1558304859390 -305912
1558304860050 -286683
1558304864080 -330411
1558304865040 -331371
1558304866155 -292787
1558304866155 -292787
1558304866859 -293491
1558304868638 -295270
1558304869011 -476377
1558304869385 -335714
1558304870341 -299065
1558304870581 -297212
1558304871791 -318311
1558304873515 -339842
1558304875254 -303977
1558304877039 -343365
1558304877040 -343366
1558304878110 -306833
1558304881008 -347332
1558304882591 -309221
1558304885000 -492336
1558304885713 -301841
1558304886161 -312790
1558304886856 -293203
1558304887109 -313738
1558304887109 -313738
1558304891754 -307881
1558304891897 -288534
1558304895572 -326328
1558304896471 -302817
1558304896533 -312659
1558304902587 -318712
1558304902802 -299436
1558304903375 -289399
1558304904183 -310528
1558304904239 -334993
1558304904440 -301073
1558304908132 -304764
1558304908688 -294711
1558304909497 -282085
1558304911468 -518804
1558304915458 -312086
1558304916478 -302497
1558304917844 -290431
1558304918139 -304158
1558304920142 -527478
1558304920146 -527482
1558304920800 -292257
1558304922500 -295086
1558304924603 -355353
1558304924604 -355353
1558304924705 -310721
1558304927849 -300435
1558304927849 -313865
1558304929151 -300606
1558304930618 -302073
1558304933437 -304891
1558304934380 -305630
1558304934409 -305863
1558304937319 -309903
1558304937665 -308914
1558304938498 -309951
1558304939298 -310751
1558304939445 -310694
1558304939815 -312399
1558304939815 -312399
1558304940240 -311489
1558304940367 -547487
1558304941758 -288515
1558304943962 -315414
1558304946403 -307959
1558304946404 -288974
1558304946589 -317837
1558304947978 -294734
1558304949521 -296277
1558304950770 -293339
1558304951127 -558247
1558304951738 -294307
1558304951738 -294307
1558304952713 -295282
1558304954795 -326042
1558304955171 -297740
1558304955171 -297740
1558304957035 -328282
1558304959539 -302107
1558304959623 -330870
1558304959643 -566763
1558304961985 -308740
1558304963244 -305811
1558304964792 -307359
1558304965553 -312307
1558304965712 -296854
1558304966335 -297477
1558304966437 -313191
1558304967458 -338703
1558304970209 -341454
1558304973670 -344914
1558304974947 -292773
1558304976870 -293513
1558304982416 -300241
1558304982416 -313556
1558304983079 -314219
1558304984099 -315239
1558304986877 -593997
1558304986964 -594084
1558304991427 -292254
1558304991826 -309650
1558304992799 -309439
1558304993673 -294499
1558304995948 -313771
1558305000919 -301745
1558305000919 -301745
1558305003558 -310703
1558305004384 -311529
1558305005235 -312379
1558305006165 -306989
1558305007991 -298108
1558305008495 -296323
1558305010391 -298219
1558305013231 -303347
1558305014111 -321254
1558305016064 -295466
1558305017383 -624307
1558305017610 -307726
1558305018271 -306098
1558305018861 -298263
1558305019566 -309682
1558305025324 -304725
1558305026550 -314375
1558305026961 -306362
1558305029348 -290938
1558305030343 -291932
1558305031732 -311132
1558305034105 -295694
1558305035325 -314725
1558305036974 -316373
1558305038198 -345336
1558305044251 -651175
1558305044437 -297418
1558305047335 -354469
1558305047335 -305137
1558305047735 -300716
1558305048594 -355727
1558305052751 -314337
1558305054278 -312079
1558305054629 -316214
1558305056017 -662941
1558305056057 -662981
1558305058675 -307484
1558305058675 -307484
1558305059338 -290964
1558305059640 -308449
1558305062092 -315071
1558305062513 -311322
1558305063052 -316031
1558305064754 -296379
1558305066384 -315192
1558305068138 -299763
1558305072194 -321002
1558305074325 -305949
1558305075180 -303180
1558305076574 -325381
1558305079036 -327843
1558305080016 -328823
1558305080698 -312321
1558305080887 -303584
1558305081316 -309315
1558305081316 -309315
1558305082294 -310293
1558305086175 -308871
1558305087531 -315530
1558305088180 -310876
1558305089164 -287330
1558305089188 -287354
1558305089694 -338499
1558305090115 -288281
1558305090463 -295937
1558305092348 -699272
1558305092607 -315302
1558305094027 -292192
1558305094593 -317288
1558305095596 -344399
1558305098755 -291279
1558305098755 -304228
1558305099393 -304866
1558305099826 -292349
1558305100680 -306153
1558305102547 -295069
1558305102797 -709721
1558305103447 -352247
1558305105414 -354213
1558305105487 -298009
1558305105592 -303756
1558305105942 -311414
1558305106468 -298990
1558305108930 -314402
1558305110665 -316136
1558305112790 -305310
1558305115160 -312628
1558305116365 -314527
1558305116374 -314536
1558305117130 -314598
1558305118114 -315582
1558305118221 -310740
1558305122437 -293827
1558305124366 -316882
1558305125214 -317730
1558305125514 -296903
1558305125754 -732678
1558305126926 -295131
1558305127171 -293253
1558305127320 -298709
1558305129286 -300674
1558305131601 -329067
1558305131601 -302989
1558305132403 -298485
1558305132403 -329869
1558305132924 -301128
1558305133466 -304854
1558305135699 -333164
1558305135712 -333177
1558305137299 -744223
1558305139635 -337100
1558305142841 -308921
1558305143356 -750280
1558305143837 -309917
1558305146376 -317762
1558305146697 -344161
1558305148061 -316262
1558305150923 -317002
1558305151512 -348974
1558305152670 -294481
1558305155450 -352910
1558305159310 -303139
1558305159310 -294921
1558305160012 -303838
1558305160431 -302241
1558305161549 -305375
1558305163406 -311589
1558305163590 -305400
1558305164390 -312573
1558305166056 -772980
1558305166977 -310801
1558305167976 -311800
1558305169065 -775989
1558305170580 -306190
1558305170897 -285013
1558305174799 -288914
1558305175259 -310868
1558305175757 -323939
1558305176611 -324792
1558305181889 -293597
1558305185611 -297317
1558305186098 -292531
1558305187541 -299246
1558305189555 -303668
1558305189869 -301571
1558305190157 -338337
1558305191478 -305591
1558305194378 -308490
1558305195448 -802372
1558305195604 -307302
1558305196266 -310378
1558305197811 -345990
1558305199379 -806303
1558305201369 -315480
1558305203314 -285349
1558305203554 -284919
1558305203901 -352079
1558305207097 -313527
1558305207171 -289205
1558305209126 -291160
1558305209962 -316392
1558305210084 -817008
1558305215071 -306685
1558305215500 -297533
1558305215908 -296878
1558305216238 -298271
1558305216361 -307974
1558305217885 -298855
1558305217943 -298913
1558305219531 -311144
1558305224238 -315850
1558305227208 -309239
1558305228182 -319794
1558305231517 -312484
1558305236283 -287668
1558305236443 -317410
1558305238952 -290337
1558305240800 -292185
1558305240800 -332410
1558305242134 -333744
1558305242943 -294327
1558305243409 -300373
1558305243506 -850429
1558305244761 -336370
1558305245947 -297330
1558305246272 -303236
1558305247209 -304173
1558305248433 -299816
1558305249215 -315082
1558305252730 -309693
1558305253500 -304882
1558305253863 -319730
1558305254275 -305657
1558305254873 -346480
1558305258571 -309952
1558305259141 -866064
1558305259143 -866066
1558305259532 -310913
1558305259915 -287608
1558305263596 -355201
1558305263596 -314977
1558305263891 -291583
1558305266980 -294672
1558305267954 -303696
1558305271465 -299156
1558305271936 -307678
1558305275480 -309061
1558305275480 -311222
1558305276309 -305533
1558305276613 -305837
1558305279965 -886888
1558305282922 -889845
1558305286409 -314099
1558305287474 -321053
1558305289297 -318519
1558305289873 -317562
1558305290738 -288466
1558305291732 -303177
1558305293997 -900920
1558305297518 -296442
1558305298811 -332389
1558305301637 -908560
1558305303327 -302250
1558305304361 -315804
1558305308983 -342559
1558305309201 -342777
1558305310029 -307754
1558305310605 -322047
1558305310605 -309527
1558305311443 -310365
1558305313299 -312221
1558305313299 -312221
1558305314504 -348078
1558305314551 -921474
1558305314552 -921475
1558305315337 -314259
1558305316326 -315247
1558305316663 -314386
1558305317233 -316154
1558305317648 -924571
1558305318233 -299327
1558305322265 -303358
1558305322821 -298105
1558305323551 -357122
1558305326325 -301608
1558305328076 -297057
1558305328162 -292615
1558305329256 -310347
1558305331257 -938180
1558305332208 -307490
1558305334058 -298510
1558305338148 -302600
1558305339825 -304277
1558305341101 -310080
1558305341595 -292065
1558305344569 -309020
1558305345669 -314648
1558305350146 -300615
1558305352749 -291572
1558305359099 -297921
1558305359386 -309854
1558305361386 -311854
1558305361472 -968197
1558305366230 -315396
1558305366231 -305052
1558305369028 -318193
1558305369028 -319495
1558305369873 -333826
1558305371034 -321500
1558305371929 -310748
1558305372388 -336341
1558305374549 -981274
1558305376439 -293569
1558305377474 -984199
1558305377475 -984200
1558305378790 -310652
1558305378790 -310652
1558305381957 -293695
1558305388732 -300468
1558305389516 -306644
1558305389704 -301440
1558305390316 -354267
1558305391406 -308534
1558305392387 -356337
1558305394351 -358301
1558305394470 -305694
1558305398279 -362228
1558305399713 -316840
1558305400918 -312141
1558305401803 -313823
1558305403656 -320782
1558305403863 -1010587
1558305403864 -1010588
1558305404648 -315871
1558305404648 -321774
1558305406616 -289285
1558305407626 -290294
1558305412239 -289531
1558305412471 -289763
1558305417086 -1023810
1558305417295 -299962
1558305418915 -330933
1558305420187 -302853
1558305420763 -307295
1558305421309 -298600
1558305426777 -338794
1558305428025 -310691
1558305428245 -340262
1558305432025 -344042
1558305433964 -316629
1558305435942 -322470
1558305436099 -1042823
1558305440852 -352867
1558305442330 -298539
1558305443369 -299578
1558305443846 -355860
1558305444390 -321678
1558305456376 -308603
1558305460270 -1066994
1558305460271 -1066995
1558305460272 -1066996
1558305463063 -322314
1558305464209 -311618
1558305470477 -317886
1558305470744 -296129
1558305471485 -306507
1558305471485 -296870
1558305471585 -296970
1558305471824 -319233
1558305473423 -1080147
1558305473424 -1080148
1558305474291 -299676
1558305476083 -323491
1558305476259 -311280
1558305476400 -1083124
1558305477911 -337159
1558305478042 -337290
1558305481882 -341130
1558305481883 -341131
1558305483096 -308480
1558305484868 -1091592
1558305484871 -1091595
1558305484872 -1091596
1558305484874 -1091598