1558304399272 -4572
1558304399803 -6556905
1558304399871 -6556973
1558304400515 -5162
1558304403270 -8570
1558304403333 -12499
1558304406277 -15443
1558304408107 -12752
1558304408157 -13457
1558304410109 -14754
1558304410109 -15409
1558304411159 -16459
1558304414054 -19353
1558304415853 -20498
1558304417924 -23223
1558304419668 -24311
1558304420749 -26048
1558304420749 -26048
1558304421614 -30780
1558304427428 -36593
1558304427596 -32895
1558304433194 -42359
1558304435384 -37959
1558304437412 -42707
1558304438143 -40718
1558304444538 -53703
1558304446092 -49138
1558304447456 -56621
1558304448621 -51194
1558304448621 -51194
1558304452274 -61439
1558304454489 -57062
1558304455451 -58023
1558304456106 -65270
1558304458040 -67204
1558304460837 -63882
1558304461956 -65001
1558304466569 -75733
1558304468951 -71521
1558304471401 -80501
1558304471401 -80501
1558304471490 -74533
1558304471884 -72865
1558304473494 -82594
1558304474441 -77484
1558304476228 -85327
1558304476407 -79450
1558304477749 -78725
1558304478773 -79749
1558304481861 -82837
1558304491962 -94428
1558304495177 -96151
1558304497483 -106540
1558304499831 -102296
1558304502045 -103017
1558304503760 -106225
1558304504116 -113172
1558304505983 -106955
1558304506100 -115156
1558304508758 -117804
1558304509997 -110969
1558304510639 -113103
1558304510640 -113104
1558304512780 -112016
1558304515516 -124540
1558304518355 -120819
1558304519342 -121793
1558304519472 -118708
1558304521352 -130376
1558304521446 -120682
1558304522298 -131322
1558304522436 -121672
1558304524458 -123694
1558304526150 -135174
1558304530262 -129495
1558304532143 -134593
1558304536279 -135511
1558304537036 -139485
1558304537040 -139489
1558304542389 -151413
1558304545783 -145013
1558304547692 -146922
1558304547728 -150177
1558304549924 -149154
1558304549924 -152373
1558304551079 -159893
1558304553577 -157044
1558304555919 -159386
1558304556725 -165539
1558304559564 -162012
1558304559587 -162035
1558304568310 -177123
1558304570990 -168804
1558304572364 -175831
1558304574132 -176580
1558304576857 -174670
1558304577080 -185893
1558304578017 -186830
1558304580740 -178553
1558304581337 -180687
1558304581337 -184804
1558304582970 -182320
1558304587787 -187137
1558304588705 -188055
1558304589419 -185991
1558304589679 -189029
1558304593310 -189882
1558304593614 -192964
1558304597207 -193778
1558304598136 -206815
1558304601097 -197668
1558304609726 -206296
1558304611170 -207740
1558304614484 -223163
1558304614484 -223163
1558304614617 -211187
1558304620311 -228989
1558304620804 -224271
1558304620915 -220264
1558304621912 -217240
1558304622383 -231061
1558304623529 -218857
1558304624846 -224194
1558304627708 -236386
1558304628064 -227412
1558304630833 -239511
1558304640382 -243847
1558304641129 -244594
1558304643813 -239140
1558304649100 -252565
1558304649167 -252632
1558304649171 -252636
1558304650621 -245948
1558304652720 -248047
1558304653107 -260680
1558304653209 -252114
1558304654542 -249868
1558304655155 -254060
1558304656562 -264135
1558304656562 -264135
1558304659829 -267401
1558304663401 -262306
1558304664311 -259151
1558304665656 -273228
1558304666543 -270008
1558304667086 -261925
1558304669295 -264134
1558304680672 -268570
1558304680731 -268764
1558304682017 -273828
1558304684551 -272583
1558304684935 -276745
1558304685501 -273532
1558304691028 -294493
1558304691192 -266504
1558304694347 -282371
1558304695627 -287436
1558304696921 -300386
1558304697454 -300919
1558304699576 -287597
1558304699576 -287597
1558304700145 -275455
1558304704786 -296593
1558304706501 -309966
1558304707129 -298934
1558304711865 -289436
1558304713683 -279840
1558304714655 -280812
1558304715893 -282050
1558304718606 -284762
1558304719208 -322107
1558304723698 -283745
1558304725428 -285474
1558304726438 -304402
1558304726915 -329814
1558304727986 -305950
1558304727986 -305950
1558304728943 -283788
1558304729805 -284650
1558304734494 -294539
1558304734831 -294876
1558304735279 -295324
1558304735566 -313529
1558304736722 -339621
1558304736729 -339628
1558304747508 -350407
1558304747746 -299906
1558304751001 -328961
1558304752263 -293343
1558304753946 -356845
1558304754428 -306583
1558304755608 -296688
1558304756752 -284383
1558304756752 -284383
1558304757262 -298341
1558304766467 -296408
1558304767331 -297271
1558304768118 -298058
1558304768488 -371387
1558304771083 -298564
1558304771860 -299340
1558304775787 -305726
1558304776739 -306678
1558304781682 -311620
1558304785768 -296270
1558304787414 -315041
1558304788834 -295843
1558304789953 -392852
1558304789959 -392858
1558304789990 -392889
1558304792472 -299480
1558304799454 -327078
1558304807551 -335172
1558304808521 -336142
1558304811647 -294122
1558304812809 -276722
1558304812809 -276721
1558304812809 -301121
1558304814416 -302727
1558304815538 -418437
1558304815856 -418755
1558304816199 -280111
1558304816676 -298678
1558304818171 -282082
1558304818862 -421761
1558304819047 -307356
1558304826468 -429367
1558304826824 -315131
1558304830674 -312676
1558304832749 -296657
1558304833146 -286468
1558304833580 -436479
1558304833726 -436625
1558304834114 -287436
1558304839621 -292942
1558304849644 -302963
1558304850566 -303885
1558304850959 -339262
1558304852254 -302500
1558304852563 -305882
1558304852903 -341206
1558304853235 -303480
1558304854494 -307812
1558304856764 -307009
1558304858173 -318579
1558304858960 -319366
1558304861649 -322055
1558304864211 -324616
1558304865288 -299815
1558304866724 -327129
1558304867077 -317320
1558304869762 -472661
1558304870235 -330639
1558304874990 -309508
1558304877342 -480241
1558304877343 -480242
1558304877784 -312299
1558304883908 -344310
1558304884640 -290394
1558304886623 -347025
1558304888538 -294289
1558304889775 -309768
1558304889775 -309768
1558304890066 -310059
1558304892498 -352899
1558304892498 -298247
1558304893401 -313394
1558304894436 -300154
1558304897696 -500595
1558304897708 -500607
1558304898311 -304029
1558304902665 -288629
1558304903200 -308945
1558304904014 -309759
1558304904030 -289993
1558304905611 -508510
1558304905612 -508511
1558304908042 -313786
1558304911893 -297855
1558304912838 -292334
1558304913151 -516050
1558304913160 -516059
1558304913176 -516075
1558304917333 -323048
1558304917333 -323048
1558304919492 -298987
1558304922016 -524915
1558304922025 -524924
1558304924368 -303862
1558304928167 -307660
1558304930270 -335983
1558304931379 -290880
1558304933345 -292846
1558304933364 -536263
1558304933449 -536348
1558304934325 -293825
1558304936457 -342169
1558304939421 -298921
1558304941306 -544205
1558304941344 -544243
1558304943167 -302666
1558304944335 -547234
1558304944595 -320152
1558304946538 -306036
1558304947524 -307022
1558304950426 -325982
1558304952171 -555070
1558304952234 -555133
1558304952235 -555134
1558304954728 -314225
1558304956501 -332057
1558304957077 -316574
1558304958426 -289268
1558304958731 -288964
1558304958731 -288964
1558304966406 -297247
1558304966776 -297007
1558304967640 -297871
1558304967746 -343300
1558304968274 -571173
1558304970363 -300594
1558304971030 -301870
1558304973875 -304105
1558304976021 -578920
1558304976937 -307777
1558304978902 -309741
1558304982957 -313186
1558304982957 -313186
1558304983153 -302983
1558304985305 -305134
1558304991200 -321428
1558304994893 -301607
1558304995452 -296197
1558304996658 -599557
1558304996734 -316562
1558304997801 -304514
1558304998681 -318509
1558305002775 -303518
1558305005320 -325147
1558305006230 -609128
1558305006330 -609228
1558305015376 -618274
1558305015420 -618318
1558305016601 -300838
1558305016606 -300843
1558305017919 -292469
1558305018414 -302651
1558305018754 -621652
1558305018902 -293452
1558305019899 -339724
1558305024280 -344104
1558305025323 -299872
1558305025918 -310155
1558305026606 -310843
1558305028485 -297212
1558305029459 -298186
1558305033696 -302422
1558305034414 -318651
1558305038276 -307001
1558305039342 -642240
1558305039343 -642241
1558305046995 -293521
1558305047224 -301293
1558305047685 -301754
1558305047896 -316620
1558305047896 -294422
1558305047896 -294422
1558305052347 -298872
1558305056116 -302641
1558305058741 -661636
1558305062585 -331307
1558305063488 -310011
1558305064244 -310767
1558305064746 -333467
1558305064919 -