1558304398405 -5772
1558304400311 -7649
1558304406049 -13170
1558304407969 -15090
1558304412809 -19741
1558304412941 -20308
1558304414754 -21686
1558304416608 -23974
1558304417517 -24449
1558304418480 -25412
1558304418566 -25932
1558304422357 -29289
1558304426245 -33177
1558304429214 -36146
1558304431119 -38051
1558304435009 -41941
1558304438953 -46289
1558304439919 -47255
1558304440631 -47563
1558304441680 -49016
1558304443662 -50998
1558304447465 -54396
1558304448520 -55640
1558304451528 -58459
1558304456173 -63104
1558304468633 -75349
1558304470681 -77605
1558304470681 -77605
1558304482359 -89283
1558304490831 -97547
1558304490843 -97559
1558304493702 -100418
1558304497697 -104412
1558304498559 -105274
1558304499527 -106242
1558304504526 -111449
1558304505654 -112577
1558304513375 -119901
1558304513939 -120654
1558304517021 -123736
1558304518939 -125663
1558304519839 -126365
1558304519875 -126401
1558304521713 -128428
1558304521852 -128576
1558304524791 -131506
1558304531428 -137978
1558304533370 -139920
1558304533517 -140241
1558304534485 -141209
1558304537242 -143966
1558304543095 -149819
1558304546989 -153713
1558304553796 -160520
1558304554955 -161679
1558304570287 -176820
1558304573089 -179622
1558304575212 -181745
1558304576760 -183303
1558304578221 -184747
1558304583984 -190517
1558304584778 -191311
1558304591655 -198188
1558304594052 -199894
1558304602781 -208623
1558304603043 -209575
1558304607699 -214231
1558304620347 -226013
1558304622485 -228151
1558304624223 -229889
1558304629690 -235530
1558304630614 -236454
1558304636438 -242278
1558304639729 -245569
1558304639911 -245751
1558304643501 -249166
1558304644206 -250046
1558304646284 -252124
1558304646547 -252212
1558304647388 -253053
1558304647428 -253954
1558304654027 -259692
1558304663598 -269123
1558304664689 -270132
1558304670405 -275848
1558304671317 -276760
1558304672258 -278784
1558304679379 -284821
1558304682038 -288564
1558304682231 -287756
1558304682233 -287758
1558304687410 -292935
1558304688885 -294327
1558304689808 -296334
1558304692926 -298451
1558304693878 -299320
1558304702606 -308130
1558304713999 -319440
1558304714202 -320728
1558304715899 -321423
1558304724537 -331063
1558304724932 -328213
1558304726886 -330167
1558304731402 -336843
1558304734253 -337533
1558304734627 -340068
1558304742841 -349367
1558304744545 -315930
1558304754106 -325484
1558304760534 -332916
1558304763489 -335870
1558304764649 -336023
1558304767601 -339982
1558304768772 -340059
1558304769634 -376160
1558304776978 -349357
1558304778748 -351127
1558304781884 -354261
1558304782840 -355217
1558304786469 -298466
1558304788179 -300176
1558304788636 -395162
1558304792322 -289878
1558304794266 -306262
1558304795541 -402067
1558304795546 -402072
1558304802376 -408902
1558304802379 -408905
1558304802384 -408910
1558304808542 -320536
1558304809103 -415629
1558304809108 -415634
1558304812530 -310083
1558304815389 -327382
1558304824214 -336206
1558304829249 -326765
1558304829249 -341239
1558304831047 -343037
1558304835766 -347754
1558304836258 -333771
1558304843948 -341457
1558304848982 -346489
1558304850764 -348270
1558304854678 -352183
1558304859150 -317007
1558304863854 -321710
1558304868692 -326544
1558304868695 -326547
1558304870131 -316503
1558304870580 -477105
1558304871762 -318134
1558304876005 -322376
1558304879047 -485571
1558304879057 -485058
1558304879058 -485059
1558304879073 -485074
1558304880626 -326997
1558304882583 -340431
1558304887270 -345118
1558304889674 -336043
1558304893951 -351798
1558304896881 -354728
1558304900377 -358224
1558304901244 -347611
1558304901794 -348161
1558304903813 -509814
1558304904705 -309343
1558304906254 -512255
1558304906256 -512257
1558304906331 -512332
1558304913420 -519421
1558304913426 -519427
1558304915599 -320235
1558304915809 -320445
1558304920185 -324820
1558304922583 -297633
1558304922639 -528640
1558304927384 -332019
1558304931368 -306417
1558304933972 -539973
1558304934021 -540022
1558304939997 -315045
1558304941532 -346164
1558304941532 -346164
1558304942197 -548198
1558304942198 -548199
1558304942507 -347139
1558304943904 -318952
1558304946516 -321564
1558304946516 -351147
1558304949355 -353985
1558304949844 -555845
1558304949851 -555852
1558304952977 -558978
1558304954903 -329950
1558304956191 -331237
1558304958558 -333603
1558304961626 -567627
1558304966154 -316798
1558304966549 -341592
1558304969723 -320366
1558304970113 -345154
1558304973731 -324373
1558304973899 -324541
1558304974227 -324869
1558304976533 -582534
1558304976536 -582537
1558304980268 -586269
1558304983079 -333720
1558304983509 -358546
1558304984151 -359188
1558304984787 -335428
1558304988517 -303682
1558304992598 -343237
1558304995367 -310531
1558305001220 -351857
1558305003947 -354582
1558305006116 -321217
1558305006725 -357359
1558305015349 -302966
1558305015349 -302966
1558305019257 -306873
1558305021212 -308827
1558305025112 -340210
1558305028421 -343519
1558305029407 -344505
1558305029979 -635980
1558305034333 -349430
1558305039650 -645651
1558305039986 -355082
1558305040604 -328217
1558305041583 -329195
1558305044888 -308561
1558305052486 -340096
1558305057303 -344912
1558305059083 -346691
1558305061375 -348982
1558305063129 -326800
1558305066958 -354563
1558305068136 -331806
1558305068826 -674827
1558305076356 -308510
1558305080407 -686408
1558305081554 -313707
1558305084713 -316866
1558305086267 -318420
1558305087807 -319960
1558305090211 -696212
1558305090260 -696261
1558305091395 -323547
1558305093515 -357180
1558305094147 -700148
1558305094149 -700150
1558305100011 -306277
1558305100011 -306277
1558305104318 -310583
1558305105174 -337324
1558305105174 -337324
1558305106130 -312395
1558305106957 -339107
1558305107128 -313393
1558305110766 -342916
1558305114576 -720577
1558305114835 -346984
1558305117853 -723854
1558305117855 -723856
1558305123002 -329265
1558305123935 -356081
1558305126633 -358778
1558305131535 -337797
1558305132249 -338511
1558305135580 -741581
1558305136491 -342752
1558305136492 -342753
1558305138553 -744554
1558305139230 -745231
1558305139374 -745375
1558305141225 -321882
1558305144177 -324834
1558305147785 -354043
1558305159341 -307599
1558305159877 -308134
1558305162098 -342752
1558305163884 -344538
1558305166955 -315211
1558305167164 -773165
1558305171716 -352369
1558305174873 -355526
1558305176919 -357571
1558305185689 -302310
1558305187116 -334931
1558305188083 -335898
1558305188707 -336522
1558305188707 -305327
1558305188852 -336667
1558305189617 -337432
1558305190316 -306936
1558305190466 -307086
1558305194397 -342211
1558305198265 -314884
1558305208084 -813779
1558305210014 -357825
1558305211890 -328507
1558305216373 -313075
1558305216982 -333598
1558305219979 -825674
1558305222660 -319361
1558305222905 -828600
1558305222906 -828601
1558305229775 -326475
1558305235240 -351852
1558305235382 -332082
1558305236325 -333025
1558305244475 -850170
1558305245182 -305549
1558305245300 -341998
1558305253706 -350403
1558305254541 -351238
1558305257189 -862883
1558305257937 -318302
1558305258949 -355645
1558305260155 -865849
1558305265253 -361872
1558305267943 -313459
1558305271142 -876836
1558305276960 -337318
1558305277851 -323366
1558305277851 -338209
1558305280954 -886648
1558305280955 -886649
1558305287881 -333395
1558305288510 -334023
1558305292010 -897704
1558305292543 -338056
1558305293596 -339108
1558305293596 -353952
1558305295047 -900741
1558305297518 -357874
1558305299106 -344617
1558305302166 -347677
1558305304173 -349683
1558305306805 -352315
1558305313147 -314252
1558305321467 -303785
1558305322297 -323401
1558305325908 -308226
1558305329856 -312173
1558305332231 -937925
1558305332231 -937925
1558305340849 -946543
1558305342386 -343487
1558305353519 -335833
1558305353650 -959344
1558305355465 -337779
1558305355465 -356561
1558305356411 -357507
1558305356469 -357565
1558305357406 -358501
1558305358613 -964307
1558305358616 -964310
1558305361284 -343597
1558305362569 -968263
1558305366854 -349166
1558305366854 -307770
1558305366855 -307771
1558305367958 -308873
1558305370754 -353058
1558305370921 -311836
1558305372981 -313895
1558305377607 -983301
1558305379109 -361408
1558305384039 -302325
1558305384727 -325640
1558305388600 -9942