1558304395876 -979
1558304400108 -6871
1558304401708 -6811
1558304408585 -13709
1558304409531 -16290
1558304413617 -20376
1558304413617 -18719
1558304414378 -21137
1558304420108 -25210
1558304425042 -30154
1558304426949 -32051
1558304433779 -38881
1558304434753 -39855
1558304434819 -39929
1558304435822 -40932
1558304437749 -42859
1558304439488 -46244
1558304442398 -49154
1558304442422 -47524
1558304442479 -47589
1558304446316 -51418
1558304453898 -60654
1558304455186 -58899
1558304459095 -62807
1558304459995 -63256
1558304462650 -69406
1558304462924 -66185
1558304463619 -70375
1558304463983 -67695
1558304465745 -69005
1558304469505 -76260
1558304469600 -72860
1558304474312 -81067
1558304474316 -81071
1558304478467 -81725
1558304479363 -82621
1558304482333 -85591
1558304484825 -91580
1558304485227 -88485
1558304488255 -91964
1558304491905 -95162
1558304492603 -99357
1558304494542 -101296
1558304497803 -101060
1558304502752 -106460
1558304508051 -114803
1558304509602 -111761
1558304511948 -118700
1558304513847 -120591
1558304516904 -123648
1558304520337 -122495
1558304520797 -127540
1558304524559 -131302
1558304525118 -127686
1558304533117 -139860
1558304533737 -135894
1558304535385 -139789
1558304540945 -145348
1558304541898 -146301
1558304542365 -144521
1558304545395 -147551
1558304545497 -148063
1558304546400 -148966
1558304546805 -151208
1558304550361 -152927
1558304550580 -154983
1558304554378 -154097
1558304555120 -154839
1558304555206 -157769
1558304557371 -161774
1558304560096 -162659
1558304561879 -164442
1558304562722 -162441
1558304562852 -165415
1558304563237 -167640
1558304564261 -168664
1558304566773 -167367
1558304567607 -167325
1558304571109 -175512
1558304579114 -179708
1558304581627 -186027
1558304582417 -183011
1558304586164 -186758
1558304587976 -187694
1558304589495 -193895
1558304593003 -193589
1558304593822 -193540
1558304593822 -193540
1558304593822 -193540
1558304593984 -194570
1558304595929 -195647
1558304595976 -195694
1558304597723 -197441
1558304599146 -197949
1558304600648 -199451
1558304602987 -207387
1558304603962 -208362
1558304604553 -203356
1558304608481 -209067
1558304609848 -210434
1558304609848 -213903
1558304611535 -212121
1558304616923 -215726
1558304618122 -216925
1558304620992 -219795
1558304622347 -221149
1558304622641 -226695
1558304623917 -222719
1558304624314 -228368
1558304624893 -223695
1558304625871 -224673
1558304626848 -225650
1558304630753 -229555
1558304633131 -233717
1558304634708 -235293
1558304641936 -245989
1558304648583 -252636
1558304652474 -251914
1558304654261 -253701
1558304657342 -256781
1558304666209 -267457
1558304668340 -269588
1558304668340 -269588
1558304670716 -268545
1558304670718 -268547
1558304670904 -272152
1558304672436 -269694
1558304672437 -269695
1558304674154 -271982
1558304674518 -271776
1558304677551 -266661
1558304684233 -273342
1558304685210 -274319
1558304686868 -275977
1558304687557 -276666
1558304689125 -278234
1558304689516 -290761
1558304690303 -291548
1558304691077 -271372
1558304692609 -272904
1558304693136 -274987
1558304693261 -273556
1558304694735 -276586
1558304695180 -285610
1558304696169 -286598
1558304700192 -290621
1558304701821 -282115
1558304704182 -284476
1558304704661 -286510
1558304704915 -274983
1558304705024 -275092
1558304706335 -288184
1558304708898 -299321
1558304710206 -280274
1558304710990 -281058
1558304710990 -281058
1558304712409 -282476
1558304714570 -292080
1558304716187 -288091
1558304716531 -288435
1558304717403 -287470
1558304718088 -289991
1558304719251 -289318
1558304720236 -290303
1558304726326 -291698
1558304726796 -286910
1558304729086 -289200
1558304729296 -292438
1558304731200 -296572
1558304734921 -295032
1558304738635 -292209
1558304740181 -293755
1558304741644 -288458
1558304744812 -297376
1558304745253 -292066
1558304747637 -300200
1558304749597 -302160
1558304751216 -304788
1558304751653 -291539
1558304752492 -292378
1558304753815 -300627
1558304761340 -302545
1558304762610 -297389
1558304766808 -301586
1558304767639 -302416
1558304769504 -304281
1558304769504 -304281
1558304772878 -277946
1558304774850 -271709
1558304776125 -276416
1558304780709 -285772
1558304781738 -278596
1558304781993 -282283
1558304783663 -280521
1558304783930 -284220
1558304786461 -286750
1558304793183 -293471
1558304793506 -298563
1558304796958 -302013
1558304797155 -294010
1558304799569 -296424
1558304799885 -300172
1558304802337 -302624
1558304802668 -307720
1558304803315 -303601
1558304817326 -306711
1558304817960 -306270
1558304818501 -315347
1558304819473 -316319
1558304819473 -316319
1558304821970 -311354
1558304823327 -312711
1558304823828 -312138
1558304824693 -313002
1558304825613 -313922
1558304830641 -293655
1558304838424 -291042
1558304838424 -301437
1558304842224 -290085
1558304843202 -291063
1558304846506 -294366
1558304852193 -304804
1558304853172 -305782
1558304853543 -316553
1558304858559 -283748
1558304859697 -307555
1558304860218 -285407
1558304861593 -309450
1558304865527 -290716
1558304866342 -291531
1558304867201 -292390
1558304867201 -292390
1558304869004 -294193
1558304869005 -294194
1558304870598 -295007
1558304872329 -290058
1558304872917 -297326
1558304877444 -301852
1558304882771 -307959
1558304884285 -308692
1558304890325 -308051
1558304891439 -282612
1558304893300 -284473
1558304901665 -292837
1558304902953 -297013
1558304903291 -294462
1558304910627 -304686
1558304910775 -301945
1558304916046 -310105
1558304916853 -304611
1558304917012 -308181
1558304918648 -309816
1558304920127 -290142
1558304921683 -309440
1558304921683 -309440
1558304922657 -310414
1558304925590 -313347
1558304927597 -297611
1558304927978 -292916
1558304929772 -287455
1558304932063 -297000
1558304932430 -290112
1558304939876 -304812
1558304940853 -305789
1558304948488 -288530
1558304949313 -289355
1558304953201 -293242
1558304955407 -313086
1558304959624 -287185
1558304962246 -302286
1558304966654 -294214
1558304971257 -298816
1558304973866 -301424
1558304973866 -313904
1558304974019 -314057
1558304975385 -302943
1558304975598 -286478
1558304978135 -305691
1558304982544 -288342
1558304983014 -293893
1558304986973 -314526
1558304986973 -314526
1558304989049 -299927
1558304991207 -296924
1558304991207 -296924
1558304992072 -302949
1558304994244 -305121
1558304995891 -306768
1558304996871 -307748
1558304998281 -303995
1558304998287 -304000
1558304998287 -304000
1558305000563 -306276
1558305001969 -307681
1558305006646 -301731
1558305008599 -303684
1558305014859 -290505
1558305020172 -292100
1558305024114 -296042
1558305030875 -306014
1558305034093 -309231
1558305034093 -309737
1558305035914 -311557
1558305041631 -313556
1558305042495 -283712
1558305044462 -285679
1558305044464 -285681
1558305048311 -289528
1558305048787 -294679
1558305050666 -291882
1558305051714 -297606
1558305052926 -302089
1558305059358 -305249
1558305061126 -310287
1558305062083 -303297
1558305062834 -304048
1558305066627 -315786
1558305069844 -311057
1558305070005 -315894
1558305071989 -317878
1558305076174 -288298
1558305077959 -289791
1558305077999 -289831
1558305081809 -293641
1558305082198 -309251
1558305084472 -296304
1558305086434 -313486
1558305089125 -316177
1558305090500 -302331
1558305091044 -288026
1558305093993 -290975
1558305095406 -307236
1558305095805 -292787
1558305098023 -310144
1558305101539 -313368
1558305103102 -315222
1558305104083 -316203
1558305104653 -301633
1558305110813 -292511
1558305110813 -292511
1558305114004 -295701
1558305114004 -295701
1558305115706 -297743
1558305122043 -303739
1558305122691 -304727
1558305122691 -293282
1558305123571 -294162
1558305123891 -305927
1558305124636 -306672
1558305131306 -313341
1558305133449 -304038
1558305135965 -306554
1558305138151 -290116
1558305141875 -312463
1558305143059 -295023
1558305146065 -302510
1558305148069 -304514
1558305150094 -290844
1558305155112 -311556
1558305158354 -299103
1558305158354 -299103
1558305159676 -300424
1558305160436 -301184
1558305164695 -305442
1558305167674 -319635
1558305168239 -308986
1558305168862 -296133
1558305170612 -292569
1558305178563 -300519
1558305181268 -291749
1558305183281 -293762
1558305186589 -313858
1558305187732 -309687
1558305189599 -316868
1558305189