1558304395802 -2310
1558304398293 -4801
1558304399271 -5779
1558304401171 -7679
1558304402286 -6832
1558304405016 -11524
1558304406195 -10739
1558304406975 -13483
1558304409893 -16401
1558304411806 -18314
1558304414957 -19501
1558304423294 -29801
1558304425242 -31749
1558304426216 -32723
1558304428343 -31039
1558304431107 -37614
1558304436912 -43419
1558304437132 -39827
1558304438847 -45354
1558304450332 -56530
1558304456165 -62363
1558304460052 -66250
1558304461023 -67221
1558304463291 -64132
1558304465760 -71958
1558304471547 -77745
1558304482280 -88478
1558304487548 -88387
1558304490437 -89770
1558304491308 -90641
1558304493762 -98958
1558304494226 -93558
1558304501624 -106819
1558304503543 -108738
1558304503998 -103328
1558304516818 -116146
1558304520635 -119963
1558304527831 -133019
1558304528959 -134147
1558304530249 -129577
1558304530284 -127965
1558304534163 -131844
1558304548644 -146323
1558304551581 -149260
1558304556488 -154167
1558304559779 -162937
1558304564934 -168092
1558304567026 -164704
1558304571925 -169603
1558304584146 -180785
1558304586989 -190146
1558304591260 -194413
1558304592854 -196007
1558304593831 -196984
1558304594810 -197963
1558304598123 -194761
1558304601654 -204806
1558304603032 -199669
1558304606291 -208604
1558304614569 -211206
1558304617720 -214356
1558304618482 -215118
1558304620069 -222382
1558304635896 -231176
1558304636526 -238839
1558304637273 -242706
1558304641000 -236279
1558304641772 -237051
1558304642732 -238011
1558304644349 -246662
1558304647259 -252692
1558304649561 -244840
1558304650534 -245813
1558304653483 -248762
1558304654084 -259517
1558304660155 -255434
1558304661801 -267234
1558304661845 -267278
1558304662110 -257389
1558304663311 -265559
1558304664822 -267070
1558304672537 -274785
1558304675471 -277718
1558304676775 -266668
1558304679243 -269136
1558304679594 -281841
1558304680614 -270506
1558304681993 -287426
1558304682025 -287458
1558304685092 -287339
1558304686696 -288943
1558304689248 -294681
1558304689326 -294759
1558304689810 -295243
1558304689812 -295245
1558304692800 -282572
1558304693531 -283302
1558304695821 -301254
1558304696145 -285916
1558304698499 -298045
1558304699581 -280017
1558304704846 -304392
1558304708359 -313792
1558304708360 -313793
1558304710920 -310466
1558304713548 -283249
1558304716717 -316262
1558304717339 -316884
1558304718219 -323652
1558304718429 -288130
1558304721896 -321441
1558304722655 -322200
1558304723307 -322852
1558304724347 -294048
1558304724347 -294048
1558304724955 -330388
1558304725016 -324561
1558304725283 -294984
1558304727829 -287776
1558304728434 -327979
1558304731787 -337220
1558304731948 -291893
1558304732426 -337859
1558304732427 -337860
1558304736829 -296771
1558304746213 -351646
1558304746601 -291074
1558304751500 -351045
1558304755569 -361002
1558304757500 -357045
1558304759034 -358578
1558304766063 -365607
1558304767017 -366561
1558304771719 -333253
1558304774367 -379799
1558304776558 -294830
1558304776558 -294830
1558304777661 -383093
1558304779967 -298239
1558304782424 -300695
1558304786680 -348211
1558304786680 -348211
1558304786798 -305069
1558304787262 -348793
1558304787437 -305708
1558304788116 -349647
1558304788909 -394341
1558304793475 -355003
1558304793592 -311862
1558304794361 -312631
1558304795147 -313417
1558304802647 -408079
1558304807665 -309483
1558304809618 -311436
1558304812080 -313897
1558304813685 -315502
1558304815294 -329546
1558304816270 -330522
1558304817259 -422691
1558304817271 -422703
1558304822193 -291970
1558304822694 -336945
1558304823223 -337474
1558304824273 -429705
1558304824741 -430173
1558304832335 -437767
1558304832361 -437793
1558304832361 -437793
1558304835665 -441097
1558304836646 -350895
1558304840772 -355020
1558304849289 -363536
1558304852126 -366372
1558304852139 -457571
1558304855997 -370242
1558304863873 -303535
1558304875586 -295771
1558304876212 -481644
1558304880458 -300643
1558304884849 -490281
1558304885344 -305528
1558304886190 -357546
1558304886325 -306509
1558304889351 -360706
1558304889351 -360706
1558304889794 -361149
1558304890291 -361646
1558304890460 -361815
1558304892215 -312398
1558304895812 -367166
1558304895813 -367167
1558304900041 -287767
1558304904542 -507950
1558304904730 -295058
1558304904734 -295062
1558304906563 -294287
1558304909850 -300178
1558304911454 -299177
1558304912550 -302877
1558304915463 -303186
1558304915463 -305790
1558304916697 -304419
1558304917516 -305238
1558304921067 -308789
1558304923637 -527044
1558304924979 -312700
1558304924979 -312700
1558304924979 -312700
1558304927016 -314737
1558304930858 -318578
1558304931879 -535286
1558304931887 -535294
1558304940289 -543696
1558304940325 -543732
1558304942419 -330135
1558304949283 -336996
1558304954586 -290420
1558304962611 -566018
1558304967692 -355397
1558304974092 -309919
1558304975709 -311536
1558304979587 -315413
1558304979587 -285396
1558304982641 -306190
1558304986871 -590278
1558304989017 -312564
1558304989254 -295061
1558304989254 -295061
1558304993559 -299366
1558304998703 -602110
1558304998717 -602124
1558304998732 -602139
1558305000703 -306509
1558305000703 -324249
1558305001026 -306832
1558305002509 -326054
1558305004138 -309943
1558305006620 -330164
1558305008932 -314736
1558305021553 -298165
1558305022180 -345717
1558305030050 -353584
1558305030050 -353584
1558305031036 -354570
1558305031901 -635308
1558305033814 -310424
1558305037847 -307085
1558305038196 -314805
1558305038743 -307981
1558305040066 -286788
1558305041693 -310931
1558305043010 -289732
1558305048440 -317677
1558305050186 -296907
1558305050349 -297070
1558305050952 -320188
1558305056368 -659775
1558305056471 -659878
1558305059410 -328645
1558305062701 -331936
1558305066463 -313182
1558305067112 -336346
1558305067469 -670876
1558305070420 -673827
1558305075136 -291735
1558305076626 -293225
1558305079423 -682830
1558305079435 -682842
1558305079595 -683002
1558305082854 -352084
1558305084504 -301102
1558305084504 -353734
1558305088701 -357929
1558305092738 -696145
1558305098534 -310436
1558305099425 -316020
1558305101121 -287519
1558305103018 -706425
1558305103342 -315244
1558305105595 -291992
1558305106575 -292972
1558305109215 -295612
1558305109946 -321847
1558305109946 -296342
1558305112684 -299080
1558305113191 -325092
1558305124032 -335931
1558305125893 -729300
1558305126176 -312570
1558305129088 -315481
1558305136785 -296878
1558305138231 -741638
1558305140573 -743980
1558305141385 -353280
1558305142672 -302765
1558305143352 -355246
1558305143647 -303739
1558305146498 -306590
1558305147047 -358940
1558305147288 -359180
1558305147288 -307380
1558305149899 -309991
1558305152238 -303941
1558305153662 -313753
1558305154231 -757638
1558305154562 -314653
1558305162993 -314694
1558305163020 -314721
1558305163086 -766493
1558305166198 -769605
1558305167925 -319625
1558305168364 -298487
1558305169157 -772561
1558305169946 -773350
1558305174750 -326450
1558305175829 -305951
1558305176330 -328029
1558305177210 -328909
1558305178374 -308496
1558305179753 -783157
1558305179754 -783158
1558305179755 -783159
1558305182095 -312216
1558305182561 -334259
1558305182637 -786041
1558305183012 -313133
1558305188784 -340482
1558305188993 -340691
1558305192517 -795921
1558305194875 -302640
1558305207074 -358765
1558305207177 -810581
1558305207179 -810583
1558305207533 -315296
1558305207533 -315296
1558305210218 -813622
1558305210220 -813624
1558305211494 -319257
1558305219057 -822461
1558305220744 -321193
1558305231724 -835128
1558305231725 -835129
1558305233829 -311675
1558305234684 -838088
1558305234686 -838090
1558305234817 -312663
1558305238951 -316796
1558305240127 -317972
1558305242017 -319862
1558305243712 -291443
1558305244580 -847984
1558305244591 -847995
1558305247216 -347654
1558305247407 -850811
1558305248622 -296352
1558305257068 -860472
1558305260063 -863467
1558305267320 -315047
1558305267873 -304928
1558305268146 -871550
1558305268147 -871551
1558305271247 -318973
1558305280901 -884305
1558305283869 -887273
1558305283870 -887274
1558305290783 -327834
1558305292789 -310028
1558305295020 -898031
1558305295740 -312978
1558305299668 -316906
1558305302407 -905418
1558305302408 -905419
1558305302409 -905420
1558305302414 -905425
