1558304397605 -25975
1558304401473 -29312
1558304401473 -29312
1558304401473 -29312
1558304403108 -8079
1558304408940 -13910
1558304411164 -39002
1558304411164 -39002
1558304415025 -42863
1558304416991 -44829
1558304426312 -28540
1558304428541 -56288
1558304429344 -31572
1558304433213 -35441
1558304434189 -36417
1558304434284 -62031
1558304439042 -41268
1558304439926 -67673
1558304455388 -82243
1558304458401 -59697
1558304464831 -91685
1558304467990 -69283
1558304468966 -70259
1558304477386 -103162
1558304478462 -104238
1558304481823 -83115
1558304485855 -84800
1558304486205 -111980
1558304486618 -85563
1558304491708 -117446
1558304494225 -93169
1558304495191 -94135
1558304495191 -94135
1558304496534 -122272
1558304500397 -125620
1558304505306 -104249
1558304506213 -131008
1558304506935 -105878
1558304510054 -108996
1558304515569 -114511
1558304518506 -117447
1558304524564 -148695
1558304530270 -128362
1558304533097 -157227
1558304534062 -158192
1558304534062 -158192
1558304537929 -161863
1558304538869 -136960
1558304545784 -143874
1558304552218 -175571
1558304553181 -176285
1558304557461 -153512
1558304559432 -155483
1558304560395 -156445
1558304560922 -183798
1558304561192 -157242
1558304569143 -191891
1558304571606 -194354
1558304571607 -194355
1558304571607 -194354
1558304575134 -171183
1558304578237 -200886
1558304578237 -200886
1558304585050 -180558
1558304585241 -207890
1558304585651 -181159
1558304597205 -192711
1558304597205 -192711
1558304597668 -220189
1558304598640 -221160
1558304600484 -222978
1558304601407 -223901
1558304607155 -202660
1558304609835 -205340
1558304610954 -206459
1558304611064 -206569
1558304613049 -235480
1558304614617 -210122
1558304614617 -210122
1558304618069 -231271
1558304620493 -215249
1558304623046 -236246
1558304624403 -219159
1558304627819 -222575
1558304631240 -225996
1558304633633 -240449
1558304638886 -233642
1558304641005 -235760
1558304650611 -245215
1558304651886 -246490
1558304652086 -246690
1558304660845 -266190
1558304666204 -254085
1558304669361 -257241
1558304670923 -276268
1558304680788 -262737
1558304687060 -267231
1558304688526 -268697
1558304692843 -273013
1558304694276 -274446
1558304694989 -275159
1558304701467 -306812
1558304705832 -278272
1558304706089 -279776
1558304707487 -312832
1558304711905 -285591
1558304712711 -286397
1558304713700 -287386
1558304714135 -319480
1558304714432 -286870
1558304716657 -284258
1558304720538 -282091
1558304721883 -283435
1558304724952 -292551
1558304728780 -290331
1558304730778 -292504
1558304731749 -293474
1558304734526 -296251
1558304735371 -287435
1558304735460 -287524
1558304736604 -290854
1558304741412 -293475
1558304746158 -287065
1558304746756 -298818
1558304748312 -353657
1558304748708 -290958
1558304749074 -289979
1558304753928 -294832
1558304753928 -294832
1558304754794 -360139
1558304757699 -299947
1558304758247 -299150
1558304758498 -300745
1558304761264 -303510
1558304763642 -299106
1558304765576 -280974
1558304769503 -374848
1558304771089 -286486
1558304776975 -382320
1558304776976 -382321
1558304789421 -304814
1558304792348 -317774
1558304793136 -318561
1558304799048 -293516
1558304799206 -293674
1558304801971 -296438
1558304803901 -298368
1558304808433 -413778
1558304811512 -305978
1558304813136 -307602
1558304815635 -302687
1558304822136 -309187
1558304822337 -296012
1558304823751 -310802
1558304824436 -298111
1558304832103 -305777
1558304834655 -440000
1558304835078 -322127
1558304839663 -300765
1558304842489 -447834
1558304843839 -304940
1558304844839 -305940
1558304847293 -304558
1558304848069 -309170
1558304850453 -307717
1558304852407 -309671
1558304853358 -310622
1558304856434 -313697
1558304863920 -321182
1558304864740 -309201
1558304867601 -472946
1558304869708 -326969
1558304870054 -314514
1558304873924 -302316
1558304876507 -304899
1558304878308 -483653
1558304878362 -483707
1558304880475 -294982
1558304880475 -294982
1558304886503 -301009
1558304889227 -303733
1558304898551 -503896
1558304900456 -328845
1558304901425 -315929
1558304906437 -511782
1558304908448 -296673
1558304910476 -308102
1558304922088 -527433
1558304922094 -527439
1558304922353 -310575
1558304924297 -312519
1558304925625 -530959
1558304928099 -316321
1558304936518 -300315
1558304939141 -297326
1558304942077 -547411
1558304942093 -305889
1558304943062 -306858
1558304944030 -307826
1558304947147 -305331
1558304948107 -306291
1558304951497 -309680
1558304952476 -310659
1558304952771 -316566
1558304952772 -316567
1558304958447 -322241
1558304960311 -292125
1558304962277 -294091
1558304965975 -297788
1558304965975 -300757
1558304968701 -574035
1558304970102 -304883
1558304970102 -304883
1558304970964 -302777
1558304974622 -306434
1558304976395 -581729
1558304976864 -308676
1558304980619 -315397
1558304985608 -320385
1558305003581 -305294
1558305005772 -310781
1558305010277 -311989
1558305012366 -314078
1558305012838 -317846
1558305014910 -290474
1558305015876 -291440
1558305015876 -291439
1558305022085 -627418
1558305023873 -328879
1558305026397 -301447
1558305026467 -301517
1558305034242 -309803
1558305036044 -311605
1558305038363 -313923
1558305039316 -314876
1558305039664 -644997
1558305040294 -315854
1558305042647 -647980
1558305043245 -284873
1558305045207 -286834
1558305054065 -295691
1558305058249 -307043
1558305058981 -300607
1558305063340 -304965
1558305063598 -312391
1558305063598 -312391
1558305064119 -305744
1558305064349 -305974
1558305066683 -308308
1558305069955 -318747
1558305076020 -288522
1558305079573 -328363
1558305081525 -300491
1558305087553 -300054
1558305094059 -306558
1558305094059 -306558
1558305095210 -314174
1558305100686 -319649
1558305102909 -315407
1558305106848 -289260
1558305114549 -296960
1558305114712 -303646
1558305115530 -297941
1558305122337 -304747
1558305126905 -729947
1558305129328 -311737
1558305131843 -314252
1558305132924 -321855
1558305133520 -315928
1558305143931 -296258
1558305146959 -307094
1558305148637 -300963
1558305149391 -301717
1558305152379 -755421
1558305152380 -755422
1558305160507 -320640
1558305163493 -323625
1558305164166 -767208
1558305165426 -325558
1558305167340 -296661
1558305170084 -299405
1558305170962 -774004
1558305177335 -306655
1558305182010 -311329
1558305182980 -312299
1558305183629 -786671
1558305183631 -786673
1558305187814 -313873
1558305194048 -290122
1558305206261 -309511
1558305206261 -309511
1558305208260 -811299
1558305209697 -305768
1558305210777 -306848
1558305214690 -317939
1558305215658 -311728
1558305216466 -312536
1558305221568 -287503
1558305221808 -325055
1558305223857 -826896
1558305226623 -292557
1558305230640 -303828
1558305232520 -305708
1558305233330 -299263
1558305239339 -305272
1558305240046 -305978
1558305245403 -848442
1558305248925 -314856
1558305253614 -289247
1558305254092 -327277
1558305260446 -296078
1558305260912 -308138
1558305265185 -300817
1558305266823 -302454
1558305271554 -307185
1558305275477 -311108
1558305276320 -323539
1558305278503 -314133
1558305278884 -881923
1558305278890 -881929
1558305287111 -292660
1558305289550 -295098
1558305290420 -295968
1558305293154 -298702
1558305295139 -300686
1558305296130 -301677
1558305296640 -899678
1558305297890 -315774
1558305299885 -902923
1558305299887 -902925
1558305300294 -305840
1558305307149 -325031
1558305308777 -326659
1558305312877 -318422
1558305313845 -319390
1558305314817 -320362
1558305321501 -309634
1558305323938 -304087
1558305329536 -309684
1558305332375 -935413
1558305336998 -325124
1558305346350 -304580
1558305349850 -303156
1558305356601 -959639
1558305358473 -316701
1558305359244 -317472
1558305360764 -314068
1558305367295 -325522
1558305372028 -305004
1558305372732 -975770
1558305373098 -297386
1558305376510 -979545
1558305385500 -318474
1558305385500 -309786
1558305387966 -312251
1558305388674 -321648
1558305388705 -991740
1558305388953 -313238
1558305389651 -322625
1558305392580 -995615
1558305401155 -303958
1558305402800 -1005835
1558305403959 -304589
1558305405797 -1008832
1558305406672 -309474
1558305416085 -1019120
1558305420501 -321127
1558305420669 -323466
1558305421954 -1024989
1558305422528 -325324
1558305426791 -329586
1558305430445 -302102
1558305432445 -304101
155830543414