1558304395049 -42
1558304396945 -1937
1558304398094 -4567
1558304399145 -2987
1558304399559 -3401
1558304401028 -7501
1558304401982 -8455
1558304402299 -6141
1558304402891 -9364
1558304404828 -11301
1558304404828 -11301
1558304414532 -19524
1558304416476 -21468
1558304416780 -20622
1558304417354 -23825
1558304418354 -24583
1558304419281 -24273
1558304422180 -27171
1558304423153 -28144
1558304424157 -29148
1558304424178 -29169
1558304427908 -34137
1558304432754 -38982
1558304436323 -40164
1558304437819 -42810
1558304443011 -45451
1558304443425 -49175
1558304445953 -48393
1558304447290 -53040
1558304448122 -53872
1558304448427 -52350
1558304449094 -54841
1558304450811 -53251
1558304452775 -55215
1558304453311 -57233
1558304457727 -60167
1558304468527 -72488
1558304468527 -72488
1558304470327 -74287
1558304471298 -75258
1558304471298 -75258
1558304474129 -76568
1558304475121 -77560
1558304475186 -79146
1558304476599 -80519
1558304479537 -83455
1558304480518 -84436
1558304481007 -84966
1558304487625 -88336
1558304491110 -93459
1558304493061 -95410
1558304493472 -94183
1558304494046 -96395
1558304496401 -99647
1558304497149 -99498
1558304497208 -99557
1558304497266 -99615
1558304497949 -100298
1558304498355 -101601
1558304498936 -101285
1558304500311 -103557
1558304501864 -104213
1558304502275 -102986
1558304504224 -104935
1558304509116 -109827
1558304512069 -115313
1558304513880 -114591
1558304513998 -117242
1558304515796 -116507
1558304517795 -121036
1558304520425 -122771
1558304522658 -123368
1558304524414 -126760
1558304524805 -125515
1558304525636 -126346
1558304528112 -130458
1558304531447 -132157
1558304536916 -137860
1558304537716 -138660
1558304538123 -138833
1558304538271 -138598
1558304540301 -140628
1558304543044 -143754
1558304544038 -144748
1558304545321 -146031
1558304546942 -147269
1558304546965 -147675
1558304550054 -150764
1558304551847 -152174
1558304554897 -155606
1558304556306 -157238
1558304557671 -157998
1558304558804 -159131
1558304559512 -158700
1558304560594 -160921
1558304561484 -160672
1558304565614 -164802
1558304569198 -170129
1558304571239 -171565
1558304571239 -170426
1558304573774 -174705
1558304580603 -181534
1558304583955 -184885
1558304584720 -185650
1558304585577 -186507
1558304586788 -185975
1558304588319 -189249
1558304591747 -191620
1558304592155 -193085
1558304595817 -195004
1558304595817 -195690
1558304599646 -198833
1558304603343 -203216
1558304605249 -205122
1558304611489 -209479
1558304615840 -213830
1558304618413 -217497
1558304622156 -219420
1558304622977 -220967
1558304623341 -222425
1558304624672 -221935
1558304628858 -226121
1558304629602 -226865
1558304635229 -233218
1558304636207 -234196
1558304636817 -235900
1558304642691 -241774
1558304643051 -240314
1558304646679 -245762
1558304647033 -245022
1558304648549 -247632
1558304652119 -241517
1558304652119 -250108
1558304655822 -264914
1558304658276 -257359
1558304659512 -257370
1558304660494 -249887
1558304664624 -262481
1558304665421 -254811
1558304669426 -267283
1558304670355 -259742
1558304670866 -268694
1558304672211 -261597
1558304677045 -274902
1558304680280 -269659
1558304683802 -281659
1558304687173 -266477
1558304688803 -286660
1558304694600 -292457
1558304697117 -270009
1558304697483 -295340
1558304698656 -277959
1558304701280 -271802
1558304704652 -275173
1558304705859 -266851
1558304709055 -279053
1558304710525 -281045
1558304712599 -273590
1558304714916 -284912
1558304714936 -285456
1558304717115 -287110
1558304718818 -288812
1558304719832 -290351
1558304723118 -293636
1558304724753 -288026
1558304726552 -297070
1558304737856 -289391
1558304740093 -300995
1558304746090 -306990
1558304747983 -284312
1558304749602 -288435
1558304750025 -359114
1558304752162 -313062
1558304752563 -291396
1558304757590 -301873
1558304758880 -295207
1558304759660 -295987
1558304760182 -299014
1558304761543 -305826
1558304762140 -281626
1558304764741 -284227
1558304770826 -315109
1558304772670 -308995
1558304774115 -283540
1558304774230 -290087
1558304774597 -383666
1558304774851 -294335
1558304780041 -299524
1558304781538 -301021
1558304782852 -298708
1558304783848 -293272
1558304786581 -302437
1558304799039 -308460
1558304799220 -301435
1558304800599 -310020
1558304800994 -310762
1558304801330 -310751
1558304803176 -412245
1558304807758 -283496
1558304809099 -262171
1558304814158 -316370
1558304814233 -267304
1558304816922 -269993
1558304822198 -275268
1558304822198 -275268
1558304823077 -276147
1558304836313 -289381
1558304839537 -296928
1558304840448 -293516
1558304841822 -299212
1558304845102 -313657
1558304849157 -283688
1558304849994 -284524
1558304851444 -308833
1558304852789 -287316
1558304853744 -288271
1558304856248 -290773
1558304857337 -310399
1558304858837 -311898
1558304859910 -468978
1558304865194 -294934
1558304867391 -297131
1558304868288 -477356
1558304870366 -304880
1558304871903 -306416
1558304874610 -309121
1558304875711 -306762
1558304876072 -305811
1558304876682 -307733
1558304876686 -307737
1558304882293 -286734
1558304882921 -313972
1558304887246 -496314
1558304891836 -296275
1558304898028 -298992
1558304898391 -302829
1558304898392 -302830
1558304900006 -300970
1558304900422 -304860
1558304900691 -304205
1558304902336 -303300
1558304907869 -311382
1558304910083 -311046
1558304910436 -313949
1558304911714 -312677
1558304913925 -296996
1558304917208 -300279
1558304917531 -292430
1558304918221 -293119
1558304920715 -303785
1558304921695 -304765
1558304924267 -299027
1558304925242 -300001
1558304925605 -300492
1558304929852 -304733
1558304931472 -540540
1558304937026 -290039
1558304939445 -314315
1558304944635 -301913
1558304944996 -298007
1558304947879 -305157
1558304950500 -307777
1558304950915 -299540
1558304954713 -303337
1558304959661 -312670
1558304961260 -289418
1558304965265 -318274
1558304967684 -286645
1558304967946 -296103
1558304972707 -291667
1558304975804 -303960
1558304977720 -305876
1558304979676 -307832
1558304983098 -311253
1558304989295 -317449
1558304992105 -311062
1558304996490 -294261
1558304998782 -293368
1558305000956 -298726
1558305003026 -297611
1558305003402 -305126
1558305004742 -299327
1558305010380 -312100
1558305011558 -306142
1558305013707 -315427
1558305018464 -295006
1558305019791 -317557
1558305020252 -314834
1558305023756 -318337
1558305024172 -291814
1558305027170 -297476
1558305028605 -296246
1558305029107 -299413
1558305029264 -305804
1558305030961 -640021
1558305034534 -304837
1558305034897 -302537
1558305039978 -310279
1558305040251 -307891
1558305042688 -651748
1558305043871 -286495
1558305047965 -315604
1558305048307 -290930
1558305049007 -319306
1558305049224 -319523
1558305051338 -293961
1558305052843 -295465
1558305053561 -297883
1558305054026 -663086
1558305063399 -306020
1558305064749 -307370
1558305067300 -309921
1558305068845 -677905
1558305069124 -313444
1558305070104 -314420
1558305070256 -312876
1558305071570 -310041
1558305071573 -310044
1558305072082 -316398
1558305074230 -318545
1558305076494 -289057
1558305076721 -315191
1558305080090 -292652
1558305084614 -293924
1558305085942 -298503
1558305086813 -296122
1558305086813 -296122
1558305087164 -297467
1558305088007 -300568
1558305088134 -298437
1558305088891 -299194
1558305093049 -302357
1558305093700 -306260
1558305094035 -303343
1558305094035 -303343
1558305095016 -304324
1558305095047 -704106
1558305095062 -704121
1558305095671 -308231
1558305095997 -305305
1558305101838 -314396
1558305102442 -312743
1558305103869 -313176
1558305104526 -290831
1558305105049 -714108
1558305106663 -315969
1558305109547 -284932
1558305111145 -291296
1558305111145 -291296
1558305112634 -298937
1558305118162 -304465
1558305118467 -727526
1558305123464 -309766
1558305126824 -306972
1558305127345 -302727
1558305128798 -308946
1558305128798 -308946
1558305131703 -288914
1558305134073 -314220
1558305134855 -292066
1558305139448 -289452
1558305139500 -748559
1558305141703 -298913
1558305142195 -751254
1558305147669 -296852
1558305151604 -308812
1558305151905 -301087
1558305159106 -308287
1558305159344 -309346
1558305159811 -309812
1558305164210 -773269
1558305173927 -296877
1558305175761 -306743
1558305175761 -295632
1558305177373 -300322
1558305178