1558304396876 -1812
1558304396891 -1827
1558304397301 -1881
1558304397896 -2832
1558304399949 -4885
1558304409081 -13661
1558304409081 -13661
1558304413652 -17490
1558304414634 -18472
1558304415601 -19439
1558304417586 -21424
1558304417832 -22411
1558304418538 -22376
1558304420362 -24200
1558304423071 -28004
1558304432841 -37773
1558304434977 -37464
1558304434990 -37477
1558304436753 -41685
1558304437907 -40394
1558304438326 -42905
1558304439683 -44615
1558304442964 -47543
1558304444582 -47069
1558304446365 -49759
1558304447393 -50787
1558304449299 -52693
1558304450746 -54679
1558304452747 -56680
1558304454673 -58606
1558304455632 -59565
1558304455644 -59577
1558304458541 -62474
1558304462988 -66381
1558304466893 -69370
1558304468846 -71323
1558304470802 -73279
1558304475958 -79890
1558304477916 -81848
1558304485624 -88098
1558304487418 -89892
1558304487695 -91625
1558304495128 -95974
1558304497863 -99829
1558304498315 -102245
1558304499959 -100805
1558304502221 -106151
1558304503206 -107136
1558304507637 -109602
1558304510708 -111553
1558304512044 -115965
1558304518679 -122599
1558304519196 -121161
1558304519341 -120186
1558304521164 -123129
1558304521306 -122151
1558304521973 -126598
1558304522009 -126634
1558304525249 -126094
1558304525567 -129487
1558304526734 -131359
1558304527508 -131428
1558304536461 -140381
1558304536937 -137779
1558304539354 -143274
1558304539354 -143274
1558304545056 -148976
1558304545643 -146485
1558304546533 -147375
1558304546908 -150828
1558304547383 -149345
1558304548872 -152792
1558304550468 -151310
1558304551878 -155798
1558304552396 -153238
1558304553252 -155214
1558304555208 -157169
1558304560097 -160044
1558304560565 -161935
1558304560899 -160846
1558304565052 -164999
1558304569873 -169049
1558304572166 -173536
1558304573135 -174505
1558304573740 -172916
1558304574993 -174939
1558304575627 -175573
1558304575747 -174923
1558304577518 -177464
1558304578051 -179421
1558304578922 -178098
1558304579719 -178895
1558304582966 -184336
1558304584077 -183253
1558304584226 -185596
1558304594084 -193260
1558304596097 -195273
1558304597009 -196185
1558304597883 -197829
1558304598390 -199759
1558304600369 -200987
1558304602768 -202710
1558304603304 -203922
1558304604828 -202822
1558304606054 -205996
1558304609850 -209792
1558304610842 -208836
1558304610973 -208967
1558304612415 -212357
1558304613359 -211982
1558304613858 -214476
1558304618252 -216874
1558304619331 -217325
1558304623309 -221303
1558304625194 -223187
1558304626168 -224161
1558304626171 -230796
1558304627707 -226329
1558304630081 -228074
1558304630471 -231088
1558304633828 -232450
1558304634799 -232792
1558304637730 -235723
1558304640004 -238626
1558304640004 -238626
1558304640004 -238626
1558304641575 -240195
1558304642523 -241143
1558304644142 -248767
1558304649358 -247978
1558304650334 -248954
1558304650334 -248954
1558304651471 -249563
1558304657242 -255334
1558304658969 -256373
1558304659947 -257351
1558304661436 -259515
1558304663790 -261869
1558304665817 -263220
1558304667309 -265388
1558304668599 -266678
1558304671429 -276054
1558304671679 -269082
1558304677665 -275521
1558304679427 -284052
1558304679839 -277695
1558304680722 -278578
1558304683245 -280624
1558304685015 -289640
1558304687694 -285549
1558304688847 -286925
1558304689231 -287086
1558304689231 -287086
1558304694055 -291434
1558304695055 -298912
1558304695950 -293329
1558304696479 -282557
1558304698532 -296387
1558304701550 -305407
1558304704441 -302296
1558304704674 -290751
1558304704823 -302201
1558304710123 -307861
1558304712935 -299011
1558304716243 -313621
1558304717134 -289464
1558304723553 -321290
1558304724752 -297080
1558304725666 -297994
1558304726099 -299896
1558304726187 -291185
1558304730823 -304619
1558304730825 -304621
1558304731498 -335355
1558304737244 -296957
1558304738494 -342351
1558304740982 -300694
1558304740982 -314777
1558304744551 -318345
1558304746066 -283627
1558304751217 -325010
1558304752137 -289697
1558304754892 -358749
1558304754893 -358750
1558304756675 -330467
1558304758344 -323335
1558304760952 -334742
1558304761052 -326043
1558304761915 -365772
1558304765507 -330496
1558304767901 -332890
1558304769344 -306901
1558304772956 -337945
1558304776023 -278659
1558304777130 -380987
1558304777132 -380989
1558304784230 -388087
1558304787015 -289649
1558304787335 -325905
1558304790928 -394785
1558304790935 -394792
1558304793498 -336181
1558304795984 -334552
1558304796080 -338762
1558304801836 -405681
1558304802672 -341236
1558304805825 -264821
1558304806762 -309736
1558304809603 -352280
1558304815467 -358142
1558304818893 -277887
1558304822556 -325527
1558304824683 -283676
1558304826551 -285544
1558304826944 -329915
1558304830376 -314913
1558304831838 -334807
1558304832815 -335784
1558304834861 -319397
1558304836821 -321356
1558304838601 -297592
1558304839994 -342962
1558304844157 -303147
1558304844541 -347507
1558304844648 -329182
1558304846609 -305598
1558304848006 -332539
1558304850246 -353210
1558304852202 -355165
1558304853258 -337789
1558304861596 -298265
1558304862572 -299241
1558304865002 -349528
1558304865626 -327922
1558304868812 -331107
1558304872496 -334791
1558304874486 -311153
1558304877444 -339737
1558304881148 -286679
1558304883222 -288751
1558304891030 -296559
1558304891203 -353493
1558304894611 -300140
1558304895601 -301130
1558304897905 -322200
1558304898433 -303962
1558304902137 -326431
1558304902688 -308217
1558304906257 -311785
1558304908500 -316436
1558304911494 -319429
1558304915634 -339926
1558304918171 -294524
1558304919161 -327095
1558304919167 -523011
1558304922688 -526532
1558304922690 -526534
1558304927613 -335546
1558304928212 -304564
1558304931866 -339798
1558304931930 -356214
1558304933820 -341751
1558304933882 -358166
1558304934177 -538021
1558304939484 -315834
1558304942272 -546116
1558304942285 -546129
1558304942520 -311426
1558304944072 -294203
1558304944414 -352339
1558304946669 -315574
1558304949368 -318272
1558304949974 -553818
1558304950919 -301049
1558304951252 -359174
1558304951253 -359175
1558304955494 -305623
1558304955684 -310595
1558304956473 -311384
1558304958746 -308875
1558304958746 -308875
1558304959073 -313983
1558304963054 -331957
1558304964542 -333445
1558304966676 -286596
1558304969077 -572921
1558304969332 -289252
1558304970640 -325548
1558304971299 -291218
1558304973145 -293064
1558304974897 -329804
1558304976505 -331412
1558304978459 -333366
1558304978561 -347461
1558304979432 -334339
1558304979434 -334340
1558304980414 -335320
1558304980627 -584470
1558304982747 -302665
1558304982952 -302870
1558304982952 -337858
1558304985551 -354448
1558304988010 -307927
1558304994147 -303913
1558304996705 -316620
1558305001047 -355947
1558305002158 -296022
1558305003053 -357952
1558305003163 -297027
1558305007677 -317441
1558305013659 -307521
1558305016240 -317180
1558305016310 -326073
1558305017287 -327050
1558305020150 -321089
1558305026003 -335765
1558305026430 -336191
1558305027086 -290730
1558305027111 -290755
1558305030653 -634496
1558305030984 -294624
1558305031941 -341702
1558305031943 -341704
1558305033441 -334378
1558305035672 -336609
1558305036322 -299956
1558305036322 -299956
1558305038681 -302311
1558305040136 -643979
1558305040140 -643983
1558305041632 -305260
1558305043520 -344455
1558305048079 -311702
1558305054246 -658089
1558305054259 -317369
1558305058172 -321281
1558305059176 -663019
1558305059178 -663021
1558305059267 -305113
1558305065229 -311074
1558305066136 -299606
1558305069431 -673274
1558305071878 -317722
1558305076078 -339185
1558305076220 -339327
1558305077951 -323794
1558305079531 -342637
1558305079751 -325593
1558305085638 -348744
1558305087135 -350240
1558305087252 -290694
1558305087834 -291276
1558305098319 -301759
1558305098545 -344383
1558305098545 -344383
1558305100025 -302971
1558305101522 -347359
1558305103199 -349035
1558305103206 -349042
1558305103961 -306906
1558305104178 -350013
1558305110768 -314207
1558305110769 -356602
1558305113116 -358947
1558305118425 -722268
1558305118753 -312081
1558305118897 -292345
1558305120800 -323743
1558305124563 -327505
1558305126627 -319954
1558305135157 -338098
1558305137336 -330661
1558305138080 -341020
1558305142200 -746043
1558305146341