1558304395886 -1216
1558304398914 -4244
1558304403329 -7617
1558304408208 -12495
1558304413109 -17395
1558304417978 -22264
1558304419354 -24683
1558304425629 -29914
1558304427603 -31888
1558304428151 -33480
1558304430127 -35456
1558304433071 -38400
1558304434108 -39437
1558304435541 -39825
1558304438437 -42721
1558304439971 -42961
1558304445050 -49332
1558304445050 -49332
1558304447152 -51434
1558304448008 -52290
1558304448691 -51680
1558304454792 -59074
1558304454801 -59083
1558304458683 -62853
1558304458683 -62853
1558304461624 -65794
1558304471232 -75402
1558304473505 -77675
1558304476963 -79952
1558304477090 -81259
1558304477919 -80908
1558304483804 -86793
1558304491501 -93994
1558304491503 -93996
1558304495434 -97927
1558304497501 -99994
1558304499404 -103573
1558304506240 -108733
1558304506249 -110415
1558304509420 -111913
1558304510234 -114400
1558304513945 -116438
1558304515854 -120020
1558304521720 -125886
1558304525767 -128259
1558304530516 -134682
1558304533586 -132908
1558304534421 -138587
1558304537516 -136809
1558304541282 -140575
1558304542265 -141558
1558304542265 -141558
1558304544244 -143537
1558304545248 -149414
1558304548160 -147453
1558304549409 -148702
1558304551110 -150402
1558304563424 -164479
1558304573200 -174121
1558304578105 -179026
1558304579350 -180271
1558304587016 -191877
1558304587837 -188758
1558304588758 -189679
1558304591308 -190598
1558304592600 -193520
1558304594579 -195499
1558304608792 -207780
1558304609841 -208829
1558304611692 -210680
1558304617152 -218071
1558304620431 -219418
1558304622593 -221580
1558304625631 -226550
1558304626316 -225302
1558304626741 -231602
1558304633577 -231493
1558304635242 -233158
1558304636971 -235956
1558304644208 -249069
1558304647766 -244908
1558304652836 -249978
1558304652902 -250044
1558304653657 -250799
1558304655607 -252749
1558304657115 -255018
1558304670272 -267414
1558304670345 -268248
1558304672161 -269303
1558304673564 -270706
1558304684784 -281925
1558304688085 -285226
1558304690677 -287811
1558304694638 -291772
1558304697549 -294683
1558304702466 -299600
1558304705425 -303147
1558304711454 -309176
1558304711454 -309176
1558304714325 -319186
1558304717257 -314390
1558304719009 -316142
1558304719821 -317543
1558304720948 -325809
1558304734906 -305740
1558304735532 -329068
1558304736347 -329882
1558304740559 -334093
1558304741863 -312696
1558304747985 -341516
1558304748324 -319157
1558304749053 -353914
1558304749055 -353916
1558304754056 -324887
1558304755641 -349168
1558304758307 -329138
1558304758307 -329138
1558304759629 -353155
1558304762473 -367334
1558304765330 -336159
1558304767055 -337883
1558304767636 -361160
1558304768792 -339619
1558304769610 -374471
1558304777219 -382080
1558304779095 -311353
1558304779939 -312197
1558304782399 -314656
1558304784366 -316623
1558304787510 -319766
1558304793149 -335768
1558304795194 -327449
1558304799650 -342267
1558304800440 -332694
1558304800440 -343056
1558304800518 -343134
1558304801294 -343910
1558304801891 -334145
1558304802273 -407134
1558304802308 -407169
1558304802872 -335126
1558304807254 -349866
1558304809086 -413947
1558304811868 -304252
1558304812935 -345185
1558304813789 -346039
1558304818611 -297752
1558304819967 -424828
1558304821557 -313939
1558304822374 -301515
1558304829174 -321555
1558304830062 -322443
1558304835250 -440111
1558304835273 -440134
1558304838008 -330387
1558304839038 -331417
1558304844959 -323993
1558304846481 -325515
1558304847020 -339397
1558304847567 -339944
1558304848174 -340550
1558304850765 -343140
1558304851759 -344134
1558304858787 -337817
1558304859872 -464732
1558304865861 -344889
1558304868171 -473031
1558304870304 -298089
1558304870340 -349365
1558304876021 -303770
1558304877044 -356066
1558304878957 -306706
1558304881439 -313491
1558304884896 -316947
1558304888712 -320763
1558304890161 -317907
1558304891851 -319597
1558304892690 -320436
1558304893761 -325811
1558304900492 -328234
1558304902601 -330342
1558304904189 -509049
1558304911227 -516087
1558304916531 -301183
1558304917330 -301981
1558304918162 -302813
1558304920934 -352980
1558304922799 -527659
1558304923876 -355920
1558304929065 -361107
1558304930950 -535810
1558304931396 -316045
1558304932715 -308332
1558304933347 -317996
1558304933696 -309313
1558304934416 -539276
1558304934683 -310300
1558304936747 -321396
1558304941555 -317171
1558304943933 -328581
1558304948431 -324046
1558304949804 -334451
1558304955728 -331342
1558304956481 -332095
1558304956481 -332095
1558304958127 -333740
1558304958599 -343244
1558304961766 -566626
1558304961767 -566627
1558304961771 -566631
1558304965363 -305840
1558304965363 -305840
1558304967911 -343523
1558304968730 -344342
1558304972531 -348141
1558304973239 -348849
1558304974006 -314482
1558304976031 -316506
1558304977002 -581862
1558304978977 -319451
1558304984102 -307964
1558304984901 -308763
1558304986415 -310277
1558304987405 -311266
1558304989631 -330104
1558304997060 -320920
1558304997731 -602591
1558305003048 -326908
1558305007284 -612144
1558305016710 -621570
1558305020531 -344388
1558305023901 -312485
1558305026663 -350518
1558305027449 -351303
1558305027816 -316399
1558305030933 -635793
1558305030934 -635794
1558305030937 -635797
1558305033501 -357353
1558305035434 -359285
1558305038475 -327056
1558305040203 -645063
1558305047477 -336056
1558305049753 -338331
1558305054395 -659255
1558305054942 -322294
1558305054943 -322295
1558305059678 -664538
1558305068778 -308972
1558305069533 -674393
1558305069757 -309951
1558305075172 -342521
1558305075632 -315745
1558305078426 -683286
1558305079489 -346837
1558305080473 -347821
1558305082446 -349793
1558305082545 -322655
1558305084801 -352148
1558305091233 -331340
1558305091564 -696424
1558305092216 -332322
1558305095130 -699990
1558305103036 -343137
1558305105262 -710122
1558305109238 -300356
1558305110812 -301930
1558305117619 -308735
1558305118563 -723422
1558305121113 -341168
1558305127741 -731265
1558305139362 -359411
1558305139366 -359415
1558305140035 -743559
1558305141056 -332169
1558305142322 -302182
1558305142387 -745911
1558305142423 -745947
1558305142424 -745948
1558305143303 -303163
1558305147219 -307078
1558305147692 -338803
1558305148362 -308221
1558305151173 -342282
1558305151982 -343090
1558305151982 -343090
1558305152940 -344048
1558305155411 -758935
1558305156124 -315982
1558305163934 -309176
1558305164803 -310045
1558305166740 -311982
1558305168087 -771611
1558305174193 -319434
1558305175830 -321071
1558305176311 -336089
1558305181394 -326634
1558305181657 -341434
1558305183635 -343411
1558305187499 -347274
1558305189613 -334852
1558305192338 -337576
1558305195366 -355138
1558305197085 -342322
1558305198318 -358089
1558305203246 -303643
1558305205103 -305500
1558305205628 -306025
1558305206051 -304498
1558305207864 -306310
1558305208817 -307263
1558305218606 -317051
1558305227597 -327994
1558305229955 -330352
1558305231742 -332139
1558305236501 -840025
1558305242978 -341414
1558305242978 -341414
1558305246327 -849851
1558305252391 -352787
1558305255932 -303466
1558305256931 -357327
1558305258404 -358799
1558305262959 -310492
1558305263158 -363552
1558305266012 -313544
1558305271716 -322266
1558305281951 -885426
1558305283628 -334176
1558305287331 -337879
1558305290943 -341490
1558305291359 -338887
1558305292683 -343230
1558305293663 -344210
1558305296361 -343886
1558305300266 -347789
1558305300623 -904097
1558305300625 -904099
1558305303911 -308266
1558305307504 -358048
1558305309153 -359696
1558305309539 -313893
1558305312003 -316357
1558305312120 -316474
1558305313647 -917121
1558305315061 -319414
1558305316653 -920127
1558305318254 -309403
1558305329237 -320384
1558305329607 -333958
1558305333287 -936734
1558305333556 -337907
1558305337025 -328104
1558305343168 -347517
1558305358490 -349552
1558305359347 -350408
1558305361425 -352485
1558305368127 -359185
1558305370415 -361471
1558305373608 -975503
1558305376790 -334227
1558305383465 -340901
1558305385505 -315892
1558305385819 -343255
1558305386007 -343443
1558305389640 -991535
1558305392443 -322829
1558305393564 -995459
1558305399084 -305622
1558305399998 -306536
1558305400217 -330575
1558305407441 -337798
1558305407553 -337910
1558305412055 -318591
155