1558304396352 -3694
1558304397404 -4746
1558304402991 -8308
1558304406914 -12231
1558304407973 -15101
1558304408870 -14187
1558304419498 -26626
1558304420477 -25793
1558304420511 -25827
1558304424472 -29788
1558304426423 -28188
1558304431419 -33183
1558304435986 -43114
1558304436238 -38002
1558304437902 -45030
1558304438311 -40075
1558304441091 -42855
1558304445512 -52639
1558304445536 -52663
1558304452771 -54535
1558304460057 -66927
1558304462061 -68931
1558304470232 -71934
1558304481553 -87763
1558304482236 -83937
1558304482289 -88499
1558304483202 -89412
1558304487895 -94105
1558304488918 -90619
1558304494653 -93184
1558304494688 -100897
1558304496623 -95154
1558304501537 -107745
1558304503429 -109637
1558304505641 -104171
1558304520328 -118858
1558304520918 -127126
1558304524210 -122740
1558304525965 -124495
1558304529551 -135759
1558304532846 -131304
1558304535602 -141754
1558304554524 -152980
1558304554524 -152980
1558304556292 -154748
1558304558409 -156864
1558304560235 -158690
1558304560242 -158697
1558304564011 -162466
1558304566982 -165437
1558304566982 -165437
1558304573869 -180004
1558304576813 -172536
1558304581655 -187790
1558304581738 -177461
1558304582763 -178486
1558304587618 -183340
1558304589451 -185173
1558304590462 -186184
1558304591334 -197469
1558304597017 -203152
1558304597996 -204131
1558304599194 -205329
1558304599608 -195330
1558304599608 -195330
1558304603869 -210004
1558304612491 -218625
1558304618354 -222877
1558304619334 -223857
1558304623292 -227815
1558304624220 -228743
1558304637278 -232941
1558304638143 -242746
1558304640194 -244717
1558304641665 -246188
1558304647148 -241794
1558304647158 -241804
1558304657432 -261955
1558304658822 -253468
1558304659070 -263593
1558304659744 -254390
1558304661025 -265548
1558304663647 -268169
1558304664027 -258673
1558304664769 -259415
1558304665709 -270312
1558304672754 -277357
1558304673986 -278508
1558304677451 -272096
1558304679716 -274361
1558304682924 -287527
1558304684316 -275135
1558304684319 -275138
1558304690777 -295380
1558304692853 -283671
1558304695067 -277430
1558304698724 -281087
1558304700762 -283124
1558304702718 -285080
1558304705266 -309869
1558304705266 -287467
1558304705764 -288125
1558304705805 -279501
1558304706619 -288820
1558304712526 -287712
1558304713026 -317629
1558304718424 -282153
1558304725928 -330531
1558304725998 -330599
1558304728640 -290653
1558304731061 -294787
1558304736591 -341192
1558304736661 -341262
1558304738717 -283516
1558304741355 -286153
1558304741937 -286734
1558304749294 -294088
1558304753762 -358363
1558304754181 -288330
1558304757006 -291155
1558304757006 -291155
1558304759149 -293297
1558304759177 -293325
1558304760645 -365246
1558304764487 -369088
1558304766402 -371003
1558304768268 -300987
1558304768301 -372902
1558304775150 -307867
1558304775292 -379893
1558304775410 -380011
1558304776128 -308845
1558304776128 -308845
1558304776494 -299075
1558304782348 -304929
1558304782844 -315560
1558304789704 -394305
1558304789728 -291136
1558304789826 -394427
1558304789827 -394428
1558304790170 -282855
1558304792038 -293446
1558304793781 -286466
1558304796837 -289521
1558304803721 -408322
1558304806099 -298782
1558304812726 -314128
1558304815350 -419951
1558304819070 -292124
1558304821957 -295011
1558304823529 -284290
1558304824976 -298029
1558304842512 -315562
1558304842589 -303347
1558304842589 -303347
1558304844383 -305141
1558304845093 -449453
1558304846445 -307203
1558304846445 -307203
1558304853888 -458248
1558304860009 -305318
1558304861685 -466045
1558304864716 -312315
1558304867016 -314615
1558304869621 -314929
1558304872604 -317912
1558304877226 -481586
1558304880482 -292223
1558304882153 -300406
1558304882618 -294294
1558304886449 -304702
1558304889634 -301308
1558304894361 -312612
1558304895369 -313620
1558304898099 -316350
1558304905625 -317292
1558304907713 -291190
1558304912382 -516742
1558304917313 -317014
1558304919710 -319410
1558304920119 -303594
1558304920988 -525348
1558304920992 -525352
1558304922506 -322205
1558304923052 -306527
1558304924031 -307506
1558304925006 -308481
1558304930087 -313561
1558304932753 -537112
1558304937051 -290490
1558304943945 -548304
1558304944131 -548490
1558304944132 -548491
1558304944389 -297827
1558304948383 -317820
1558304950245 -303682
1558304950859 -320295
1558304951970 -556329
1558304956511 -309947
1558304958725 -297954
1558304959045 -312481
1558304960690 -299919
1558304961682 -300911
1558304963202 -567561
1558304967672 -306900
1558304967672 -306900
1558304969430 -308657
1558304969632 -292971
1558304970724 -575083
1558304972850 -312077
1558304980314 -293094
1558304982876 -295656
1558304984235 -307572
1558304984566 -297346
1558304985469 -298248
1558304987240 -300019
1558304987734 -592093
1558304996822 -291131
1558305000710 -313487
1558305005639 -609998
1558305007855 -320631
1558305018162 -312465
1558305020115 -314418
1558305020115 -314418
1558305020563 -298917
1558305024754 -319056
1558305025268 -303622
1558305027485 -305838
1558305029471 -307824
1558305030880 -291083
1558305036769 -296971
1558305037568 -315920
1558305038404 -316756
1558305038787 -643146
1558305039537 -299739
1558305045185 -649544
1558305048897 -309098
1558305051523 -311723
1558305054040 -302186
1558305057781 -662140
1558305058993 -307136
1558305062764 -292366
1558305063605 -311746
1558305076106 -294238
1558305078615 -296746
1558305080053 -684412
1558305082475 -312074
1558305088648 -306778
1558305089338 -693696
1558305093286 -293407
1558305093558 -697916
1558305097806 -297927
1558305100396 -300516
1558305102231 -302351
1558305103209 -291783
1558305103831 -708189
1558305103833 -708191
1558305107193 -711551
1558305107197 -711555
1558305109485 -298058
1558305109960 -298532
1558305116873 -305443
1558305117073 -721431
1558305117075 -721433
1558305117078 -721436
1558305117863 -306433
1558305118859 -307429
1558305121086 -309656
1558305121086 -297022
1558305121764 -297700
1558305123055 -311624
1558305126509 -730867
1558305126552 -302487
1558305126552 -302487
1558305131669 -307603
1558305131669 -290139
1558305135446 -739804
1558305138509 -742867
1558305138544 -742902
1558305141135 -298501
1558305141467 -745825
1558305143424 -301892
1558305144414 -302882
1558305146444 -304912
1558305148767 -307234
1558305150516 -308983
1558305151437 -755795
1558305154310 -312777
1558305154406 -758764
1558305161371 -292727
1558305167008 -294897
1558305167104 -768958
1558305167104 -768958
1558305167105 -768959
1558305167107 -768961
1558305170124 -771978
1558305175762 -303649
1558305179363 -310716
1558305182270 -310156
1558305182752 -784606
1558305182752 -784606
1558305182753 -784607
1558305185627 -286116
1558305187087 -287575
1558305187381 -285263
1558305187381 -285263
1558305190326 -290812
1558305190840 -288721
1558305191797 -289678
1558305195895 -293775
1558305197156 -297641
1558305201386 -301870
1558305203675 -301553
1558305211684 -309561
1558305215525 -283179
1558305216518 -287498
1558305220695 -288347
1558305221569 -292548
1558305228155 -295806
1558305228546 -296197
1558305230590 -298241
1558305232608 -834461
1558305235520 -837373
1558305244057 -315033
1558305244057 -315033
1558305245439 -847292
1558305248355 -850208
1558305249077 -296880
1558305256882 -304684
1558305260199 -862052
1558305263565 -311366
1558305264612 -305844
1558305265135 -306366
1558305267020 -314820
1558305267825 -315625
1558305267825 -309056
1558305269033 -870886
1558305279720 -290503
1558305280649 -291432
1558305281837 -883690
1558305287890 -298672
1558305292057 -893910
1558305294670 -305451
1558305297563 -315005
1558305297563 -308343
1558305299093 -297151
1558305300467 -284653
1558305302159 -300217
1558305302159 -300216
1558305303174 -301231
1558305310668 -308724
1558305312783 -914636
1558305314225 -312281
1558305314225 -312281
1558305315085 -313141
1558305316542 -918394
1558305321291 -301174
1558305324308 -308491
1558305326354 -928206
1558305326355 -928207
1558305328855 -308737
1558305329442 -931294
1558305329454 -931306
1558305330940 -310822
1558305332129 -282866
1558305332333 -934185
1558305332886 -283623
1558305333011 -283748
1558305337844 -317725
1558305341438 -290976
1558305341438 -292172
1558305343823 -945675
1558305343862 -945714
1558305352722 -30345