1558304395145 -350
1558304396409 -742
1558304397129 -3672
1558304399036 -4240
1558304399062 -5605
1558304399062 -5605
1558304399461 -3886
1558304401328 -5661
1558304402237 -6570
1558304405238 -9663
1558304407747 -14286
1558304416395 -22934
1558304417867 -22292
1558304418782 -23207
1558304420281 -26428
1558304420687 -25112
1558304421212 -26416
1558304421488 -25817
1558304428848 -34994
1558304430009 -35213
1558304432462 -36886
1558304434384 -38808
1558304436850 -42054
1558304436853 -42057
1558304438169 -41057
1558304440768 -44377
1558304441540 -47684
1558304443758 -46645
1558304443758 -46645
1558304444728 -47615
1558304447256 -53101
1558304447899 -51888
1558304449414 -53023
1558304451483 -55092
1558304452387 -55994
1558304455887 -61730
1558304458405 -61291
1558304459371 -62257
1558304460744 -66587
1558304461148 -64755
1558304463085 -66692
1558304464248 -67132
1558304465938 -69543
1558304471731 -75336
1558304472246 -76016
1558304475173 -78943
1558304475637 -79242
1558304480992 -84762
1558304481682 -85287
1558304481986 -85975
1558304483793 -87781
1558304484769 -88757
1558304484769 -88757
1558304485940 -87247
1558304488360 -91965
1558304488681 -89988
1558304489334 -92939
1558304489726 -93496
1558304490630 -91937
1558304494424 -98193
1558304501184 -101872
1558304501368 -102673
1558304502042 -101543
1558304505144 -106449
1558304509077 -112479
1558304509943 -109443
1558304510835 -110335
1558304517398 -120047
1558304518332 -120981
1558304520828 -122132
1558304524781 -128181
1558304525602 -126335
1558304526514 -127247
1558304526966 -131647
1558304527487 -128220
1558304527502 -130902
1558304529196 -131845
1558304530073 -132722
1558304530301 -129798
1558304532198 -131695
1558304532198 -131695
1558304532386 -132589
1558304533692 -138373
1558304535430 -134927
1558304537716 -140364
1558304538867 -138364
1558304539383 -139585
1558304539452 -139654
1558304543601 -146249
1558304543955 -144156
1558304545958 -146159
1558304550613 -148195
1558304553378 -156026
1558304555709 -155908
1558304557625 -157824
1558304559630 -159829
1558304560552 -160751
1558304561186 -158766
1558304562347 -163080
1558304563958 -164395
1558304564157 -161737
1558304564329 -165061
1558304565419 -165618
1558304566285 -167015
1558304567250 -167980
1558304568031 -165610
1558304569570 -169504
1558304571790 -172227
1558304571950 -169529
1558304573143 -173870
1558304575268 -175202
1558304580058 -180785
1558304580058 -179992
1558304580956 -180890
1558304584092 -184819
1558304587470 -184161
1558304587776 -188503
1558304588067 -192740
1558304589590 -190317
1558304590386 -187077
1558304590579 -190512
1558304591749 -192476
1558304595435 -192125
1558304595435 -192125
1558304595740 -196467
1558304597047 -197484
1558304602257 -202983
1558304603892 -204326
1558304604871 -205305
1558304605192 -205918
1558304607301 -208027
1558304609896 -210622
1558304610953 -211387
1558304610953 -211387
1558304612141 -209355
1558304615803 -213017
1558304617092 -214306
1558304617180 -214394
1558304619395 -219829
1558304620375 -220808
1558304622206 -219420
1558304622532 -222965
1558304623590 -221641
1558304623615 -221666
1558304624609 -221821
1558304626545 -223757
1558304631358 -229408
1558304632574 -232118
1558304632574 -230624
1558304632885 -228131
1558304635838 -235382
1558304636306 -233518
1558304637069 -235119
1558304637120 -234332
1558304642693 -242237
1558304645272 -244816
1558304645272 -240518
1558304645272 -240518
1558304647584 -247128
1558304649759 -247809
1558304649831 -246864
1558304650811 -247844
1558304652112 -250162
1558304657510 -257053
1558304660130 -259673
1558304661943 -266616
1558304662087 -261630
1558304662099 -261642
1558304662316 -260366
1558304664593 -255840
1558304665061 -264604
1558304666092 -260971
1558304666242 -264266
1558304669465 -260709
1558304674405 -266277
1558304675145 -267017
1558304677744 -275704
1558304677808 -263914
1558304679017 -263998
1558304679017 -265122
1558304679519 -261973
1558304679974 -266078
1558304682054 -286724
1558304682059 -286729
1558304682550 -268653
1558304683441 -268420
1558304684740 -267193
1558304685494 -271595
1558304685720 -268173
1558304687193 -269646
1558304690381 -276481
1558304690528 -270804
1558304692829 -277801
1558304693472 -278443
1558304694323 -280420
1558304698819 -283789
1558304698819 -279092
1558304699696 -267878
1558304700375 -280647
1558304701359 -269541
1558304702540 -307210
1558304704436 -277348
1558304705372 -285642
1558304707925 -276405
1558304707937 -276417
1558304712084 -280564
1558304712910 -281090
1558304713672 -283423
1558304714666 -284417
1558304718498 -279681
1558304718553 -288304
1558304719482 -280665
1558304721855 -290333
1558304723021 -291499
1558304724541 -285724
1558304725339 -286522
1558304731034 -292216
1558304731040 -292222
1558304731204 -290803
1558304731472 -280441
1558304734184 -283152
1558304734829 -296546
1558304735312 -296493
1558304735580 -284548
1558304737091 -296689
1558304741198 -289713
1558304743338 -292303
1558304743963 -294328
1558304744858 -295223
1558304745156 -294121
1558304747956 -296920
1558304747956 -296920
1558304749661 -300025
1558304751289 -291940
1558304751549 -300513
1558304751821 -292472
1558304752047 -299331
1558304754341 -294991
1558304757093 -297743
1558304758036 -288509
1558304758623 -299273
1558304759385 -290335
1558304760209 -300858
1558304760484 -290957
1558304762455 -292927
1558304762819 -367489
1558304763310 -278541
1558304763450 -293922
1558304765694 -306343
1558304766691 -297633
1558304772596 -287826
1558304775162 -305632
1558304775697 -301188
1558304775829 -291058
1558304776786 -292015
1558304777107 -307577
1558304777641 -303132
1558304780066 -305556
1558304783654 -298880
1558304786095 -284067
1558304786808 -284780
1558304790392 -288364
1558304793650 -282976
1558304794427 -283752
1558304795876 -400545
1558304796218 -285543
1558304798691 -294489
1558304799562 -295364
1558304801429 -297227
1558304805352 -301149
1558304805353 -303323
1558304806142 -295465
1558304807045 -305014
1558304808884 -304684
1558304811544 -307344
1558304813097 -311065
1558304813279 -309075
1558304813879 -303201
1558304814716 -304038
1558304815627 -290237
1558304819527 -308847
1558304819797 -315592
1558304824787 -292411
1558304824943 -429612
1558304824944 -429613
1558304825658 -293282
1558304826298 -294931
1558304827282 -295915
1558304829562 -298195
1558304829907 -297530
1558304830634 -299267
1558304831280 -299913
1558304831280 -299912
1558304832174 -300806
1558304835015 -309622
1558304835021 -301986
1558304838084 -312690
1558304839626 -308257
1558304840519 -308141
1558304841277 -308899
1558304845056 -312677
1558304846397 -303508
1558304847233 -304344
1558304847553 -315174
1558304849670 -293061
1558304850764 -289238
1558304852910 -457579
1558304853438 -310548
1558304854499 -297889
1558304854676 -293150
1558304856898 -314008
1558304857752 -314862
1558304859437 -302826
1558304859632 -298105
1558304860552 -299025
1558304860770 -465439
1558304861264 -295995
1558304868094 -302824
1558304868688 -473357
1558304872196 -310667
1558304872426 -315814
1558304874934 -318321
1558304875772 -303989
1558304876231 -480481
1558304877715 -305931
1558304878693 -313422
1558304878693 -313422
1558304880787 -289186
1558304882882 -284725
1558304883683 -311898
1558304884922 -489172
1558304885534 -287377
1558304886566 -296073
1558304886583 -296090
1558304888830 -290673
1558304888830 -298337
1558304889290 -297685
1558304890208 -298603
1558304891581 -319793
1558304896153 -297994
1558304896214 -305720
1558304897149 -306655
1558304898099 -299940
1558304899875 -301716
1558304899875 -309380
1558304904926 -306766
1558304907890 -301930
1558304907890 -287285
1558304908647 -302686
1558304911106 -289302
1558304916036 -294231
1558304917298 -296692
1558304917298 -295493
1558304917910 -297304
1558304918978 -297173
1558304921420 -300813
1558304921798 -299992
1558304924324 -318297
1558304925547 -303741
1558304927201 -302808
1558304927201 -306594
1558304928672 -308065
1558304929081 -307274
1558304931166 -295333
1558304932082 -536332
1558304932128 -307734
1558304932391 -310583
1558304933128 -312520
1558304933132 -312524
1558304939186 -314791
1558304939965 -304131
1558304940212 -290338
1558304940370 -544620
1558304943297 -547547
1558304943700 -289182
1558304948798 -294279
1558304949581 -313746
1558304951195 -555445
1558304951524 -296880
1558304956705 -302185
1558304959614 -309737
1558304962635 -566885
1558304963250 -308604
1558304964987 -302892
1558304966622 -304527
1558304967580 -291458
1558304969459 -293337
1558304970102 -315581
1558304970110 -574360
1558304974042 -297919
1558304976011 -291484
1558304976984 -292457
1558304977989 -582239
1558304980909 -296382
1558304983829 -295427
1558304984400 -299872
1558304987598 -303963
1558304989415 -305780
1558304992315 -307786
1558304993150 -294293
1558304994060 -295202
1558304998241 -314605
1558305005340 -298328
1558305006325 -299313
1558305006947 -288470
1558305011051 -304038
1558305013080 -294602
1558305014240 -307227
1558305015773 -305848
1558305017726 -621976
1558305017752 -622002
1558305018516 -300037
1558305020109 -297254
1558305020686 -310760
1558305020911 -313897
1558305021090 -298235
1558305025183 -315257
1558305025635 -302779
1558305026351 -303495
1558305031736 -298321
1558305035044 -312187
1558305036965 -314108
1558305036965 -314108
1558305037460 -297293
1558305039784 -286858
1558305040423 -307007
1558305042392 -308976
1558305044518 -648767
1558305044519 -648768
1558305047299 -294858
1558305050706 -287539
1558305051149 -298707
1558305051732 -298801
1558305052996 -312827
1558305055181 -292013
1558305056377 -660626
1558305057562 -305119
1558305058132 -294964
1558305058133 -294965
1558305062079 -291637
1558305062751 -309817
1558305062751 -309817
1558305064749 -311815
1558305064749 -311814
1558305065706 -295263
1558305067237 -314793
1558305067543 -297100
1558305067802 -304632
1558305069513 -299070
1558305070183 -317739
1558305070488 -674737
1558305070514 -674763
1558305076971 -306527
1558305076971 -313800
1558305078801 -295989
1558305081569 -284353
1558305086440 -303627
1558305088289 -288121
1558305088289 -288121
1558305089085 -288917
1558305090257 -293040
1558305094927 -294757
1558305095590 -314901
1558305099174 -293172
1558305099174 -293172
1558305100041 -302822
1558305100197 -300026
1558305101641 -295639
1558305101912 -301741
1558305102521 -296519
1558305103454 -297452
1558305106456 -710705
1558305114871 -305787
1558305115417 -315244
1558305116162 -310158
1558305123725 -306130
1558305125077 -289090
1558305125323 -295014
1558305129018 -293030
1558305131600 -301290
1558305133237 -301606
1558305134038 -302407
1558305135728 -299739
1558305137172 -289506
1558305137371 -305739
1558305138885 -308574
1558305138885 -308574
1558305140839 -310528
1558305141077 -293410
1558305142283 -310650
1558305142801 -312490
1558305144132 -748381
1558305144257 -312624
1558305149123 -313133
1558305149657 -297823
1558305155625 -297183
1558305158971 -300529
1558305162489 -296273
1558305165902 -314065
1558305167902 -316064
1558305169162 -773411
1558305170468 -312023
1558305174433 -315988
1558305174703 -302230
1558305175387 -299241
1558305179758 -784007
1558305179766 -784015
1558305181106 -306202
1558305182646 -786895
1558305188530 -296092
1558305189220 -296782
1558305190506 -314357
1558305192361 -290012
1558305193223 -318312
1558305194316 -291966
1558305194851 -302412
1558305196144 -301919
1558305196399 -800648
1558305201900 -307675
1558305203847 -301493
1558305204517 -302162
1558305206744 -314302
1558305206918 -312692
1558305207185 -811431
1558305207727 -279367
1558305208572 -316130
1558305209460 -317018
1558305210225 -814471
1558305211838 -289470
1558305214209 -305202
1558305214849 -312490
1558305216134 -307126
1558305216591 -307583
1558305216924 -294555
1558305218638 -290276
1558305219060 -823306
1558305220718 -292356
1558305221581 -312573
1558305221657 -312649
1558305227192 -318183
1558305228097 -299422
1558305231110 -302747
1558305236120 -313748
1558305239163 -300110
1558305239163 -310798
1558305239436 -310760
1558305240115 -301062
1558305241315 -302261
1558305242159 -284638
1558305242327 -284806
1558305244212 -315534
1558305244584 -848830
1558305245132 -287610
1558305246844 -307788
1558305250127 -304017
1558305254416 -315358
1558305256677 -304163
1558305256921 -310810
1558305257095 -861341
1558305260481 -292508
1558305263226 -310711
1558305265959 -290705
1558305267746 -310220
1558305268467 -300493
1558305269451 -301476
1558305269690 -294435
1558305270556 -318040
1558305270556 -278793
1558305271431 -300412
1558305271431 -300412
1558305271806 -296551
1558305274172 -298917
1558305274172 -306197
1558305274409 -282645
1558305275322 -304303
1558305277821 -306802
1558305277821 -306802
1558305277821 -286056
1558305278419 -310443
1558305279594 -304337
1558305279738 -304481
1558305281395 -289630
1558305281395 -306138
1558305281536 -289771
1558305291107 -292869
1558305291934 -293696
1558305291985 -293747
1558305292519 -317259
1558305298785 -300546
1558305298785 -300546
1558305298901 -903147
1558305298902 -903148
1558305300270 -295249
1558305301537 -303298
1558305303584 -305345
1558305304306 -298783
1558305308060 -302536
1558305312870 -307845
1558305312870 -307845
1558305316418 -318177
1558305316418 -318177
1558305316891 -298884
1558305317216 -311691
1558305320623 -302615
1558305321660 -294091
1558305322309 -294740
1558305325450 -929696
1558305326596 -295322
1558305327086 -291084
1558305327908 -309899
1558305328335 -932581
1558305329913 -293910
1558305330662 -312652
1558305333210 -305638
1558305338880 -307605
1558305338880 -295502
1558305340251 -308976
1558305340251 -296873
1558305340745 -313172
1558305341574 -305569
1558305342441 -314868
1558305344082 -312806
1558305346580 -950826
1558305351356 -307977
1558305351571 -289680
1558305352786 -316780
1558305353601 -291710
1558305353923 -310543
1558305354825 -289506
1558305355735 -959981
1558305355932 -960178
1558305356391 -294500
1558305357444 -295553
1558305357444 -295553
1558305357444 -295552
1558305358605 -962851
1558305361320 -291548
1558305362320 -292547
1558305362552 -966798
1558305366868 -300831
1558305367751 -305858
1558305368497 -298724
1558305368497 -303176
1558305369190 -303868
1558305369698 -304376
1558305370266 -304228
1558305370710 -304672
1558305370710 -304672
1558305371675 -306353
1558305376837 -311514
1558305377336 -315442
1558305378373 -316479
1558305379244 -317350
1558305383786 -291824
1558305383786 -291823
1558305386662 -316886
1558305386662 -295200
1558305387100 -317324
1558305387389 -295425
1558305387389 -295927
1558305388114 -322790
1558305388787 -993033
1558305390895 -295308
1558305391200 -321424
1558305395452 -999698
1558305398405 -303205
1558305398405 -306942
1558305401758 -310294
1558305402160 -306959
1558305403002 -307414
1558305405147 -313180
1558305405707 -1009953
1558305407131 -311929
1558305408268 -313066
1558305408628 -1012874
1558305411284 -319819
1558305413996 -318407
1558305414192 -318989
1558305414830 -319627
1558305415031 -319828
1558305415172 -297794
1558305416762 -321559
1558305418139 -1022385
1558305418943 -1023189
1558305419584 -297634
1558305421071 -1025317
1558305426608 -304785
1558305427690 -305867
1558305430067 -305021
1558305430715 -308891
1558305431751 -309927
1558305432040 -1036286
1558305432568 -307521
1558305434064 -1038310
1558305439786 -317831
1558305439786 -314737
1558305442448 -320492
1558305443085 -321129
1558305444224 -322398
1558305445271 -1049517
1558305447676 -295553
1558305450400 -290718
1558305450540 -290858
1558305451584 -291902
1558305454543 -306618
1558305455630 -307705
1558305456306 -308381
1558305456306 -308381
1558305456770 -309519
1558305457166 -309241
1558305457166 -309915
1558305459912 -307787
1558305461730 -302047
1558305461730 -314478
1558305463932 -311806
1558305464801 -317549
1558305468376 -321123
1558305472344 -296880
1558305473003 -313318
1558305474241 -322114
1558305474454 -1078700
1558305475879 -316194
1558305475879 -300414
1558305477383 -1081628
1558305477619 -317933
1558305480922 -305457
1558305483691 -324005
1558305484177 -294259
1558305484664 -316739
1558305485853 -1090098
1558305486394 -308915
1558305487230 -297312
1558305488320 -312851
1558305489321 -311842
1558305489761 -1091684
1558305489789 -1091712
1558305494356 -318885
1558305495262 -301998
1558305495805 -305886
1558305498772 -308852
1558305498773 -321293
1558305500592 -299905
1558305501892 -308625
1558305504681 -311413
1558305505495 -315575
1558305507310 -317389
1558305511224 -300669
155830551