1558304397180 -23576
1558304400305 -7648
1558304404430 -8463
1558304405128 -12296
1558304407103 -14271
1558304408010 -15178
1558304408039 -15207
1558304408316 -12349
1558304411892 -19060
1558304414791 -21959
1558304418383 -44762
1558304418516 -25684
1558304420519 -27687
1558304420813 -24845
1558304422282 -48661
1558304426669 -29837
1558304428232 -35399
1558304429247 -36414
1558304434060 -41227
1558304437385 -40550
1558304437385 -40550
1558304438476 -41641
1558304439584 -65916
1558304440671 -47838
1558304445412 -71743
1558304446382 -72713
1558304448324 -74654
1558304451544 -58435
1558304452244 -78562
1558304453858 -57020
1558304454274 -61165
1558304456828 -57260
1558304458161 -65051
1558304461070 -67960
1558304461899 -88217
1558304461937 -88255
1558304463823 -70710
1558304466418 -66850
1558304466740 -73627
1558304467375 -67807
1558304468562 -94503
1558304470506 -96284
1558304475206 -75636
1558304475477 -82362
1558304477308 -103086
1558304480334 -87219
1558304480334 -87219
1558304484964 -85393
1558304488809 -114347
1558304493659 -118801
1558304498518 -123449
1558304501485 -101294
1558304502516 -108715
1558304506315 -106124
1558304511106 -117305
1558304512932 -137611
1558304513045 -119244
1558304514015 -120214
1558304514875 -139485
1558304517143 -116951
1558304518866 -118673
1558304521801 -121544
1558304521803 -121546
1558304521805 -121548
1558304522664 -146790
1558304522778 -122521
1558304523638 -147764
1558304523846 -129187
1558304524874 -124617
1558304524912 -124655
1558304525744 -131943
1558304525808 -131149
1558304525864 -131205
1558304532547 -137888
1558304533194 -157320
1558304533528 -133271
1558304536421 -142552
1558304538061 -162187
1558304538151 -144282
1558304542038 -148169
1558304542945 -166888
1558304547059 -146801
1558304547060 -146802
1558304548033 -147775
1558304550858 -156989
1558304552786 -158917
1558304552922 -152664
1558304557309 -180576
1558304558458 -181725
1558304558885 -158627
1558304558905 -158647
1558304560366 -166497
1558304563160 -186427
1558304567576 -172917
1558304567612 -172953
1558304572029 -178160
1558304576568 -199783
1558304583368 -206451
1558304583952 -188477
1558304591845 -189224
1558304592115 -214964
1558304606237 -229085
1558304608520 -231368
1558304609149 -206112
1558304609149 -206112
1558304613409 -236054
1558304616948 -232680
1558304618563 -223087
1558304627705 -243435
1558304627850 -243580
1558304629863 -242104
1558304634760 -247001
1558304639935 -235078
1558304641642 -253881
1558304642576 -254814
1558304645566 -240709
1558304652332 -247474
1558304659303 -263792
1558304661034 -266375
1558304665225 -266914
1558304669795 -282019
1558304671412 -276753
1558304672009 -273698
1558304672562 -284781
1558304675498 -287714
1558304676470 -288686
1558304677997 -283338
1558304679031 -280719
1558304679542 -268273
1558304684990 -290331
1558304690450 -292138
1558304693648 -295336
1558304694980 -300321
1558304695319 -297007
1558304695865 -284500
1558304698597 -300285
1558304699531 -301219
1558304702704 -291337
1558304702942 -304630
1558304702955 -304643
1558304705785 -294418
1558304708133 -313474
1558304708134 -313475
1558304710917 -283282
1558304710917 -283282
1558304713124 -277641
1558304714242 -319583
1558304714247 -319588
1558304716053 -304684
1558304716054 -317742
1558304716465 -280981
1558304716651 -305281
1558304717736 -319423
1558304723108 -324795
1558304724873 -289388
1558304729091 -293605
1558304730615 -295128
1558304731537 -296050
1558304731548 -336889
1558304731549 -336890
1558304731550 -336891
1558304732117 -300869
1558304732519 -287376
1558304733594 -302346
1558304735678 -290535
1558304736448 -291305
1558304737740 -301061
1558304738546 -343887
1558304745393 -308713
1558304747179 -288436
1558304749033 -354374
1558304754430 -323179
1558304754962 -360303
1558304756973 -325722
1558304759009 -300264
1558304760303 -329051
1558304762128 -367469
1558304762201 -367542
1558304762337 -367678
1558304765768 -307022
1558304767382 -336129
1558304768699 -332015
1558304769079 -337825
1558304769605 -374945
1558304769613 -374953
1558304771247 -280547
1558304771431 -311113
1558304774564 -337878
1558304777229 -382569
1558304777234 -382574
1558304780618 -312665
1558304780881 -320557
1558304783363 -315408
1558304787248 -296544
1558304788020 -297316
1558304788593 -393933
1558304788620 -393960
1558304791023 -323067
1558304793333 -302628
1558304793648 -333318
1558304794095 -326138
1558304795409 -400749
1558304795492 -400832
1558304795498 -400838
1558304795502 -400842
1558304797100 -336769
1558304797700 -306993
1558304799364 -339030
1558304800268 -339934
1558304807047 -346710
1558304807651 -339692
1558304808852 -348514
1558304809106 -414446
1558304809111 -414451
1558304813168 -352829
1558304813168 -352829
1558304819050 -302481
1558304819220 -351256
1558304819975 -425315
1558304821652 -312577
1558304822092 -315645
1558304822752 -316305
1558304823585 -317138
1558304825300 -318853
1558304826269 -319821
1558304827702 -433042
1558304830375 -321298
1558304832912 -323835
1558304835069 -328620
1558304835329 -440669
1558304835357 -440697
1558304836035 -329586
1558304836049 -329600
1558304836646 -327568
1558304839847 -301247
1558304840729 -331651
1558304841411 -302811
1558304843172 -448512
1558304843333 -304732
1558304843333 -304732
1558304846338 -307737
1558304847683 -309082
1558304848351 -309750
1558304849145 -310544
1558304850015 -311413
1558304851846 -457186
1558304851853 -457193
1558304851854 -457194
1558304852511 -346058
1558304853271 -344191
1558304856007 -346927
1558304858312 -349231
1558304859183 -350102
1558304859926 -465266
1558304859936 -465276
1558304865617 -359159
1558304868364 -473704
1558304868586 -299120
1558304872422 -312181
1558304873282 -315582
1558304875393 -480733
1558304875394 -480734
1558304876246 -306779
1558304877222 -307755
1558304878200 -308732
1558304882690 -322447
1558304884063 -489403
1558304885578 -327876
1558304889898 -332196
1558304891162 -295404
1558304892569 -495551
1558304892854 -495836
1558304893850 -298092
1558304897595 -301836
1558304903971 -346267
1558304904267 -507249
1558304905936 -348231
1558304906396 -310636
1558304908293 -350588
1558304911317 -514299
1558304912261 -316500
1558304917015 -296515
1558304919272 -358925
1558304921882 -296108
1558304927579 -307078
1558304928367 -302593
1558304929314 -313778
1558304930148 -314612
1558304930992 -315456
1558304931419 -534401
1558304932776 -317239
1558304934110 -313607
1558304934646 -537628
1558304934648 -537630
1558304936091 -310316
1558304936345 -320808
1558304939554 -313778
1558304941764 -321261
1558304942671 -545653
1558304943716 -323212
1558304950147 -553129
1558304950199 -553181
1558304950202 -553184
1558304952509 -332004
1558304956144 -335639
1558304957970 -299238
1558304958636 -561618
1558304958637 -561619
1558304958917 -300185
1558304958917 -300185
1558304960336 -339829
1558304962248 -565230
1558304965698 -345190
1558304967056 -351511
1558304969426 -572408
1558304969941 -349431
1558304974193 -358645
1558304975836 -355324
1558304977243 -580225
1558304977245 -580227
1558304977247 -580229
1558304978575 -363024
1558304978744 -358231
1558304984736 -295868
1558304985430 -296562
1558304985699 -316490
1558304989274 -592256
1558304989293 -592275
1558304991689 -302820
1558304991976 -322767
1558304992969 -323760
1558304997927 -309057
1558304997929 -600911
1558304997930 -600912
1558305000883 -321391
1558305002080 -313210
1558305002534 -333323
1558305004966 -335755
1558305005624 -326087
1558305005804 -316933
1558305005945 -336734
1558305006783 -317912
1558305006925 -337714
1558305007519 -610501
1558305007520 -610502
1558305007579 -328041
1558305008555 -329017
1558305010598 -331060
1558305011960 -332422
1558305012116 -332578
1558305017038 -620020
1558305019327 -339788
1558305019730 -622712
1558305019736 -622718
1558305019739 -622721
1558305020389 -301354
1558305021433 -352219
1558305023960 -304925
1558305027776 -630758
1558305029987 -350445
1558305030235 -311198
1558305030235 -311198
1558305031216 -312179
1558305031956 -352413
1558305033808 -314771
1558305034724 -305469
1558305034724 -305469
1558305034921 -315884
1558305035898 -356354
1558305038843 -359297
1558305040420 -643402
1558305040425 -643407
1558305042874 -293737
1558305043594 -646576
1558305043852