1558304398004 -3138
1558304399087 -4031
1558304401463 -5720
1558304403038 -8171
1558304405312 -9569
1558304408867 -13999
1558304408936 -13877
1558304409914 -14855
1558304409914 -14855
1558304410819 -15951
1558304410862 -15803
1558304412787 -17728
1558304415103 -19358
1558304415701 -20642
1558304416676 -21808
1558304423733 -27986
1558304424363 -26462
1558304424363 -26609
1558304424719 -28972
1558304425283 -27529
1558304429677 -33930
1558304431285 -33531
1558304431356 -33602
1558304431694 -35947
1558304433558 -37810
1558304434090 -36189
1558304434544 -38796
1558304435585 -39837
1558304440336 -44588
1558304441454 -45706
1558304444672 -46771
1558304444690 -46932
1558304445088 -49286
1558304447662 -49903
1558304449604 -51845
1558304451598 -53696
1558304452470 -54568
1558304453435 -54818
1558304453501 -55742
1558304455406 -56788
1558304457528 -59766
1558304467912 -69293
1558304468929 -70205
1558304469466 -73662
1558304473909 -75184
1558304474258 -78454
1558304474745 -76126
1558304475711 -77092
1558304475767 -77042
1558304476185 -80381
1558304478347 -82543
1558304478748 -80023
1558304481083 -85279
1558304484561 -85834
1558304485782 -87055
1558304486508 -87887
1558304487442 -88821
1558304490120 -94314
1558304495562 -99756
1558304498498 -102692
1558304499005 -97838
1558304499009 -97842
1558304499976 -98809
1558304501189 -100146
1558304501504 -105698
1558304501998 -100955
1558304502910 -101742
1558304503884 -102716
1558304506883 -105840
1558304507296 -111490
1558304508849 -107806
1558304510020 -108977
1558304513496 -112328
1558304514481 -113313
1558304515933 -120127
1558304519362 -118194
1558304519433 -118389
1558304528913 -133106
1558304530219 -129173
1558304530608 -131647
1558304531186 -129263
1558304535172 -133333
1558304535384 -133461
1558304536158 -134235
1558304536158 -134319
1558304538258 -139297
1558304539509 -140548
1558304539813 -137973
1558304542304 -147017
1558304544123 -145162
1558304546130 -147169
1558304547645 -145720
1558304548512 -146671
1558304548620 -146695
1558304556418 -154493
1558304557401 -155475
1558304558395 -154388
1558304558515 -156588
1558304560805 -165517
1558304561587 -162625
1558304562016 -158004
1558304562114 -160187
1558304562125 -160198
1558304564481 -165519
1558304565091 -161079
1558304565940 -161928
1558304566021 -164094
1558304567001 -165074
1558304569908 -165896
1558304571892 -167954
1558304575907 -171969
1558304579383 -180360
1558304579737 -175723
1558304579827 -175889
1558304582093 -183070
1558304582546 -178532
1558304582639 -178699
1558304594192 -189689
1558304597015 -192561
1558304597120 -192617
1558304598524 -199500
1558304598524 -199500
1558304599248 -194745
1558304600922 -196467
1558304601462 -202438
1558304607757 -203302
1558304611187 -206683
1558304614981 -215956
1558304615527 -211023
1558304620440 -215936
1558304628412 -223174
1558304628672 -223433
1558304629273 -224034
1558304629672 -227539
1558304629693 -227560
1558304630588 -235299
1558304631592 -229459
1558304635340 -233207
1558304635880 -230641
1558304639881 -237748
1558304640266 -234998
1558304653056 -250922
1558304654344 -249075
1558304657419 -255284
1558304659062 -253793
1558304661014 -255745
1558304662147 -266858
1558304662367 -267078
1558304668493 -263102
1558304669051 -263660
1558304669201 -263803
1558304674067 -266992
1558304674443 -272173
1558304675305 -273035
1558304676654 -269466
1558304677737 -270659
1558304679331 -272252
1558304682110 -286821
1558304685380 -278298
1558304687288 -285017
1558304688017 -285746
1558304690730 -288459
1558304695048 -278354
1558304695153 -280306
1558304695886 -300597
1558304701479 -299208
1558304702030 -287180
1558304709152 -313863
1558304710787 -285963
1558304710787 -307764
1558304711291 -308268
1558304712577 -280429
1558304714441 -278445
1558304717243 -314220
1558304718925 -323636
1558304718945 -323656
1558304719319 -283322
1558304720395 -288246
1558304724395 -292245
1558304726731 -302193
1558304728401 -303863
1558304728701 -304163
1558304729241 -293243
1558304730102 -297950
1558304730102 -297950
1558304730979 -298827
1558304731456 -306917
1558304732536 -337246
1558304734681 -287785
1558304736404 -311865
1558304741489 -294782
1558304744734 -297835
1558304745546 -298838
1558304745546 -298838
1558304746141 -321600
1558304746326 -351036
1558304746327 -351037
1558304746379 -351089
1558304747584 -300685
1558304749542 -302643
1558304749608 -354318
1558304754266 -290851
1558304757201 -293786
1558304757474 -302020
1558304759883 -364593
1558304761992 -283290
1558304762968 -284266
1558304765648 -286946
1558304766863 -342318
1558304772950 -294247
1558304774586 -379296
1558304774676 -295972
1558304775493 -296789
1558304779113 -281962
1558304780696 -283545
1558304781971 -297971
1558304782132 -386842
1558304784396 -287244
1558304786279 -302278
1558304786920 -289767
1558304787941 -303940
1558304788307 -291154
1558304788804 -304803
1558304789072 -393782
1558304789084 -393794
1558304789278 -292125
1558304794329 -297175
1558304795162 -298008
1558304795653 -311651
1558304796125 -400835
1558304796137 -400847
1558304797605 -313602
1558304798854 -301699
1558304802345 -318342
1558304807573 -310367
1558304810152 -326146
1558304811413 -281320
1558304814284 -330276
1558304814573 -287330
1558304816481 -289237
1558304817349 -287255
1558304817893 -422603
1558304819923 -335913
1558304823440 -296195
1558304824997 -294902
1558304825973 -295878
1558304830718 -346704
1558304832470 -348455
1558304834770 -304674
1558304834889 -307643
1558304834890 -307644
1558304836725 -306628
1558304840643 -356625
1558304843556 -313458
1558304844179 -448887
1558304846107 -314227
1558304846107 -314227
1558304846986 -302901
1558304857026 -312939
1558304860977 -287241
1558304860977 -287241
1558304861954 -288218
1558304862615 -330732
1558304865936 -334053
1558304866307 -300100
1558304866736 -334853
1558304869236 -473944
1558304869323 -474031
1558304872995 -306787
1558304873206 -299468
1558304873852 -341968
1558304875255 -343370
1558304876426 -481134
1558304877427 -303688
1558304879065 -347180
1558304882346 -350460
1558304886883 -354995
1558304893881 -294865
1558304893881 -294865
1558304897928 -305705
1558304897928 -305705
1558304900890 -308667
1558304901062 -310347
1558304901948 -302931
1558304904620 -305602
1558304909859 -317635
1558304910718 -318493
1558304912134 -321418
1558304916574 -317555
1558304916574 -317555
1558304920093 -290934
1558304920603 -525311
1558304920684 -525392
1558304922725 -332007
1558304923025 -293866
1558304924003 -294844
1558304928128 -337408
1558304928534 -299375
1558304930643 -339922
1558304932432 -536088
1558304932506 -341784
1558304937307 -308148
1558304938198 -315766
1558304940515 -544171
1558304941426 -312267
1558304942113 -351386
1558304943540 -291862
1558304943883 -547539
1558304947491 -356761
1558304949424 -297746
1558304950247 -298359
1558304951463 -555119
1558304955101 -303711
1558304956576 -304687
1558304959096 -307207
1558304961060 -309171
1558304966120 -314230
1558304966355 -314674
1558304967108 -315427
1558304967939 -286473
1558304967940 -286474
1558304968339 -316945
1558304970364 -574020
1558304971274 -319879
1558304974740 -293273
1558304976634 -295262
1558304976791 -295323
1558304977141 -325744
1558304978969 -582625
1558304980571 -299198
1558304983857 -302484
1558304983998 -332601
1558304983998 -302527
1558304986909 -335511
1558304987140 -590796
1558304988430 -307056
1558304988880 -337482
1558304989716 -338318
1558304993866 -312392
1558304994298 -312923
1558304995329 -313854
1558304995329 -313854
1558304995859 -599515
1558304996301 -314826
1558305001875 -350477
1558305002046 -290489
1558305005350 -609006
1558305008599 -612255
1558305008640 -612296
1558305008642 -612297
1558305010553 -301413
1558305012354 -300795
1558305015620 -304061
1558305020017 -310875
1558305020538 -308978
1558305021189 -624844
1558305021528 -309968
1558305021694 -310036
1558305021983 -312841
1558305026308 -314650
1558305028578 -632233
1558305028601 -632256
1558305028866 -319723
1558305034001 -296151
1558305035083 -293356
1558305035083 -325939
1558305035276 -326132
1558305037686 -328541
1558305041037 -299304
1558305041655 -645310
1558305044152 -306300
1558305045059 -648714
1558305051584 -342435
1558305054967 -287021
1558305056940 -288993
155830505