1558304402256 -6996
1558304409077 -13793
1558304410133 -14849
1558304441955 -44444
1558304447736 -50225
1558304453623 -56110
1558304455554 -58041
1558304462376 -63424
1558304468033 -69080
1558304471445 -99928
1558304471941 -72987
1558304474025 -75071
1558304482720 -83765
1558304484873 -113356
1558304490536 -91579
1558304496258 -95383
1558304512862 -111987
1558304519570 -118695
1558304519586 -118711
1558304520810 -119935
1558304523018 -151501
1558304524632 -123757
1558304534256 -133380
1558304538953 -136835
1558304548759 -146638
1558304556563 -154440
1558304556589 -154466
1558304561305 -159182
1558304565381 -163258
1558304565453 -163329
1558304574075 -171951
1558304576088 -173964
1558304580886 -177408
1558304584958 -181480
1558304585737 -182259
1558304595651 -192171
1558304602231 -198750
1558304603229 -199748
1558304603610 -232093
1558304604211 -200730
1558304613789 -210308
1558304620649 -216000
1558304620649 -216000
1558304622772 -218123
1558304630390 -225741
1558304633521 -228872
1558304634635 -263117
1558304634821 -263303
1558304637078 -232429
1558304637078 -232429
1558304643936 -239287
1558304647834 -243184
1558304666266 -261089
1558304666266 -261089
1558304666634 -295116
1558304668622 -263445
1558304676225 -304707
1558304676231 -304713
1558304676274 -304756
1558304676278 -304760
1558304680898 -273595
1558304683059 -311541
1558304683117 -311599
1558304683174 -311656
1558304683726 -276420
1558304691601 -320083
1558304696429 -278479
1558304696777 -325259
1558304696845 -325327
1558304696846 -325328
1558304696931 -325413
1558304706446 -334928
1558304706492 -334974
1558304716405 -280301
1558304717140 -281036
1558304717140 -281036
1558304719112 -347594
1558304719113 -347595
1558304719755 -283650
1558304723925 -287820
1558304726839 -355321
1558304726869 -355351
1558304728689 -292583
1558304735621 -299514
1558304737298 -365780
1558304737351 -365833
1558304743268 -284735
1558304748040 -376522
1558304754006 -382488
1558304754017 -382499
1558304757967 -299431
1558304760840 -389322
1558304760841 -389323
1558304768536 -397017
1558304773359 -306299
1558304776023 -404504
1558304776145 -404626
1558304777880 -310819
1558304783133 -411614
1558304783134 -411615
1558304783157 -411638
1558304788633 -290444
1558304789935 -418416
1558304789980 -418461
1558304797032 -425513
1558304797337 -425818
1558304803139 -304947
1558304803855 -432336
1558304805583 -307391
1558304807486 -435967
1558304807512 -435993
1558304817554 -446035
1558304817865 -446346
1558304826447 -292225
1558304831489 -297266
1558304831547 -297324
1558304832471 -460952
1558304832487 -460968
1558304832522 -461003
1558304832525 -461006
1558304833292 -299069
1558304835887 -464368
1558304838291 -304067
1558304860541 -294881
1558304860731 -488558
1558304864245 -298585
1558304868595 -496422
1558304868620 -496447
1558304868620 -496447
1558304873076 -307414
1558304873502 -307840
1558304877981 -312318
1558304881510 -286073
1558304884344 -512171
1558304889519 -294081
1558304891886 -296448
1558304893667 -298229
1558304895529 -300090
1558304900383 -304944
1558304904398 -532224
1558304906177 -310737
1558304908701 -313261
1558304909457 -314017
1558304911532 -539358
1558304913030 -287542
1558304916465 -290976
1558304918115 -292626
1558304918176 -292687
1558304918823 -293331
1558304920195 -548021
1558304920250 -548076
1558304920345 -548171
1558304920672 -295179
1558304923806 -551632
1558304923889 -551715
1558304925559 -300064
1558304932396 -560222
1558304932409 -560235
1558304932458 -560284
1558304936396 -310897
1558304940402 -568228
1558304942074 -316575
1558304943180 -571006
1558304949053 -297216
1558304951186 -579012
1558304951243 -579069
1558304959744 -587570
1558304962619 -590445
1558304962665 -590491
1558304962674 -590500
1558304966064 -314224
1558304970037 -597863
1558304970129 -597955
1558304975541 -295506
1558304978317 -298281
1558304983589 -303553
1558304986761 -614587
1558304987176 -307139
1558304989243 -617069
1558304994188 -291852
1558304997864 -625690
1558305003964 -301627
1558305007388 -635214
1558305007390 -635216
1558305013739 -311400
1558305014454 -312115
1558305016888 -644714
1558305016893 -644719
1558305019649 -647474
1558305027607 -655432
1558305027609 -655434
1558305039821 -307559
1558305043758 -311495
1558305047252 -285822
1558305054595 -293164
1558305055014 -681854
1558305055073 -681542
1558305066551 -692835
1558305066553 -692829
1558305066566 -692646
1558305067227 -305793
1558305068199 -306765
1558305069597 -695547
1558305069600 -695550
1558305069604 -695554
1558305075537 -314102
1558305077555 -285759
1558305081611 -707561
1558305081767 -707717
1558305082946 -291149
1558305086129 -294332
1558305089673 -297876
1558305091962 -717912
1558305095919 -721701
1558305095920 -721702
1558305095923 -721705
1558305095929 -721711
1558305101765 -309966
1558305104427 -312628
1558305106393 -280921
1558305110333 -284861
1558305110552 -285079
1558305114171 -288697
1558305115728 -741510
1558305124935 -750717
1558305125065 -299589
1558305127871 -753653
1558305127873 -753655
1558305131473 -305996
1558305136588 -762370
1558305140149 -765931
1558305142525 -768306
1558305142527 -768308
1558305142609 -317129
1558305148365 -292631
1558305148365 -292631
1558305155487 -299751
1558305156134 -781915
1558305161432 -305694
1558305165073 -790854
1558305165074 -790855
1558305168142 -793923
1558305169211 -313470
1558305171053 -796834
1558305175628 -319887
1558305175629 -319888
1558305180797 -806511
1558305181916 -292075
1558305185881 -296040
1558305186404 -296563
1558305190589 -816258
1558305193762 -303919
1558305194484 -819764
1558305194506 -819757
1558305198328 -823563
1558305198330 -823553
1558305204176 -314332
1558305208424 -318579
1558305209066 -834255
1558305209067 -834229
1558305212069 -837082
1558305212070 -837079
1558305216933 -300643
1558305220956 -845908
1558305222294 -306003
1558305223924 -848848
1558305230939 -314647
1558305233534 -858334
1558305234873 -289035
1558305235700 -860500
1558305235705 -860505
1558305243131 -297292
1558305243852 -298013
1558305246352 -871152
1558305249377 -874177
1558305249397 -874197
1558305253901 -308061
1558305258202 -883002
1558305258203 -883003
1558305259499 -313658
1558305267134 -891796
1558305269969 -894602
1558305269972 -894600
1558305271463 -296054
1558305278453 -303043
1558305278453 -303043
1558305278978 -903568
1558305278978 -903559
1558305285676 -310265
1558305288562 -313150
1558305292963 -317551
1558305293019 -917474
1558305293020 -917472
1558305296681 -921111
1558305296925 -921284
1558305303682 -927993
1558305304571 -294553
1558305316567 -940815
1558305316603 -940844
1558305316631 -940838
1558305322051 -312003
1558305323701 -313640
1558305325324 -315262
1558305326370 -950499
1558305329452 -953581
1558305332330 -956459
1558305341700 -965829
1558305341705 -965834
1558305343787 -967916
1558305343797 -967926
1558305343798 -967927
1558305350033 -306275
1558305353734 -977862
1558305362416 -295804
1558305362416 -295804
1558305363537 -987665
1558305363538 -987666
1558305371891 -305277
1558305372691 -996819
1558305375617 -999745
1558305375624 -999752
1558305378237 -311622
1558305378658 -1002786
1558305379409 -312794
1558305383112 -316496
1558305389573 -1013701
1558305389575 -1013703
1558305393413 -1017541
1558305394187 -313039
1558305399461 -318313
1558305402865 -1026993
1558305405824 -1029952
1558305407525 -302046
1558305412363 -306884
1558305416062 -1040190
1558305416125 -1040253
1558305417929 -312449
1558305419055 -1042907
1558305419084 -1042936
1558305419101 -1042953
1558305421810 -316330
1558305422026 -1045878
1558305432135 -1055987
1558305432138 -1055990
1558305435032 -1058884
1558305435032 -1058884
1558305442427 -306730
1558305445076 -309378
1558305445995 -310297
1558305446174 -1070026
1558305446175 -1070027
1558305448946 -313248
1558305449014 -1072866
1558305449696 -313998
1558305455286 -319587
1558305458275 -322574
1558305458914 -323212
1558305461228 -1085079
1558305464257 -1088108
1558305464877 -298624
1558305471532 -305278
1558305474397 -1098248
1558305477092 -310837
1558305477298 -1101149
1558305477300 -1101151
1558305485778 -1109606
1558305485780 -1109608
1558305489597 -323340
1558305489612 -1113440
1558305489613 -1113441
1558305499428 -306633
1558305502718 -309