1558304397750 -1747
1558304400179 -5492
1558304401097 -6410
1558304401332 -6151
1558304402238 -7057
1558304407931 -13244
1558304407939 -13252
1558304410332 -14326
1558304411535 -40529
1558304415171 -19165
1558304415761 -21073
1558304416741 -22053
1558304417743 -22562
1558304418077 -22071
1558304423502 -25417
1558304426332 -31150
1558304427305 -32123
1558304427642 -31634
1558304432242 -37060
1558304434312 -36225
1558304439936 -42307
1558304440185 -42098
1558304440299 -43512
1558304447632 -50001
1558304448849 -50760
1558304452889 -56098
1558304455725 -57636
1558304458324 -60691
1558304458661 -60248
1558304462254 -64621
1558304462626 -63027
1558304464574 -64974
1558304466383 -67970
1558304466391 -67978
1558304469487 -98474
1558304470285 -70683
1558304473883 -75028
1558304478753 -79898
1558304480065 -80462
1558304482209 -83794
1558304485599 -86738
1558304486522 -87661
1558304487124 -115641
1558304488990 -90573
1558304490194 -91777
1558304490722 -91118
1558304494729 -93411
1558304495711 -94393
1558304505928 -107065
1558304506277 -106120
1558304511730 -110770
1558304512684 -111724
1558304513513 -112553
1558304518029 -146546
1558304518176 -116856
1558304519382 -118422
1558304519388 -118426
1558304521742 -121583
1558304521743 -121584
1558304525301 -124339
1558304525705 -125546
1558304528181 -127219
1558304528181 -127219
1558304529079 -127757
1558304536873 -135227
1558304538764 -137801
1558304539456 -139295
1558304539892 -138929
1558304541327 -169843
1558304542701 -141738
1558304543701 -142738
1558304546626 -144613
1558304547009 -144377
1558304547575 -145926
1558304548966 -146333
1558304549748 -148099
1558304552884 -150251
1558304556346 -154332
1558304556387 -154737
1558304560330 -158316
1558304565599 -162966
1558304567064 -165414
1558304570141 -166025
1558304574245 -171612
1558304576283 -173650
1558304581840 -177722
1558304582057 -179050
1558304583020 -180013
1558304584399 -181392
1558304585302 -182295
1558304585500 -183485
1558304586653 -182535
1558304587693 -183575
1558304588297 -186282
1558304597398 -193278
1558304600411 -196291
1558304600985 -197467
1558304606644 -202253
1558304607821 -204302
1558304614163 -242679
1558304615884 -211492
1558304617093 -212701
1558304618028 -213145
1558304619813 -214930
1558304624257 -219715
1558304624759 -220367
1558304628906 -224022
1558304634021 -229479
1558304635698 -264214
1558304635698 -264214
1558304635701 -264217
1558304636382 -231990
1558304640583 -236190
1558304643250 -271766
1558304652007 -247464
1558304652617 -248074
1558304653408 -248865
1558304653850 -248909
1558304655078 -249761
1558304655078 -249761
1558304659552 -254611
1558304659804 -288320
1558304659840 -288356
1558304660816 -255499
1558304665446 -260504
1558304667401 -295917
1558304667423 -295939
1558304669196 -260141
1558304669796 -264479
1558304672625 -267308
1558304679195 -259521
1558304682399 -262724
1558304683907 -312422
1558304684275 -271416
1558304684806 -262926
1558304686794 -267119
1558304689242 -269566
1558304689720 -267839
1558304697060 -267712
1558304701022 -271674
1558304704113 -271500
1558304705876 -276527
1558304710574 -277960
1558304711071 -262540
1558304713982 -281367
1558304716952 -268420
1558304717549 -269016
1558304719992 -348507
1558304722363 -279945
1558304728599 -287856
1558304732212 -291468
1558304735388 -294644
1558304735913 -287377
1558304736794 -288258
1558304737115 -296370
1558304740009 -279709
1558304742276 -289485
1558304743308 -290516
1558304744673 -284372
1558304748192 -376006
1558304752145 -289525
1558304760086 -292169
1558304761648 -389462
1558304761648 -389462
1558304762485 -295092
1558304764738 -296820
1558304765178 -302556
1558304766289 -298371
1558304767613 -300219
1558304772555 -305160
1558304773544 -306149
1558304776343 -404157
1558304776356 -404170
1558304777516 -295848
1558304779378 -295389
1558304779378 -295388
1558304781472 -299803
1558304788866 -295117
1558304790670 -306678
1558304790828 -297079
1558304790829 -297080
1558304792677 -311007
1558304794863 -301114
1558304794889 -301139
1558304797640 -425454
1558304799444 -305694
1558304800603 -288458
1558304800909 -291124
1558304801310 -289165
1558304801495 -307744
1558304808096 -295950
1558304808164 -435978
1558304808167 -435981
1558304808635 -298849
1558304812386 -302600
1558304812914 -303127
1558304815991 -443805
1558304816248 -285279
1558304821894 -312106
1558304822407 -310258
1558304822903 -313115
1558304826710 -454524
1558304826835 -454649
1558304826888 -454702
1558304829022 -294971
1558304829201 -298230
1558304833881 -299830
1558304834263 -462077
1558304834771 -303800
1558304838072 -297888
1558304840843 -306791
1558304842641 -311668
1558304844097 -303911
1558304844610 -313637
1558304844640 -310587
1558304846409 -315436
1558304848125 -292650
1558304848619 -286575
1558304849839 -309651
1558304850358 -294883
1558304854293 -298817
1558304856716 -316526
1558304856973 -301497
1558304861098 -299052
1558304862075 -300029
1558304868914 -306867
1558304869523 -497336
1558304870696 -308648
1558304873441 -311393
1558304875785 -295883
1558304877038 -504851
1558304877048 -504861
1558304883137 -294417
1558304885623 -305719
1558304888956 -309052
1558304888956 -309052
1558304889994 -297817
1558304889994 -310089
1558304890758 -310853
1558304891784 -303063
1558304893997 -301819
1558304894974 -302796
1558304899980 -307802
1558304901789 -313066
1558304905305 -533118
1558304905316 -533129
1558304908234 -305839
1558304909494 -298631
1558304919869 -294775
1558304921207 -310342
1558304921441 -549254
1558304921707 -549520
1558304924890 -552703
1558304929785 -304676
1558304931515 -306403
1558304933343 -561156
1558304937262 -296516
1558304941195 -569008
1558304941367 -294004
1558304946900 -299536
1558304947436 -302212
1558304955933 -315184
1558304957129 -311903
1558304958709 -313483
1558304958709 -313483
1558304960207 -295184
1558304960373 -588136
1558304960677 -315451
1558304965042 -300019
1558304965042 -319815
1558304965375 -290164
1558304965693 -291950
1558304967873 -595636
1558304968385 -293173
1558304969876 -304851
1558304970853 -598616
1558304972650 -297438
1558304972650 -298906
1558304974599 -299386
1558304974599 -299386
1558304974599 -299386
1558304975445 -300232
1558304984857 -311111
1558304986592 -312846
1558304987069 -311851
1558304991097 -299902
1558304992258 -289291
1558304992258 -317039
1558304995973 -623735
1558304996067 -623829
1558304997249 -306053
1558305000699 -297729
1558305002220 -296948
1558305003480 -300509
1558305005500 -633262
1558305006108 -314911
1558305006202 -303230
1558305007191 -304219
1558305007540 -302267
1558305012457 -309484
1558305013671 -308397
1558305018054 -645816
1558305018195 -312920
1558305020137 -647899
1558305020206 -647968
1558305020207 -647969
1558305027982 -655744
1558305028539 -293565
1558305028807 -295418
1558305036808 -301833
1558305039190 -304214
1558305039689 -306295
1558305040730 -668491
1558305041156 -306180
1558305043122 -308146
1558305043598 -308198
1558305044126 -670595
1558305047971 -312571
1558305047971 -312570
1558305050102 -315125
1558305050360 -315383
1558305051595 -288132
1558305054923 -293840
1558305055409 -287051
1558305055933 -682034
1558305059330 -295865
1558305061041 -292683
1558305062534 -301450
1558305062740 -301656
1558305063010 -299545
1558305065185 -296826
1558305067548 -306463
1558305069965 -695906
1558305074233 -313147
1558305076523 -313056
1558305076863 -315777
1558305077253 -308892
1558305078074 -314607
1558305078840 -310479
1558305079229 -705170
1558305079229 -705170
1558305081795 -313434
1558305082304 -293057
1558305082370 -708311
1558305082912 -296303
1558305085144 -295896
1558305086048 -296800
1558305086048 -317686
1558305087700 -301091
1558305090489 -291890
1558305092793 -718734
1558305092802 -718743
1558305097897 -308648
1558305098842 -309592
1558305102013 -312763
1558305102588 -315977
1558305103009 -728782
1558305103261 -304660
1558305104247 -305646
1558305106290 -732063
1558305106291 -732064
1558305106299 -732072
1558305111418 -288208
1558305113971 -315369
1558305115439 -292228
1558305116262 -310929
1558305116866 -318263
1558305118247 -312914
1558305118367 -295156
1558305122319 -289953
1558305122901 -317567
1558305125334 -302122
1558305125853 -751594
1558305126218 -292431
1558305127682 -2