1558304397276 -2602
1558304398465 -2720
1558304399436 -4762
1558304402114 -7440
1558304402329 -6580
1558304408168 -12419
1558304409897 -15222
1558304410193 -19101
1558304414071 -22979
1558304414721 -20046
1558304415950 -20199
1558304419898 -28806
1558304425248 -30571
1558304425491 -29736
1558304428168 -33491
1558304432379 -36624
1558304439834 -45157
1558304440178 -49080
1558304442042 -50944
1558304442801 -45847
1558304447077 -55979
1558304448686 -51732
1558304451526 -54542
1558304451796 -60697
1558304452654 -61555
1558304457222 -60238
1558304461012 -63501
1558304462037 -64526
1558304463264 -72164
1558304464900 -67389
1558304465307 -74075
1558304465400 -68445
1558304465773 -68262
1558304466100 -69145
1558304468626 -71115
1558304468626 -71115
1558304469956 -73001
1558304470944 -73989
1558304473639 -76128
1558304474452 -76941
1558304474749 -83516
1558304476396 -78885
1558304476726 -85493
1558304479311 -81800
1558304482559 -91325
1558304484169 -86658
1558304490859 -93348
1558304491780 -94269
1558304493212 -101978
1558304494225 -94853
1558304495196 -95824
1558304502049 -102676
1558304504407 -106895
1558304509434 -111918
1558304509506 -108831
1558304512790 -113417
1558304512993 -112318
1558304513452 -122217
1558304513610 -114237
1558304516781 -117408
1558304519474 -120101
1558304520931 -120255
1558304521467 -121024
1558304523003 -131670
1558304524828 -124152
1558304525404 -124961
1558304526331 -125888
1558304537124 -136447
1558304538546 -147213
1558304539592 -148259
1558304540490 -149157
1558304543405 -152072
1558304544606 -153273
1558304546713 -146267
1558304548101 -156767
1558304551990 -160656
1558304554820 -162167
1558304556568 -155891
1558304557427 -156981
1558304562270 -161592
1558304562680 -171309
1558304563136 -160672
1558304563477 -170824
1558304563650 -172277
1558304564157 -161693
1558304565387 -164709
1558304568018 -165553
1558304569410 -168732
1558304573907 -171441
1558304575085 -172619
1558304575895 -173428
1558304577131 -185754
1558304579328 -187951
1558304579807 -178789
1558304580331 -187678
1558304580685 -179667
1558304582665 -181646
1558304583019 -191642
1558304584371 -192994
1558304585497 -184478
1558304588417 -185949
1558304590064 -197411
1558304590240 -189221
1558304591402 -190382
1558304591840 -200436
1558304593159 -192139
1558304595528 -193059
1558304596124 -195104
1558304600333 -208925
1558304604982 -201845
1558304607243 -215826
1558304607243 -215826
1558304609528 -216875
1558304609549 -216896
1558304614356 -213335
1558304614594 -211457
1558304618610 -227187
1558304622347 -219496
1558304625466 -234037
1558304627551 -224699
1558304631450 -238797
1558304636539 -233687
1558304637881 -233099
1558304638127 -246404
1558304645678 -242826
1558304647654 -242869
1558304647654 -242869
1558304648395 -255742
1558304654614 -262879
1558304664764 -261912
1558304665524 -262665
1558304669306 -277565
1558304670432 -267428
1558304674963 -263919
1558304677199 -274195
1558304679942 -268898
1558304680676 -269631
1558304682503 -271458
1558304682888 -290235
1558304684459 -273414
1558304684755 -293002
1558304686769 -275724
1558304686916 -275871
1558304689705 -286700
1558304690328 -279282
1558304690706 -298053
1558304691440 -299685
1558304691596 -288591
1558304693607 -275707
1558304694552 -291547
1558304696574 -303921
1558304697303 -274489
1558304701212 -278397
1558304702187 -279372
1558304703124 -300119
1558304704634 -281819
1558304705961 -288059
1558304709048 -286232
1558304710310 -278036
1558304712627 -280353
1558304713838 -310802
1558304714593 -282318
1558304717841 -295024
1558304724593 -321555
1558304725464 -322426
1558304726255 -291233
1558304727843 -292821
1558304727843 -295566
1558304729652 -294630
1558304731029 -290964
1558304732565 -339912
1558304736954 -301930
1558304739717 -316895
1558304740239 -317417
1558304741351 -301284
1558304746462 -353809
1558304746670 -354017
1558304753296 -318270
1558304759275 -293176
1558304759887 -367234
1558304763560 -370907
1558304768826 -333795
1558304771226 -297266
1558304774575 -381922
1558304775983 -302022
1558304779001 -305039
1558304779170 -298887
1558304780359 -306397
1558304780748 -297095
1558304782145 -389482
1558304783462 -299808
1558304785996 -302342
1558304785996 -302342
1558304786816 -303162
1558304789082 -396419
1558304789088 -396425
1558304790030 -309746
1558304790457 -316494
1558304792377 -308722
1558304796159 -403496
1558304796182 -403519
1558304796297 -403634
1558304797145 -313489
1558304802189 -328223
1558304803163 -329196
1558304803220 -410557
1558304803230 -410567
1558304806609 -326080
1558304807904 -333935
1558304810051 -417388
1558304811924 -337954
1558304812108 -331577
1558304812568 -338597
1558304812568 -332037
1558304812764 -332232
1558304814033 -340062
1558304814089 -340118
1558304816701 -342729
1558304821550 -300123
1558304826619 -346080
1558304830838 -350298
1558304831555 -351015
1558304834393 -353851
1558304842754 -306599
1558304842929 -317715
1558304849078 -297371
1558304849078 -297370
1558304851384 -285338
1558304852721 -301013
1558304852897 -460018
1558304852904 -460025
1558304854647 -302939
1558304856643 -290597
1558304860366 -335150
1558304860366 -335149
1558304862139 -296092
1558304865393 -299345
1558304866519 -341301
1558304868705 -475826
1558304868712 -475833
1558304868982 -302934
1558304874821 -308772
1558304875886 -324141
1558304876641 -310592
1558304876864 -325119
1558304877617 -311568
1558304877799 -352577
1558304881027 -314977
1558304882108 -300768
1558304884456 -292150
1558304890643 -338892
1558304890643 -309294
1558304890883 -309534
1558304893186 -341434
1558304893263 -300956
1558304895060 -302752
1558304895146 -343393
1558304896026 -303718
1558304901872 -320514
1558304902038 -309729
1558304902212 -309903
1558304903004 -351248
1558304903375 -322012
1558304909139 -316821
1558304909654 -328288
1558304909973 -289483
1558304910110 -328744
1558304911309 -518239
1558304912833 -331467
1558304913585 -321267
1558304913797 -332430
1558304915976 -295485
1558304915976 -295485
1558304920676 -339309
1558304921611 -340244
1558304922163 -329843
1558304922571 -341203
1558304923238 -530168
1558304924528 -343152
1558304925175 -304683
1558304930189 -309696
1558304931216 -349835
1558304932982 -312488
1558304934136 -352754
1558304936265 -343944
1558304936474 -355091
1558304936474 -355091
1558304938236 -289617
1558304939168 -290549
1558304939997 -308495
1558304940808 -292189
1558304941424 -349102
1558304943179 -550109
1558304943903 -312401
1558304946561 -315058
1558304948396 -356072
1558304949008 -317505
1558304949236 -356912
1558304949442 -300821
1558304955659 -324155
1558304959015 -565945
1558304960849 -313513
1558304964446 -315823
1558304967922 -298573
1558304974223 -342716
1558304976228 -328890
1558304981083 -333745
1558304982756 -313405
1558304983443 -351934
1558304983443 -351934
1558304985721 -316369
1558304986758 -339418
1558304988562 -357051
1558304989844 -596774
1558304989861 -596791
1558304998241 -303002
1558304998370 -605299
1558305000573 -305334
1558305003692 -308452
1558305006123 -310883
1558305007658 -614587
1558305007664 -614593
1558305007951 -306760
1558305012283 -311092
1558305012403 -311212
1558305013989 -312797
1558305016726 -315534
1558305017711 -329633
1558305019659 -318024
1558305019709 -302076
1558305019984 -626913
1558305027317 -325681
1558305027849 -634778
1558305027850 -634779
1558305031227 -329590
1558305031509 -638438
1558305035774 -334135
1558305040490 -647419
1558305040513 -647442
1558305042152 -291318
1558305045104 -294270
1558305047652 -359567
1558305048295 -346652
1558305049566 -298732
1558305052086 -301251
1558305052992 -302157
1558305053764 -315829
1558305054670 -353024
1558305058461 -320526
1558305059412 -321477
1558305059569 -357921
1558305061409 -323473
1558305064145 -313309
1558305064874 -311214
1558305065750 -314914
1558305066803 -673732
1558305069202 -331265
1558305069546 -676475
1558305070178 -332241
1558305070495 -293832
1558305075324 -321663
1558305075955 -338017
1558305076650 -322988
1558305076650 -338712
1558305077446 -323784
1558305078375 -301710
1558305078467 -685396
1558305079354 -302689
1558305080339 -303673
1558305081323 -304657
1558305083003 -329341
1558305084543 -346603
1558305085651 -347711
1558305087288 -349346
1558305089570 -3516