1558304403101 -7705
1558304405264 -9632
1558304409180 -13548
1558304411886 -16489
1558304415024 -19392
1558304417021 -21389
1558304420654 -25255
1558304422564 -27165
1558304423692 -28060
1558304437170 -41530
1558304438353 -42713
1558304442198 -46285
1558304447145 -51232
1558304452840 -56926
1558304454622 -58981
1558304454781 -58867
1558304462588 -66673
1558304468034 -72392
1558304470967 -75325
1558304470969 -75327
1558304472198 -76282
1558304475848 -77702
1558304476856 -78710
1558304477087 -81171
1558304482969 -84183
1558304483677 -85531
1558304486891 -88105
1558304491591 -92805
1558304492570 -93784
1558304498179 -100032
1558304503074 -104926
1558304503340 -104553
1558304504306 -105519
1558304511154 -112367
1558304527612 -128402
1558304530558 -131348
1558304532256 -133748
1558304533198 -134690
1558304533211 -134703
1558304537938 -139430
1558304538900 -140392
1558304539343 -140133
1558304543128 -143918
1558304544106 -144896
1558304552896 -153686
1558304556486 -157972
1558304557463 -156131
1558304564157 -162824
1558304565658 -166448
1558304567412 -168201
1558304568361 -166315
1558304569554 -167508
1558304570973 -169640
1558304571973 -170640
1558304572271 -170225
1558304572929 -171596
1558304577196 -175150
1558304577829 -176496
1558304579400 -177354
1558304582763 -181430
1558304584437 -182390
1558304585252 -183205
1558304585946 -183899
1558304587486 -186153
1558304589403 -188070
1558304590432 -189099
1558304591879 -189832
1558304595857 -193809
1558304597542 -195494
1558304599403 -198068
1558304603082 -201747
1558304603413 -201365
1558304612190 -209871
1558304614978 -212659
1558304618896 -216577
1558304619521 -218165
1558304619902 -227030
1558304633407 -232050
1558304643183 -240863
1558304644159 -241839
1558304648073 -245753
1558304648246 -255374
1558304648252 -255380
1558304650604 -249247
1558304656980 -255623
1558304657314 -254994
1558304661595 -259275
1558304662169 -260652
1558304665666 -272794
1558304666487 -264167
1558304674517 -271497
1558304675852 -270712
1558304679966 -274825
1558304681573 -276432
1558304682845 -289973
1558304682950 -279930
1558304688048 -281644
1558304690123 -297251
1558304690769 -284364
1558304694326 -277342
1558304695255 -278271
1558304696546 -303674
1558304698663 -281678
1558304699589 -280390
1558304699750 -280550
1558304707779 -279385
1558304708344 -315472
1558304714652 -280170
1558304718178 -325306
1558304719529 -285046
1558304722260 -287777
1558304725168 -332296
1558304727759 -293275
1558304728507 -294023
1558304729468 -294984
1558304730269 -284370
1558304734717 -295448
1558304735428 -289526
1558304736936 -291034
1558304742919 -297014
1558304746565 -353693
1558304747164 -307892
1558304751688 -293167
1558304752287 -303043
1558304763521 -370649
1558304763585 -370713
1558304763625 -277679
1558304765441 -289271
1558304768518 -282570
1558304769000 -292829
1558304769496 -283548
1558304770868 -294696
1558304771521 -285573
1558304777625 -301446
1558304779420 -293470
1558304780775 -304593
1558304780856 -304674
1558304782050 -296099
1558304796071 -403199
1558304796719 -310766
1558304797697 -311744
1558304800221 -293260
1558304801026 -294064
1558304802423 -277684
1558304803214 -410342
1558304806601 -281861
1558304809702 -302739
1558304809977 -417105
1558304809996 -417124
1558304809999 -417127
1558304813573 -288832
1558304815141 -290400
1558304817483 -424611
1558304821678 -296936
1558304823528 -301055
1558304824318 -301845
1558304824817 -300074
1558304827694 -302951
1558304829261 -304517
1558304832585 -307840
1558304833563 -308817
1558304834973 -312499
1558304839194 -302609
1558304840103 -303517
1558304844744 -284365
1558304854911 -292369
1558304858146 -295604
1558304860746 -467874
1558304861759 -299216
1558304868002 -307620
1558304868977 -308595
1558304868977 -308595
1558304873218 -310674
1558304876262 -313717
1558304881685 -319139
1558304881812 -319266
1558304891116 -298416
1558304894073 -304700
1558304894120 -501247
1558304894627 -501754
1558304895690 -302990
1558304900829 -308128
1558304900829 -308128
1558304902263 -312889
1558304905435 -312734
1558304905786 -316411
1558304908344 -315642
1558304911306 -518433
1558304916992 -290274
1558304919893 -527020
1558304921266 -301764
1558304923120 -530247
1558304923297 -530424
1558304923858 -297139
1558304928780 -309277
1558304932000 -312497
1558304940201 -547328
1558304940790 -291169
1558304943178 -550305
1558304946387 -294996
1558304946772 -295381
1558304947362 -295971
1558304952349 -302725
1558304957258 -305864
1558304958909 -307515
1558304959028 -566155
1558304959888 -308494
1558304960175 -310549
1558304964775 -313378
1558304966203 -314806
1558304974912 -291417
1558304977419 -584546
1558304978304 -309708
1558304979552 -296055
1558304991894 -293140
1558304995054 -311553
1558304995993 -312492
1558304995995 -312494
1558304998371 -605489
1558304998374 -605492
1558305001223 -302468
1558305002560 -303805
1558305002560 -292634
1558305004694 -305938
1558305005764 -295838
1558305007666 -614784
1558305007669 -614787
1558305007714 -297787
1558305011036 -312280
1558305012055 -313298
1558305013601 -303674
1558305020085 -627203
1558305021204 -292425
1558305021224 -311296
1558305022187 -293408
1558305025071 -296291
1558305025730 -315801
1558305028091 -299310
1558305031521 -638392
1558305031527 -638397
1558305032026 -303245
1558305032026 -303245
1558305040672 -306504
1558305043670 -650540
1558305047970 -313801
1558305051782 -296955
1558305057450 -302622
1558305066157 -301711
1558305066203 -311374
1558305066808 -673678
1558305078490 -685360
1558305081515 -687977
1558305082790 -288503
1558305086221 -303149
1558305086392 -292105
1558305092034 -698496
1558305092036 -698498
1558305092044 -698506
1558305092051 -698513
1558305094428 -300139
1558305094508 -311434
1558305095414 -301125
1558305095985 -702447
1558305095989 -702451
1558305101507 -307217
1558305102428 -293113
1558305109018 -314728
1558305110925 -301609
1558305113999 -290697
1558305117863 -294561
1558305117866 -294564
1558305121050 -297747
1558305123973 -300670
1558305127800 -288221
1558305127884 -734346
1558305128782 -289203
1558305131466 -308161
1558305132811 -293232
1558305133145 -293565
1558305133871 -310566
1558305134593 -311288
1558305140339 -317033
1558305141420 -301839
1558305143138 -749600
1558305146134 -292785
1558305148239 -308657
1558305148240 -308658
1558305149678 -296328
1558305156171 -290381
1558305156189 -762399
1558305159039 -305688
1558305162201 -308850
1558305164035 -298244
1558305168818 -315466
1558305171914 -778124
1558305181619 -315825
1558305186209 -294231
1558305190538 -298559
1558305194416 -302436
1558305195416 -801626
1558305195422 -801632
1558305197333 -305353
1558305198560 -804770
1558305203058 -301947
1558305207977 -306865
1558305209228 -815438
1558305212010 -290109
1558305212010 -290109
1558305216517 -315404
1558305218823 -288736
1558305218932 -825142
1558305221801 -299899
1558305221866 -828076
1558305221884 -828094
1558305228759 -298671
1558305234255 -304166
1558305235219 -305130
1558305242582 -293395
1558305243444 -849653
1558305246436 -852645
1558305246437 -852646
1558305249202 -300009
1558305252864 -303670
1558305253770 -304575
1558305255170 -294999
1558305258962 -309765
1558305260800 -300628
1558305260927 -311724
1558305264530 -315325
1558305268680 -308507
1558305270054 -876263
1558305270684 -310511
1558305275361 -308685
1558305278626 -311950
1558305282832 -889041
1558305291625 -294856
1558305292491 -295722
1558305294615 -297845
1558305297683 -903891
1558305298361 -301591
1558305298502 -301732
1558305303222 -306451
1558305304274 -307503
1558305304773 -910981
1558305304773 -910981
1558305307507 -310736
1558305309601 -312830
1558305310621 -319815
1558305311193 -320387
1558305321067 -293946
1558305323385 -303135
1558305327310 -933518
1558305329001 -301879
1558305334180 -940388
1558305339045 -311921
1558305340523 -320271
1558305342619 -315495
1558305342709 -948917
1558305346374 -289909
1558305349167 -292702
1558305352680 -302021
1558305355431 -304772
1558305356386 -299918
1558305360569 -966777
1558305362983 -312323
1558305366896 -310425
1558305367773 -311302
1558305368215 -311743
1558305368524 -317863
1558305370235 -319574
1558305372427 -315954
1558305374823 -294002
1558305376598 -982806
1558305383775 -30