1558304396098 -760
1558304397061 -1723
1558304400038 -4700
1558304401937 -6599
1558304402992 -7654
1558304403230 -12360
1558304404207 -13336
1558304408782 -13441
1558304418451 -27579
1558304425199 -29856
1558304425205 -29862
1558304429126 -33783
1558304430101 -34758
1558304437911 -42567
1558304443626 -48282
1558304445324 -54451
1558304450460 -54722
1558304453046 -62168
1558304461576 -70698
1558304462569 -71691
1558304464474 -73596
1558304466092 -70354
1558304469819 -74081
1558304470278 -79399
1558304473815 -78077
1558304477634 -81896
1558304478989 -88110
1558304485692 -89953
1558304493308 -102419
1558304495040 -99296
1558304496216 -105326
1558304498944 -103200
1558304498948 -103204
1558304501151 -110261
1558304502961 -112071
1558304513585 -117840
1558304515343 -124447
1558304515344 -124448
1558304517323 -126427
1558304519282 -123537
1558304521146 -130250
1558304524221 -133325
1558304529713 -138816
1558304530630 -139733
1558304533527 -142527
1558304534496 -143485
1558304542219 -151000
1558304543549 -145452
1558304548989 -157770
1558304553713 -162494
1558304560451 -169232
1558304563882 -165785
1558304565452 -174233
1558304567789 -169692
1558304574016 -182796
1558304579090 -180487
1558304581468 -182865
1558304586355 -195118
1558304587332 -196095
1558304589245 -198008
1558304596957 -205719
1558304603559 -212240
1558304604728 -206125
1558304607064 -208461
1558304607524 -216205
1558304610983 -219664
1558304611619 -220299
1558304618165 -226845
1558304618172 -226852
1558304619227 -220623
1558304620204 -221600
1558304627959 -236639
1558304628277 -229673
1558304630951 -232347
1558304640579 -249259
1558304645311 -246707
1558304647062 -251909
1558304647381 -248777
1558304652023 -259673
1558304652023 -259673
1558304653247 -254643
1558304653760 -261401
1558304654734 -262369
1558304655704 -263333
1558304658121 -256847
1558304658175 -256901
1558304659910 -258636
1558304660572 -268178
1558304661533 -269129
1558304661534 -269130
1558304661867 -260592
1558304664664 -272260
1558304664704 -272300
1558304665777 -264502
1558304668368 -267093
1558304669081 -267806
1558304670663 -269388
1558304671819 -276666
1558304673649 -281210
1558304675986 -283547
1558304681241 -268492
1558304685150 -272401
1558304685697 -293257
1558304689082 -293929
1558304691009 -270646
1558304694919 -274554
1558304695258 -280639
1558304697189 -282570
1558304698526 -278161
1558304699487 -284866
1558304702452 -307299
1558304702471 -307318
1558304706932 -292308
1558304708878 -294253
1558304710747 -270881
1558304711627 -271761
1558304718181 -323028
1558304723294 -283426
1558304723480 -283612
1558304727849 -287981
1558304730234 -315598
1558304731809 -336656
1558304732700 -283228
1558304736348 -283258
1558304738554 -289081
1558304742625 -293151
1558304742720 -289629
1558304744487 -295013
1558304747373 -294281
1558304755150 -302054
1558304764709 -311609
1558304766191 -294290
1558304770900 -317798
1558304772795 -300893
1558304777561 -382408
1558304778965 -307062
1558304781284 -328177
1558304782182 -285928
1558304783159 -286905
1558304785855 -289601
1558304787216 -287165
1558304787270 -287219
1558304790789 -290738
1558304795758 -400605
1558304795779 -400626
1558304796838 -300584
1558304802447 -302394
1558304802642 -407489
1558304805426 -281188
1558304805426 -281188
1558304809371 -285132
1558304811627 -311573
1558304813534 -289294
1558304814177 -314123
1558304819138 -294898
1558304822408 -298167
1558304823119 -323064
1558304830676 -330618
1558304831525 -331467
1558304832353 -437200
1558304833633 -309391
1558304835322 -335262
1558304838867 -338806
1558304839885 -295287
1558304846258 -346194
1558304848349 -303749
1558304850071 -305471
1558304853131 -308531
1558304856246 -311646
1558304858297 -313696
1558304865783 -332195
1558304870577 -301598
1558304880491 -346836
1558304881274 -347619
1558304882929 -349274
1558304884401 -350746
1558304889061 -355405
1558304889995 -306538
1558304893877 -298658
1558304894107 -498954
1558304905782 -322322
1558304908171 -324711
1558304909764 -314544
1558304913245 -318024
1558304917436 -295906
1558304917707 -334245
1558304917798 -334336
1558304918985 -297455
1558304919965 -524812
1558304920003 -524849
1558304927777 -344312
1558304932609 -311077
1558304938832 -317209
1558304940324 -543917
1558304940432 -285240
1558304942214 -287021
1558304943448 -547041
1558304950977 -554570
1558304954401 -299207
1558304954929 -299735
1558304956243 -334617
1558304957102 -335476
1558304957850 -336224
1558304957872 -336246
1558304959712 -338086
1558304962602 -566195
1558304972647 -317450
1558304974643 -285584
1558304978034 -581627
1558304981117 -292057
1558304983656 -315373
1558304985044 -316760
1558304985044 -316760
1558304985116 -316832
1558304985217 -296157
1558304986978 -297918
1558304989752 -300691
1558304993893 -304832
1558305001017 -311955
1558305001410 -333124
1558305001410 -312348
1558305002838 -313776
1558305006027 -337741
1558305027245 -301089
1558305027669 -313035
1558305029189 -303033
1558305029631 -314997
1558305033722 -289275
1558305035470 -309313
1558305038024 -311866
1558305041833 -315675
1558305048296 -322137
1558305049012 -322853
1558305052128 -307678
1558305053957 -309507
1558305054941 -310491
1558305057293 -331133
1558305061749 -288168
1558305062259 -336099
1558305065743 -292161
1558305067048 -340886
1558305071940 -345775
1558305076037 -302454
1558305079326 -305742
1558305082535 -356366
1558305082536 -356367
1558305084881 -311096
1558305085902 -312318
1558305086906 -313120
1558305092780 -696372
1558305100327 -292899
1558305101426 -327638
1558305103002 -706594
1558305105937 -332149
1558305109608 -302179
1558305114394 -306964
1558305115709 -341919
1558305122844 -315413
1558305126326 -352534
1558305128835 -732426
1558305128842 -732433
1558305135871 -298163
1558305141754 -304046
1558305142746 -305037
1558305143730 -306021
1558305144129 -747720
1558305153689 -321279
1558305154588 -322177
1558305158687 -326276
1558305161017 -293369
1558305162048 -294400
1558305164522 -332109
1558305165560 -333147
1558305166203 -769794
1558305166209 -769800
1558305168366 -335952
1558305174116 -341700
1558305174116 -306466
1558305178082 -345664
1558305179997 -347578
1558305181110 -313459
1558305186013 -353592
1558305186844 -354423
1558305196825 -299204
1558305203227 -314790
1558305204357 -306735
1558305217565 -293699
1558305221840 -333400
1558305223802 -335362
1558305230319 -306451
1558305230648 -342200
1558305230654 -342205
1558305231727 -835316
1558305234690 -838279
1558305236507 -348056
1558305240431 -351978
1558305240431 -316562
1558305240627 -316758
1558305241718 -353264
1558305244628 -294562
1558305250170 -315732
1558305252719 -302652
1558305253499 -319061
1558305258278 -308210
1558305258278 -308210
1558305259263 -309195
1558305260247 -310179
1558305263488 -313420
1558305263488 -329049
1558305267248 -317179
1558305268153 -871742
1558305274431 -294290
1558305276246 -341805
1558305278123 -297982
1558305279003 -298861
1558305280904 -884493
1558305282935 -302793
1558305289829 -355386
1558305291120 -310977
1558305291817 -311674
1558305292083 -357639
1558305293758 -313614
1558305295015 -307245
1558305296710 -316566
1558305298912 -900721
1558305299657 -319513
1558305299905 -312134
1558305308815 -298871
1558305310433 -322661
1558305315559 -917368
1558305322056 -312111
1558305322481 -312536
1558305325365 -337591
1558305325457 -927266
1558305326321 -338547
1558305329178 -319232
1558305331019 -294397
1558305332997 -296375
1558305334173 -346398
1558305337193 -349417
1558305341641 -353864
1558305343682 -945490
1558305344428 -307804
1558305346581 -948389
1558305355392 -318767
1558305357205 -320580
1558305358241 -321616
1558305358610 -960418
1558305361867 -313997
1558305366076 -318206
1558305367919 -320049
1558305371530 -323659
1558305375224 -310447
1558305375352 -310574
1558305378199 -330327
1558305389555 -991363
1558305389555 -991363
1558305389674 -341801
1558305393583 -345708
1558305394562 -346687
1558305399124 -351248
1558305401478 -302448
1558305402500 -303469
1558305402760 -354882
1558305405160 -306129
1558305411463 -304509
1558305412615 -305661
1558305412615 -305661
1558305417960 -311005
1558305420669 -321635
1558305422396 -323362
1558305426918 -293891
1558305429988 -323032
1558305430167 -323211