1558304395294 -14
1558304403496 -8374
1558304407779 -12498
1558304408386 -13264
1558304415227 -20103
1558304420220 -24937
1558304424101 -28818
1558304426044 -30760
1558304431780 -36654
1558304432701 -37575
1558304432713 -37587
1558304436953 -44081
1558304438564 -43437
1558304439655 -44369
1558304445327 -50041
1558304446295 -51009
1558304447347 -52061
1558304450181 -54895
1558304452325 -59443
1558304454227 -61345
1558304456173 -63291
1558304456173 -63291
1558304457225 -64343
1558304457965 -61616
1558304457965 -61615
1558304461031 -67901
1558304468512 -72556
1558304471404 -75054
1558304472377 -76027
1558304473509 -77553
1558304474379 -78423
1558304475434 -81644
1558304476406 -82616
1558304479318 -85528
1558304481591 -87801
1558304484156 -88200
1558304485147 -91357
1558304486240 -92450
1558304488067 -92111
1558304491655 -95305
1558304491815 -95859
1558304498461 -100151
1558304498666 -102710
1558304500514 -106722
1558304501447 -103137
1558304501525 -107733
1558304501525 -107733
1558304502458 -108666
1558304504526 -108569
1558304508285 -114493
1558304513951 -120159
1558304516091 -120131
1558304517780 -119469
1558304521955 -125995
1558304524919 -131127
1558304526843 -129013
1558304528723 -130412
1558304530755 -132925
1558304533685 -135855
1558304537432 -139602
1558304540371 -142521
1558304540994 -142683
1558304541031 -147183
1558304541932 -143621
1558304541972 -148124
1558304550707 -152396
1558304551717 -157869
1558304552685 -158837
1558304552717 -158869
1558304559916 -162065
1558304563133 -164821
1558304564117 -165805
1558304567082 -173217
1558304570025 -176160
1558304572859 -174547
1558304573873 -180008
1558304578334 -180482
1558304580290 -182438
1558304586056 -188204
1558304591178 -193326
1558304593119 -199254
1558304595417 -195775
1558304596095 -196453
1558304596739 -198887
1558304597717 -199865
1558304600864 -201222
1558304601629 -202798
1558304601629 -202798
1558304603584 -204753
1558304606771 -207940
1558304608310 -209479
1558304608480 -208838
1558304608580 -214714
1558304610807 -211165
1558304615421 -221555
1558304616670 -222804
1558304617524 -222047
1558304617524 -222047
1558304618204 -218560
1558304618356 -222879
1558304619334 -223857
1558304620043 -221212
1558304621679 -222035
1558304622346 -223515
1558304622570 -227093
1558304624930 -226098
1558304625003 -225358
1558304627528 -228696
1558304628331 -228686
1558304628960 -230128
1558304629821 -230989
1558304629918 -234441
1558304634577 -235745
1558304636503 -237671
1558304636507 -234810
1558304636759 -241282
1558304637478 -235781
1558304637478 -235781
1558304638715 -243238
1558304644326 -245494
1558304645845 -250368
1558304647206 -245509
1558304650116 -248419
1558304653160 -254327
1558304656550 -261073
1558304656550 -261073
1558304657203 -256113
1558304659807 -258717
1558304664724 -263027
1558304666722 -271090
1558304669677 -268587
1558304670424 -268727
1558304670565 -269475
1558304672311 -270613
1558304676287 -280655
1558304676668 -275098
1558304677410 -276320
1558304677470 -275900
1558304679564 -278451
1558304680478 -278908
1558304683116 -280941
1558304683837 -288205
1558304685072 -282897
1558304689229 -280048
1558304696044 -278407
1558304697545 -301913
1558304697550 -301918
1558304705806 -279502
1558304706632 -280328
1558304707391 -283966
1558304707609 -281305
1558304711987 -309512
1558304713161 -317529
1558304713480 -287175
1558304714234 -290808
1558304716111 -313636
1558304719723 -297285
1558304719979 -324347
1558304720320 -282334
1558304720673 -298235
1558304722006 -299567
1558304722530 -293375
1558304723254 -294099
1558304726006 -288019
1558304726006 -288019
1558304727759 -289772
1558304731877 -276679
1558304738515 -299005
1558304741058 -301548
1558304742286 -319837
1558304742788 -287585
1558304746532 -291327
1558304748323 -293117
1558304748661 -326209
1558304749442 -326990
1558304751464 -296256
1558304751814 -329361
1558304753998 -298660
1558304760040 -294188
1558304760128 -303908
1558304762979 -297125
1558304765051 -299197
1558304767110 -310889
1558304767752 -301976
1558304772069 -306293
1558304772204 -294786
1558304775345 -309568
1558304776204 -380572
1558304776324 -310547
1558304776504 -320281
1558304777461 -300042
1558304779901 -294766
1558304781289 -296154
1558304783284 -387652
1558304784269 -328042
1558304788168 -331941
1558304790050 -394418
1558304790104 -394472
1558304790992 -305856
1558304790995 -305859
1558304792543 -285228
1558304796859 -311722
1558304797573 -401941
1558304798824 -313687
1558304800787 -344559
1558304800845 -293529
1558304802705 -295389
1558304805546 -298229
1558304807469 -301195
1558304808126 -412494
1558304811833 -304516
1558304812011 -304693
1558304816022 -420390
1558304816085 -420453
1558304817232 -289408
1558304819015 -423383
1558304819307 -311988
1558304823198 -316921
1558304823370 -284131
1558304825748 -319471
1558304826956 -287717
1558304826958 -287719
1558304829423 -301597
1558304833926 -438294
1558304834272 -438640
1558304834350 -438718
1558304839928 -300687
1558304840119 -312292
1558304841615 -302373
1558304842145 -446513
1558304842199 -446567
1558304842275 -335995
1558304844069 -337788
1558304844434 -289375
1558304851116 -296056
1558304854052 -298992
1558304857971 -351685
1558304859091 -304400
1558304861872 -306811
1558304862525 -315668
1558304862607 -466975
1558304864713 -317855
1558304866898 -311836
1558304867739 -312677
1558304869691 -314629
1558304870228 -474596
1558304870236 -474604
1558304873218 -284960
1558304878138 -482506
1558304885173 -304838
1558304886243 -297918
1558304886369 -490737
1558304887127 -306792
1558304890338 -310002
1558304901570 -354707
1558304904649 -316316
1558304905768 -509855
1558304906515 -299851
1558304908939 -292416
1558304910112 -310961
1558304910597 -294074
1558304910878 -311726
1558304911791 -312639
1558304912465 -295942
1558304912775 -313623
1558304919108 -312442
1558304920119 -303594
1558304923052 -306527
1558304927057 -327903
1558304927480 -328326
1558304928285 -291780
1558304932823 -316297
1558304933732 -297226
1558304934709 -298203
1558304936345 -299839
1558304936749 -320223
1558304937324 -300818
1558304937508 -290947
1558304938109 -291548
1558304939699 -340542
1558304941597 -342439
1558304943543 -344384
1558304949374 -350212
1558304952593 -556680
1558304955546 -319037
1558304956565 -305015
1558304958108 -311544
1558304960942 -294288
1558304960996 -314431
1558304962789 -316224
1558304962789 -316224
1558304964576 -313025
1558304964780 -318215
1558304968520 -572607
1558304969635 -292974
1558304974225 -297564
1558304974353 -307697
1558304974761 -308105
1558304976424 -309767
1558304976424 -309767
1558304979345 -327791
1558304979945 -584031
1558304982361 -315703
1558304982849 -331294
1558304984708 -308044
1558304986203 -289399
1558304988158 -291354
1558304993318 -296513
1558304993617 -316950
1558304994150 -297345
1558304994915 -298110
1558304995713 -344153
1558305003958 -298265
1558305006528 -610614
1558305007556 -310749
1558305010603 -304909
1558305011603 -314792
1558305012442 -314824
1558305013532 -316720
1558305016025 -620110
1558305016187 -288660
1558305017900 -320281
1558305018145 -290617
1558305018161 -312464
1558305027041 -299512
1558305027682 -330062
1558305029817 -633902
1558305030879 -303350
1558305035665 -308135
1558305036887 -309357
1558305037736 -297938
1558305038320 -340697
1558305039571 -312041
1558305041509 -301711
1558305045120 -347494
1558305045470 -317939
1558305047363 -307564
1558305048130 -350504
1558305048130 -299445
1558305053963 -658048
1558305054331 -293486
1558305055326 -294481
1558305055874 -307185
1558305056256 -285858
1558305057241 -286843
1558305064785 -316091
1558305065085 -294686
1558305066051 -305204
1558305068965 -673050
1558305070883 -310035
1558305079733 -289718
1558305086016 -296000
1558305087610 -287732
1558305088519 -288641
1558305089352 -289474
1558305089413 -299396
1558305089784 -341076
1558305090763 -342054
1558305092721 -344011
1558305102265 -312247
1558305102559 -308386
1558305105897 -306016
1558305106141 -316122
1558305106887 -307006
1558305107235 -313061
1558305109249 -309368
1558305109985 -315811
1558305112093 -312212
1558305114924 -719008
1558305116791 -296627
1558305118689 -294625
1558305121901 -301736
1558305122266 -302101
1558305122434 -302269
155830512