1558304395110 -6552310
1558304395110 -6552309
1558304397863 -2570
1558304398064 -4728
1558304399885 -4592
1558304400920 -5885
1558304402822 -9486
1558304402855 -7820
1558304405594 -10301
1558304405747 -11601
1558304412398 -17103
1558304417304 -23158
1558304420015 -22521
1558304422253 -27215
1558304428077 -33931
1558304430770 -33274
1558304431003 -36857
1558304436875 -42728
1558304437604 -40106
1558304437856 -43709
1558304441591 -47444
1558304441591 -47444
1558304443310 -45812
1558304446241 -48743
1558304447535 -53388
1558304448479 -54332
1558304448522 -52482
1558304450483 -54443
1558304456290 -62113
1558304457167 -59667
1558304458948 -61448
1558304459929 -60965
1558304462860 -63896
1558304467851 -73674
1558304467902 -71861
1558304468831 -74654
1558304469812 -75635
1558304469812 -75635
1558304470518 -71554
1558304473063 -78886
1558304473834 -77792
1558304474735 -78692
1558304479317 -80351
1558304488117 -89150
1558304492175 -94482
1558304493117 -95855
1558304495065 -97803
1558304499988 -102295
1558304501945 -104252
1558304506835 -109142
1558304509846 -112153
1558304515451 -118189
1558304515482 -117789
1558304517206 -116339
1558304518104 -117237
1558304520393 -119526
1558304522339 -124646
1558304524273 -123406
1558304524549 -127287
1558304525017 -124150
1558304525926 -125059
1558304526903 -126036
1558304533576 -138541
1558304535290 -137596
1558304540750 -143465
1558304540766 -141760
1558304542151 -147116
1558304547576 -150291
1558304548542 -151257
1558304556340 -159054
1558304556405 -157399
1558304559002 -156907
1558304560141 -165106
1558304562113 -163107
1558304562751 -160655
1558304564953 -162857
1558304565284 -167998
1558304565284 -167998
1558304569247 -170239
1558304570014 -172727
1558304575592 -173496
1558304577694 -180407
1558304582406 -185119
1558304585528 -186514
1558304591553 -194266
1558304592200 -194913
1558304596228 -195307
1558304597207 -196286
1558304597207 -196286
1558304599879 -196380
1558304600124 -199251
1558304602047 -201126
1558304602667 -199168
1558304604910 -204037
1558304611069 -210196
1558304611806 -210884
1558304613256 -209757
1558304613557 -212684
1558304615500 -214627
1558304615500 -214627
1558304615500 -214627
1558304617718 -216845
1558304618208 -223173
1558304618434 -217561
1558304618434 -217561
1558304619420 -218547
1558304620396 -219523
1558304629132 -228258
1558304631207 -230284
1558304633382 -228742
1558304633382 -232508
1558304634149 -233275
1558304642421 -237781
1558304646034 -245111
1558304646771 -245848
1558304647211 -252176
1558304648594 -247681
1558304650597 -249619
1558304654020 -258985
1558304657472 -256559
1558304659181 -258268
1558304660167 -259254
1558304661819 -257178
1558304661838 -266803
1558304665163 -264185
1558304665726 -261085
1558304669089 -268176
1558304670922 -270009
1558304670990 -270012
1558304672193 -277158
1558304672212 -277177
1558304673475 -272496
1558304675876 -274897
1558304675876 -274897
1558304676885 -275906
1558304678845 -263460
1558304681527 -280613
1558304685443 -284529
1558304689807 -294772
1558304689815 -294780
1558304691411 -275805
1558304693140 -277747
1558304693737 -288938
1558304694351 -278744
1558304695819 -300784
1558304696840 -281444
1558304702514 -307478
1558304703093 -287483
1558304705263 -288881
1558304705995 -270997
1558304710369 -277602
1558304711303 -276305
1558304712327 -279559
1558304712744 -277745
1558304714274 -281506
1558304718211 -323175
1558304718525 -302141
1558304722605 -289836
1558304722740 -287740
1558304731070 -301987
1558304731703 -289960
1558304734830 -305747
1558304737923 -308839
1558304738004 -293339
1558304739009 -294344
1558304740827 -299083
1558304743060 -290701
1558304743061 -290702
1558304743061 -298395
1558304744050 -291691
1558304744050 -299384
1558304746194 -351158
1558304747701 -295342
1558304749225 -354187
1558304749255 -354217
1558304752747 -297932
1558304753478 -298663
1558304755355 -302994
1558304755654 -360616
1558304757041 -290027
1558304761227 -308865
1558304761299 -270110
1558304762764 -367726
1558304762770 -367732
1558304769113 -277923
1558304771734 -282550
1558304772421 -281230
1558304774372 -379334
1558304776766 -285575
1558304777747 -286555
1558304781333 -288443
1558304781705 -290513
1558304783636 -292444
1558304786978 -295785
1558304786978 -295785
1558304787067 -295874
1558304788914 -393876
1558304789054 -296163
1558304789055 -296164
1558304789478 -298285
1558304790393 -301206
1558304792079 -302892
1558304792476 -299584
1558304792938 -303751
1558304794521 -305333
1558304795353 -304159
1558304795787 -400749
1558304796090 -306902
1558304798834 -307639
1558304799781 -308585
1558304802675 -407637
1558304802677 -407639
1558304802749 -407711
1558304802751 -407713
1558304805645 -269600
1558304809473 -414435
1558304809486 -414448
1558304818602 -280846
1558304818661 -282614
1558304821508 -283751
1558304824920 -429882
1558304828924 -292876
1558304831011 -289600
1558304832363 -437325
1558304832365 -437327
1558304835124 -299075
1558304840483 -304433
1558304840483 -304433
1558304840764 -299351
1558304841534 -300121
1558304841915 -304155
1558304843506 -448468
1558304846480 -310428
1558304847221 -311169
1558304852526 -314764
1558304860712 -465674
1558304864701 -308294
1558304868617 -473579
1558304868742 -290303
1558304870708 -292268
1558304874700 -296259
1558304876219 -481181
1558304880640 -305833
1558304881556 -306749
1558304882397 -296016
1558304883363 -304921
1558304884671 -298289
1558304884671 -298289
1558304889333 -302951
1558304890001 -315190
1558304894777 -499739
1558304895797 -297873
1558304896209 -295217
1558304898195 -311812
1558304900135 -313751
1558304900429 -302505
1558304904548 -509510
1558304906015 -289377
1558304913790 -312796
1558304916535 -299896
1558304919120 -302321
1558304920035 -524997
1558304920057 -525019
1558304921442 -290462
1558304923753 -528715
1558304927516 -296535
1558304927516 -310713
1558304928752 -312111
1558304932192 -301210
1558304933219 -295214
1558304933767 -292261
1558304936226 -298220
1558304937362 -295856
1558304938195 -296689
1558304939307 -301301
1558304940366 -544326
1558304941871 -303865
1558304942838 -304831
1558304943152 -547112
1558304943153 -547113
1558304943288 -547248
1558304947000 -305493
1558304947000 -305493
1558304949682 -311674
1558304950223 -308715
1558304951025 -554985
1558304951177 -555137
1558304953156 -311647
1558304954678 -297976
1558304956012 -294879
1558304957244 -315734
1558304961361 -300227
1558304962393 -305690
1558304962696 -566656
1558304966890 -300092
1558304968044 -306909
1558304969998 -308863
1558304970194 -574154
1558304971114 -314410
1558304973571 -306770
1558304974368 -317664
1558304978310 -582270
1558304979832 -289452
1558304982507 -285666
1558304985047 -294666
1558304985047 -293756
1558304986975 -590935
1558304988627 -298246
1558304993521 -296678
1558304998731 -602691
1558304998768 -602728
1558304998769 -602729
1558304999033 -302189
1558305002013 -311630
1558305002719 -311425
1558305003239 -306394
1558305005100 -314716
1558305007127 -315832
1558305008456 -612416
1558305013919 -298152
1558305018544 -296889
1558305018632 -302865
1558305018632 -302865
1558305018632 -302865
1558305020413 -624373
1558305021573 -305805
1558305027627 -310056
1558305027629 -310057
1558305034612 -312955
1558305035786 -314129
1558305039040 -297608
1558305041237 -293553
1558305042973 -301541
1558305042994 -299260
1558305043204 -295520
1558305047435 -306003
1558305047871 -306439
1558305049409 -307976
1558305052908 -309172
1558305053812 -312379
1558305057730 -313994
1558305057795 -310109
1558305061480 -317743
1558305062361 -288756
1558305064757 -297556
1558305067536 -671495
1558305070358 -296751
1558305075178 -301570
1558305075959 -308756
1558305078256 -311053
1558305079196 -311993
1558305079470 -683429
1558305080196 -306588
1558305080196 -306588
1558305082230 -309386
1558305088409 -315564
1558305089006 -315396
1558305089851 -292566
1558305092802 -295516
1558305092961 -696920
1558305093786 -296500
1558305094786 -291223
1558305094787 -291223
1558305095756 -298470
1558305097653 -300367
1558305097882 -294318
1558305098893 -301606
1558305099344 -302057
1558305099726 -301210
1558305103108 -707067
1558305106484 -710443
1558305106486 -710445
1558305108838 -311550
1558305108838 -310320
