1558304396003 -652
1558304397648 -3725
1558304397648 -3725
1558304400629 -5462
1558304402496 -7329
1558304403489 -8327
1558304403748 -8397
1558304406398 -11231
1558304406399 -11232
1558304406687 -11336
1558304408378 -13216
1558304409330 -14163
1558304409436 -15670
1558304410320 -15153
1558304411377 -17611
1558304414295 -19130
1558304414514 -19163
1558304416162 -20993
1558304417168 -21999
1558304417209 -23443
1558304417439 -22088
1558304417996 -22831
1558304418977 -23812
1558304418982 -23817
1558304419289 -23938
1558304422839 -27670
1558304424155 -28804
1558304425769 -30598
1558304425771 -32004
1558304425771 -32004
1558304425810 -29865
1558304427047 -31695
1558304427724 -32553
1558304429001 -33649
1558304429707 -35940
1558304429978 -34626
1558304430957 -35605
1558304431758 -35813
1558304433659 -37714
1558304434619 -38674
1558304434864 -39512
1558304435655 -41888
1558304436516 -41345
1558304438464 -44697
1558304440427 -45254
1558304441508 -46335
1558304442698 -46386
1558304443198 -48025
1558304443198 -48025
1558304443198 -48025
1558304444092 -50325
1558304447176 -53408
1558304448132 -52187
1558304454755 -60500
1558304454921 -59747
1558304455899 -60725
1558304456193 -59881
1558304456900 -61726
1558304460570 -66314
1558304465555 -71298
1558304467460 -71519
1558304468497 -70617
1558304468497 -70617
1558304471431 -73551
1558304474054 -79796
1558304475130 -80872
1558304476254 -80313
1558304476942 -80907
1558304478569 -82256
1558304479830 -83795
1558304481638 -85325
1558304486247 -88367
1558304487310 -88898
1558304488288 -89876
1558304489267 -90855
1558304490814 -94873
1558304491728 -95787
1558304493014 -94602
1558304495704 -97824
1558304497009 -99129
1558304498093 -102056
1558304501533 -105592
1558304502476 -104612
1558304504431 -106567
1558304504502 -105675
1558304505617 -106790
1558304505617 -106790
1558304506383 -108519
1558304508651 -110238
1558304509606 -110778
1558304512558 -114145
1558304513061 -115197
1558304513136 -114308
1558304514503 -117742
1558304518022 -119194
1558304519237 -120824
1558304520573 -123809
1558304521194 -121602
1558304521198 -121606
1558304522163 -122571
1558304523144 -123552
1558304527203 -130439
1558304528035 -128443
1558304528944 -130116
1558304529991 -130399
1558304530129 -133365
1558304534558 -136693
1558304535685 -137820
1558304537414 -138585
1558304537964 -138299
1558304540366 -139249
1558304543277 -142160
1558304545356 -144239
1558304545667 -146002
1558304549561 -149969
1558304551323 -151731
1558304552078 -150961
1558304553398 -153733
1558304555092 -153975
1558304555092 -153975
1558304558310 -158718
1558304560110 -160518
1558304563531 -165654
1558304564924 -165332
1558304566576 -165458
1558304572650 -173045
1558304572651 -173046
1558304574397 -173279
1558304576353 -174719
1558304577333 -175699
1558304577335 -175701
1558304577540 -177934
1558304577638 -177499
1558304578914 -179308
1558304579367 -181489
1558304583192 -181558
1558304584808 -185202
1558304587236 -187097
1558304588842 -190963
1558304593016 -193410
1558304593673 -195794
1558304597902 -198296
1558304599822 -198188
1558304599822 -198187
1558304600510 -202631
1558304603765 -204158
1558304606600 -208721
1558304606744 -205108
1558304607053 -206913
1558304609465 -209858
1558304611284 -212480
1558304614978 -216174
1558304615397 -212679
1558304619302 -216584
1558304620839 -222035
1558304622464 -222857
1558304622950 -224146
1558304623219 -223612
1558304623819 -225015
1558304626145 -223427
1558304626145 -223427
1558304629692 -230866
1558304630609 -231783
1558304633862 -232151
1558304634568 -232932
1558304635333 -236507
1558304637644 -235933
1558304637702 -234982
1558304638622 -236911
1558304639825 -238189
1558304641449 -239813
1558304641449 -239813
1558304641641 -238920
1558304642171 -243345
1558304647113 -248287
1558304648202 -246030
1558304648444 -240907
1558304649427 -241889
1558304655300 -247759
1558304655370 -262497
1558304655861 -253689
1558304660013 -252463
1558304660575 -261748
1558304664087 -261915
1558304665469 -266642
1558304665628 -263455
1558304665730 -272857
1558304668858 -270031
1558304671307 -272480
1558304672283 -273456
1558304672283 -273456
1558304673599 -274772
1558304674500 -275673
1558304675645 -259343
1558304680621 -264318
1558304681897 -279723
1558304682869 -280695
1558304682892 -290019
1558304685010 -265996
1558304685201 -268702
1558304685203 -268704
1558304686822 -270323
1558304687547 -271048
1558304688956 -269941
1558304688965 -269950
1558304688965 -269950
1558304689157 -264948
1558304690713 -297840
1558304694044 -277544
1558304694102 -269892
1558304695991 -271781
1558304696588 -303714
1558304698611 -282110
1558304699872 -280856
1558304699928 -272540
1558304700873 -276662
1558304702606 -283589
1558304704512 -277124
1558304709107 -289031
1558304712410 -272616
1558304713196 -284367
1558304714176 -285347
1558304714376 -282450
1558304714376 -282450
1558304714378 -282452
1558304715894 -283968
1558304717292 -288463
1558304718014 -291081
1558304719061 -290231
1558304720818 -293884
1558304722606 -282825
1558304724069 -284288
1558304724784 -297850
1558304724805 -288280
1558304726081 -286284
1558304726101 -277134
1558304726671 -290146
1558304728942 -292416
1558304729141 -280173
1558304730571 -294045
1558304735673 -299147
1558304735761 -282673
1558304736351 -299824
1558304736491 -283403
1558304737648 -288679
1558304740082 -291113
1558304740271 -303744
1558304741007 -291283
1558304741489 -293265
1558304742758 -289666
1558304744340 -296116
1558304744539 -295569
1558304745470 -281424
1558304746806 -353932
1558304747424 -283378
1558304751741 -287694
1558304753023 -299925
1558304753153 -274303
1558304756936 -292888
1558304757606 -278755
1558304761743 -298704
1558304761927 -297879
1558304762512 -296929
1558304762907 -298858
1558304765424 -302385
1558304766000 -300417
1558304766778 -301195
1558304767598 -302015
1558304767822 -282325
1558304768745 -289892
1558304771402 -292549
1558304771729 -306145
1558304773705 -288208
1558304776397 -297543
1558304776987 -298697
1558304782158 -389284
1558304784059 -301805
1558304788943 -306687
1558304789091 -283227
1558304790070 -284206
1558304791961 -306461
1558304796300 -403426
1558304796302 -403428
1558304799443 -288833
1558304800113 -289503
1558304800501 -298024
1558304802645 -292034
1558304805160 -294549
1558304807534 -296923
1558304812354 -310745
1558304812354 -301742
1558304812775 -306907
1558304813748 -307880
1558304814423 -308555
1558304818125 -280710
1558304823377 -302538
1558304825495 -269612
1558304825557 -432683
1558304827453 -271569
1558304827709 -290293
1558304830335 -309495
1558304830647 -274763
1558304830730 -274846
1558304832554 -439680
1558304832737 -311897
1558304832791 -301824
1558304833714 -312874
1558304834688 -313847
1558304838093 -282208
1558304838323 -317482
1558304842100 -286215
1558304843477 -289056
1558304844119 -451245
1558304844513 -313544
1558304846505 -292084
1558304847607 -293186
1558304847797 -316828
1558304849150 -311731
1558304851726 -295839
1558304851982 -294920
1558304852168 -295921
1558304853143 -296896
1558304856903 -302480
1558304858282 -303859
1558304859921 -305498
1558304862735 -305671
1558304862735 -305671
1558304865810 -309920
1558304866607 -310717
1558304868704 -314279
1558304873289 -287887
1558304875985 -291037
1558304876250 -483376
1558304877335 -292800
1558304880195 -299888
1558304881193 -300886
1558304881807 -296404
1558304882541 -298005
1558304883873 -298924
1558304885055 -304747
1558304886162 -301625
1558304893053 -307648
1558304896625 -316316
1558304896700 -312162
1558304896798 -311393
1558304897334 -312383
1558304898578 -318268
1558304901650 -289181
1558304901998 -292730
1558304901998 -289528
1558304904283 -511409
1558304905496 -293026
1558304908136 -293783
1558304910028 -295674
1558304911364 -518490
1558304912335 -299864
1558304916424 -303952
1558304916944 -302590
1558304917511 -305039
1558304918420 -304065
1558304919627 -308454
1558304919985 -307512
1558304920021 -527147
1558304920959 -308486
1558304920960 -308487
1558304921592 -310419
1558304921885 -312613
1558304922909 -310436
1558304923665 -530791
1558304925792 -316520
1558304927800 -318528
1558304927800 -313444
1558304928474 -319202
1558304930739 -287425
1558304930863 -294153
1558304931654 -288340
1558304931918 -539044
1558304937775 -304285
1558304938053 -301342
1558304938960 -302248
1558304940331 -547457
1558304940458 -297143
1558304940620 -303908
1558304940948 -307457
1558304941268 -297953
1558304943229 -550355
1558304943388 -306676
1558304950150 -308533
1558304951205 -314491
1558304955175 -296521
1558304955630 -312313
1558304959219 -566345
1558304960982 -297932
1558304961961 -298911
1558304962772 -319454
1558304964763 -287409
1558304965505 -302455
1558304966475 -307819
1558304968483 -291129
1558304969463 -292109
1558304969635 -293989
1558304973437 -297791
1558304975440 -298085
1558304978889 -290120
1558304979461 -303814
1558304982608 -305252
1558304984498 -307142
1558304984653 -307297
1558304984754 -309106
1558304985295 -307939
1558304986521 -593640
1558304988186 -295064
1558304992588 -299466
1558304996993 -291360
1558304997856 -304733
1558305001757 -296124
1558305002510 -313738
1558305003069 -299115
1558305003468 -314696
1558305003711 -299757
1558305005096 -316324
1558305005831 -300197
1558305006068 -317296
1558305007938 -615057
1558305008677 -315552
1558305010591 -306636
1558305011752 -292899
1558305013010 -294156
1558305014567 -308932
1558305014737 -295883
1558305015066 -311110
1558305016378 -293147
1558305017025 -313069
1558305017285 -624404
1558305018606 -299752
1558305018982 -315026
1558305019589 -300735
1558305020120 -627239
1558305020569 -301715
1558305025882 -307027
1558305026660 -307805
1558305028270 -298339
1558305028756 -294990
1558305029172 -305939
1558305031129 -307896
1558305034268 -315412
1558305034268 -304336
1558305035290 -316434
1558305035825 -305893
1558305035981 -306049
1558305036266 -313032
1558305037388 -307456
1558305038925 -308992
1558305040071 -287281
1558305040689 -647592
1558305040799 -287661
1558305040901 -310968
1558305044014 -291223
1558305047526 -294735
1558305049116 -295974
1558305049295 -289338
1558305050025 -316256
1558305050696 -316927
1558305050792 -317023
1558305052661 -299517
1558305052689 -299545
1558305052739 -292781
1558305052895 -300103
1558305052895 -300103
1558305053682 -293724
1558305055965 -662868
1558305056529 -303383
1558305057514 -304368
1558305058091 -294392
1558305058092 -294392
1558305059478 -306331
1558305062923 -309775
1558305064204 -300503
1558305065662 -312868
1558305066244 -313094
1558305066514 -313720
1558305066786 -303085
1558305067019 -673922
1558305067770 -304069
1558305068478 -285632
1558305069458 -286612
1558305069692 -676595
1558305070727 -307025
1558305074050 -291204
1558305075789 -292518
1558305077001 -313299
1558305078083 -294811
1558305078334 -295487
1558305078567 -685470
1558305078990 -295718
1558305080268 -297421
1558305081540 -317837
1558305081540 -317837
1558305081991 -295645
1558305082024 -688927
1558305082076 -688979
1558305082233 -299385
1558305085392 -292354
1558305085808 -302960
1558305085808 -299462
1558305087393 -304545
1558305091216 -298177
1558305092152 -699055
1558305093180 -300141
1558305094559 -311285
1558305096120 -703023
1558305097758 -314484
1558305101213 -318363
1558305104398 -290915
1558305105964 -312923
1558305111087 -298012
1558305116115 -302630
1558305117099 -303614
1558305120802 -304513
1558305122360 -306071
1558305124599 -297866
1558305124998 -731898
1558305125031 -311544
1558305126003 -312516
1558305126991 -313504
1558305127445 -300712
1558305128955 -315467
1558305128955 -315467
1558305131346 -318268
1558305132872 -306138
1558305132872 -293541
1558305132872 -293541
1558305134058 -287444
1558305134771 -288157
1558305134771 -291232
1558305139821 -300489
1558305140056 -313321
1558305140382 -747282
1558305140572 -293958
1558305146133 -306800
1558305148807 -288025
1558305149182 -309849
1558305149773 -306227
1558305150394 -289612
1558305150394 -289612
1558305151472 -304856
1558305153372 -760272
1558305153716 -314382
1558305155423 -311875
1558305159294 -298511
1558305160759 -295343
1558305161181 -300397
1558305161319 -296673
1558305161501 -296084
1558305162346 -296929
1558305168185 -295480
1558305171127 -305709
1558305171139 -298433
1558305171552 -310767
1558305176169 -311521
1558305176881 -311462
1558305177361 -304654
1558305178154 -312735
1558305178633 -283958
1558305180961 -287564
1558305181708 -788608
1558305181714 -788614
1558305183305 -288629
1558305187453 -294486
1558305188806 -295838
1558305189095 -316386
1558305189890 -317181
1558305192749 -299780
1558305193272 -298595
1558305194185 -299508
1558305199348 -806248
1558305201106 -307706
1558305202733 -307841
1558305202733 -308054
1558305203651 -308972
1558305203652 -310252
1558305204501 -311530
1558305205445 -312474
1558305206332 -313361
1558305206974 -312295
1558305208527 -315126
1558305214509 -289697
1558305214781 -296528
1558305216280 -298026
1558305217259 -299005
1558305218955 -825855
1558305220191 -296664
1558305221914 -828814
1558305222097 -303842
1558305224066 -305811
1558305224431 -299616
1558305228101 -304573
1558305228681 -313054
1558305229024 -313396
1558305229780 -314152
1558305230145 -306617
1558305231353 -306537
1558305232756 -314500
1558305233706 -840606
1558305233738 -315482
1558305235728 -296942
1558305240385 -315568
1558305241112 -316295
1558305242278 -298000
1558305244085 -297351
1558305244594 -300316
1558305244699 -305910
1558305245626 -295890
1558305246551 -853451
1558305247337 -854237
1558305247547 -303269
1558305247981 -301247
1558305257867 -311131
1558305259325 -309587
1558305260240 -315960
1558305263559 -296800
1558305265207 -318471
1558305266139 -299379
1558305268021 -874921
1558305268238 -297575
1558305268621 -292315
1558305271189 -300526
1558305274512 -298206
1558305275133 -304470
1558305277614 -306950
1558305279579 -303272
1558305280975 -310310
1558305282030 -315268
1558305286964 -320201
1558305288160 -309276
1558305288570 -317905
1558305294050 -900950
1558305294712 -901612
1558305296309 -299526
1558305296506 -299723
1558305296772 -295721
1558305299284 -302500
1558305300308 -303524
1558305302424 -293429
1558305304057 -307273
1558305308001 -306948
1558305308751 -307698
1558305308940 -307783
1558305310811 -309758
1558305311551 -302555
1558305314382 -313224
1558305316375 -315216
1558305317623 -924522
1558305318314 -309317
1558305321351 -295412
1558305322819 -296880
1558305325179 -316181
1558305326734 -300794
1558305327790 -301850
1558305327790 -301850
1558305329243 -290163
1558305331054 -303724
1558305331194 -292113
1558305333149 -294068
1558305334207 -941106
1558305334208 -941107
1558305337683 -303375
1558305338632 -311301
1558305339939 -312608
1558305341595 -302513
1558305342503 -308194
1558305342702 -949601
1558305343128 -317185
1558305343439 -316107
1558305346130 -320186
1558305352474 -296343
1558305354262 -298130
1558305355481 -297885
1558305355567 -962466
1558305355568 -962467
1558305356098 -299965
1558305356248 -291906
1558305356936 -300802
1558305358180 -319095
1558305360459 -302859
1558305360459 -302859
1558305360590 -967459
1558305360957 -304822
1558305361130 -303530
1558305361365 -297022
1558305363219 -297634
1558305367179 -301594
1558305367787 -303444
1558305369724 -304139
1558305369724 -312121
1558305372399 -306813
1558305372400 -308056
1558305373949 -308362
1558305375361 -317755
1558305376375 -312030
1558305381959 -296432
1558305383505 -297977
1558305383505 -295685
1558305384138 -318550
1558305384928 -320582
1558305386665 -298843
1558305386665 -292111
1558305387369 -299546
1558305387663 -994485
1558305388349 -300526
1558305388349 -300526
1558305389506 -294951
1558305393936 -308407
1558305393936 -306111
1558305394210 -308681
1558305400916 -315386
1558305400916 -306360
1558305403195 -317664
1558305403455 -307594
1558305403560 -309003
1558305404518 -309961
1558305405482 -309621
1558305408240 -313683
1558305411361 -300883
1558305412469 -317911
1558305412470 -301992
1558305412790 -302312
1558305416023 -321464
1558305417078 -1023900
1558305417390 -306911
1558305419765 -309286
1558305420082 -1026904
1558305420364 -304685
1558305426476 -304059
1558305430190 -319709
1558305433414 -322933
1558305435506 -294932
1558305436475 -295900
1558305444961 -296154
1558305445635 -299437
1558305446615 -306037
1558305449610 -300802
1558305450065 -1056887
1558305450828 -299342
1558305455937 -315355
1558305456152 -309953
1558305457407 -311207
1558305460048 -313848
1558305462544