1558304395398 -2783
1558304396395 -3780
1558304398230 -2847
1558304401140 -6281
1558304407980 -12595
1558304416694 -21834
1558304417803 -22418
1558304418657 -23272
1558304418703 -23318
1558304419481 -21563
1558304420691 -25305
1558304423389 -30771
1558304424534 -29148
1558304426249 -28331
1558304429237 -36619
1558304431527 -36140
1558304432199 -34280
1558304433342 -37954
1558304437953 -45335
1558304438927 -46309
1558304439887 -47269
1558304440677 -48059
1558304441642 -49024
1558304442899 -47510
1558304446652 -54034
1558304446934 -51291
1558304448602 -50683
1558304449574 -51655
1558304450709 -55066
1558304452556 -54637
1558304452660 -57017
1558304453466 -55547
1558304453650 -58007
1558304454606 -58963
1558304456209 -63591
1558304458342 -60423
1558304461419 -65732
1558304461431 -65744
1558304463813 -71195
1558304464211 -65657
1558304466019 -67465
1558304466985 -68431
1558304468669 -76003
1558304473889 -75335
1558304476895 -81208
1558304477725 -79168
1558304479674 -81117
1558304479809 -84122
1558304483724 -88037
1558304486588 -88031
1558304486729 -91042
1558304487488 -88931
1558304488469 -89912
1558304490383 -91824
1558304490554 -94867
1558304491381 -95694
1558304495285 -99597
1558304499069 -100510
1558304499077 -100518
1558304501569 -108474
1558304502163 -106475
1558304506109 -107974
1558304511096 -118000
1558304513035 -119939
1558304515951 -122855
1558304517895 -124799
1558304519593 -121456
1558304519593 -121456
1558304519835 -126739
1558304521431 -120212
1558304522747 -129651
1558304522985 -127292
1558304523020 -127327
1558304523512 -125375
1558304524892 -131796
1558304527433 -129295
1558304527604 -134508
1558304529525 -131387
1558304530627 -134934
1558304534272 -136134
1558304536406 -143135
1558304537170 -143899
1558304539223 -141085
1558304540177 -146906
1558304542905 -144363
1558304546800 -148258
1558304547090 -151397
1558304549796 -148031
1558304549906 -151364
1558304550014 -156743
1558304552539 -150774
1558304552740 -159469
1558304556559 -158017
1558304563127 -161362
1558304563713 -168020
1558304565380 -166836
1558304567183 -168639
1558304567183 -168639
1558304569251 -167486
1558304571041 -177770
1558304571987 -178716
1558304572963 -179692
1558304575330 -176786
1558304581254 -185561
1558304582492 -189220
1558304584227 -180179
1558304590371 -186322
1558304592225 -198953
1558304593705 -198012
1558304596262 -192212
1558304601084 -197034
1558304606815 -213342
1558304607348 -203296
1558304608550 -215075
1558304608550 -215075
1558304612644 -208213
1558304613090 -217397
1558304613091 -217398
1558304613405 -219930
1558304615343 -221868
1558304627809 -226490
1558304628175 -234700
1558304629480 -228161
1558304629749 -236274
1558304630266 -225835
1558304631693 -238218
1558304632564 -228133
1558304633334 -231799
1558304634639 -238945
1558304642246 -246552
1558304643898 -242362
1558304648662 -244230
1558304649245 -253551
1558304653642 -252106
1558304653642 -252106
1558304654541 -249259
1558304654541 -249259
1558304654633 -253097
1558304656614 -263138
1558304657631 -252349
1558304657764 -256227
1558304658424 -253142
1558304658481 -253199
1558304659501 -263807
1558304666612 -270918
1558304666667 -270973
1558304666668 -270974
1558304668996 -274667
1558304669363 -264080
1558304675900 -270617
1558304675991 -263108
1558304676243 -280549
1558304676435 -282106
1558304677918 -265035
1558304678839 -284510
1558304680313 -285984
1558304683169 -287475
1558304683537 -268548
1558304683645 -270761
1558304685610 -272726
1558304687026 -272035
1558304687764 -272773
1558304687764 -274879
1558304688986 -294657
1558304691051 -295357
1558304696248 -281253
1558304696791 -302461
1558304696886 -301192
1558304697035 -301341
1558304697068 -301374
1558304697224 -282229
1558304699306 -284310
1558304702219 -279719
1558304702484 -308154
1558304706647 -310953
1558304706668 -310974
1558304706955 -271739
1558304708347 -314017
1558304708347 -314017
1558304711196 -275979
1558304712014 -276797
1558304713081 -317387
1558304713803 -278585
1558304714764 -279546
1558304716692 -322362
1558304716980 -281762
1558304719212 -323518
1558304720070 -292735
1558304721837 -277666
1558304724592 -280421
1558304725428 -288093
1558304726785 -331091
1558304729069 -301732
1558304732614 -305277
1558304736705 -341010
1558304737063 -278582
1558304737148 -341453
1558304740935 -295196
1558304742553 -315214
1558304743114 -284632
1558304744097 -285614
1558304744989 -286506
1558304747434 -351739
1558304747825 -289342
1558304748805 -290322
1558304753440 -291052
1558304757084 -329743
1558304758235 -330894
1558304758322 -330980
1558304760340 -275652
1558304760794 -333451
1558304765049 -337705
1558304766868 -339523
1558304768113 -305703
1558304768165 -283476
1558304768165 -283476
1558304768413 -372718
1558304768490 -372795
1558304769591 -342245
1558304770968 -308558
1558304771768 -287078
1558304771768 -287078
1558304771768 -287078
1558304772408 -287718
1558304773484 -311080
1558304775435 -379740
1558304775605 -379910
1558304775768 -294067
1558304778950 -316544
1558304783106 -320698
1558304783121 -387426
1558304784083 -321675
1558304788513 -303821
1558304789946 -327536
1558304792975 -287877
1558304795650 -333238
1558304796279 -314575
1558304796927 -401232
1558304797203 -401508
1558304799555 -294456
1558304802014 -294108
1558304802048 -296949
1558304802980 -295074
1558304803008 -297909
1558304803753 -408057
1558304803986 -298887
1558304806242 -298335
1558304814799 -309698
1558304816167 -353751
1558304818353 -422657
1558304819602 -311693
1558304823139 -360722
1558304824827 -264506
1558304825775 -265453
1558304825775 -265453
1558304826548 -430852
1558304826746 -266424
1558304826746 -266424
1558304827353 -291120
1558304829720 -293487
1558304830867 -270545
1558304833385 -437689
1558304836094 -299857
1558304836604 -440908
1558304838760 -299934
1558304839141 -278817
1558304841133 -302306
1558304841425 -281101
1558304842940 -306701
1558304844174 -283850
1558304844568 -448872
1558304846508 -307681
1558304850033 -289708
1558304850568 -311740
1558304851011 -290686
1558304851607 -301700
1558304851987 -291662
1558304853136 -292810
1558304853498 -314669
1558304853704 -458008
1558304855935 -295609
1558304860346 -302567
1558304861686 -465990
1558304867294 -309514
1558304877090 -481393
1558304877199 -481502
1558304880586 -300711
1558304881112 -293708
1558304881112 -293708
1558304881992 -294588
1558304881992 -302116
1558304883227 -322815
1558304883291 -322879
1558304883693 -296289
1558304883726 -303850
1558304885049 -324637
1558304885865 -490168
1558304887005 -326592
1558304889419 -302014
1558304891566 -304160
1558304896201 -308795
1558304897117 -501420
1558304900592 -340174
1558304900592 -313185
1558304903277 -289659
1558304905350 -509653
1558304905953 -292335
1558304906395 -345974
1558304908454 -294836
1558304908809 -295065
1558304910442 -350019
1558304911280 -350857
1558304911844 -298099
1558304912342 -516645
1558304912343 -516646
1558304912357 -516660
1558304912864 -299118
1558304913804 -300184
1558304915586 -301966
1558304915795 -355371
1558304918562 -304942
1558304920859 -525162
1558304922840 -307283
1558304928320 -312762
1558304929139 -313581
1558304932212 -289322
1558304932718 -536869
1558304937923 -295032
1558304938632 -291906
1558304939200 -296309
1558304940670 -544821
1558304940671 -544822
1558304940711 -544862
1558304940999 -294273
1558304940999 -298108
1558304943646 -547797
1558304944012 -548163
1558304944013 -548164
1558304944178 -328618
1558304944748 -301856
1558304946263 -330703
1558304948893 -302166
1558304951786 -555937
1558304955659 -340097
1558304957577 -314683
1558304959972 -564123
1558304961370 -289323
1558304961765 -346202
1558304962921 -567072
1558304962958 -567109
1558304965876 -292546
1558304968445 -352881
1558304969202 -295871
1558304969421 -353856
1558304970184 -296853
1558304973492 -357926
1558304973492 -357926
1558304975180 -303131
1558304976259 -360692
1558304976259 -360692
1558304979787 -307737
1558304982671 -310621
1558304984867 -312817
1558304986642 -314591
1558304986843 -312272
1558304987239 -591390
1558304987481 -591632
1558304992370 -293118
1558304993708 -291518
1558304993834 -294582
1558304993920 -319348
1558304998193 -296002
1558304998547 -299293
1558304998547 -299292
1558305001796 -327223
155