1558304394738 -1397
1558304394738 -1397
1558304396930 -3329
1558304396930 -3329
1558304398132 -4791
1558304398871 -5270
1558304402686 -9085
1558304405651 -11502
1558304405653 -11504
1558304409439 -15836
1558304410477 -16328
1558304410477 -16328
1558304419973 -25824
1558304421906 -27757
1558304425768 -31618
1558304426753 -32603
1558304428705 -34555
1558304429739 -35589
1558304432644 -38494
1558304433618 -39468
1558304435639 -41489
1558304440212 -46538
1558304440337 -46187
1558304441021 -47347
1558304442282 -48108
1558304443019 -49345
1558304446037 -51863
1558304446037 -51863
1558304447135 -52961
1558304447135 -52961
1558304447135 -52961
1558304448797 -55123
1558304460325 -65844
1558304461295 -66814
1558304461559 -67384
1558304462550 -68375
1558304465567 -71392
1558304466424 -72249
1558304468856 -74375
1558304470131 -75956
1558304471112 -76937
1558304472077 -77902
1558304472079 -77904
1558304476960 -82785
1558304478925 -84750
1558304486305 -90776
1558304486728 -89463
1558304488611 -91346
1558304488955 -93426
1558304490473 -93208
1558304490518 -93253
1558304490905 -95375
1558304490905 -95375
1558304492330 -95065
1558304500536 -105004
1558304501251 -103986
1558304502051 -104786
1558304503987 -106722
1558304504953 -107688
1558304505970 -108705
1558304506898 -109633
1558304508259 -112727
1558304510278 -114746
1558304512021 -116489
1558304515824 -120292
1558304519713 -122437
1558304520580 -123314
1558304520580 -123314
1558304521339 -124073
1558304522330 -125064
1558304524850 -127574
1558304530439 -133163
1558304531401 -134125
1558304531401 -134125
1558304532386 -135110
1558304532976 -132069
1558304534339 -137062
1558304535177 -134270
1558304536859 -135951
1558304540582 -139674
1558304541554 -140646
1558304541926 -144649
1558304543496 -142588
1558304549503 -148595
1558304554403 -153495
1558304555553 -158276
1558304557468 -160191
1558304558233 -157325
1558304559222 -161945
1558304560982 -160074
1558304560983 -160075
1558304561181 -163893
1558304561788 -160880
1558304566053 -166870
1558304566064 -166881
1558304570009 -170826
1558304570072 -170889
1558304573445 -172537
1558304573445 -172537
1558304579213 -180029
1558304580259 -177373
1558304583164 -180278
1558304584508 -185324
1558304585224 -182338
1558304586055 -183169
1558304591400 -192215
1558304592109 -192924
1558304602791 -202141
1558304606065 -205415
1558304606599 -203713
1558304607423 -204537
1558304608268 -205382
1558304610046 -207160
1558304613932 -211045
1558304615876 -212989
1558304615876 -212989
1558304615877 -212990
1558304622078 -219191
1558304623120 -220781
1558304625957 -223618
1558304627537 -225198
1558304628975 -226636
1558304632871 -229875
1558304633451 -230455
1558304635148 -232152
1558304638070 -235074
1558304639044 -236048
1558304644264 -241925
1558304650149 -254797
1558304653616 -250620
1558304660274 -257278
1558304661248 -258252
1558304664356 -261360
1558304665193 -262197
1558304668268 -265233
1558304677054 -273693
1558304677331 -281979
1558304680257 -276896
1558304681855 -277133
1558304682814 -278092
1558304684771 -280049
1558304685352 -282308
1558304688751 -284029
1558304691577 -286855
1558304692729 -289685
1558304692729 -289685
1558304692882 -288160
1558304694823 -299471
1558304696436 -291713
1558304697010 -293966
1558304697406 -292683
1558304700808 -305456
1558304707449 -312097
1558304707455 -312103
1558304710694 -305971
1558304711586 -308541
1558304714345 -311300
1558304714792 -310069
1558304716530 -313484
1558304720178 -317132
1558304724354 -308798
1558304726008 -300733
1558304726238 -310682
1558304731350 -335996
1558304731675 -306399
1558304732646 -307370
1558304733963 -304266
1558304733963 -304266
1558304737815 -342461
1558304741205 -315928
1558304743510 -318232
1558304747217 -321939
1558304747446 -302513
1558304749163 -323884
1558304752510 -307576
1558304753287 -308353
1558304755217 -310282
1558304760660 -335380
1558304761048 -301654
1558304761783 -366429
1558304762992 -303598
1558304766208 -340927
1558304767617 -342335
1558304768835 -309440
1558304769401 -374047
1558304769403 -374049
1558304770644 -311249
1558304771095 -345803
1558304772626 -347333
1558304773519 -348226
1558304773519 -348226
1558304774163 -348870
1558304779754 -304834
1558304780479 -305559
1558304781899 -298160
1558304781906 -298167
1558304787276 -312355
1558304787900 -304161
1558304788123 -313202
1558304790843 -395489
1558304790852 -395498
1558304799836 -316062
1558304800401 -316627
1558304800671 -311638
1558304802137 -318363
1558304802137 -318362
1558304802143 -318368
1558304802511 -313478
1558304803093 -319318
1558304804063 -320288
1558304808475 -413121
1558304808477 -413123
1558304808940 -325164
1558304816710 -332932
1558304819760 -424406
1558304819807 -424453
1558304821948 -338167
1558304827559 -432204
1558304830051 -346267
1558304832481 -310794
1558304834699 -439344
1558304836368 -274227
1558304838291 -354504
1558304842786 -307012
1558304848697 -312922
1558304855953 -320177
1558304856452 -294308
1558304856630 -294486
1558304856952 -321176
1558304857483 -295339
1558304861077 -325300
1558304864052 -328275
1558304864450 -328673
1558304865316 -329539
1558304866180 -330403
1558304868131 -305985
1558304870619 -334841
1558304872179 -310032
1558304873042 -310895
1558304877420 -341641
1558304878378 -483023
1558304878856 -282844
1558304880611 -344831
1558304884667 -288654
1558304885196 -349413
1558304886169 -350386
1558304887083 -491728
1558304889916 -293902
1558304890288 -354503
1558304891157 -355372
1558304891225 -355439
1558304892281 -296267
1558304893228 -297214
1558304894758 -358970
1558304895183 -299169
1558304895183 -299169
1558304898672 -503317
1558304902789 -305169
1558304903584 -305964
1558304906512 -511157
1558304909721 -312099
1558304910452 -312830
1558304911273 -313650
1558304913408 -518053
1558304914189 -316566
1558304927492 -329861
1558304929003 -331372
1558304931520 -333889
1558304932492 -334861
1558304933869 -307910
1558304934176 -538820
1558304936513 -338882
1558304941070 -343439
1558304944402 -288641
1558304944954 -347322
1558304946361 -348729
1558304947410 -349777
1558304947410 -349777
1558304953144 -297382
1558304959548 -305893
1558304961489 -307834
1558304961731 -566375
1558304961732 -566376
1558304961735 -566379
1558304961774 -306011
1558304962451 -308796
1558304965665 -309901
1558304968127 -314471
1558304969099 -315443
1558304969223 -573867
1558304975236 -321578
1558304975920 -322262
1558304976437 -290703
1558304976743 -581387
1558304978816 -325158
1558304980763 -327104
1558304980954 -585598
1558304984150 -330491
1558304988358 -334698
1558304988980 -303243
1558304989002 -593646
1558304989329 -335669
1558304991504 -305767
1558304995824 -310086
1558304996802 -311064
1558304997728 -602372
1558304998112 -344448
1558305002155 -316416
1558305005932 -352265
1558305007265 -611909
1558305008874 -355206
1558305010315 -290714
1558305012226 -358556
1558305013476 -293874
1558305014363 -294761
1558305015219 -295617
1558305016729 -621372
1558305016730 -621002
1558305019348 -623620
1558305021416 -308035
1558305028252 -314870
1558305030223 -316841
1558305030949 -635221
1558305030953 -635223
1558305038513 -286143
1558305040223 -644493
1558305042426 -290055
1558305045352 -292981
1558305048030 -295658
1558305048292 -334907
1558305051783 -338397
1558305053513 -340126
1558305054488 -341101
1558305054987 -659257
1558305055135 -302763
1558305055473 -342085
1558305061038 -308665
1558305062409 -349019
1558305063643 -350252
1558305064749 -351357
1558305065281 -351889
1558305066459 -670729
1558305066511 -670781
1558305068658 -286392
1558305069540 -673810
1558305071921 -358525
1558305074514 -361118
1558305075998 -293731
1558305079747 -310056
1558305080736 -311045
1558305081135 -685405
1558305086806 -317114
1558305088474 -318782
1558305089358 -319666
1558305090338 -320646
1558305091311 -321619
1558305091786 -696056
1558305094242 -324549
1558305100588 -330894
1558305101404 -289886
1558305103050 -333356
1558305103531 -292012
1558305104030 -334336
1558305104511 -292992
1558305106798 -337103
1558305112983 -343287
1558305114623 -344926
1558305118844 -723114
1558305121276 -309755
1558305124524 -354824
1558305125416 -355716
1558305126368 -356667
1558305127851 -290163
1558305128828 -291140
1558305131096 -293408
