1558304400820 -5921
1558304403701 -8802
1558304405659 -10758
1558304406210 -12019
1558304415466 -20565
1558304417590 -23398
1558304425341 -31149
1558304425341 -31149
1558304426329 -32137
1558304427980 -33076
1558304431306 -37114
1558304437009 -42817
1558304441677 -46770
1558304441692 -47146
1558304444434 -49527
1558304446402 -51495
1558304450301 -55394
1558304451636 -57090
1558304459101 -62841
1558304463988 -67728
1558304466958 -72411
1558304470860 -76313
1558304471656 -75394
1558304471659 -75397
1558304482418 -86155
1558304488259 -91996
1558304490405 -93788
1558304491232 -94615
1558304492206 -95589
1558304497881 -101618
1558304501982 -105364
1558304506880 -110262
1558304508619 -111174
1558304517306 -119860
1558304519208 -121760
1558304523120 -125672
1558304526057 -128609
1558304530941 -133490
1558304532166 -135548
1558304532904 -135453
1558304538830 -141921
1558304540827 -143918
1558304545766 -148856
1558304547650 -150740
1558304554361 -154967
1558304555457 -158547
1558304561132 -164222
1558304565113 -165719
1558304567987 -171077
1558304582442 -183048
1558304584731 -187810
1558304585571 -188650
1558304588389 -191468
1558304590315 -193394
1558304591554 -194633
1558304595314 -195917
1558304596209 -199288
1558304596257 -199336
1558304599927 -200530
1558304602045 -205124
1558304603781 -204384
1558304608514 -209116
1558304611833 -214912
1558304619486 -222565
1558304621817 -221241
1558304632760 -235838
1558304632760 -235838
1558304634946 -238024
1558304645207 -244630
1558304645207 -245308
1558304648427 -247850
1558304661957 -261357
1558304661959 -261359
1558304664373 -264474
1558304670963 -271064
1558304676583 -285490
1558304680651 -280752
1558304684512 -284612
1558304690392 -290492
1558304691123 -290522
1558304691412 -291512
1558304695025 -294424
1558304696234 -292895
1558304696891 -305798
1558304697414 -306321
1558304700288 -296943
1558304704883 -302861
1558304707564 -305542
1558304711682 -309660
1558304711914 -293083
1558304719252 -328159
1558304719291 -317268
1558304723371 -294404
1558304723651 -292443
1558304724245 -295278
1558304726912 -335819
1558304729373 -300405
1558304730695 -339601
1558304731838 -302869
1558304733681 -302472
1558304734255 -305286
1558304734575 -303366
1558304735164 -306195
1558304737960 -299621
1558304742760 -313790
1558304743663 -314693
1558304744042 -305702
1558304744917 -306577
1558304751849 -313508
1558304753427 -302659
1558304755376 -304608
1558304758070 -329098
1558304760936 -369841
1558304760937 -369841
1558304766464 -315694
1558304770932 -287371
1558304772287 -307076
1558304773154 -289593
1558304780905 -297343
1558304781639 -298076
1558304788453 -304890
1558304790405 -306838
1558304793741 -310173
1558304799529 -315961
1558304800857 -335632
1558304803935 -272784
1558304808833 -277681
1558304818998 -427901
1558304821960 -290806
1558304821960 -314172
1558304824168 -316380
1558304826250 -295095
1558304826533 -435436
1558304826730 -435633
1558304829800 -298644
1558304830595 -299439
1558304843612 -335821
1558304847865 -316704
1558304849636 -270828
1558304850235 -458917
1558304850559 -271751
1558304856057 -348263
1558304857854 -350059
1558304857854 -279045
1558304857854 -279045
1558304864297 -285487
1558304866198 -314298
1558304869528 -478210
1558304869594 -478276
1558304874720 -322819
1558304877194 -485876
1558304877195 -485877
1558304883677 -304864
1558304885840 -494522
1558304889889 -337986
1558304893243 -314427
1558304893954 -342051
1558304901595 -292901
1558304908440 -299745
1558304910033 -301338
1558304912335 -521017
1558304915906 -307210
1558304924891 -533573
1558304927763 -325835
1558304929702 -327773
1558304937530 -335600
1558304940801 -301951
1558304941788 -302938
1558304943730 -304880
1558304946959 -345028
1558304949338 -347407
1558304956024 -354092
1558304956619 -354686
1558304959378 -292342
1558304965218 -298182
1558304965554 -298518
1558304966586 -299549
1558304966986 -305029
1558304970678 -308721
1558304972651 -310694
1558304973379 -311421
1558304974364 -312406
1558304975077 -308039
1558304977523 -315565
1558304979385 -588067
1558304985139 -293814
1558304992208 -330151
1558304994978 -332920
1558304996200 -304873
1558304997889 -335831
1558304998161 -306834
1558305000739 -338680
1558305000739 -338680
1558305006685 -344625
1558305011399 -286985
1558305013708 -351641
1558305020481 -296065
1558305021185 -359115
1558305024264 -299848
1558305024472 -300056
1558305025081 -300664
1558305028031 -314274
1558305029348 -304931
1558305043510 -329751
1558305044619 -653301
1558305047362 -292982
1558305051096 -296715
1558305057706 -303325
1558305062773 -349009
1558305063673 -309291
1558305063960 -309578
1558305065206 -351441
1558305067366 -312983
1558305073839 -360070
1558305075906 -290800
1558305076648 -291542
1558305079164 -294056
1558305079739 -688420
1558305084438 -299330
1558305088157 -303049
1558305091872 -306764
1558305092855 -307745
1558305093305 -701986
1558305093840 -308730
1558305093847 -308737
1558305095814 -310703
1558305099902 -322439
1558305100655 -323191
1558305101369 -316258
1558305106080 -328616
1558305109879 -295194
1558305112027 -297341
1558305112148 -297462
1558305112254 -334789
1558305124369 -309680
1558305126448 -735129
1558305129519 -352047
1558305132522 -317831
1558305134138 -286443
1558305137232 -307956
1558305139818 -292122
1558305141157 -311880
1558305141157 -311880
1558305141206 -749887
1558305141795 -294099
1558305144425 -753106
1558305151677 -303980
1558305154341 -763022
1558305158741 -311043
1558305158742 -311044
1558305160497 -331214
1558305162790 -333506
1558305166806 -337521
1558305167035 -775716
1558305167791 -338506
1558305168459 -294533
1558305170039 -778702
1558305178492 -304565
1558305178492 -304565
1558305179887 -788550
1558305185815 -311887
1558305185815 -311887
1558305185815 -311887
1558305187051 -305464
1558305189474 -307887
1558305189474 -307887
1558305191011 -287042
1558305191265 -309677
1558305192081 -288112
1558305192907 -288937
1558305193344 -311756
1558305195272 -313684
1558305196960 -292990
1558305201516 -319927
1558305201786 -297815
1558305202111 -298140
1558305203267 -299296
1558305207842 -326252
1558305210154 -818816
1558305211773 -330182
1558305214242 -310270
1558305215574 -333983
1558305219023 -827685
1558305219631 -289383
1558305221971 -830633
1558305223394 -293145
1558305228043 -346450
1558305228683 -298434
1558305228683 -347090
1558305231589 -840251
1558305234586 -843248
1558305234587 -843249
1558305239868 -309617
1558305242551 -312300
1558305245977 -315725
1558305254448 -311951
1558305260658 -304108
1558305265455 -308904
1558305266010 -323469
1558305266935 -310384
1558305269529 -312977
1558305278664 -296540
1558305279700 -297575
1558305281611 -339067
1558305283872 -892534
1558305286280 -343735
1558305288227 -345681
1558305290802 -348254
1558305292193 -310067
1558305293220 -311094
1558305298300 -355749
1558305298898 -907560
1558305301837 -289839
1558305307734 -295735
1558305310686 -298687
1558305311988 -299988
1558305314738 -923400
1558305314963 -302963
1558305321228 -326011
1558305325429 -934091
1558305326622 -314621
1558305329609 -317607
1558305329724 -334505
1558305330927 -335708
1558305331620 -336401
1558305334352 -943013
1558305334353 -943014
1558305337377 -342158
1558305338146 -342926
1558305338991 -298012
1558305343645 -952306
1558305343993 -303013
1558305344128 -348907
1558305346109 -350887
1558305351871 -356647
1558305353331 -358107
1558305355618 -964279
1558305355824 -314841
1558305358022 -317182
1558305371459 -330617
1558305371459 -330617
1558305373833 -332990
1558305377576 -986237
1558305382559 -311255
1558305386467 -345621
1558305391024 -350178
1558305391592 -1000253
1558305391593 -1000254
1558305393829 -322523
1558305398042 -300767
1558305399892 -302616
1558305400908 -303632
1558305404811 -1013430
1558305406029 -305708
1558305411653 -314372
1558305413378 -316097
1558305413378 -316097
1558305417441 -320159
1558305418049 -1026660
1558305419484 -293290
1558305421432 -295237
1558305422957 -296762
1558305426453 -326129
1558305426453 -300258
1558305431452 -331127
1558305434700 -334375
1558305435561 -335236
1558305441353 -341027
1558305441353 -315155
1558305442338 -316140
1558305444002 -343675
1558305444678 -344350
1558305445176 -1053787
