1558304394082 -898
1558304399868 -9522
1558304399886 -6702
1558304400699 -10353
1558304403544 -13198
1558304409306 -18960
1558304414358 -21173
1558304415174 -21989
1558304418946 -28593
1558304419051 -25866
1558304419052 -25867
1558304421817 -31464
1558304423906 -30721
1558304424880 -31695
1558304425504 -29795
1558304425505 -29796
1558304437221 -41511
1558304438316 -47952
1558304439157 -43447
1558304443170 -49982
1558304447852 -52017
1558304449974 -56785
1558304450741 -54906
1558304451780 -61386
1558304452906 -59717
1558304465974 -75579
1558304471045 -75210
1558304471172 -77980
1558304471688 -81293
1558304474040 -78205
1558304474148 -80955
1558304475123 -81930
1558304477454 -87059
1558304477456 -87061
1558304482783 -86948
1558304486630 -93436
1558304486911 -96516
1558304489765 -99370
1558304491445 -95610
1558304492394 -96556
1558304492646 -102247
1558304494569 -104158
1558304495297 -102071
1558304496323 -100485
1558304497448 -104222
1558304500219 -104381
1558304501253 -108027
1558304505089 -109250
1558304509015 -113176
1558304510656 -117429
1558304515524 -122297
1558304518636 -122797
1558304521601 -125762
1558304526458 -130619
1558304526498 -130659
1558304527237 -136825
1558304530110 -139698
1558304532831 -139601
1558304533922 -143510
1558304536711 -143481
1558304537172 -141333
1558304539225 -140269
1558304541005 -142049
1558304542587 -152165
1558304542599 -152177
1558304547788 -148832
1558304554009 -163587
1558304559797 -169374
1558304559862 -166596
1558304561803 -168536
1558304562696 -172273
1558304563275 -164318
1558304563662 -173239
1558304564269 -165312
1558304565746 -172479
1558304567526 -177101
1558304568603 -175336
1558304570161 -171204
1558304573459 -180192
1558304574223 -183596
1558304578317 -185050
1558304579545 -186277
1558304579983 -181026
1558304584174 -185217
1558304584304 -185347
1558304587703 -188746
1558304595550 -196593
1558304598129 -207501
1558304602542 -206952
1558304602995 -212367
1558304606556 -207526
1558304609844 -210814
1558304610965 -220337
1558304611099 -220471
1558304611473 -215883
1558304611898 -221270
1558304612697 -222069
1558304613787 -214757
1558304623278 -232533
1558304624857 -229265
1558304624858 -229266
1558304626809 -231217
1558304628249 -237496
1558304628249 -237496
1558304628636 -229580
1558304633670 -234614
1558304636824 -246004
1558304636824 -246004
1558304637798 -246978
1558304642917 -243860
1558304645497 -249904
1558304649738 -250681
1558304658170 -267349
1558304664082 -273261
1558304664229 -273408
1558304671426 -275411
1558304672445 -280333
1558304673775 -281663
1558304677163 -281148
1558304680058 -277975
1558304685078 -283936
1558304686757 -285615
1558304687312 -291296
1558304687312 -285229
1558304690802 -294786
1558304690802 -294786
1558304693818 -284062
1558304696362 -294279
1558304698918 -296835
1558304704106 -305438
1558304708083 -315629
1558304717237 -318568
1558304717771 -315687
1558304717896 -315812
1558304718075 -319406
1558304720767 -293187
1558304722522 -323853
1558304723104 -289690
1558304724846 -332392
1558304725505 -292091
1558304725678 -327009
1558304729031 -294453
1558304736445 -308627
1558304740580 -306000
1558304743128 -281992
1558304744392 -316573
1558304744912 -283775
1558304748782 -315364
1558304749748 -288611
1558304753509 -320090
1558304759007 -331186
1558304759501 -298362
1558304764801 -331380
1558304766347 -305207
1558304766619 -333197
1558304770815 -279127
1558304771020 -343196
1558304773405 -293451
1558304776167 -296212
1558304777330 -384876
1558304780924 -279719
1558304781208 -301252
1558304786253 -285047
1558304788021 -308064
1558304789838 -309881
1558304792172 -290965
1558304792356 -312398
1558304793303 -313345
1558304794545 -293338
1558304795099 -303406
1558304795381 -294173
1558304795542 -315584
1558304797013 -305320
1558304797496 -317537
1558304798889 -297681
1558304799921 -319962
1558304801437 -321478
1558304801870 -270824
1558304805468 -304259
1558304805918 -325958
1558304809856 -308645
1558304811264 -310053
1558304811743 -331780
1558304815072 -335107
1558304815072 -335107
1558304815309 -284261
1558304815731 -314518
1558304817850 -337884
1558304818230 -287181
1558304819206 -288157
1558304822430 -321214
1558304823159 -343191
1558304827613 -314011
1558304830017 -316415
1558304833608 -302557
1558304835112 -333890
1558304835432 -442978
1558304838480 -337257
1558304839076 -308024
1558304841183 -339959
1558304841336 -327732
1558304844297 -280634
1558304846333 -332729
1558304847179 -345952
1558304849246 -285582
1558304849719 -312528
1558304850609 -313418
1558304851871 -338265
1558304853043 -289378
1558304854016 -290351
1558304854806 -341200
1558304857492 -293827
1558304860651 -296986
1558304861348 -324155
1558304867326 -330131
1558304869406 -305739
1558304870271 -312768
1558304872818 -335622
1558304873032 -309364
1558304873404 -315900
1558304873655 -309987
1558304874501 -316997
1558304874993 -337797
1558304875293 -311625
1558304881405 -344207
1558304884808 -291337
1558304885638 -348437
1558304889961 -352758
1558304890089 -332583
1558304893599 -300127
1558304897475 -339968
1558304902730 -345222
1558304904313 -346805
1558304907874 -350365
1558304909763 -352253
1558304911835 -338723
1558304912848 -289621
1558304914206 -521601
1558304916693 -343580
1558304917977 -344864
1558304918758 -295530
1558304919500 -346387
1558304921579 -298351
1558304924485 -301257
1558304925356 -352242
1558304928281 -355167
1558304928281 -305052
1558304931226 -358111
1558304936095 -328742
1558304939097 -315867
1558304940147 -332793
1558304942779 -293492
1558304948844 -325234
1558304954536 -305248
1558304954749 -331138
1558304955025 -305737
1558304960368 -336756
1558304961500 -354141
1558304964718 -357359
1558304967869 -284734
1558304968840 -285705
1558304970275 -306509
1558304970940 -347326
1558304974448 -350834
1558304974917 -291781
1558304977427 -294291
1558304977427 -294291
1558304978090 -314322
1558304981155 -588549
1558304983061 -319293
1558304985392 -302254
1558304986594 -303951
1558304986741 -322972
1558304991262 -308618
1558304993073 -329303
1558304993654 -311010
1558304994713 -330943
1558305007916 -325270
1558305008368 -295262
1558305008898 -326252
1558305011334 -298228
1558305011512 -328866
1558305012187 -329540
1558305015567 -332920
1558305017941 -354163
1558305019052 -305945
1558305019497 -626891
1558305020026 -306919
1558305020026 -306919
1558305028612 -285638
1558305035413 -292438
1558305044317 -320520
1558305047477 -323680
1558305048818 -305849
1558305048818 -305842
1558305048818 -325020
1558305050424 -307455
1558305055722 -312752
1558305061478 -337678
1558305061478 -337678
1558305062649 -294638
1558305062848 -319877
1558305063276 -295265
1558305064932 -296921
1558305068510 -300499
1558305068726 -344922
1558305069324 -326352
1558305078200 -310187
1558305081110 -338137
1558305084843 -301835
1558305086722 -289716
1558305087559 -304551
1558305087653 -304645
1558305090780 -347803
1558305090834 -293828
1558305098913 -315903
1558305102126 -319116
1558305102467 -305459
1558305104783 -321772
1558305111102 -313751
1558305111302 -328285
1558305112061 -329044
1558305112566 -315557
1558305112742 -315390
1558305113370 -316018
1558305115248 -317896
1558305115593 -332573
1558305116094 -295884
1558305117558 -334538
1558305118189 -320836
1558305120984 -337964
1558305121668 -324315
1558305122399 -325046
1558305123310 -303099
1558305124306 -326953
1558305124516 -341496
1558305126106 -328752
1558305126686 -306475
1558305128084 -330730
1558305133485 -336130
1558305140407 -287363
1558305147601 -294556
1558305148068 -304985
1558305151634 -354273
1558305152571 -355210
1558305153583 -356221
1558305153988 -300942
1558305154529 -357166
1558305159171 -306125
1558305159630 -307044
1558305159630 -306584
1558305159630 -306584
1558305159888 -307302
1558305160991 -317905
1558305161170 -318084
1558305161767 -309180
1558305163874 -310827
1558305165746 -322659
1558305181232 -328642
1558305186352 -312003
1558305186823 -343730
1558305190339 -347244
1558305191853 -317503
1558305192204 -349109
1558305192759 -289453
1558305194710 -291404
1558305196691 -344099
1558305197973 -354875
1558305198646 -346053
1558305199035 -355936
1558305201446 -348853
1558305202030 -298723
1558305204315 -304721
1558305204315 -301008
