1558304371977 -882
1558304371994 -898
1558304371994 -898
1558304374459 -3363
1558304385664 -14568
1558304392197 -20486
1558304396683 -24972
1558304399744 -28033
1558304401529 -29818
1558304409946 -17069
1558304416595 -23609
1558304419513 -26527
1558304422368 -29382
1558304422753 -50595
1558304423734 -51576
1558304428596 -56437
1558304429232 -36246
1558304436372 -64213
1558304436372 -64213
1558304438907 -45921
1558304440138 -67979
1558304444583 -51597
1558304448858 -76695
1558304449449 -56463
1558304449836 -77581
1558304449848 -77593
1558304455249 -62262
1558304455660 -83405
1558304464239 -90318
1558304467722 -74300
1558304468114 -94065
1558304468690 -75268
1558304471599 -78177
1558304472009 -97960
1558304477434 -84012
1558304479376 -85954
1558304482322 -88900
1558304482340 -88918
1558304482703 -108413
1558304485203 -91781
1558304487149 -93727
1558304498650 -105227
1558304499061 -124297
1558304500814 -107391
1558304503506 -110083
1558304503916 -128885
1558304507394 -113971
1558304509443 -116017
1558304522781 -129355
1558304526667 -133241
1558304529097 -154065
1558304529679 -136253
1558304530573 -137147
1558304536435 -143009
1558304540213 -146787
1558304541126 -147700
1558304544048 -150622
1558304544614 -168704
1558304546043 -151659
1558304548293 -172306
1558304548917 -154533
1558304550868 -156484
1558304550868 -156484
1558304551872 -157488
1558304553149 -177162
1558304555133 -179146
1558304555770 -161386
1558304558674 -164290
1558304558674 -164290
1558304566596 -190550
1558304583020 -206801
1558304584318 -208099
1558304590746 -214299
1558304593583 -199198
1558304596543 -202158
1558304596577 -202192
1558304600536 -223881
1558304601497 -224841
1558304601497 -224841
1558304613961 -241804
1558304613964 -241807
1558304627960 -233529
1558304628121 -246948
1558304635400 -254218
1558304635507 -263349
1558304636235 -241804
1558304642757 -270599
1558304642876 -270718
1558304647966 -251180
1558304650063 -268868
1558304650088 -277930
1558304650089 -277931
1558304652321 -255535
1558304654798 -273596
1558304657314 -276111
1558304658757 -261971
1558304663190 -281983
1558304664709 -283499
1558304665436 -268650
1558304665547 -284336
1558304668829 -287617
1558304669631 -288418
1558304670469 -289256
1558304676157 -273953
1558304678903 -277808
1558304678903 -277808
1558304681870 -270784
1558304684054 -311896
1558304684945 -283850
1558304688138 -277051
1558304688936 -287839
1558304694724 -322566
1558304696526 -273077
1558304697659 -296562
1558304699054 -297957
1558304700324 -328166
1558304700524 -299427
1558304704767 -303670
1558304708255 -307158
1558304712245 -311148
1558304713166 -341008
1558304714956 -272347
1558304719948 -347790
1558304719958 -347800
1558304719960 -347802
1558304730773 -358615
1558304730796 -358638
1558304732540 -296166
1558304740339 -279220
1558304741022 -304647
1558304741531 -280412
1558304742458 -281339
1558304746111 -284991
1558304747075 -285955
1558304747209 -310833
1558304748175 -376017
1558304753076 -316699
1558304753890 -317513
1558304754224 -382066
1558304758112 -288455
1558304760737 -324358
1558304771253 -301595
1558304776224 -339839
1558304776224 -339839
1558304779584 -280936
1558304780466 -281817
1558304781162 -282513
1558304783877 -285226
1558304783923 -411764
1558304784043 -315928
1558304787945 -289292
1558304790204 -418045
1558304795611 -296955
1558304799095 -300438
1558304816131 -443972
1558304818917 -296136
1558304819086 -446927
1558304819173 -447014
1558304823354 -355228
1558304824724 -301943
1558304826816 -454657
1558304834282 -462123
1558304834576 -319875
1558304839186 -324484
1558304842308 -470149
1558304844037 -296123
1558304846489 -331786
1558304850859 -302943
1558304854772 -306854
1558304857498 -309580
1558304858864 -310945
1558304860636 -312716
1558304866065 -351359
1558304866684 -294491
1558304870251 -498092
1558304872387 -300194
1558304878081 -305887
1558304878155 -505996
1558304881751 -302425
1558304881751 -302425
1558304883984 -311789
1558304883993 -311798
1558304884927 -312732
1558304885106 -305780
1558304886405 -514246
1558304886460 -514301
1558304888829 -316633
1558304891890 -312563
1558304892686 -287419
1558304893758 -314430
1558304900431 -295163
1558304905287 -300018
1558304905474 -533315
1558304908191 -302921
1558304912469 -540310
1558304918055 -312784
1558304920771 -315500
1558304924950 -552790
1558304924951 -552791
1558304924987 -552827
1558304924989 -552829
1558304928152 -296806
1558304933571 -561411
1558304939350 -308002
1558304941353 -301723
1558304941442 -569282
1558304943097 -311749
1558304944471 -572311
1558304946363 -315014
1558304946363 -306732
1558304949223 -309592
1558304952113 -312481
1558304952113 -312481
1558304952263 -580103
1558304952445 -580285
1558304952871 -291379
1558304955156 -293664
1558304958959 -319326
1558304959934 -320301
1558304960806 -588552
1558304960809 -588555
1558304960903 -588648
1558304964758 -303265
1558304965907 -304414
1558304966619 -305126
1558304966731 -305238
1558304967521 -306027
1558304968330 -596075
1558304974889 -335254
1558304976065 -603810
1558304977165 -293350
1558304979656 -607401
1558304981079 -297264
1558304983430 -343793
1558304983430 -343792
1558304986142 -346503
1558304986785 -302969
1558304986785 -302969
1558304988068 -615813
1558304995975 -356333
1558304996965 -357322
1558305002358 -307416
1558305006350 -634095
1558305006798 -311855
1558305008768 -313825
1558305012305 -317361
1558305014137 -300164
1558305018704 -646449
1558305018729 -646474
1558305018752 -646497
1558305018892 -304919
1558305020413 -325468
1558305021735 -649480
1558305024682 -310708
1558305026567 -331621
1558305027307 -332361
1558305039309 -667054
1558305040938 -345988
1558305047796 -303626
1558305048137 -303967
1558305051931 -293077
1558305053098 -680843
1558305053109 -680854
1558305053111 -680856
1558305055706 -296852
1558305055706 -296852
1558305055970 -311799
1558305058491 -299636
1558305061896 -317725
1558305067610 -293497
1558305067855 -693934
1558305067861 -693940
1558305070779 -696858
1558305076684 -317547
1558305079868 -705947
1558305080112 -320975
1558305080400 -306286
1558305081926 -322788
1558305082205 -308090
1558305085991 -311876
1558305086993 -312877
1558305088290 -314174
1558305089154 -315038
1558305089857 -715936
1558305090078 -315962
1558305094995 -286835
1558305097872 -289712
1558305102614 -343473
1558305103566 -344425
1558305103849 -295688
1558305104041 -729992
1558305106647 -298486
1558305114119 -740070
1558305114122 -740073
1558305114507 -306345
1558305116306 -293358
1558305117610 -743561
1558305117613 -743564
1558305117620 -743571
1558305117626 -743577
1558305118266 -295318
1558305123581 -315417
1558305125214 -302265
1558305126744 -752695
1558305128346 -293945
1558305132591 -309641
1558305133278 -310266
1558305133468 -299067
1558305136991 -302589
1558305138534 -764485
1558305138581 -764532
1558305139248 -765199
1558305140750 -317736
1558305141481 -767432
1558305141502 -767453
1558305141503 -767454
1558305143714 -320700
1558305151459 -777410
1558305151470 -777421
1558305152876 -295967
1558305159361 -302451
1558305161573 -338553
1558305170132 -795895
1558305174016 -350992
1558305177001 -291098
1558305179069 -293165
1558305180651 -806414
1558305182761 -808524
1558305182824 -307449
1558305185681 -310306
1558305190777 -315401
1558305193479 -819242
1558305197635 -322258
1558305198031 -312124
1558305205972 -289903
1558305207704 -291634
1558305209739 -293669
1558305210630 -294560
1558305211133 -836772
1558305211634 -295564
1558305217672 -301601
1558305218265 -342883
1558305219605 -303534
1558305221199 -345815
1558305227117 -351731
1558305229514 -313441
1558305230260 -354873
1558305230260 -354873
1558305231719 -857255
1558305235082 -296553
1558305244570 -870106
1558305247119 -308588
1558305247119 -308588
1558305248298 -873834
1558305252618 -306380
1558305254448 -308207
1558305255163 -308922
1558305257222 -882758
1558305257745 -311501
1558305258959 -320171
1558305259814 -313567
1558305260168 -885704
1558305263291 -324503
1558305266123 -327334
1558305266796 -328007
1558305268687 -293425
1558305268998 -894534
1558305269743 -294481
1558305271172 -896708
1558305271192 -896728
1558305278644 -339846
1558305280666 -305403
1558305281597 -907133
1558305281788 -907324
15583052817