1558304396916 -2041
1558304404678 -9802
1558304405658 -10782
1558304410889 -15826
1558304412495 -17619
1558304412811 -17748
1558304416728 -21665
1558304420456 -22712
1558304421132 -26244
1558304423381 -25637
1558304426327 -28582
1558304428272 -30526
1558304431914 -37025
1558304440695 -45805
1558304441667 -46777
1558304441915 -44168
1558304442478 -47588
1558304444431 -49541
1558304446387 -50100
1558304448342 -52055
1558304448663 -50915
1558304450298 -54011
1558304452280 -55993
1558304453518 -55768
1558304454215 -57928
1558304458120 -61832
1558304461052 -64764
1558304467972 -69243
1558304475553 -79263
1558304479462 -83172
1558304490453 -91721
1558304493958 -97667
1558304496153 -97421
1558304497878 -101586
1558304500058 -101326
1558304502999 -101960
1558304503727 -107435
1558304508620 -111191
1558304511330 -117404
1558304511552 -114122
1558304515538 -114498
1558304517296 -119864
1558304522852 -128926
1558304525106 -127674
1558304526045 -128613
1558304526045 -128613
1558304529330 -128288
1558304530800 -136874
1558304535469 -134427
1558304536796 -139362
1558304537857 -136815
1558304538309 -144383
1558304546696 -144768
1558304553243 -155806
1558304555494 -153564
1558304563831 -166394
1558304567045 -165114
1558304569802 -170396
1558304573890 -171959
1558304581479 -187552
1558304582713 -178777
1558304592039 -192625
1558304596273 -192336
1558304601073 -197135
1558304607890 -203385
1558304607890 -203385
1558304608480 -209066
1558304611784 -207279
1558304613378 -218109
1558304616759 -212254
1558304624792 -229523
1558304625353 -220847
1558304627599 -228185
1558304627926 -223420
1558304630234 -225728
1558304633896 -234481
1558304634939 -230433
1558304635348 -240079
1558304641804 -237298
1558304643509 -244094
1558304648625 -243388
1558304652729 -247491
1558304653514 -248276
1558304659961 -259400
1558304664924 -262753
1558304667051 -254198
1558304667481 -272212
1558304670051 -257196
1558304683976 -288707
1558304684234 -273343
1558304687137 -274269
1558304687552 -274684
1558304688487 -275618
1558304692683 -279813
1558304697635 -302366
1558304701113 -271883
1558304708766 -279536
1558304710296 -281065
1558304713292 -318023
1558304713293 -318024
1558304713316 -318047
1558304713320 -318051
1558304714620 -285389
1558304716715 -286782
1558304719483 -324214
1558304723381 -286524
1558304726341 -287204
1558304729478 -290341
1558304733938 -297079
1558304734232 -287806
1558304735017 -288591
1558304735819 -289393
1558304740154 -293728
1558304741283 -290983
1558304742751 -296324
1558304748155 -352886
1558304749387 -302959
1558304751477 -305049
1558304753173 -293059
1558304761934 -301819
1558304768774 -308658
1558304768774 -373505
1558304771913 -300973
1558304772248 -277316
1558304781360 -286423
1558304783966 -388697
1558304790236 -394967
1558304795233 -294151
1558304795243 -294161
1558304796192 -295110
1558304803854 -302771
1558304805649 -304565
1558304806107 -311158
1558304806750 -311801
1558304808737 -307653
1558304816554 -288043
1558304817530 -289019
1558304819179 -423907
1558304819281 -308665
1558304822927 -294416
1558304826866 -431594
1558304826946 -431674
1558304827133 -431861
1558304830431 -283050
1558304833010 -304497
1558304833984 -305471
1558304836712 -289330
1558304842787 -314273
1558304849306 -301918
1558304851215 -303826
1558304852193 -304804
1558304854147 -306757
1558304854148 -306758
1558304854750 -459478
1558304856928 -309538
1558304866078 -290488
1558304870599 -295008
1558304871982 -300043
1558304880813 -305221
1558304882056 -310115
1558304882601 -307008
1558304882745 -310804
1558304885466 -313525
1558304886926 -491654
1558304898003 -303649
1558304898003 -303649
1558304898504 -503232
1558304898505 -503233
1558304901456 -295517
1558304908052 -313697
1558304908257 -302317
1558304916454 -298859
1558304919347 -301752
1558304922278 -304682
1558304922282 -304686
1558304927351 -309755
1558304927810 -297823
1558304933031 -315434
1558304933740 -538468
1558304933813 -303825
1558304937599 -307611
1558304938160 -290520
1558304939868 -292227
1558304942064 -546792
1558304949308 -289350
1558304956582 -296623
1558304956696 -309053
1558304958384 -310740
1558304960046 -300086
1558304961026 -301066
1558304961550 -566278
1558304966861 -306900
1558304967174 -289383
1558304968682 -308721
1558304968693 -573421
1558304974016 -314054
1558304976426 -581154
1558304977483 -288363
1558304978460 -289340
1558304978874 -301081
1558304979854 -302061
1558304980155 -584883
1558304980414 -291293
1558304984669 -295547
1558304988596 -593324
1558304995890 -306767
1558304997243 -601425
1558305017863 -311086
1558305018214 -313297
1558305019076 -623258
1558305028684 -295318
1558305031625 -298258
1558305031625 -298258
1558305035259 -307185
1558305036675 -303308
1558305039328 -305960
1558305040648 -312573
1558305048348 -294240
1558305054433 -300324
1558305059371 -305262
1558305063598 -309488
1558305063598 -309488
1558305077695 -314567
1558305078854 -290686
1558305079493 -316364
1558305079836 -291668
1558305082443 -289999
1558305087490 -295045
1558305087490 -295045
1558305088350 -295905
1558305093096 -300651
1558305093449 -305279
1558305094425 -306255
1558305094758 -698940
1558305098426 -305980
1558305098426 -305980
1558305104985 -709167
1558305109616 -317169
1558305109616 -317169
1558305113641 -295091
1558305116890 -298587
1558305116892 -298589
1558305131075 -312522
1558305139034 -290493
1558305141943 -293401
1558305142962 -294420
1558305153193 -757375
1558305155373 -759555
1558305158615 -315058
1558305164729 -316183
1558305167572 -319026
1558305169722 -291106
1558305177108 -304378
1558305177938 -305208
1558305180828 -785009
1558305181607 -308877
1558305182483 -309753
1558305186264 -307645
1558305188615 -309996
1558305189528 -310908
1558305190232 -311612
1558305190629 -794810
1558305192207 -313587
1558305197081 -318460
1558305197081 -318459
1558305198372 -802553
1558305201784 -302270
1558305202638 -303124
1558305206106 -297518
1558305208652 -300064
1558305209128 -813309
1558305209958 -310442
1558305214408 -305819
1558305217086 -308496
1558305218034 -822215
1558305218035 -822216
1558305218567 -309977
1558305219841 -320322
1558305220722 -321203
1558305222503 -288461
1558305224358 -290316
1558305227400 -298373
1558305228087 -299059
1558305230208 -296165
1558305234998 -300954
1558305239998 -310969
1558305240223 -306179
1558305244842 -310797
1558305246344 -850525
1558305248110 -319080
1558305249384 -853565
1558305253739 -294337
1558305253739 -294337
1558305255898 -296495
1558305258208 -862389
1558305263749 -304676
1558305267144 -871325
1558305267146 -871327
1558305267768 -308693
1558305276104 -290294
1558305278422 -292611
1558305280566 -294755
1558305280680 -291632
1558305282706 -293658
1558305287540 -298491
1558305289812 -300763
1558305295137 -309324
1558305296134 -310321
1558305299245 -313432
1558305302808 -286910
1558305303088 -314037
1558305307573 -318521
1558305308057 -319005
1558305311155 -295256
1558305321882 -305982
1558305325050 -309149
1558305326551 -310650
1558305330381 -932377
1558305330804 -314542
1558305338199 -288549
1558305340266 -290616
1558305340654 -293997
1558305342170 -292520
1558305342170 -292520
1558305345568 -947564
1558305346368 -296717
1558305351805 -302154
1558305353783 -307125
1558305356731 -310072
1558305357510 -959506
1558305359689 -313030
1558305362087 -312434
1558305362636 -282157
1558305369273 -285121
1558305369273 -285121
1558305377701 -297220
1558305382259 -301778
1558305383049 -298896
1558305385692 -301538
1558305386360 -302206
1558305388451 -304297
1558305388839 -308357
1558305394293 -310138
1558305400890 -316735
1558305402185 -292305
1558305405876 -295994
1558305407839 -297956
1558305415527 -306936
1558305417054 -1019050
1558305426457 -317865
1558305429399 -306441
1558305440756 -301757
1558305441420 -318460
1558305444767 -321807
1558305446504 -307503
1558305451783 -298652
1558305455209 -316208
1558305463776 -310641
1558305467855 -314720
1558305468754 -315619
1558305470414 -304842
1558305472766 -319630
1558305473142 -307569
1558305473372 -1075368
1558305473388 -1075384
1558305473389 -1075385
1558305473817 -320681
1558305476349 -1078345
1558305481847 -298501
1558305484842 -1086838
1558305486122 -320547
1558305487100 -321525
1558305487417 -304070
1558305487829 -