1558304392768 -23110
1558304392768 -23110
1558304392768 -23110
1558304393280 -23511
1558304394900 -241
1558304400798 -6139
1558304403667 -9008
1558304404300 -34481
1558304404638 -9979
1558304404638 -9979
1558304406258 -36438
1558304406284 -36464
1558304421225 -51281
1558304422077 -27418
1558304424292 -54348
1558304433443 -63489
1558304433512 -63494
1558304435813 -41153
1558304436718 -42058
1558304436718 -42058
1558304438484 -68326
1558304439652 -42634
1558304446325 -76166
1558304447468 -77309
1558304451215 -54197
1558304452220 -55202
1558304452559 -82400
1558304459031 -62013
1558304462501 -92340
1558304462501 -92340
1558304471612 -101298
1558304471612 -101298
1558304476459 -79441
1558304479393 -82375
1558304480369 -83351
1558304481906 -111591
1558304488181 -90695
1558304491931 -94445
1558304501701 -104214
1558304501938 -131166
1558304503660 -106173
1558304507567 -110080
1558304509102 -138320
1558304513063 -140887
1558304516077 -143901
1558304516077 -143901
1558304519102 -146925
1558304524172 -126683
1558304525970 -128481
1558304528695 -156448
1558304528756 -156509
1558304529874 -132385
1558304542417 -144928
1558304542475 -169309
1558304544574 -147085
1558304545434 -147945
1558304551573 -177518
1558304553669 -179614
1558304557066 -156328
1558304560758 -185915
1558304565030 -189984
1558304565030 -189977
1558304565030 -164291
1558304565845 -190773
1558304569205 -194010
1558304570581 -169842
1558304578396 -177657
1558304578396 -177657
1558304587150 -211675
1558304589056 -213486
1558304592083 -216352
1558304593224 -217383
1558304595357 -219496
1558304625804 -244358
1558304630604 -249151
1558304636523 -235760
1558304637319 -255862
1558304641503 -240740
1558304644049 -258009
1558304644341 -243578
1558304650766 -264722
1558304652831 -260577
1558304655562 -263307
1558304657842 -265586
1558304657941 -265685
1558304662303 -270044
1558304668429 -267454
1558304669058 -268083
1558304669450 -277188
1558304670932 -278669
1558304672851 -280587
1558304674052 -281788
1558304679847 -280207
1558304681481 -281841
1558304684046 -281205
1558304693254 -276881
1558304693342 -276969
1558304694038 -294398
1558304694902 -295262
1558304696616 -303784
1558304696617 -303785
1558304696822 -297182
1558304699199 -299559
1558304699199 -299559
1558304704809 -305168
1558304710664 -311023
1558304712269 -295893
1558304718231 -325399
1558304720998 -292016
1558304722279 -322638
1558304729084 -300101
1558304729084 -300101
1558304737172 -301830
1558304738427 -297756
1558304739937 -304595
1558304744428 -303756
1558304751489 -280894
1558304751764 -316420
1558304753068 -282472
1558304753896 -283300
1558304754875 -284279
1558304758072 -287475
1558304762886 -327532
1558304764972 -329618
1558304765817 -295218
1558304772746 -302146
1558304773581 -338226
1558304779693 -309092
1558304787157 -291318
1558304787248 -291409
1558304789097 -396264
1558304794749 -328007
1558304796464 -403631
1558304796473 -329731
1558304796720 -300879
1558304802422 -306580
1558304803279 -410446
1558304805045 -338301
1558304805749 -309907
1558304810228 -262929
1558304816088 -268789
1558304818043 -270743
1558304818736 -291515
1558304823102 -295880
1558304824394 -297171
1558304827658 -280356
1558304829096 -301872
1558304832545 -285242
1558304835948 -443115
1558304838923 -291619
1558304839811 -292507
1558304847682 -300375
1558304847682 -320455
1558304849328 -322101
1558304851182 -323452
1558304857154 -309843
1558304857337 -310026
1558304857477 -310165
1558304858979 -311667
1558304866743 -298119
1558304866820 -298196
1558304867545 -339813
1558304868539 -299914
1558304868539 -299914
1558304870387 -342655
1558304872040 -344308
1558304878061 -350328
1558304884020 -315394
1558304892836 -301743
1558304893279 -297198
1558304895248 -299167
1558304900711 -304629
1558304908987 -317889
1558304909984 -313901
1558304910501 -289028
1558304911363 -518530
1558304911659 -315576
1558304916161 -294687
1558304917772 -321529
1558304920302 -324059
1558304924133 -327889
1558304927631 -331387
1558304928434 -332189
1558304934504 -313027
1558304935988 -314511
1558304937433 -315956
1558304941188 -289823
1558304943315 -347065
1558304946457 -295091
1558304946635 -350384
1558304946635 -295269
1558304948241 -351988
1558304949096 -297730
1558304951928 -300561
1558304954658 -358402
1558304956910 -360653
1558304957109 -305742
1558304965855 -314487
1558304965855 -314487
1558304967260 -318108
1558304969872 -576763
1558304972668 -291546
1558304972891 -323738
1558304972891 -291769
1558304975192 -326038
1558304979630 -330475
1558304982475 -333320
1558304983115 -333960
1558304983646 -302522
1558304984340 -335185
1558304985276 -304152
1558304988842 -307717
1558304991370 -342214
1558304992846 -343689
1558304992969 -311843
1558304995003 -601894
1558304995047 -345890
1558304997742 -348584
1558305003729 -354569
1558305005550 -300099
1558305008499 -303048
1558305018829 -310446
1558305034354 -325969
1558305040089 -331703
1558305042569 -306994
1558305043791 -335404
1558305044535 -308960
1558305050022 -314446
1558305050022 -314446
1558305054381 -292658
1558305059308 -297582
1558305064756 -356362
1558305066804 -358408
1558305071903 -310169
1558305080743 -288742
1558305084956 -320314
1558305085424 -320781
1558305085698 -321055
1558305086652 -322009
1558305089425 -297422
1558305092146 -699033
1558305093694 -329049
1558305095328 -303323
1558305095630 -330984
1558305096075 -702962
1558305096079 -702966
1558305103347 -338696
1558305104316 -339665
1558305105808 -712695
1558305106246 -341595
1558305109193 -344542
1558305114782 -350130
1558305116714 -352062
1558305124977 -731864
1558305125456 -360800
1558305125632 -304519
1558305127911 -734798
1558305128354 -315873
1558305129299 -316818
1558305134507 -322025
1558305134507 -313393
1558305137827 -325345
1558305139277 -288332
1558305139760 -327277
1558305139760 -327277
1558305143617 -331134
1558305144188 -293242
1558305146717 -334234
1558305147442 -334959
1558305148154 -335670
1558305148584 -297638
1558305149595 -298648
1558305154015 -303068
1558305162984 -312035
1558305164978 -352489
1558305165218 -772103
1558305166910 -315961
1558305168818 -356329
1558305174767 -362277
1558305180376 -299112
1558305181700 -788585
1558305189602 -308337
1558305189898 -324129
1558305190721 -324952
1558305193609 -327840
1558305194577 -328808
1558305195546 -329777
1558305198440 -332670
1558305198570 -805455
1558305199141 -287925
1558305199404 -333634
1558305207966 -296749
1558305208972 -297754
1558305210006 -344234
1558305214305 -303087
1558305227938 -362158
1558305228851 -363070
1558305229723 -363942
1558305232215 -307115
1558305243463 -850347
1558305246221 -305034
1558305247381 -854265
1558305250322 -325218
1558305252509 -327405
1558305255433 -330329
1558305256990 -331885
1558305257871 -316682
1558305259111 -865995
1558305259115 -865999
1558305263604 -338498
1558305266137 -341030
1558305268827 -343719
1558305275773 -350663
1558305281129 -356016
1558305281440 -309215
1558305282000 -356886
1558305286878 -314652
1558305286878 -314652
1558305288325 -303442
1558305288648 -303765
1558305292279 -287683
1558305296602 -311717
1558305297609 -312724
1558305299540 -314655
1558305300839 -296241
1558305314904 -310304
1558305315742 -330855
1558305317611 -923810
1558305317841 -313241
1558305317841 -313240
1558305324582 -319980
1558305324618 -339729
1558305331491 -296418
1558305337356 -302283
1558305339422 -304348
1558305342483 -299621
1558305344880 -309805
1558305349170 -306307
1558305352694 -309830
1558305353779 -318703
1558305356723 -321647
1558305358570 -315705
1558305359536 -316671
1558305366897 -324031
1558305367163 -324297
1558305367163 -324297
1558305375718 -310632
1558305378320 -335451
1558305386003 -343130
1558305386003 -320916
1558305386003 -320916
1558305387656 -993855
1558305390623 -347748
1558305390765 -295445
1558305391755 -296435
1558305392554 -349678
1558305392554 -349678
1558305399880 -304559
1558305404856 -309534
1558305411979 -316656
1558305412232 -309789
1558305413931 -311487
1558305418181 -322857
1558305418201 -322877
1558305420065 -1026264
1558305427567 -301948
1558305430357 -304737
1558305441288 -315667
1558305441506 -339056
1558305442989 -317368
1558305447184 -1053383
1558305450048 -1056247
1558305455462 -304342
1558305457735 -306614
