1558304396628 -700
1558304397612 -1684
1558304403287 -6717
1558304406269 -9699
1558304407236 -10666
1558304407337 -11407
1558304407862 -14379
1558304408830 -15346
1558304409795 -16311
1558304410258 -14328
1558304417080 -21150
1558304418874 -22944
1558304418899 -22329
1558304427586 -31646
1558304429022 -35195
1558304430561 -34621
1558304434451 -37588
1558304435833 -42004
1558304440219 -43123
1558304440219 -43123
1558304443146 -46050
1558304443433 -49247
1558304444017 -47151
1558304444989 -48123
1558304445374 -51188
1558304445970 -49104
1558304447362 -53176
1558304448901 -52035
1558304449258 -55072
1558304449882 -53016
1558304452228 -58042
1558304453144 -58958
1558304454726 -57630
1558304458003 -63815
1558304458601 -61505
1558304458645 -61777
1558304460917 -66729
1558304460917 -66729
1558304462571 -65703
1558304464513 -67645
1558304467559 -71381
1558304471192 -71647
1558304479994 -80449
1558304482076 -82529
1558304483109 -86931
1558304484080 -87902
1558304486819 -87038
1558304488742 -88961
1558304488742 -88961
1558304490703 -91156
1558304490796 -94618
1558304491516 -91735
1558304492544 -92997
1558304496454 -96906
1558304502320 -102772
1558304502387 -106208
1558304506204 -106423
1558304507207 -106920
1558304507240 -111061
1558304508184 -107897
1558304511144 -114482
1558304513909 -113622
1558304514865 -114578
1558304518777 -118490
1558304519755 -119468
1558304519755 -119468
1558304521716 -121428
1558304521732 -125068
1558304523669 -123381
1558304524724 -124942
1558304524904 -124616
1558304525685 -129021
1558304525701 -129037
1558304527603 -130937
1558304529591 -129303
1558304529629 -132963
1558304530517 -130229
1558304532467 -132179
1558304533388 -133091
1558304534459 -137793
1558304536448 -139782
1558304538172 -137884
1558304550949 -148332
1558304551888 -149271
1558304556747 -154130
1558304557724 -155107
1558304560599 -160301
1558304563428 -160811
1558304564384 -164086
1558304569530 -166913
1558304570379 -167762
1558304574268 -174518
1558304574268 -174518
1558304576171 -175873
1558304578076 -177778
1558304579394 -179096
1558304585905 -182866
1558304586000 -185702
1558304587791 -187493
1558304587830 -184791
1558304589727 -189630
1558304594562 -192500
1558304594612 -194515
1558304596601 -193562
1558304598417 -196355
1558304600441 -198379
1558304601405 -198365
1558304604390 -204292
1558304605258 -203195
1558304608237 -205196
1558304612905 -210842
1558304615894 -211039
1558304618782 -216719
1558304618834 -213979
1558304619758 -217695
1558304620829 -218069
1558304624718 -219863
1558304624725 -219870
1558304628013 -223158
1558304632670 -229910
1558304637190 -235127
1558304640476 -235620
1558304643154 -240394
1558304647124 -244363
1558304653795 -251731
1558304657929 -254946
1558304665475 -260518
1558304669633 -265272
1558304670364 -260648
1558304672210 -262493
1558304672210 -262493
1558304680168 -275806
1558304682918 -269953
1558304683894 -270928
1558304691676 -283988
1558304691677 -283989
1558304693049 -285361
1558304693049 -280080
1558304696608 -283638
1558304701500 -273414
1558304704464 -277914
1558304704887 -286661
1558304711407 -283320
1558304712206 -284119
1558304713960 -287408
1558304717149 -290597
1558304719815 -285311
1558304719934 -291845
1558304720853 -286414
1558304723010 -288506
1558304726714 -292274
1558304728868 -294363
1558304729037 -294597
1558304729037 -294597
1558304731368 -296863
1558304732352 -297847
1558304733676 -299171
1558304735535 -278877
1558304738265 -281605
1558304739962 -283302
1558304740915 -294564
1558304743444 -282838
1558304745211 -284605
1558304747228 -351848
1558304748107 -281090
1558304748972 -292307
1558304753813 -286795
1558304758119 -291101
1558304760592 -365212
1558304763547 -302938
1558304763767 -368387
1558304769326 -286447
1558304772629 -289749
1558304773532 -291263
1558304773533 -291264
1558304774203 -291934
1558304774230 -291350
1558304779402 -297133
1558304781047 -298166
1558304782933 -306686
1558304783832 -300951
1558304783909 -307662
1558304786374 -304104
1558304789854 -394474
1558304790753 -282566
1558304796734 -401354
1558304796797 -401417
1558304801319 -305574
1558304803297 -295108
1558304803577 -408197
1558304805942 -310196
1558304807327 -299138
1558304811383 -280922
1558304815035 -306844
1558304816012 -307821
1558304816014 -307823
1558304818944 -310753
1558304824713 -294249
1558304824775 -287551
1558304828902 -293277
1558304829123 -293498
1558304830047 -292822
1558304830812 -293587
1558304830812 -295187
1558304831556 -295931
1558304832469 -296843
1558304833355 -302890
1558304835314 -304849
1558304836499 -441118
1558304838144 -307679
1558304838144 -307678
1558304839590 -309124
1558304839590 -309124
1558304841342 -305715
1558304841342 -305715
1558304841384 -304157
1558304844250 -307023
1558304846466 -309239
1558304853882 -458501
1558304853883 -458502
1558304854703 -301813
1558304859642 -306752
1558304859642 -306752
1558304860627 -307737
1558304860714 -301895
1558304861550 -308659
1558304861668 -466287
1558304862528 -309637
1558304862620 -291147
1558304862670 -303851
1558304866094 -307274
1558304872170 -289231
1558304873571 -314750
1558304875229 -303754
1558304876144 -304669
1558304877079 -481698
1558304878008 -295068
1558304878009 -295069
1558304878988 -296048
1558304879074 -307598
1558304882270 -299329
1558304884025 -295239
1558304885835 -302894
1558304893670 -304881
1558304895674 -306885
1558304898467 -297067
1558304902633 -313843
1558304905225 -292318
1558304906286 -304885
1558304907756 -294849
1558304911181 -309780
1558304913055 -300147
1558304914037 -301129
1558304916048 -297173
1558304916493 -297618
1558304920984 -525602
1558304922656 -309747
1558304922657 -309748
1558304923779 -304903
1558304929899 -298353
1558304929899 -311022
1558304931458 -288408
1558304932827 -537445
1558304936196 -293146
1558304937881 -319002
1558304947499 -304447
1558304949102 -283648
1558304949876 -306824
1558304951074 -302033
1558304952811 -309758
1558304952898 -287444
1558304954665 -305624
1558304957088 -297522
1558304958773 -293318
1558304959747 -294292
1558304960621 -301054
1558304964880 -305313
1558304965055 -316012
1558304967685 -288515
1558304968425 -302969
1558304970672 -574959
1558304972886 -313317
1558304974032 -294861
1558304976487 -297316
1558304978059 -298783
1558304980231 -280647
1558304980429 -301257
1558304983747 -284163
1558304987309 -308136
1558304988810 -309532
1558304991139 -311966
1558304991868 -312695
1558304994661 -294207
1558305001309 -300855
1558305001711 -292550
1558305002609 -293448
1558305010671 -310215
1558305015512 -306349
1558305015512 -306349
1558305020432 -280672
1558305021214 -625501
1558305021792 -299548
1558305024274 -284513
1558305028864 -633151
1558305034117 -311870
1558305034117 -311870
1558305034118 -294356
1558305034346 -305690
1558305041299 -289288
1558305043698 -284962
1558305044902 -305138
1558305045230 -649517
1558305047386 -288649
1558305050182 -291445
1558305050182 -298170
1558305051804 -293066
1558305053760 -285279
1558305056490 -297751
1558305061185 -292704
1558305062705 -310691
1558305062890 -304150
1558305066214 -307473
1558305067155 -308413
1558305068313 -299831
1558305068683 -286761
1558305077779 -295856
1558305080923 -293059
1558305081097 -282538
1558305081098 -282539
1558305082462 -300538
1558305086435 -298570
1558305087221 -288662
1558305089330 -693617
1558305089477 -693764
1558305089890 -291330
1558305093692 -697979
1558305095795 -297234
1558305100152 -312285
1558305103882 -708169
1558305105630 -307068
1558305112295 -298144
1558305115376 -286660
1558305117081 -721368
1558305120665 -291948
1558305120892 -308707
1558305126529 -730816
1558305126531 -730818
1558305128219 -299501
1558305135462 -739749
1558305136078 -297098
1558305137501 -300742
1558305141430 -304671
1558305141989 -303008
1558305142990 -304009
1558305143991 -305010
1558305144378 -307618
1558305148972 -292189
1558305149266 -293213
1558305150020 -293966
1558305152717 -296663
1558305154681 -298626
1558305160197 -304142
1558305163262 -767549
1558305163638 -306853
1558305166012 -312017
1558305168419 -312363
1558305179303 -300272
1558305179304 -304024
1558305179422 -300390
1558305181566 -301271
1558305185718 -310436
1558305186062 -305766
1558305187534 -307238
1558305190355 -311322
1558305195054 -297647
1