1558304395548 -77
1558304395770 -24292
1558304397344 -2268
1558304398580 -27101
1558304398580 -27101
1558304402937 -7466
1558304407344 -12267
1558304414979 -43499
1558304415001 -43521
1558304418015 -22936
1558304418016 -22937
1558304425476 -53996
1558304425653 -27934
1558304437918 -65737
1558304438892 -66711
1558304438968 -43496
1558304439338 -41616
1558304439871 -67690
1558304440315 -42593
1558304445461 -73279
1558304448032 -50308
1558304448587 -53007
1558304448587 -53007
1558304458719 -59937
1558304459310 -63730
1558304461861 -63079
1558304464203 -68623
1558304465795 -91574
1558304468336 -69553
1558304470285 -71502
1558304471260 -72477
1558304472242 -73459
1558304473904 -78311
1558304476156 -77373
1558304477716 -82123
1558304478282 -79499
1558304483971 -85188
1558304486542 -90948
1558304487876 -89093
1558304488852 -90069
1558304488853 -90070
1558304491240 -92973
1558304496504 -97720
1558304497264 -98997
1558304498086 -99819
1558304500411 -101627
1558304504317 -103323
1558304507921 -132244
1558304509897 -111630
1558304510257 -109262
1558304510812 -135040
1558304513119 -112124
1558304513938 -112943
1558304515518 -117251
1558304515639 -139755
1558304517107 -116111
1558304517441 -141556
1558304518819 -117823
1558304520455 -144455
1558304522215 -146109
1558304522388 -124117
1558304522728 -121732
1558304525145 -149001
1558304527040 -150896
1558304529074 -152930
1558304530551 -129554
1558304531193 -132921
1558304533485 -132488
1558304538200 -137203
1558304540818 -142393
1558304546081 -144081
1558304546678 -148253
1558304548122 -171565
1558304551034 -174146
1558304559724 -157723
1558304562123 -163698
1558304562604 -185514
1558304567331 -190205
1558304572883 -171455
1558304573856 -172428
1558304575371 -198112
1558304575857 -174429
1558304578020 -200667
1558304579163 -201810
1558304585713 -184285
1558304587399 -185971
1558304587399 -185971
1558304588751 -184836
1558304590149 -197274
1558304590460 -213107
1558304592425 -214985
1558304593386 -215945
1558304595775 -218300
1558304598103 -196675
1558304598109 -196681
1558304599433 -198005
1558304601037 -199609
1558304601114 -223611
1558304603089 -225585
1558304604947 -203519
1558304614556 -213128
1558304614914 -210393
1558304615892 -211371
1558304617157 -212636
1558304618826 -214305
1558304622590 -221100
1558304623394 -221904
1558304627541 -239555
1558304627900 -226410
1558304628462 -226972
1558304629607 -225086
1558304630079 -242092
1558304634042 -232552
1558304634770 -241880
1558304634771 -241881
1558304636714 -243824
1558304637234 -232712
1558304640906 -248015
1558304641762 -240271
1558304642728 -241237
1558304643102 -237878
1558304645138 -243647
1558304646711 -245220
1558304647603 -246112
1558304652464 -245966
1558304655053 -262178
1558304656917 -255426
1558304657421 -250919
1558304664207 -262001
1558304664798 -257287
1558304668967 -261448
1558304672714 -279839
1558304675795 -273589
1558304678833 -272352
1558304682839 -264477
1558304682855 -289980
1558304683010 -265835
1558304683982 -266807
1558304684954 -267779
1558304685406 -273643
1558304685418 -273655
1558304686571 -269396
1558304688820 -270457
1558304696575 -303700
1558304696578 -303703
1558304698978 -274170
1558304699581 -287815
1558304699581 -275243
1558304704986 -276076
1558304705572 -276662
1558304706221 -281402
1558304708089 -283266
1558304711337 -282426
1558304712601 -288261
1558304714560 -276267
1558304723192 -290234
1558304723935 -288563
1558304725632 -283030
1558304725741 -332866
1558304730229 -267019
1558304733759 -291155
1558304736859 -273648
1558304742160 -278948
1558304746087 -289168
1558304747812 -285576
1558304748593 -285380
1558304749755 -287519
1558304749755 -287518
1558304750008 -357133
1558304751927 -288714
1558304759249 -296035
1558304759900 -367025
1558304763093 -285371
1558304766469 -298687
1558304767134 -289412
1558304767647 -310725
1558304768953 -291230
1558304771186 -293463
1558304773129 -299616
1558304773900 -296177
1558304773920 -300406
1558304773920 -300406
1558304776012 -272666
1558304776991 -273645
1558304779064 -301340
1558304780338 -276991
1558304780417 -277070
1558304780740 -303016
1558304783452 -284354
1558304783829 -280482
1558304785618 -282271
1558304786109 -287011
1558304786726 -306592
1558304788257 -308123
1558304789085 -396210
1558304790670 -287322
1558304792800 -293701
1558304794766 -291417
1558304795203 -296104
1558304796224 -403349
1558304800823 -281488
1558304802236 -298886
1558304806527 -303176
1558304806732 -287396
1558304806911 -307810
1558304808101 -304750
1558304809459 -290123
1558304810053 -306701
1558304811342 -271512
1558304821526 -275484
1558304823831 -277789
1558304825161 -285325
1558304828978 -289140
1558304829528 -289690
1558304829705 -289866
1558304830422 -290583
1558304831503 -285459
1558304831683 -312343
1558304833966 -294124
1558304834330 -288286
1558304835309 -289265
1558304838010 -291965
1558304838010 -298167
1558304838986 -291828
1558304839779 -293734
1558304840994 -301149
1558304843787 -303942
1558304844257 -297098
1558304844734 -304888
1558304845086 -299040
1558304847424 -301377
1558304848041 -308194
1558304848303 -302256
1558304848367 -301207
1558304848678 -308831
1558304849096 -301936
1558304850786 -304739
1558304851871 -304711
1558304852416 -289333
1558304852923 -459793
1558304854696 -308648
1558304856418 -310370
1558304857578 -294494
1558304859280 -296196
1558304860625 -313464
1558304862136 -299051
1558304862561 -289472
1558304868384 -295293
1558304870331 -298064
1558304872133 -309047
1558304872133 -299042
1558304872536 -309450
1558304873047 -309961
1558304874458 -302191
1558304875182 -302090
1558304876018 -302926
1558304876018 -302926
1558304880179 -317092
1558304884952 -491449
1558304888555 -315461
1558304889739 -296534
1558304892618 -293378
1558304893540 -294300
1558304894902 -501399
1558304896029 -302823
1558304896329 -297088
1558304897969 -304763
1558304901716 -303208
1558304903836 -310629
1558304905203 -306695
1558304905792 -312585
1558304908854 -309611
1558304909325 -310082
1558304910308 -311799
1558304918029 -294677
1558304919319 -295966
1558304920007 -526504
1558304921280 -297927
1558304923601 -294925
1558304923654 -530151
1558304924587 -295911
1558304929411 -300286
1558304929809 -301132
1558304930232 -306876
1558304931080 -301955
1558304932016 -308660
1558304932404 -303726
1558304940282 -546779
1558304940803 -317445
1558304943202 -549699
1558304944560 -288085
1558304951393 -294844
1558304952769 -297935
1558304954501 -297952
1558304954790 -299619
1558304957484 -300935
1558304958130 -302958
1558304958140 -302968
1558304965266 -310093
1558304966363 -309814
1558304968337 -313501
1558304968822 -312273
1558304969795 -313246
1558304970571 -285616
1558304971297 -286499
1558304972739 -287784
1558304974041 -289243
1558304974915 -289960
1558304979317 -294361
1558304983823 -297348
1558304985341 -300384
1558304987134 -302177
1558304988113 -303156
1558304989902 -304945
1558304989912 -596408
1558304989913 -596409
1558304992297 -305821
1558304994012 -309054
1558304998443 -604939
1558305001466 -316664
1558305004661 -289747
1558305006765 -290160
1558305007509 -292568
1558305007746 -291141
1558305007834 -614330
1558305012057 -297141
1558305015154 -300238
1558305023867 -308923
1558305025411 -310493
1558305025581 -310663
1558305025581 -310663
1558305027091 -312146
1558305027890 -634386
1558305029074 -312466
1558305029818 -284924
1558305029963 -315018
1558305030052 -313444
1558305031773 -286878
1558305033729 -288834
1558305034476 -289581
1558305037814 -292711
1558305041655 -295021
1558305044322 -299358
1558305044325 -299361
1558305049930 -303295
1558305051705 -305070
1558305055966 -662462
1558305058428 -311792
1558305059331 -314220
1558305062768 -316132
1558305066113 -291886
1558305066635 -295476
1558305066961 -673457
1558305068013 -293786
1558305069040 -296810
1558305069662 -676158
1558305073976 -302816
1558305075416 -304256
1558305076470 -304239
1558305078832 -304510
1558305085054 -310732
1558305085907 -311585
1558305087366 -286607
1558305088199 -287440
1558305089951 -289192
1558305091905 -291146
1558305093867 -293107
1558305094867 -294107
1558305095831 -295071
1558305095831 -295071
1558305097912 -297152
1558305099724 -298963
1558305103636 -302875
1558305104248 -299422
1558305105594 