1558731303220 -805983
1558731303220 -805983
1558731303220 -805982
1558731303220 -805981
1558731303220 -805119
1558731303220 -805119
1558731303220 -805119
1558731303220 -805118
1558731303220 -805118
1558731303220 -805118
1558731548453 -1049028
1558731548453 -1049028
1558731548453 -1049028
1558731548453 -1049027
1558731548453 -1049027
1558731548453 -1049027
1558731548453 -1049027
1558731548453 -1049027
1558731548453 -1049027
1558731548453 -1048508
1558731548453 -1048508
1558731548453 -1048508
1558731548453 -1048508
1558731548453 -1048508
1558731548453 -1048508
1558731548453 -1048508
1558731548453 -1048507
1558731548453 -1048507
1558731548453 -1048507
1558731548453 -1048507
1558731548453 -1048507
1558731548453 -1048507
1558731548453 -1047664
1558731548453 -1047663
1558731548453 -1047663
1558731548453 -1047663
1558731548453 -1047296
1558731548453 -1047296
1558731548453 -1047296
1558731548453 -1047295
1558731548453 -1047295
1558731548453 -1047295
1558731548453 -1047295
1558731548453 -1047295
1558731548453 -1047295
1558731548453 -1047295
1558731548453 -1047295
1558731548453 -1046510
1558731548453 -1046510
1558731548453 -1046509
1558731548453 -1046509
1558731548453 -1046509
1558731548453 -1046509
1558731548453 -1046509
1558731548453 -1046271
1558731548453 -1046271
1558731548453 -1046268
1558731548453 -1046268
1558731548453 -1046268
1558731548453 -1045802
1558731642513 -1139861
1558731642513 -1139861
1558731642513 -1139861
1558731642513 -1139861
1558731642513 -1139861
1558731642513 -1139700
1558731642513 -1139697
1558731642513 -1139697
1558731642513 -1139696
1558731642513 -1139696
1558731642513 -1139370
1558731642513 -1139370
1558731642513 -1121814
1558731642513 -1121812
1558731642513 -1121812
1558731642513 -1121811
1558731642513 -1121809
1558731642513 -1121804
1558731642513 -1121803
1558731642513 -1121803
1558731642513 -1121797
1558731642513 -1121795
1558731642513 -1121794
1558731642513 -1121773
1558731642513 -1121769
1558731642513 -1121762
1558731642513 -1121751
1558731642513 -1121743
1558731642513 -1121741
1558731642513 -1121675
1558731642513 -1121675
1558731642513 -1121675
1558731642513 -1121674
1558731642513 -1121673
1558731642513 -1121673
1558731642513 -1121673
1558731642513 -1121673
1558731642513 -1121672
1558731642513 -1121672
1558731642513 -1121671
1558731642513 -1121666
1558731642513 -1121665
1558731642513 -1121596
1558731642513 -1121577
1558731642513 -1121577
1558731642513 -1121576
1558731642513 -1121576
1558731642513 -1121576
1558731642513 -1121574
1558731642513 -1121574
1558731642513 -1121567
1558731642513 -1121567
1558731642513 -1121564
1558731642513 -1121563
1558731642513 -1121560
1558731642513 -1121556
1558731642513 -1121554
1558731642513 -1121553
1558731642513 -1121552
1558731642513 -1121546
1558731642513 -1121463
1558731642513 -1121463
1558731642513 -1121463
1558731642513 -1121462
1558731642513 -1121462
1558731642513 -1121459
1558731642513 -1121451
1558731642513 -1121375
1558731642513 -1121375
1558731642513 -1121375
1558731642513 -1121375
1558731642513 -1121374
1558731642513 -1121374
1558731642513 -1121374
1558731642513 -1121372
1558731642513 -1121367
1558731642513 -1121364
1558731642513 -1121364
1558731642513 -1121362
1558731642513 -1121360
1558731642513 -1121357
1558731642513 -1121357
1558731642513 -1121356
1558731642513 -1121354
1558731642513 -1121353
1558731642513 -1121351
1558731642513 -1121343
1558731642513 -1121338
1558731642513 -1121338
1558731642513 -1121337
1558731642513 -1121328
1558731642513 -1121327
1558731642513 -1121327
1558731642513 -1121324
1558731642513 -1121321
1558731642513 -1121316
1558731642513 -1121310
1558731642513 -1121291
1558731642513 -1121291
1558731642513 -1121290
1558731642513 -1121290
1558731642513 -1121243
1558731642513 -1121243
1558731642513 -1121242
1558731642513 -1121230
1558731642513 -1121230
1558731642513 -1121230
1558731642513 -1121230
1558731642513 -1121230
1558731642513 -1121224
1558731645077 -1123788
1558731645077 -1123788
1558731645077 -1123783
1558731645077 -1123783
1558731645077 -1123783
1558731645077 -1123782
1558731645077 -1123782
1558731645077 -1123782
1558731645077 -1123782
1558731645077 -1123782
1558731645077 -1123782
1558731645077 -1123781
1558731645077 -1044722
1558731645077 -1044722
1558731645077 -1044720
1558731645164 -1044807
1558731645164 -1044805
1558731645164 -1044802
1558731645164 -1044796
1558731645164 -1044794
1558731645164 -1044793
1558731645164 -1044791
1558731645164 -1044787
1558731645164 -1044787
1558731645164 -1044785
1558731645164 -1044785
1558731645164 -1044783
1558731645164 -1044779
1558731645164 -1044778
1558731645164 -1044777
1558731645164 -1044774
1558731645164 -1044772
1558731645164 -1044768
1558731645164 -1044766
1558731645164 -1044764
1558731645164 -1044763
1558731645164 -1044760
1558731645164 -1044753
1558731645164 -1044753
1558731645164 -1044746
1558731645164 -1044745
1558731645164 -1044742
1558731645164 -1044734
1558731645164 -1044734
1558731645164 -1044733
1558731645164 -1044732
1558731645164 -1044730
1558731645164 -1044726
1558731645164 -1044726
1558731645164 -1044724
1558731645164 -1044722
1558731645164 -1044720
1558731645164 -1044714
1558731645164 -1044712
1558731645164 -1044711
1558731645164 -1044710
1558731645165 -1044711
1558731645165 -1044709
1558731645165 -1044705
1558731645165 -1044704
1558731645165 -1044647
1558731645165 -1044647
1558731645165 -1044644
1558731645165 -1044635
1558731645165 -1044634
1558731645165 -1044631
1558731645165 -1044626
1558731645165 -1044626
1558731645681 -1045138
1558731645681 -1045138
1558731645681 -1045136
1558731645681 -1045136
1558731645681 -1045136
1558731645681 -1045135
1558731645681 -1045084
1558731645681 -1045080
1558731645681 -1045080
1558731645681 -1045079
1558731645681 -1045078
1558731645681 -1045077
1558731645681 -1045076
1558731645681 -1045074
1558731645681 -1045073
1558731645681 -1045059
1558731646749 -421395
1558731646749 -421395
1558731646749 -421395
1558731646749 -421393
1558731646749 -421393
1558731646749 -421392
1558731646749 -421392
1558731646749 -420250
1558731646749 -420250
1558731646749 -420250
1558731646749 -420246
1558731646749 -420244
1558731646749 -420244
1558731646749 -419754
1558731646749 -419750
1558731646749 -419749
1558731646749 -418908
1558731646749 -418908
1558731646749 -418907
1558731646749 -418906
1558731646749 -418906
1558731646749 -418906
1558731646749 -418905
1558731646749 -418904
1558731646749 -418446
1558731646749 -418446
1558731646749 -418444
1558731646749 -418444
1558731646749 -418443
1558731646749 -418443
1558731646749 -418443
1558731646749 -417719
1558731646749 -417718
1558731646749 -417718
1558731646749 -417402
1558731646982 -417634
1558731646982 -417634
1558731646982 -417634
1558731646982 -417634
1558731646982 -417172
1558731646982 -417171
1558731646982 -393485
1558731646982 -393484
1558731646982 -393484
1558731646982 -393483
1558731646982 -393481
1558731646982 -393481
1558731646982 -393480
1558731646982 -393473
1558731646982 -393473
1558731646982 -393473
1558731646982 -393473
1558731646982 -393470
1558731646982 -393470
1558731646982 -393470
1558731646982 -393464
1558731646982 -393464
1558731646982 -393463
1558731646982 -393463
1558731646982 -393462
1558731646982 -393462
1558731646982 -393462
1558731646982 -393462
1558731646982 -393462
1558731646982 -393348
1558731646982 -393348
1558731646982 -393347
1558731646982 -393340
1558731646982 -393332
1558731646982 -393332
1558731646982 -393295
1558731646982 -393295
1558731646982 -393295
1558731646982 -393295
1558731646982 -393295
1558731646982 -393295
1558731646982 -393295
1558731646982 -393294
1558731646982 -393224
1558731646982 -393224
1558731646982 -393224
1558731646982 -393223
1558731646982 -393223
1558731646982 -393223
1558731646982 -393223
1558731646982 -393221
1558731646982 -393220
1558731646982 -393220
1558731646982 -393220
1558731646982 -393219
1558731646982 -393217
1558731646982 -393133
1558731646982 -393132
1558731646982 -393131
1558731646982 -393131
1558731647674 -393818
1558731647674 -393818
1558731647674 -393813
1558731647674 -393812
1558731647674 -393812
1558731647674 -393811
1558731647674 -393811
1558731647674 -393810
1558731647674 -393807
1558731647674 -264790
1558731647674 -264790
1558731647674 -264790
1558731647674 -264789
1558731647674 -264788
1558731647674 -264787
1558731647674 -264786
1558731647674 -264782
1558731647674 -264777
1558731647674 -264772
1558731647674 -264771
1558731647674 -264771
1558731647674 -264763
1558731647674 -264762
1558731647674 -264760
1558731647674 -264759
1558731647674 -264759
1558731647674 -264759
1558731647674 -264758
1558731647674 -264755
1558731647674 -264755
1558731647674 -264751
1558731647674 -264751
1558731647674 -264750
1558731647674 -264749
1558731647674 -264744
1558731647674 -264744
1558731647674 -264742
1558731647674 -264740
1558731647674 -264739
1558731647674 -264739
1558731647675 -264740
1558731647675 -264739
1558731647675 -264739
1558731647675 -264738
1558731647675 -264738
1558731647675 -264730
1558731647675 -264727
1558731647675 -264727
1558731647675 -264724
1558731647675 -264723
1558731647675 -264723
1558731647675 -264720
1558731647675 -264720
1558731647675 -264702
1558731647675 -264695
1558731647675 -264693
1558731647675 -264693
1558731647675 -264690
1558731647675 -264685
1558731647675 -264685
1558731647675 -264684
1558731647675 -264683
1558731647675 -264682
1558731647675 -264680
1558731647675 -264601
1558731647675 -264600
1558731647675 -264599
1558731647675 -264599
1558731647675 -264598
1558731647675 -264595
1558731647675 -264589
1558731647675 -264589
1558731647675 -264584
1558731647675 -264575
1558731647675 -264574
1558731647675 -264568
1558731647675 -264565
1558731647675 -264564
1558731647675 -264563
1558731647675 -264560
1558731647675 -264557
1558731647675 -264555
1558731647675 -264551
1558731647675 -264548
1558731647675 -264542
1558731647675 -264539
1558731647675 -264539
1558731647675 -264538
1558731647675 -264538
1558731647675 -264481
1558731647675 -264480
1558731647675 -264477
1558731647675 -264473
1558731647675 -264473
1558731647675 -264471
1558731647675 -264471
1558731647675 -264467
1558731647675 -264464
1558731647675 -264461
1558731647675 -264461
1558731647675 -264458
1558731647675 -264458
1558731647676 -264457
1558731647676 -264456
1558731647676 -264455
1558731647676 -264452
1558731647676 -264451
1558731647676 -264449
1558731647676 -264448
1558731647676 -264394
1558731647676 -264390
1558731647676 -264389
1558731647676 -264388
1558731647676 -264387
1558731647676 -264386
1558731647676 -264383
1558731647676 -264383
1558731647676 -264383
1558731647676 -264381
1558731647676 -264381
1558731647676 -264379
1558731647676 -264375
1558731647676 -264374
1558731647676 -264372
1558731647676 -264369
1558731647676 -264368
1558731647676 -264367
1558731647676 -264366
1558731647676 -264366
1558731647676 -264364
1558731647676 -264360
1558731647676 -264359
1558731647676 -264357
1558731647676 -264355
1558731647676 -264354
1558731647676 -264351
1558731647676 -264347
1558731647676 -264346
1558731647676 -264343
1558731647676 -264342
1558731647691 -264354
1558731647691 -264351
1558731647691 -264350
1558731647691 -264348
1558731647691 -264347
1558731647691 -264346
1558731647691 -264346
1558731647691 -264342
1558731647691 -264340
1558731647691 -264333
1558731647691 -264329
1558731647691 -264325
1558731647691 -264324
1558731647691 -264257
1558731647691 -264256
1558731647691 -264256
1558731647691 -264254
1558731647691 -264254
1558731647691 -264254
1558731647691 -264253
1558731647691 -264252
1558731647691 -264241
1558731647691 -264241
1558731647691 -264238
1558731647691 -264236
1558731647691 -264235
1558731647691 -264234
1558731647691 -264234
1558731647691 -264232
1558731647691 -264230
1558731647691 -264229
1558731647691 -264169
1558731647691 -264167
1558731647691 -264163
