1558731304064 -541437
1558731304064 -541436
1558731304064 -541329
1558731304064 -541326
1558731304064 -541326
1558731304064 -541325
1558731304064 -541325
1558731304064 -541325
1558731304064 -541325
1558731548477 -785786
1558731548477 -785786
1558731548477 -785786
1558731548477 -785786
1558731548477 -785786
1558731548477 -785786
1558731548477 -785786
1558731548477 -785786
1558731548477 -785786
1558731548477 -785786
1558731548477 -785785
1558731548477 -783526
1558731548477 -783526
1558731548477 -783526
1558731548477 -783454
1558731548477 -783452
1558731548477 -781232
1558731548477 -781232
1558731548477 -781232
1558731548477 -781232
1558731548477 -781232
1558731548477 -781232
1558731548477 -781231
1558731548477 -781231
1558731548477 -781231
1558731548477 -781231
1558731548508 -781262
1558731548508 -781262
1558731548508 -781262
1558731548508 -781259
1558731548508 -781259
1558731548508 -781259
1558731548508 -781259
1558731548508 -781258
1558731548508 -779735
1558731548508 -779735
1558731548508 -779735
1558731548508 -779735
1558731548508 -779733
1558731548508 -779732
1558731548508 -779657
1558731548508 -779655
1558731548508 -779655
1558731548508 -779655
1558731548508 -779655
1558731548508 -778852
1558731548508 -778850
1558731548509 -783575
1558731548509 -783575
1558731548509 -783575
1558731548509 -783575
1558731548509 -783575
1558731548509 -783574
1558731548509 -783574
1558731548509 -783448
1558731548509 -783448
1558731548509 -783448
1558731548509 -783448
1558731548509 -783445
1558731548509 -783444
1558731548509 -781325
1558731548509 -781240
1558731548509 -781240
1558731548509 -781240
1558731548509 -781240
1558731548509 -781239
1558731548509 -781239
1558731548509 -781239
1558731548509 -779720
1558731548509 -779720
1558731548509 -779720
1558731548509 -779719
1558731548509 -779717
1558731548509 -779717
1558731548509 -779671
1558731548509 -779668
1558731548509 -779668
1558731642553 -872895
1558731642553 -872895
1558731642553 -872895
1558731642553 -872870
1558731642553 -872870
1558731642553 -872869
1558731642553 -872869
1558731642553 -872746
1558731642553 -872746
1558731642553 -872746
1558731642553 -815523
1558731642553 -815520
1558731642553 -815520
1558731642553 -815519
1558731642553 -815519
1558731642553 -815517
1558731642553 -815515
1558731642553 -815514
1558731642553 -815509
1558731642553 -815508
1558731642553 -815507
1558731642553 -815505
1558731642553 -815503
1558731642553 -815500
1558731642553 -815500
1558731642553 -815498
1558731642553 -815498
1558731642553 -815496
1558731642553 -815494
1558731642553 -815494
1558731642553 -815493
1558731642553 -815492
1558731642553 -815490
1558731642553 -815489
1558731642553 -815487
1558731642553 -815481
1558731642553 -815478
1558731642553 -815475
1558731642553 -815474
1558731642553 -815454
1558731642553 -815451
1558731642553 -815451
1558731642553 -815451
1558731642553 -815446
1558731642553 -815442
1558731642553 -815442
1558731642553 -815440
1558731642553 -815436
1558731642553 -815433
1558731642553 -815433
1558731642553 -815432
1558731642553 -815428
1558731642553 -815329
1558731642553 -815327
1558731642553 -815327
1558731642553 -815327
1558731642553 -815325
1558731642553 -815323
1558731642553 -815321
1558731642553 -815241
1558731642553 -815236
1558731642553 -815231
1558731642553 -815231
1558731642553 -815225
1558731642553 -815224
1558731642553 -815201
1558731642553 -815199
1558731642553 -815197
1558731642553 -815197
1558731642553 -815192
1558731642553 -815192
1558731642553 -815187
1558731642553 -815187
1558731642553 -815186
1558731642553 -815185
1558731642553 -815111
1558731642553 -815109
1558731642553 -815107
1558731642553 -815106
1558731642553 -815106
1558731642553 -815104
1558731642553 -815104
1558731642553 -815101
1558731642553 -815099
1558731642553 -815099
1558731642553 -815097
1558731642553 -815097
1558731642553 -815096
1558731642553 -815095
1558731642553 -815093
1558731642553 -815089
1558731642553 -815088
1558731642553 -815084
1558731642553 -815083
1558731642553 -815079
1558731642553 -815077
1558731642553 -815076
1558731642553 -815075
1558731642553 -815022
1558731642553 -815020
1558731642553 -815019
1558731642553 -815018
1558731642553 -815016
1558731642553 -815015
1558731642553 -815013
1558731642553 -815013
1558731642553 -815012
1558731642553 -815008
