1558731548385 -323112
1558731548385 -323112
1558731548385 -323112
1558731548385 -323111
1558731548385 -323111
1558731548385 -323111
1558731548385 -323111
1558731548385 -323111
1558731548385 -321813
1558731548385 -321813
1558731548385 -321813
1558731548385 -321813
1558731548385 -321811
1558731548385 -321811
1558731548385 -321516
1558731548385 -321516
1558731548385 -321515
1558731548385 -320381
1558731548385 -320381
1558731548385 -320379
1558731548385 -320379
1558731548385 -320379
1558731548385 -320228
1558731548385 -320228
1558731548385 -320228
1558731548385 -320228
1558731548385 -320228
1558731548385 -320228
1558731548385 -320227
1558731548385 -320227
1558731548385 -320227
1558731548385 -320227
1558731548385 -320227
1558731548385 -319207
1558731548385 -319206
1558731548385 -319206
1558731548385 -319206
1558731548385 -319206
1558731548385 -319206
1558731548385 -319206
1558731548385 -319110
1558731548385 -319110
1558731548385 -319110
1558731640677 -411402
1558731640677 -411402
1558731640677 -411402
1558731640677 -411402
1558731640677 -411401
1558731640677 -411401
1558731640677 -410827
1558731640677 -410827
1558731640677 -410827
1558731640677 -410827
1558731640677 -410827
1558731640677 -410826
1558731640677 -389096
1558731640677 -389096
1558731640677 -389096
1558731640677 -389095
1558731640677 -389094
1558731640677 -389094
1558731640677 -389093
1558731640677 -389084
1558731640677 -389081
1558731640677 -389081
1558731640677 -389077
1558731640677 -389076
1558731640677 -389076
1558731640677 -389074
1558731640677 -389074
1558731640677 -389072
1558731640677 -389059
1558731640677 -389055
1558731640677 -389052
1558731640677 -389051
1558731640677 -389051
1558731640677 -389040
1558731640677 -389039
1558731640677 -389037
1558731640677 -389036
1558731640677 -389035
1558731640677 -389030
1558731640677 -389020
1558731640677 -389018
1558731640677 -389018
1558731640677 -389007
1558731640677 -388997
1558731640678 -388995
1558731640678 -388987
1558731640678 -388986
1558731640678 -388983
1558731640678 -388980
1558731640678 -388977
1558731640678 -388972
1558731640678 -388971
1558731640678 -388969
1558731640678 -388967
1558731640678 -388964
1558731640678 -388903
1558731640678 -388902
1558731640678 -388902
1558731640678 -388901
1558731640678 -388900
1558731640678 -388897
1558731640678 -388825
1558731640678 -388825
1558731640678 -388824
1558731640678 -388824
1558731640678 -388823
1558731640678 -388822
1558731640678 -388822
1558731640678 -388821
1558731640678 -388821
1558731640678 -388816
1558731640678 -388816
1558731640678 -388736
1558731640678 -388736
1558731640678 -388735
1558731640678 -388734
1558731640678 -388734
1558731640678 -388731
1558731640678 -388728
1558731640678 -388725
1558731640678 -388647
1558731640678 -388645
1558731640678 -388645
1558731640678 -388641
1558731640678 -388640
1558731640678 -388639
1558731640678 -388632
1558731640678 -388589
1558731640678 -388589
1558731640678 -388589
1558731640678 -388589
1558731640734 -388645
1558731640734 -388645
1558731640734 -388569
1558731640734 -388568
1558731640734 -388567
1558731640734 -388564
1558731640734 -388563
1558731640734 -388560
1558731640734 -388556
1558731640734 -388544
1558731640734 -388544
1558731640734 -388543
1558731640734 -388543
1558731640734 -388541
1558731640734 -388540
1558731640734 -388540
1558731640734 -388539
1558731640734 -388538
1558731640734 -388484
1558731640734 -388484
1558731640734 -388482
1558731640734 -388481
1558731640734 -388469
1558731640734 -388464
1558731640734 -388397
1558731640734 -388397
1558731640734 -388395
1558731640734 -388395
1558731640734 -388395
1558731640734 -388394
1558731640734 -388393
1558731640734 -388387
1558731640734 -388374
1558731640734 -388371
1558731640734 -388306
1558731640734 -388306
1558731640734 -388303
1558731640734 -388298
1558731640734 -388298
1558731640734 -388296
1558731640734 -388296
1558731640734 -388294
1558731640734 -388293
1558731640734 -388291
1558731640734 -388290
1558731640734 -388272
1558731640734 -337355
1558731641717 -338338
1558731641717 -338266
1558731641717 -338266
1558731641717 -338266
1558731641717 -338266
1558731641717 -338266
1558731641717 -271690
1558731641717 -271687
1558731641717 -271684
1558731641717 -271679
1558731641717 -271679
1558731641717 -271676
1558731641717 -271667
1558731641717 -271666
1558731641717 -271665
1558731641717 -271664
1558731641717 -271663
1558731641717 -271659
1558731641717 -271658
1558731641717 -271658
1558731641717 -271648
1558731641717 -271648
1558731641717 -271648
1558731641717 -271646
1558731641717 -271645
1558731641717 -271636
1558731641717 -271632
1558731641717 -271627
1558731641717 -271627
1558731641717 -271624
1558731641717 -271623
1558731641717 -271623
1558731641717 -271610
1558731641717 -271609
1558731641717 -271605
1558731641717 -271603
1558731641717 -271599
1558731641717 -271599
1558731641717 -271598
1558731641717 -271593
1558731641717 -271592
1558731641717 -271592
1558731641717 -271588
1558731641717 -271588
1558731641717 -271587
