1558731640161 -878700
1558731640161 -878700
1558731640161 -878700
1558731640161 -878700
1558731640161 -878700
1558731640161 -878700
1558731640161 -878700
1558731640161 -878700
1558731640161 -878700
1558731640161 -878700
1558731640161 -878699
1558731640161 -878699
1558731640161 -878699
1558731640161 -876345
1558731640161 -876344
1558731640161 -876344
1558731640161 -876344
1558731640161 -876344
1558731640161 -876344
1558731640161 -876344
1558731640161 -876338
1558731640161 -876337
1558731640161 -876337
1558731640161 -876336
1558731640161 -876336
1558731640161 -876336
1558731640161 -876336
1558731640161 -876130
1558731640161 -876129
1558731640161 -876129
1558731640161 -876129
1558731640161 -876127
1558731640161 -874116
1558731640161 -874116
1558731640161 -874116
1558731640161 -874116
1558731640161 -874116
1558731640161 -874116
1558731640161 -874115
1558731640161 -874115
1558731640161 -874115
1558731640161 -874114
1558731640161 -874114
1558731640161 -874114
1558731640161 -874113
1558731640161 -874113
1558731640161 -874113
1558731640161 -874113
1558731640161 -873928
1558731640161 -873928
1558731640161 -873928
1558731640161 -873927
1558731640161 -873926
1558731640161 -873926
1558731640161 -873924
1558731640161 -872081
1558731640161 -872081
1558731640161 -872081
1558731640161 -871926
1558731640161 -871926
1558731640161 -871926
1558731640161 -871926
1558731640161 -871925
1558731640161 -871925
1558731640161 -871925
1558731640161 -871925
1558731640161 -871924
1558731640161 -871924
1558731643065 -418917
1558731643065 -418916
1558731643065 -418916
1558731643065 -418916
1558731643065 -418916
1558731643065 -418916
1558731643065 -418916
1558731643065 -418915
1558731643065 -417173
1558731643065 -417173
1558731643065 -417173
1558731643065 -417172
1558731643065 -417172
1558731643065 -417172
1558731643065 -416922
1558731643065 -416922
1558731643065 -416922
1558731643065 -416920
1558731643065 -416916
1558731643065 -416916
1558731643065 -416916
1558731643065 -415718
1558731643065 -415718
1558731643065 -415718
1558731643065 -415717
1558731643065 -415717
1558731643065 -415717
1558731643065 -415530
1558731643065 -415530
1558731643065 -415528
1558731643065 -415528
1558731643961 -415365
1558731643961 -415365
1558731643961 -415362
1558731643961 -415362
1558731643961 -415172
1558731643961 -415171
1558731643961 -415171
1558731643961 -415171
1558731643961 -414409
1558731643961 -414409
1558731643961 -414406
1558731643961 -414406
1558731643961 -414236
1558731643961 -414236
1558731643961 -414236
1558731643961 -414236
1558731643961 -414235
1558731643961 -414235
1558731643961 -414235
1558731643961 -414235
1558731643961 -414235
1558731643961 -413856
1558731643961 -413856
1558731643961 -413856
1558731643961 -413856
1558731643961 -413856
1558731643961 -413828
1558731643961 -413828
1558731643961 -413828
1558731644168 -414025
1558731644168 -408823
1558731644168 -408823
1558731644168 -408823
1558731644168 -408823
1558731644168 -408822
1558731644168 -379610
1558731644168 -379606
1558731644168 -379605
1558731644168 -379605
1558731644168 -379603
1558731644168 -379599
1558731644173 -379604
1558731644173 -379603
1558731644173 -379603
1558731644173 -379602
1558731644173 -379598
1558731644173 -379597
1558731644174 -379598
1558731644174 -379596
1558731644174 -379596
1558731644174 -379592
1558731644174 -379591
1558731644174 -379589
1558731644174 -379587
1558731644174 -379586
1558731644174 -379585
1558731644174 -379584
1558731644174 -379573
1558731644174 -379572
1558731644174 -379567
1558731644174 -379562
1558731644174 -379561
1558731644174 -379560
1558731644174 -379559
1558731644174 -379557
1558731644174 -379557
1558731644174 -379554
1558731644174 -379554
1558731644174 -379552
1558731644174 -379552
1558731644174 -379529
1558731644174 -379525
1558731644174 -379522
1558731644174 -379521
1558731644174 -379519
1558731644174 -379518
1558731644174 -379517
1558731644174 -379517
1558731644174 -379516
1558731644174 -379515
1558731644174 -379513
1558731644174 -379513
1558731644174 -379509
1558731644174 -379508
1558731644174 -379508
1558731644174 -379505
1558731644174 -379503
1558731644174 -379498
1558731644174 -379497
1558731644174 -379496
1558731644174 -379420
1558731644174 -379417
1558731644174 -379417
1558731644174 -379412
1558731644174 -379406
1558731644174 -379405
1558731644174 -379405
1558731644174 -379403
1558731644174 -379403
1558731644174 -379403
1558731644174 -379402
1558731644174 -379396
1558731644174 -379393
1558731644174 -379391
1558731644174 -379390
1558731644174 -379286
1558731644174 -379286
1558731644174 -379283
1558731644174 -379283
1558731644174 -379282
1558731644174 -379269
1558731644174 -379267
1558731644174 -379265
1558731644174 -379256
1558731644174 -379255
1558731644174 -379249
1558731644174 -379248
1558731644174 -379229
1558731644176 -379231
1558731644176 -379231
1558731644176 -379229
1558731644176 -379229
1558731644176 -379227
1558731644176 -379225
1558731644176 -379152
1558731644176 -379146
1558731644176 -379145
1558731644176 -379145
1558731644177 -379142
1558731644177 -379142
1558731644177 -379141
1558731644177 -379140
1558731644177 -379139
1558731644177 -379139
1558731644177 -379135
1558731644177 -379134
1558731644177 -379133
1558731644177 -379128
1558731644177 -379128
1558731644177 -379125
1558731644177 -379122
1558731644177 -379122
1558731644177 -379027
1558731644177 -379025
1558731644177 -379024
1558731644177 -379024
1558731644177 -379024
1558731644177 -379022
1558731644177 -379018
1558731644177 -379013
1558731644177 -379011
1558731644177 -379009
1558731644177 -379000
1558731644177 -379000
1558731644177 -378997
1558731644177 -378995
1558731644177 -378994
1558731644177 -378895
1558731644177 -378895
1558731644177 -378894
1558731644177 -378892
1558731644177 -378891
1558731644177 -378890
1558731644177 -378889
1558731644177 -378889
1558731644177 -378888
1558731644177 -378888
1558731644177 -378888
1558731644177 -378887
1558731644180 -378888
1558731644180 -378886
1558731644181 -378887
1558731644181 -378886
1558731644181 -378885
1558731644181 -378880
1558731644181 -378878
1558731644181 -378877
1558731644181 -378875
1558731644181 -378874
1558731644181 -378872
1558731644181 -378871
1558731644181 -378768
1558731644181 -378765
1558731644181 -378760
1558731644181 -378755
1558731644181 -378753
1558731644181 -378752
1558731644181 -378752
1558731644181 -378751
1558731644181 -378738
1558731644181 -378737
1558731644181 -378733
1558731644389 -378937
1558731644389 -378934
1558731644389 -378931
1558731644389 -378888
1558731644389 -378888
1558731644389 -378887
1558731644389 -378887
1558731644389 -378886
1558731644389 -378886
1558731644389 -378886
1558731644389 -378884
1558731644389 -378883
1558731644389 -378883
1558731644389 -378881
1558731644389 -378880
1558731644389 -193060
1558731644389 -193055
1558731644389 -193053
1558731644389 -193052
1558731644389 -193046
1558731644389 -193044
1558731644389 -193040
