1558731303192 -540579
1558731303192 -540579
1558731303192 -540578
1558731303192 -540578
1558731303192 -540578
1558731303192 -540578
1558731303192 -540444
1558731303192 -540443
1558731303192 -540443
1558731303192 -540443
1558731303192 -540443
1558731303192 -540443
1558731303192 -540443
1558731303193 -541212
1558731303193 -541212
1558731303193 -541212
1558731303193 -541212
1558731303193 -541209
1558731303193 -541208
1558731303193 -541206
1558731303193 -539860
1558731303193 -539860
1558731303193 -539860
1558731303193 -539860
1558731303193 -539860
1558731303193 -539860
1558731303193 -539860
1558731303193 -539860
1558731303193 -539859
1558731303193 -539859
1558731303193 -539859
1558731303193 -539859
1558731303193 -539859
1558731303193 -539859
1558731303193 -538739
1558731303193 -538739
1558731303193 -538739
1558731303193 -538738
1558731303193 -538738
1558731303193 -538738
1558731303193 -538738
1558731303193 -538737
1558731303193 -538737
1558731303193 -538736
1558731303193 -538736
1558731303193 -538736
1558731303193 -537646
1558731303193 -537646
1558731303193 -537646
1558731303193 -537646
1558731303193 -537646
1558731303193 -537645
1558731303193 -537645
1558731303193 -536508
1558731303193 -536508
1558731303193 -536508
1558731303193 -536508
1558731303193 -536508
1558731303193 -536507
1558731303193 -536507
1558731303193 -535486
1558731303313 -535606
1558731303533 -535825
1558731303533 -535825
1558731303533 -535825
1558731303533 -535824
1558731303533 -535047
1558731547825 -782894
1558731547825 -782894
1558731547825 -782894
1558731547825 -782893
1558731547825 -782752
1558731547825 -782752
1558731547825 -782752
1558731547825 -782752
1558731547825 -782751
1558731547825 -782750
1558731547825 -782749
1558731547825 -780652
1558731547825 -780652
1558731547825 -780651
1558731547825 -780650
1558731547825 -780649
1558731547825 -780649
1558731547825 -780649
1558731547825 -780649
1558731547825 -780649
1558731547825 -780649
1558731547825 -780536
1558731547825 -780536
1558731547825 -780535
1558731547825 -780534
1558731547825 -779047
1558731547825 -779047
1558731547825 -779047
1558731547825 -779046
1558731547825 -779046
1558731547825 -779046
1558731547825 -779046
1558731547825 -779046
1558731547825 -779044
1558731547825 -778978
1558731547825 -778978
1558731547825 -778977
1558731547825 -778977
1558731547825 -778976
1558731547825 -778975
1558731547825 -778975
1558731547825 -778166
1558731547825 -778166
1558731640884 -416529
1558731640884 -415603
1558731640884 -415603
1558731640884 -415603
1558731640884 -415603
1558731640884 -415602
1558731640884 -415602
1558731640884 -415602
1558731640884 -415602
1558731640885 -415603
1558731640885 -415603
1558731640885 -414323
1558731640885 -414323
1558731640885 -414321
1558731640885 -414013
1558731640885 -412889
1558731640885 -412889
1558731640885 -412889
1558731640885 -412888
1558731640885 -412888
1558731640885 -412887
1558731640885 -412886
1558731640885 -412886
1558731640885 -412720
1558731640885 -412720
1558731640885 -412719
1558731640885 -412719
1558731640885 -412719
1558731640885 -412719
1558731640885 -412719
1558731640885 -412719
1558731640885 -411717
1558731640885 -411717
1558731640885 -411716
1558731640885 -411716
1558731640885 -411716
1558731640885 -411716
1558731640885 -411716
1558731641325 -412045
1558731641325 -412045
1558731641325 -412044
1558731641325 -411478
1558731641325 -411478
1558731641325 -411478
1558731641325 -411478
1558731641325 -411478
1558731641325 -411477
1558731641325 -411477
1558731641325 -411477
1558731641325 -411477
1558731641325 -411477
1558731641325 -411477
1558731641325 -411477
1558731641325 -411477
1558731641325 -403388
1558731641325 -403382
1558731641325 -403381
1558731641325 -403379
1558731641325 -403379
1558731641325 -403376
1558731641325 -403374
1558731641325 -403367
1558731641325 -403362
1558731641325 -403362
1558731641325 -403350
1558731641325 -403347
1558731641325 -403340
1558731641325 -403330
1558731641325 -403323
1558731641325 -403321
1558731641325 -403314
1558731641325 -403313
1558731641325 -403312
1558731641325 -403307
1558731641325 -403297
1558731641325 -403291
1558731641325 -403290
1558731641325 -403287
1558731641325 -403269
1558731641325 -403192
1558731641325 -403192
1558731641325 -403192
1558731641325 -403191
1558731641325 -403191
1558731641325 -403190
1558731641325 -403188
1558731641325 -403186
1558731641325 -403184
1558731641325 -403181
1558731641325 -403180
1558731641325 -403178
1558731641325 -403173
1558731641325 -403172
1558731641325 -403168
1558731641325 -403096
1558731641325 -403092
1558731641325 -403086
1558731641325 -403085
1558731641325 -403076
1558731641325 -403059
1558731641325 -403040
1558731641325 -403036
1558731641325 -403036
1558731641325 -403035
1558731641325 -403027
1558731641325 -403023
1558731641325 -402971
1558731641325 -402971
1558731641325 -402971
1558731641325 -402971
1558731641325 -402971
1558731641325 -402971
1558731641325 -402954
1558731641325 -402953
1558731641325 -402943
1558731641325 -402941
1558731641325 -402933
1558731641325 -402921
1558731641325 -402917
1558731641325 -402914
1558731641325 -402914
1558731641325 -402913
1558731641325 -402913
1558731641325 -402912
1558731641325 -402909
1558731641325 -402907
1558731641325 -402839
1558731641325 -402837
1558731641325 -402836
1558731641325 -402823
1558731641325 -402809
1558731641325 -402801
1558731641325 -402799
1558731641325 -402796
1558731641325 -402794
1558731641325 -402788
1558731641325 -402788
1558731641325 -402765
1558731641325 -402763
1558731641713 -403151
1558731641713 -403150
1558731641713 -403122
1558731641713 -403117
1558731641713 -403116
1558731641713 -403102
1558731641713 -403101
1558731641713 -403099
1558731641713 -403098
1558731641713 -403095
1558731641713 -330241
1558731641713 -330238
1558731641713 -330236
1558731641713 -330235
1558731641713 -330235
1558731641713 -330233
1558731641713 -330233
1558731641713 -330228
1558731641713 -330227
1558731641713 -330227
1558731641713 -330226
1558731641713 -330225
1558731641713 -330225
1558731641713 -330224
1558731641713 -330220
1558731641713 -330216
1558731641713 -330215
1558731641713 -330214
1558731641713 -330213
1558731641713 -330210
1558731641713 -330208
1558731641713 -330202
1558731641713 -330202
1558731641713 -330201
1558731641713 -330198
1558731641713 -330194
1558731641713 -330190
1558731641713 -330188
1558731641713 -330187
1558731641713 -330186
1558731641713 -330184
1558731641713 -330183
1558731641713 -330181
1558731641713 -330179
1558731641713 -330178
1558731641713 -330178
1558731641713 -330176
1558731641713 -330175
1558731641713 -330167
1558731641713 -330167
1558731641713 -330166
1558731641713 -330166
1558731641713 -330161
1558731641713 -330159
1558731641713 -330158
1558731641713 -330155
1558731641713 -330154
1558731641713 -330154
1558731641713 -330148
1558731641713 -330148
1558731641713 -330121
1558731641713 -330121
1558731641713 -330121
1558731641713 -330120
1558731641713 -330119
1558731641713 -330119
1558731641713 -330116
1558731641713 -330113
1558731641713 -330113
1558731641713 -330111
1558731641713 -330109
1558731641713 -330109
1558731641713 -330106
1558731641713 -330104
1558731641713 -330102
1558731641713 -330098
1558731641713 -330087
1558731641713 -330086
1558731641713 -330080
1558731641713 -330077
1558731641713 -330077
1558731641713 -329985
1558731641713 -329983
1558731641713 -329983
1558731641713 -329978
1558731641713 -329976
1558731641713 -329976
1558731641713 -329975
1558731641713 -329969
1558731641713 -329969
1558731641713 -329967
1558731641713 -329966
1558731641713 -329965
1558731641713 -329962
1558731641713 -329960
1558731641713 -329957
1558731641713 -329957
1558731641713 -329955
1558731641713 -329955
1558731641713 -329898
1558731641713 -329897
1558731641713 -329896
1558731641713 -329896
1558731641713 -329895
1558731641713 -329894
1558731641713 -329887
1558731641713 -329887
1558731641713 -329880
1558731641713 -329879
1558731641713 -329877
1558731641713 -329876
1558731641713 -329876
1558731641713 -329874
1558731641713 -329873
1558731641713 -329808
1558731641713 -329807
1558731641713 -329804
1558731641713 -329800
1558731641713 -329796
1558731641713 -329790
1558731641713 -329787
1558731641713 -329786
1558731641713 -329786
1558731641713 -329786
1558731641713 -329785
1558731641713 -329784
1558731641713 -329784
1558731641713 -329783
1558731641713 -329782
1558731641713 -329782
1558731641713 -329779
1558731641713 -329779
1558731641713 -329778
