1558731303128 -540899
1558731303128 -540899
1558731303128 -540898
1558731303128 -540898
1558731303128 -540898
1558731303128 -540021
1558731303128 -540021
1558731303128 -540021
1558731303128 -540021
1558731303128 -540020
1558731303128 -540020
1558731303128 -540020
1558731303128 -540020
1558731303128 -540020
1558731303128 -540020
1558731303128 -540020
1558731303128 -540020
1558731303128 -538462
1558731303128 -538462
1558731303128 -538461
1558731303128 -538461
1558731303128 -538461
1558731303128 -538460
1558731303128 -538460
1558731303128 -538459
1558731303128 -537730
1558731303128 -537730
1558731303128 -537730
1558731303128 -537723
1558731303128 -537723
1558731303128 -537723
1558731303128 -537722
1558731303128 -537722
1558731303128 -537722
1558731303128 -537722
1558731303128 -537722
1558731303128 -537720
1558731303128 -537720
1558731548005 -781128
1558731548005 -781128
1558731548005 -781128
1558731548005 -781128
1558731548005 -781127
1558731548005 -781127
1558731548005 -781127
1558731548005 -781127
1558731548005 -781127
1558731548005 -781127
1558731548005 -780466
1558731548005 -780466
1558731548005 -780466
1558731548005 -780466
1558731548005 -780465
1558731548005 -780464
1558731548005 -780464
1558731548005 -780464
1558731548005 -780464
1558731548005 -779453
1558731548005 -779450
1558731548005 -779450
1558731548005 -779450
1558731548005 -778688
1558731548005 -778688
1558731548005 -778688
1558731548005 -778688
1558731548005 -778686
1558731548005 -778686
1558731548005 -778395
1558731548005 -778395
1558731548005 -778393
1558731548005 -778393
1558731548005 -778392
1558731548005 -778392
1558731548005 -778392
1558731548005 -778392
1558731548005 -778299
1558731548005 -778299
1558731548284 -778578
1558731641109 -417084
1558731641109 -417084
1558731641109 -417083
1558731641109 -417083
1558731641109 -417083
1558731641109 -417083
1558731641109 -417083
1558731641109 -417083
1558731641109 -417082
1558731641109 -417082
1558731641109 -417062
1558731641109 -417062
1558731641109 -417061
1558731641109 -417061
1558731641109 -415113
1558731641109 -415111
1558731641109 -415111
1558731641109 -415111
1558731641109 -415111
1558731641109 -415111
1558731641109 -415111
1558731641109 -415111
1558731641109 -415047
1558731641109 -413674
1558731641109 -413673
1558731641109 -413672
1558731641109 -413672
1558731641109 -413672
1558731641109 -413647
1558731641109 -413646
1558731641109 -413646
1558731641109 -412421
1558731641109 -412421
1558731641109 -412421
1558731641109 -412420
1558731641109 -412420
1558731641109 -412420
1558731641109 -412419
1558731641109 -412419
1558731641109 -412387
1558731641109 -411496
1558731641109 -411494
1558731641109 -411494
1558731641109 -411493
1558731641109 -411493
1558731641109 -411493
1558731641109 -415068
1558731641109 -415067
1558731641109 -415067
1558731641109 -415066
1558731641109 -415066
1558731641109 -415066
1558731641109 -413655
1558731641109 -413655
1558731641109 -413654
1558731641109 -413654
1558731641109 -413651
1558731641109 -413651
1558731641109 -413650
1558731641109 -412406
1558731641109 -412406
1558731641109 -412406
1558731641109 -411486
1558731641109 -411486
1558731641109 -411486
1558731641109 -411486
1558731641109 -411486
1558731641109 -411484
1558731641109 -411484
1558731641109 -411484
1558731641109 -411484
1558731641109 -411484
1558731641109 -411484
1558731641109 -411482
1558731641109 -411481
1558731641109 -411480
1558731641109 -411028
1558731641109 -411028
1558731641109 -411028
1558731641109 -411028
1558731641109 -411028
1558731641109 -411028
1558731641109 -411028
1558731641109 -411028
1558731641109 -411027
1558731641109 -411027
1558731641109 -411027
1558731641109 -411027
1558731641109 -411027
1558731641109 -411027
1558731641109 -411027
1558731641109 -411027
1558731641109 -410971
1558731641217 -416858
1558731641217 -415873
1558731641217 -414725
1558731641217 -414725
1558731641217 -414720
1558731641217 -414720
1558731641217 -414216
1558731641217 -414216
1558731641217 -414216
1558731641217 -414213
1558731641217 -414213
1558731641217 -414213
1558731641217 -414211
1558731641217 -413381
1558731641217 -413378
1558731641217 -413378
1558731641217 -413378
1558731641217 -413378
1558731641217 -413378
1558731641217 -413378
1558731641217 -412910
1558731641217 -412910
1558731641217 -412910
1558731641217 -412910
1558731641217 -412909
1558731641217 -412909
1558731641217 -412909
1558731641217 -412909
1558731641217 -412908
1558731641217 -412907
1558731641217 -412907
1558731641217 -412191
1558731641217 -412191
1558731641217 -412191
1558731641217 -412189
1558731641217 -412188
1558731641217 -411867
1558731641217 -411867
1558731641217 -416921
1558731641217 -416921
1558731641217 -416921
1558731641217 -416921
1558731641217 -416921
1558731641217 -416920
1558731641217 -415563
1558731641217 -415563
1558731641217 -415562
1558731641217 -415562
1558731641217 -415562
1558731641217 -415562
1558731641217 -415562
1558731641217 -415562
1558731641217 -415562
1558731641217 -415562
1558731641217 -415561
1558731641217 -414943
1558731641217 -414943
1558731641217 -414943
1558731641217 -414941
1558731641217 -414941
1558731641217 -414941
1558731641217 -414937
1558731641217 -413998
1558731641217 -413998
1558731641217 -413998
1558731641217 -413998
1558731641217 -413998
1558731641217 -413997
1558731641217 -413997
1558731641217 -413997
1558731641217 -413997
1558731641217 -413997
1558731641217 -413997
1558731641217 -413997
1558731641217 -413997
1558731641217 -413995
1558731641217 -413995
1558731641217 -413995
1558731641217 -413541
1558731641217 -413541
1558731641217 -413541
1558731641217 -413541
1558731641217 -413540
1558731641217 -413540
1558731641217 -413540
1558731641217 -413540
1558731641217 -413540
1558731641217 -413540
1558731641217 -413539
1558731641217 -413539
1558731641217 -413539
1558731641217 -413539
1558731641217 -413539
1558731641217 -413539
1558731641217 -413539
1558731641217 -412716
1558731641217 -412716
1558731641217 -412716
1558731641217 -412716
1558731641217 -412716
1558731641217 -412716
1558731641217 -412708
1558731641217 -412708
1558731641217 -412708
1558731641217 -412708
1558731641217 -412707
1558731641217 -412707
1558731641217 -412707
1558731641217 -412707
1558731641217 -412707
1558731641217 -412707
1558731641217 -412318
1558731641217 -412318
1558731641217 -412318
1558731641217 -412318
1558731641217 -412318
1558731641217 -412318
1558731641217 -412318
1558731641217 -412317
1558731641217 -412317
1558731641217 -412317
1558731641217 -412317
1558731641217 -412317
1558731641217 -412317
1558731641217 -412317
1558731641217 -411714
1558731641217 -411714
1558731641285 -411669
1558731641285 -411655
1558731641285 -411655
1558731641285 -411655
1558731641285 -411654
1558731641285 -411211
1558731641285 -411210
1558731641285 -411210
1558731641285 -411210
1558731641285 -411210
1558731641285 -411150
1558731641285 -408662
1558731641285 -408657
1558731641285 -408653
1558731641285 -408652
1558731641285 -408652
1558731641285 -408642
1558731641285 -408639
1558731641285 -408636
1558731641285 -408628
1558731641285 -408616
1558731641285 -408614
1558731641285 -408614
1558731641285 -408611
1558731641285 -408609
1558731641285 -408605
1558731641285 -408603
1558731641285 -408583
1558731641285 -408583
1558731641363 -408656
1558731641364 -408646
1558731641364 -408645
1558731641364 -408641
1558731641364 -408579
1558731641364 -408578
1558731641364 -408575
1558731641364 -408572
1558731641364 -408572
1558731641364 -408560
1558731641364 -408553
1558731641364 -408546
1558731641364 -408543
1558731641364 -408536
1558731641364 -408522
1558731641364 -408446
1558731641364 -408445
1558731641364 -408444
1558731641364 -408444
1558731641364 -408439
1558731641364 -408437
1558731641364 -408436
1558731641364 -408429
1558731641364 -408427
1558731641364 -408426
1558731641364 -408358
1558731641364 -408355
1558731641364 -408352
1558731641364 -408348
1558731641364 -408345
1558731641364 -408342
1558731641364 -408331
1558731641364 -408329
1558731641364 -408328
1558731641364 -408325
1558731641364 -408265
1558731641364 -408258
1558731641364 -408254
1558731641364 -408253
1558731641364 -408250
1558731641364 -408242
1558731641364 -408241
1558731641364 -408238
1558731641364 -408179
1558731641364 -408178
1558731641364 -408163
1558731641364 -408162
1558731641364 -408155
1558731641364 -408155
1558731641364 -408154
1558731641364 -408150
1558731641364 -408094
1558731641364 -408093
1558731641364 -408091
1558731641364 -408091
1558731641364 -408088
1558731641364 -408081
1558731641365 -408078
1558731641365 -408065
1558731641365 -408005
1558731641365 -407997
1558731641365 -407997
1558731641365 -407991
1558731641365 -407988
1558731641365 -407980
1558731641365 -407980
1558731641365 -407979
1558731641365 -407975
1558731641365 -407972
1558731641365 -407970
1558731641365 -407918
1558731641365 -407917
1558731641365 -407913
1558731641365 -407912
1558731641365 -407911
1558731641365 -407911
1558731641365 -407910
1558731641365 -407899
1558731641365 -407897
1558731641365 -407895
1558731641365 -407894
1558731641365 -407887
1558731641365 -407885
1558731641365 -407882
1558731641365 -407881
1558731641365 -407877
1558731641365 -407827
1558731641365 -407827
1558731641365 -407818
1558731641365 -407811
1558731641365 -407807
1558731641365 -407807
1558731641365 -407805
1558731641501 -411361
1558731641501 -411361
1558731641501 -411361
1558731641501 -411361
1558731641501 -411361
1558731641501 -411361
1558731641501 -411361
1558731641501 -411361
1558731641501 -411360
1558731641501 -411360
1558731641501 -411358
1558731641501 -411358
1558731641501 -411332
1558731641501 -411332
1558731641501 -397440
1558731641501 -397439
1558731641501 -397438
1558731641501 -397438
1558731641501 -397436
1558731641501 -397432
1558731641501 -397431
1558731641501 -397429
1558731641501 -397428
1558731641501 -397427
1558731641501 -397427
1558731641501 -397426
1558731641501 -397426
1558731641501 -397417
1558731641501 -397416
1558731641501 -397406
1558731641501 -397406
1558731641501 -397404
1558731641501 -397346
1558731641501 -397346
1558731641501 -397345
1558731641501 -397344
1558731641501 -397343
1558731641501 -397342
1558731641501 -397339
1558731641501 -397337
1558731641501 -397337
1558731641501 -397268
1558731641501 -397267
1558731641501 -397266
1558731641501 -397263
1558731641501 -397259
1558731641501 -397257
1558731641501 -397256
1558731641501 -397255
1558731641501 -397176
1558731641501 -397176
1558731641501 -397176
1558731641501 -397176
1558731641501 -397176
1558731641501 -397175
1558731641501 -397175
1558731641501 -397175
1558731641718 -411910
1558731641718 -411909
1558731641718 -411909
1558731641718 -411829
1558731641718 -411829
1558731641718 -411829
1558731641718 -389207
1558731641718 -389206
1558731641718 -389204
1558731641718 -389203
1558731641718 -389203
1558731641718 -389197
1558731641718 -389193
1558731641718 -389189
1558731641718 -389189
1558731641718 -389189
1558731641718 -389188
1558731641718 -389186
1558731641718 -389173
1558731641718 -389170
1558731641718 -389161
1558731641718 -389155
1558731641718 -389148
1558731641718 -389094
1558731641718 -389092
1558731641718 -389091
1558731641718 -389087
1558731641718 -389087
1558731641718 -389017
1558731641718 -389016
1558731641718 -389015
1558731641718 -389014
1558731641718 -389014
1558731641718 -389013
1558731641718 -389012
1558731641718 -389012
1558731641718 -389010
1558731641718 -389008
1558731641718 -389007
1558731641718 -388928
1558731641718 -388927
1558731641718 -388926
1558731641718 -388925
1558731641718 -388924
1558731641718 -388923
1558731641718 -388921
1558731641718 -388920
1558731641718 -388839
1558731641718 -388838
1558731641718 -388836
1558731641718 -388834
1558731641718 -388830
1558731641718 -388829
1558731641718 -388752
1558731641718 -388751
1558731641718 -388748
1558731641718 -388748
1558731641718 -388747
1558731641718 -388747
1558731641718 -388740
1558731641718 -388739
1558731641718 -388737
1558731641718 -388736
1558731641718 -388732
1558731641718 -388732
1558731641718 -388731
1558731641718 -388711
1558731641718 -388708
1558731641718 -388620
1558731641718 -388619
1558731641718 -388619
1558731641718 -388616
1558731641718 -388615
1558731641718 -388612
1558731641718 -388610
1558731641718 -388609
1558731641718 -388609
1558731641718 -388606
1558731641718 -388606
1558731641718 -388602
1558731641718 -388602
1558731641718 -388599
1558731641718 -388588
1558731641718 -388533
1558731641718 -388532
1558731641718 -388532
1558731641718 -388532
1558731641718 -388531
1558731641718 -388530
1558731641718 -388528
1558731641718 -388524
1558731641718 -388523
1558731641718 -388522
1558731641718 -388521
1558731641998 -412495
1558731641998 -412495
1558731641998 -412495
1558731641998 -412495
1558731641998 -412495
1558731641998 -412495
1558731641998 -412494
1558731641998 -412494
1558731641998 -412236
1558731641998 -412236
1558731641998 -412236
1558731641998 -412236
1558731641998 -412233
1558731641998 -412233
1558731641998 -412233
1558731641998 -412233
1558731641998 -412233
1558731641998 -412233
1558731641998 -412233
1558731641998 -412233
1558731641998 -378766
1558731641998 -378766
1558731641998 -378766
1558731641998 -378766
1558731641998 -378765
1558731641998 -378764
1558731641998 -378763
1558731641998 -378763
1558731641998 -378763
1558731641998 -378762
1558731641998 -378762
1558731641998 -378762
1558731641998 -378762
1558731641998 -378762
1558731641998 -378761
1558731641998 -378759
1558731641998 -378756
1558731641998 -378755
1558731641998 -378752
1558731641998 -378750
1558731641998 -378750
1558731641998 -378746
1558731641998 -378745
1558731641998 -378742
1558731641998 -378742
1558731641998 -378741
1558731641998 -378740
1558731641998 -378738
1558731641998 -378738
1558731641998 -378738
1558731641998 -378737
1558731641998 -378705
1558731641998 -378705
1558731641998 -378705
1558731641998 -378705
1558731641998 -378705
1558731641998 -378705
1558731641998 -378705
1558731641998 -378705
1558731641998 -378705
1558731641998 -378705
1558731641998 -378705
1558731641998 -378705
1558731641998 -378705
1558731641998 -378705
1558731641998 -378705
1558731641998 -378705
1558731641998 -378705
1558731641998 -378704
1558731641998 -378704
1558731641998 -378704
1558731641998 -378704
1558731641998 -378704
1558731641998 -378704
1558731641998 -378702
1558731641998 -378701
1558731641998 -378701
1558731641998 -378701
1558731641998 -378701
1558731641998 -378701
1558731641998 -378699
1558731641998 -378699
1558731641998 -378696
1558731641998 -378696
1558731641998 -378692
1558731641998 -378692
1558731641998 -378692
1558731641998 -378690
1558731641998 -378690
1558731641998 -378689
1558731641998 -378688
1558731641998 -378687
1558731641998 -378686
1558731641998 -378686
1558731641998 -378684
1558731641998 -378682
1558731641998 -378676
1558731641998 -378620
1558731641998 -378620
1558731641998 -378619
1558731641998 -378618
1558731641998 -378618
1558731641998 -378617
1558731641998 -378615
1558731641998 -378615
1558731641998 -378613
1558731641998 -378613
1558731641998 -378612
1558731641998 -378611
1558731641998 -378540
1558731641998 -378540
1558731641998 -378539
1558731641998 -378536
1558731641998 -378536
1558731641998 -378536
1558731641998 -378533
1558731641998 -378532
1558731641998 -378531
1558731641998 -378530
1558731641998 -378530
1558731641998 -378530
1558731641998 -378529
1558731641998 -378526
1558731641998 -378526
1558731641998 -378524
1558731641998 -378524
1558731641998 -378524
1558731641998 -378523
1558731641998 -378523
1558731641998 -378522
1558731641998 -378521
1558731641998 -378520
1558731641998 -378452
1558731641998 -378450
1558731641998 -378447
1558731641998 -378445
1558731641998 -378445
1558731641998 -378445
1558731641998 -378442
1558731641998 -378442
1558731641998 -378441
1558731641998 -378441
1558731641998 -378440
1558731641998 -378440
1558731641998 -378439
1558731641998 -378438
1558731641998 -378436
1558731641998 -378436
1558731641998 -378436
1558731641998 -378435
1558731641998 -378433
1558731641998 -378433
1558731641998 -378432
1558731641998 -378431
1558731641998 -378431
1558731641998 -378428
1558731641998 -378428
1558731641998 -378427
1558731641998 -378425
1558731641998 -378424
1558731641998 -378424
1558731641998 -378420
1558731641998 -378420
1558731641998 -378419
1558731641998 -378419
1558731641998 -378419
1558731641998 -378417
1558731641998 -378416
1558731641998 -378320
1558731641998 -378320
1558731641998 -378319
1558731641998 -378318
1558731641998 -378317
1558731641998 -378316
1558731641998 -378316
1558731641998 -378316
1558731641998 -378314
1558731641998 -378312
1558731641998 -378310
1558731641998 -378309
1558731641998 -378306
1558731641998 -378305
1558731641998 -378304
1558731641998 -378303
1558731641998 -378303
1558731641998 -378302
1558731641998 -378301
1558731641998 -378290
1558731641998 -378289
1558731641999 -378288
1558731641999 -378288
1558731641999 -378287
1558731641999 -378286
1558731641999 -378283
1558731641999 -378280
1558731641999 -378279
1558731641999 -378277
1558731641999 -378276
1558731641999 -378276
1558731641999 -378275
1558731641999 -378273
1558731641999 -378271
1558731641999 -378270
1558731641999 -378265
1558731641999 -378263
1558731641999 -378262
1558731641999 -378259
1558731641999 -378258
1558731641999 -378257
1558731641999 -378254
1558731641999 -378254
1558731641999 -378253
1558731641999 -378145
1558731641999 -378144
1558731641999 -378143
1558731641999 -378141
1558731641999 -378141
1558731641999 -378141
1558731641999 -378140
1558731641999 -378137
1558731641999 -378137
1558731641999 -378136
1558731641999 -378136
1558731641999 -378130
1558731641999 -378130
1558731641999 -378128
1558731641999 -378128
1558731641999 -378126
1558731641999 -378123
1558731641999 -378105
1558731641999 -378057
1558731641999 -378057
1558731641999 -378056
1558731641999 -378056
1558731641999 -378053
1558731641999 -378052
1558731641999 -378052
1558731641999 -378051
1558731641999 -378050
1558731641999 -378050
1558731641999 -378048
1558731641999 -378047
1558731641999 -378046
1558731641999 -378045
1558731641999 -378045
1558731641999 -378044
1558731641999 -378043
1558731641999 -378042
1558731641999 -378042
1558731641999 -378041
1558731641999 -378039
1558731641999 -378038
1558731641999 -378037
1558731641999 -378036
1558731641999 -378036
1558731641999 -378035
1558731641999 -378035
1558731641999 -378024
1558731641999 -378023
1558731641999 -378023
1558731641999 -378022
1558731641999 -378022
1558731641999 -378021
1558731641999 -378020
1558731641999 -377969
1558731641999 -377967
1558731641999 -377965
1558731641999 -377964
1558731641999 -377964
1558731641999 -377963
1558731641999 -377962
1558731641999 -377961
1558731641999 -377959
1558731641999 -377958
1558731641999 -377957
1558731641999 -377956
1558731641999 -377956
1558731641999 -377956
1558731641999 -377955
1558731641999 -377955
1558731641999 -377953
1558731641999 -377951
1558731641999 -377950
1558731641999 -377948
1558731641999 -377947
1558731641999 -377947
1558731641999 -377940
1558731641999 -377940
1558731641999 -377938
1558731641999 -377937
1558731641999 -377937
1558731641999 -377933
1558731641999 -377932
1558731641999 -377930
1558731641999 -377927
1558731641999 -377926
1558731642222 -408653
1558731642222 -408643
1558731642222 -408641
1558731642222 -408639
1558731642222 -408637
1558731642222 -408636
1558731642222 -408634
1558731642222 -408628
1558731642222 -408623
1558731642222 -408623
1558731642222 -408613
1558731642222 -357291
1558731642222 -357290
1558731642222 -357286
1558731642222 -357282
1558731642222 -357282
1558731642222 -357280
1558731642222 -357280
1558731642222 -357277
1558731642222 -357277
1558731642222 -357276
1558731642222 -357268
1558731642222 -357268
1558731642222 -357267
1558731642222 -357266
1558731642222 -357263
1558731642222 -357263
1558731642222 -357263
1558731642222 -357261
1558731642222 -357257
1558731642222 -357253
1558731642222 -357252
1558731642222 -357250
1558731642222 -357250
1558731642222 -357248
1558731642222 -357246
1558731642222 -357245
1558731642222 -357242
1558731642222 -357237
1558731642222 -357237
1558731642222 -357236
1558731642222 -357235
1558731642222 -357226
1558731642222 -357225
1558731642222 -357225
1558731642222 -357225
1558731642222 -357225
1558731642222 -357224
1558731642222 -357220
1558731642222 -357216
1558731642222 -357216
1558731642222 -357214
1558731642222 -357213
1558731642222 -357212
1558731642222 -357211
1558731642222 -357208
1558731642222 -357208
1558731642222 -357207
1558731642222 -357207
1558731642222 -357205
1558731642222 -357204
1558731642222 -357201
1558731642222 -357201
1558731642222 -357200
1558731642222 -357200
1558731642222 -357199
1558731642222 -357199
1558731642222 -357136
1558731642222 -357135
1558731642222 -357134
1558731642222 -357134
1558731642222 -357130
1558731642222 -357128
1558731642222 -357125
1558731642222 -357123
1558731642222 -357117
1558731642222 -357116
1558731642222 -357116
1558731642222 -357113
1558731642222 -357111
1558731642222 -357059
1558731642222 -357059
1558731642222 -357058
1558731642222 -357058
1558731642222 -357057
1558731642222 -357056
1558731642222 -357049
1558731642222 -357045
1558731642222 -357043
1558731642222 -357041
1558731642222 -357039
1558731642222 -357036
1558731642222 -357034
1558731642222 -357032
1558731642222 -356972
1558731642222 -356971
1558731642232 -356975
1558731642232 -356971
1558731642232 -356969
1558731642232 -356966
1558731642266 -397940
1558731642266 -397940
1558731642266 -397940
1558731642266 -397851
1558731642266 -397850
1558731642266 -397850
1558731642266 -397850
1558731642266 -397848
1558731642266 -397847
1558731642266 -397843
1558731642266 -397841
1558731642266 -397839
1558731642266 -397838
1558731642266 -397836
1558731642266 -397836
1558731642266 -397835
1558731642266 -397834
1558731642266 -397833
1558731642266 -397827
1558731642266 -397826
1558731642266 -397826
1558731642266 -397825
1558731642266 -397821
1558731642266 -397720
1558731642267 -397721
1558731642267 -397720
1558731642267 -397718
1558731642267 -397717
1558731642267 -397717
1558731642267 -397708
1558731642267 -397707
1558731642267 -397706
1558731642268 -397698
1558731642268 -397684
1558731642268 -397682
1558731642372 -397782
1558731642372 -397782
1558731642372 -307485
1558731642372 -307482
1558731642372 -307478
1558731642372 -307476
1558731642372 -307475
1558731642373 -307464
1558731642373 -307463
1558731642373 -307462
1558731642373 -307461
1558731642373 -307461
1558731642373 -307460
1558731642373 -307460
1558731642373 -307451
1558731642373 -307449
1558731642373 -307448
1558731642373 -307445
1558731642373 -307445
1558731642373 -307445
1558731642373 -307444
1558731642373 -307443
1558731642373 -307442
1558731642373 -307442
1558731642373 -307442
1558731642373 -307441
1558731642373 -307440
1558731642373 -307437
1558731642373 -307431
1558731642373 -307430
1558731642373 -307427
1558731642373 -307427
1558731642373 -307422
1558731642373 -307421
1558731642373 -307420
1558731642373 -307416
1558731642373 -307416
1558731642373 -307411
1558731642373 -307408
1558731642373 -307406
1558731642373 -307403
1558731642373 -307394
1558731642373 -307392
1558731642373 -307392
1558731642373 -307291
1558731642373 -307288
1558731642373 -307283
1558731642373 -307279
1558731642373 -307275
1558731642373 -307274
1558731642373 -307274
1558731642373 -307273
1558731642373 -307268
1558731642373 -307262
1558731642373 -307159
1558731642373 -307157
1558731642373 -307156
1558731642373 -307155
1558731642373 -307144
1558731642373 -307141
1558731642373 -307139
1558731642373 -307137
1558731642373 -307135
1558731642373 -307135
1558731642373 -307126
1558731642373 -307122
1558731642373 -307121
1558731642373 -307120
1558731642373 -307118
1558731642373 -307117
1558731642373 -307098
1558731642373 -307093
1558731642373 -307092
1558731642373 -307086
1558731642373 -307079
1558731642373 -307075
1558731642373 -307066
1558731642373 -307065
1558731642373 -307060
1558731642373 -307057
1558731642373 -307052
1558731642373 -307051
1558731642373 -307051
1558731642373 -307051
1558731642373 -307050
1558731642373 -307049
1558731642373 -307049
1558731642374 -307049
1558731642374 -307047
1558731642374 -307044
1558731642374 -307043
1558731642374 -306984
1558731642374 -306983
1558731642374 -306981
1558731642374 -306981
1558731642374 -306981
1558731642374 -306980
1558731642374 -306978
1558731642374 -306975
1558731642374 -306975
1558731642374 -306974
1558731642374 -306971
1558731642374 -306971
1558731642374 -306967
1558731642374 -306895
1558731642374 -306895
1558731642374 -306894
1558731642472 -339022
1558731642472 -339022
1558731642472 -339022
1558731642472 -339022
1558731642472 -339022
1558731642472 -339022
1558731642472 -339022
1558731642472 -339021
1558731642472 -264840
1558731642473 -264840
1558731642473 -264840
1558731642473 -264839
1558731642473 -264838
1558731642473 -264836
1558731642473 -264833
1558731642473 -264830
1558731642473 -264827
1558731642473 -264824
1558731642473 -264814
1558731642473 -264807
1558731642473 -264807
1558731642473 -264806
1558731642473 -264804
1558731642473 -264803
1558731642473 -264801
1558731642473 -264800
1558731642473 -264797
1558731642473 -264796
1558731642473 -264796
1558731642473 -264794
1558731642473 -264792
1558731642473 -264792
1558731642473 -264790
1558731642473 -264787
1558731642473 -264786
1558731642473 -264783
1558731642473 -264782
1558731642473 -264781
1558731642473 -264781
1558731642473 -264781
1558731642473 -264779
1558731642473 -264778
1558731642473 -264777
1558731642473 -264769
1558731642473 -264762
1558731642473 -264761
1558731642473 -264761
1558731642473 -264758
1558731642473 -264755
1558731642473 -264754
1558731642473 -264752
1558731642473 -264750
1558731642473 -264749
1558731642473 -264744
1558731642473 -264739
1558731642473 -264738
1558731642473 -264737
1558731642473 -264736
1558731642473 -264736
1558731642473 -264733
1558731642473 -264732
1558731642473 -264729
1558731642473 -264725
1558731642473 -264724
1558731642473 -264615
1558731642473 -264613
1558731642473 -264609
1558731642473 -264600
1558731642473 -264597
1558731642473 -264595
1558731642473 -264594
1558731642473 -264593
1558731642473 -264593
1558731642473 -264592
1558731642473 -264588
1558731642473 -264586
1558731642473 -264586
1558731642473 -264583
1558731642473 -264581
1558731642473 -264581
1558731642473 -264580
1558731642473 -264580
1558731642473 -264527
1558731642473 -264526
1558731642473 -264522
1558731642473 -264521
1558731642473 -264520
1558731642473 -264517
1558731642473 -264515
1558731642473 -264514
1558731642473 -264512
1558731642473 -264511
1558731642473 -264509
1558731642473 -264509
1558731642473 -264507
1558731642473 -264505
1558731642473 -264438
1558731642473 -378397
1558731642473 -378397
1558731642473 -378396
1558731642473 -378395
1558731642473 -378394
1558731642473 -378393
1558731642473 -378390
1558731642473 -378389
1558731642473 -378389
1558731642473 -378389
1558731642473 -378389
1558731642473 -378389
1558731642473 -378388
1558731642473 -378388
1558731642473 -378388
1558731642473 -378387
1558731642473 -378386
1558731642473 -196425
1558731642473 -196425
1558731642473 -196422
1558731642473 -196418
1558731642473 -196417
1558731642473 -196415
1558731642473 -196414
1558731642473 -196414
1558731642473 -196413
1558731642473 -196412
1558731642473 -196412
1558731642473 -196412
1558731642473 -196409
1558731642473 -196409
1558731642473 -196409
1558731642473 -196408
1558731642473 -196408
1558731642473 -196406
1558731642473 -196405
1558731642473 -196404
1558731642473 -196401
1558731642473 -196400
1558731642473 -196399
1558731642473 -196398
1558731642473 -196397
1558731642473 -196397
1558731642473 -196396
1558731642473 -196394
1558731642473 -196394
1558731642473 -196392
1558731642473 -196390
1558731642473 -196390
1558731642473 -196389
1558731642473 -196389
1558731642473 -196387
1558731642473 -196387
1558731642473 -196386
1558731642473 -196386
1558731642473 -196385
1558731642473 -196384
1558731642473 -196383
1558731642473 -196381
1558731642473 -196380
1558731642473 -196378
1558731642473 -196378
1558731642473 -196376
1558731642473 -196375
1558731642473 -196375
1558731642473 -196371
1558731642473 -196371
1558731642473 -196369
1558731642473 -196369
1558731642473 -196368
1558731642473 -196367
1558731642473 -196366
1558731642473 -196365
1558731642473 -196365
1558731642473 -196364
1558731642473 -196361
1558731642473 -196360
1558731642473 -196359
1558731642473 -196356
1558731642473 -196355
1558731642473 -196354
1558731642473 -196353
1558731642473 -196352
1558731642473 -196352
1558731642473 -196351
1558731642473 -196351
1558731642473 -196348
1558731642473 -196347
1558731642473 -196344
1558731642473 -196344
1558731642473 -196344
1558731642473 -196344
1558731642473 -196343
1558731642473 -196342
1558731642473 -196341
1558731642473 -196341
1558731642473 -196340
1558731642473 -196338
1558731642473 -196337
1558731642473 -196337
1558731642473 -196334
1558731642473 -196334
