1558731641112 -417027
1558731641112 -417026
1558731641113 -417027
1558731641113 -416995
1558731641113 -416995
1558731641113 -416995
1558731641113 -416995
1558731641113 -416994
1558731641113 -416994
1558731641113 -416994
1558731641113 -416994
1558731641113 -415194
1558731641113 -415194
1558731641113 -415002
1558731641113 -415002
1558731641113 -415002
1558731641113 -414999
1558731641113 -414999
1558731641113 -414998
1558731641113 -414996
1558731641113 -413744
1558731641113 -413744
1558731641113 -413744
1558731641113 -413608
1558731641113 -413608
1558731641113 -413606
1558731641113 -413606
1558731641113 -413605
1558731641113 -412469
1558731641113 -412469
1558731641113 -412469
1558731641113 -412469
1558731641113 -412469
1558731641113 -412469
1558731641113 -412354
1558731641113 -412354
1558731641113 -412354
1558731641113 -412353
1558731641113 -412353
1558731641113 -412353
1558731641113 -412351
1558731641213 -415261
1558731641213 -415260
1558731641213 -415257
1558731641213 -415257
1558731641213 -415257
1558731641213 -415125
1558731641213 -415125
1558731641213 -415124
1558731641213 -415124
1558731641213 -415123
1558731641213 -415123
1558731641213 -413809
1558731641213 -413809
1558731641213 -413807
1558731641213 -413727
1558731641213 -413727
1558731641213 -413727
1558731641213 -412548
1558731641213 -412548
1558731641213 -412548
1558731641213 -412548
1558731641213 -412548
1558731641213 -412548
1558731641213 -412547
1558731641213 -412547
1558731641213 -412474
1558731641213 -412469
1558731641213 -412469
1558731641213 -412468
1558731641213 -412467
1558731641213 -412467
1558731641213 -411614
1558731641213 -411614
1558731641213 -411613
1558731641213 -411612
1558731641213 -412451
1558731641213 -411632
1558731641213 -411630
1558731641213 -411629
1558731641213 -411629
1558731641213 -411629
1558731641213 -411562
1558731641213 -411562
1558731641213 -411560
1558731641213 -411560
1558731641213 -411555
1558731641213 -411555
1558731641213 -411553
1558731641213 -411273
1558731641213 -411272
1558731641213 -411272
1558731641213 -411272
1558731641213 -411271
1558731641213 -411271
1558731641213 -411271
1558731641213 -411271
1558731641213 -411120
1558731641213 -411120
1558731641213 -411120
1558731641213 -411119
1558731641213 -411118
1558731641213 -411116
1558731641213 -411116
1558731641213 -411116
1558731641213 -411116
1558731641213 -411080
1558731641213 -411069
1558731641213 -411068
1558731641213 -411063
1558731641213 -411063
1558731641213 -411063
1558731641213 -411062
1558731641213 -411062
1558731641213 -411062
1558731641213 -411062
1558731641213 -411039
1558731641213 -411039
1558731641213 -411039
1558731641213 -411039
1558731641213 -411039
1558731641213 -411039
1558731641213 -411039
1558731641213 -411039
1558731641213 -411039
1558731641213 -411038
1558731641213 -411038
1558731641213 -411038
1558731641213 -411038
1558731641213 -411038
1558731641213 -411037
1558731641213 -411037
1558731641213 -411036
1558731641213 -411027
1558731641213 -411027
1558731641213 -411026
1558731641213 -411020
1558731641213 -411020
1558731641213 -411020
1558731641213 -411002
1558731641213 -411002
1558731641213 -410992
1558731641213 -410935
1558731641213 -410922
1558731641213 -410921
1558731641213 -410914
1558731641213 -410914
1558731641213 -410912
1558731641213 -410888
1558731641213 -410882
1558731641213 -410868
1558731641213 -410867
1558731641213 -410867
1558731641213 -410865
1558731641213 -410865
1558731641213 -410858
1558731641213 -410842
1558731641213 -410734
1558731641213 -410718
1558731641213 -410716
1558731641213 -410700
1558731641213 -410700
1558731641213 -410697
1558731641213 -410693
1558731641213 -410691
1558731641213 -410690
1558731641213 -410690
1558731641213 -410688
1558731641213 -410685
1558731641213 -410676
1558731641213 -410674
1558731641213 -410673
1558731641213 -410671
1558731641213 -410660
1558731641213 -410659
1558731641213 -410638
1558731641213 -410633
1558731641213 -410631
1558731641213 -410622
1558731641213 -410559
1558731641213 -410559
1558731641213 -410559
1558731641213 -410557
1558731641213 -410549
1558731641213 -410462
1558731641213 -410451
1558731641213 -410451
1558731641213 -410451
1558731641213 -410451
1558731641213 -410447
1558731641213 -410447
1558731641213 -410439
1558731641213 -410434
1558731641213 -410424
1558731641213 -410422
1558731641213 -410414
1558731641213 -410412
1558731641213 -410403
1558731641213 -410396
1558731641365 -410541
1558731641366 -410522
1558731641366 -410521
1558731641366 -410520
1558731641366 -410519
1558731641366 -410512
1558731641366 -410512
1558731641366 -410511
1558731641366 -410511
1558731641366 -410501
1558731641366 -410492
1558731641366 -410488
1558731641366 -410486
1558731641366 -410457
1558731641366 -410456
1558731641366 -410442
1558731641366 -410438
1558731641366 -410432
1558731641366 -410403
1558731641366 -410397
1558731641366 -410397
1558731641366 -410380
1558731641366 -410376
1558731641366 -410375
1558731641366 -410374
1558731641366 -410368
1558731641366 -410361
1558731641366 -410358
1558731641366 -410355
1558731641366 -410351
1558731641366 -410339
1558731641366 -410332
1558731641366 -410321
1558731641366 -410321
1558731641366 -410318
1558731641366 -410314
1558731641366 -410296
1558731641366 -410296
1558731641366 -410285
1558731641366 -410279
1558731641366 -410276
1558731641366 -410276
1558731641366 -410267
1558731641366 -410261
1558731641366 -410254
1558731641366 -410244
1558731641366 -410238
1558731641366 -410228
1558731641366 -410210
1558731641366 -410203
1558731641366 -410198
1558731641366 -410198
1558731641366 -410191
1558731641366 -410188
1558731641366 -410187
1558731641366 -410186
1558731641366 -410185
1558731641366 -410184
1558731641366 -410182
1558731641366 -410178
1558731641366 -410177
1558731641366 -410167
1558731641366 -410159
1558731641366 -410149
1558731641366 -410146
1558731641366 -410136
1558731641366 -410134
1558731641366 -410134
1558731641366 -410126
1558731641366 -410125
1558731641366 -410123
1558731641366 -410075
1558731641366 -410074
1558731641366 -410074
1558731641366 -410072
1558731641366 -410071
1558731641366 -410063
1558731641366 -410062
1558731641366 -406019
1558731641366 -406018
1558731641366 -406018
1558731641366 -406018
1558731641366 -406018
1558731641366 -374098
1558731641367 -374098
1558731641367 -374098
1558731641367 -374096
1558731641367 -374095
1558731641367 -374093
1558731641367 -374093
1558731641367 -374092
1558731641367 -374092
1558731641367 -374086
1558731641367 -374084
1558731641561 -411919
1558731641561 -411612
1558731641561 -411612
1558731641561 -411611
1558731641561 -411611
1558731641561 -396986
1558731641561 -396986
1558731641561 -396986
1558731641561 -396986
1558731641561 -396985
1558731641561 -396985
1558731641561 -396984
1558731641561 -396983
1558731641561 -396982
1558731641561 -396981
1558731641561 -396980
1558731641561 -396970
1558731641561 -396970
1558731641561 -396967
1558731641561 -396966
1558731641561 -396962
1558731641561 -396960
1558731641561 -396959
1558731641561 -396959
1558731641561 -396959
1558731641561 -396957
1558731641561 -396955
1558731641561 -396895
1558731641561 -396894
1558731641561 -396893
1558731641561 -396892
1558731641561 -396892
1558731641561 -396891
1558731641561 -396891
1558731641561 -396891
1558731641561 -396888
1558731641561 -396885
1558731641561 -396814
1558731641561 -396814
1558731641561 -396813
1558731641561 -396810
1558731641561 -396810
1558731641561 -396798
1558731641561 -396792
1558731641561 -396785
1558731641561 -396783
1558731641561 -396779
1558731641561 -396778
1558731641561 -396773
1558731641561 -396771
1558731641561 -396763
1558731641638 -396840
1558731641638 -396838
1558731641638 -396760
1558731641638 -396760
1558731641638 -396760
1558731641638 -396759
1558731641638 -396758
1558731641638 -396757
1558731641638 -396757
1558731641638 -396757
1558731641638 -396757
1558731641638 -396756
1558731641638 -396756
1558731641638 -396755
1558731641638 -396753
1558731641638 -396741
1558731641638 -396736
1558731641638 -396725
1558731641638 -396720
1558731641638 -396716
1558731641638 -396716
1558731641638 -396714
1558731641638 -396665
1558731641638 -396664
1558731641638 -396661
1558731641638 -396646
1558731641638 -396642
1558731641638 -396639
1558731641638 -396639
1558731641638 -396635
1558731641638 -338493
1558731642490 -339313
1558731642490 -339313
1558731642490 -339313
1558731642490 -339312
1558731642490 -339312
1558731642490 -339312
1558731642490 -339312
1558731642490 -339311
1558731642490 -339036
1558731642490 -339036
1558731642490 -306764
1558731642490 -306764
1558731642490 -306760
1558731642490 -306758
1558731642490 -306753
1558731642490 -306750
1558731642490 -306748
1558731642490 -306747
1558731642490 -306742
1558731642490 -306735
1558731642490 -306731
1558731642490 -306729
1558731642490 -306728
1558731642490 -306725
1558731642490 -306715
1558731642490 -306712
1558731642490 -306711
1558731642490 -306710
1558731642490 -306707
1558731642490 -306707
1558731642490 -306704
1558731642490 -306703
1558731642490 -306701
1558731642490 -306700
1558731642490 -306699
1558731642490 -306698
1558731642490 -306698
1558731642490 -306697
1558731642490 -306695
1558731642490 -306695
1558731642490 -306693
1558731642490 -306692
1558731642490 -306692
1558731642490 -306690
1558731642490 -306687
1558731642490 -306684
1558731642490 -306683
1558731642490 -306682
1558731642490 -306681
1558731642490 -306681
1558731642490 -306676
1558731642490 -306674
1558731642490 -306670
1558731642490 -306668
1558731642490 -306667
1558731642490 -306665
1558731642490 -306665
1558731642490 -306664
1558731642490 -306664
1558731642490 -306663
1558731642490 -306663
1558731642490 -306662
1558731642490 -306658
1558731642490 -306653
1558731642490 -306653
1558731642490 -306642
1558731642490 -306642
1558731642490 -306637
1558731642490 -306636
1558731642490 -306635
1558731642490 -306625
1558731642490 -306625
1558731642490 -306622
1558731642490 -306621
1558731642490 -306618
1558731642490 -306617
1558731642490 -306616
1558731642490 -306615
1558731642490 -306523
1558731642490 -306523
1558731642490 -306523
1558731642490 -306522
1558731642490 -306521
1558731642490 -306520
1558731642490 -306520
1558731642490 -306520
1558731642490 -306519
1558731642490 -306518
1558731642490 -306517
1558731642490 -306512
1558731642490 -306512
1558731642490 -306509
1558731642490 -306508
1558731642490 -306507
1558731642490 -306506
1558731642490 -306505
1558731642490 -306503
1558731642490 -306500
1558731642490 -306500
1558731642490 -306500
1558731642490 -306499
1558731642490 -306435
1558731642490 -306433
1558731642490 -306428
1558731642490 -306427
1558731642490 -306427
1558731642490 -306423
1558731642490 -306421
1558731642490 -306421
1558731642490 -306419
1558731642490 -306419
1558731642490 -306418
1558731642490 -306409
1558731642490 -306408
1558731642490 -306336
1558731642490 -306335
1558731642490 -306333
1558731642490 -306331
1558731642490 -306329
1558731642490 -306327
1558731642490 -306326
1558731642490 -306325
1558731642490 -306322
1558731642490 -306320
1558731642490 -306317
1558731642490 -306317
1558731642490 -306260
1558731642490 -306257
1558731642490 -306256
1558731642490 -306256
1558731642490 -306255
1558731642490 -306254
