1558731548560 -1520379
1558731548560 -1520379
1558731548561 -1520380
1558731548561 -1520380
1558731548561 -1520380
1558731548561 -1520188
1558731548561 -1497306
1558731548561 -1497305
1558731548561 -1497304
1558731548561 -1497303
1558731548561 -1497303
1558731548561 -1497303
1558731548561 -1497301
1558731548561 -1497292
1558731548561 -1497287
1558731548561 -1497286
1558731548561 -1497284
1558731548561 -1497283
1558731548561 -1497282
1558731548561 -1497266
1558731548561 -1497264
1558731548561 -1497264
1558731548561 -1497258
1558731548561 -1497257
1558731548561 -1497253
1558731548561 -1497252
1558731548561 -1497249
1558731548561 -1497249
1558731548561 -1497243
1558731548561 -1497240
1558731548561 -1497240
1558731548561 -1497239
1558731548561 -1497237
1558731548561 -1497237
1558731548561 -1497237
1558731548561 -1497236
1558731548561 -1497235
1558731548561 -1497233
1558731548561 -1497233
1558731548561 -1497232
1558731548561 -1497226
1558731548561 -1497222
1558731548561 -1497218
1558731548561 -1497217
1558731548561 -1497215
1558731548561 -1497206
1558731548561 -1497205
1558731548561 -1497203
1558731548561 -1497193
1558731548561 -1497190
1558731548561 -1497187
1558731548561 -1497186
1558731548561 -1497181
1558731548561 -1497179
1558731548561 -1497177
1558731548561 -1497173
1558731548561 -1497173
1558731548561 -1497172
1558731548561 -1497169
1558731548561 -1497169
1558731548561 -1497168
1558731548561 -1497164
1558731548561 -1497163
1558731548561 -1497163
1558731548561 -1497162
1558731548561 -1497161
1558731548561 -1497161
1558731548561 -1497158
1558731548561 -1497154
1558731548561 -1497154
1558731548561 -1497153
1558731548561 -1497151
1558731548561 -1497150
1558731548561 -1497055
1558731548561 -1497054
1558731548561 -1497053
1558731548561 -1497052
1558731548561 -1497051
1558731548561 -1497051
1558731548561 -1497051
1558731548561 -1497045
1558731548561 -1497044
1558731548561 -1497043
1558731548561 -1497034
1558731548561 -1497034
1558731548561 -1497033
1558731548561 -1497031
1558731548561 -1497029
1558731548561 -1497028
1558731548561 -1497027
1558731548561 -1497027
1558731548561 -1497026
1558731548561 -1496968
1558731548561 -1496967
1558731548561 -1496966
1558731548561 -1496965
1558731548561 -1496965
1558731548561 -1496963
1558731548561 -1496961
1558731548561 -1496956
1558731548561 -1496952
1558731548561 -1496949
1558731548561 -1496948
1558731548561 -1496947
1558731548561 -1496946
1558731548561 -1496879
1558731548561 -1496879
1558731548561 -1496877
1558731548561 -1496875
1558731548561 -1496874
1558731548561 -1496862
1558731548561 -1496861
1558731548561 -1496861
1558731548561 -1496859
1558731548561 -1496858
1558731548561 -1496857
1558731548561 -1496857
1558731548561 -1496856
1558731548561 -1496856
1558731548561 -1496852
1558731548561 -1496851
1558731548561 -1496851
1558731548561 -1496842
1558731548561 -1496837
1558731548561 -1496834
1558731548561 -1496791
1558731548561 -1496788
1558731548561 -1496783
1558731548561 -1496783
1558731548561 -1496747
1558731548561 -1496746
1558731548561 -1496746
1558731548561 -1496746
1558731548561 -1496744
1558731548561 -1496741
1558731548561 -1496736
1558731548561 -1496735
1558731548561 -1496735
1558731548561 -1496733
1558731548561 -1496733
1558731548561 -1496730
1558731548561 -1496728
1558731548561 -1496727
1558731548561 -1496725
1558731548561 -1496725
1558731548561 -1496715
1558731548561 -1496713
1558731548561 -1496712
1558731548561 -1496711
1558731548561 -1496711
1558731548561 -1496659
1558731548561 -1496659
1558731548561 -1496658
1558731548561 -1496658
1558731548561 -1496657
1558731548561 -1496657
1558731548561 -1496657
1558731548561 -1496655
1558731548561 -1496651
1558731548561 -1496648
1558731548561 -1496646
1558731548561 -1496643
1558731548561 -1496640
1558731548561 -1496628
1558731548561 -1496627
1558731548561 -1496572
1558731548561 -1496572
1558731548561 -1496571
1558731548561 -1496571
1558731548561 -1496571
1558731548561 -1496570
1558731548561 -1496570
1558731548561 -1496569
1558731548561 -1496567
1558731548561 -1496567
1558731548783 -1496782
1558731548964 -1496959
1558731548964 -1496957
1558731548964 -1496957
1558731548964 -1496956
1558731548964 -1496947
1558731548964 -1496947
1558731548964 -1496946
1558731548964 -1496943
1558731548964 -1496939
1558731548964 -1496938
1558731548964 -1496934
1558731548964 -1496928
1558731548964 -1496928
1558731548964 -1496927
1558731548964 -1496927
1558731548964 -1496924
1558731548964 -1496921
1558731548964 -1496916
1558731548964 -1496915
1558731548964 -1496914
1558731548964 -1496912
1558731548964 -1496911
1558731642252 -1602099
1558731642252 -1602094
1558731642252 -1602094
1558731642252 -1602090
1558731642252 -1385341
1558731642252 -1385341
1558731642252 -1385337
1558731642252 -1385333
1558731642252 -1385331
1558731642252 -1385316
1558731642253 -1385313
1558731642253 -1385312
1558731642253 -1385311
1558731642253 -1385308
1558731642253 -1385307
1558731642253 -1385307
1558731642253 -1385306
1558731642253 -1385306
1558731642253 -1385306
1558731642253 -1385304
1558731642253 -1385301
1558731642253 -1385300
1558731642253 -1385299
1558731642253 -1385297
1558731642253 -1385295
1558731642253 -1385294
1558731642253 -1385293
1558731642253 -1385292
1558731642253 -1385291
1558731642253 -1385285
1558731642253 -1385282
1558731642253 -1385280
1558731642253 -1385279
1558731642253 -1385276
1558731642253 -1385273
1558731642253 -1385269
1558731642253 -1385269
1558731642253 -1385268
1558731642253 -1385267
1558731642253 -1385267
1558731642253 -1385263
1558731642253 -1385262
1558731642253 -1385255
1558731642253 -1385253
1558731642253 -1385246
1558731642253 -1385242
1558731642253 -1385240
1558731642253 -1385235
1558731642253 -1385233
1558731642253 -1385231
1558731642253 -1385230
1558731642253 -1385229
1558731642253 -1385227
1558731642253 -1385227
1558731642253 -1385226
1558731642253 -1385226
1558731642253 -1385225
1558731642253 -1385222
1558731642253 -1385222
1558731642253 -1385221
1558731642253 -1385220
1558731642253 -1385216
1558731642253 -1385216
1558731642253 -1385216
1558731642253 -1385215
1558731645833 -883311
1558731645833 -883311
1558731645833 -883310
1558731645833 -883012
1558731645833 -883012
1558731645833 -883012
1558731645833 -883012
1558731645833 -883012
1558731645833 -883012
1558731645833 -883011
1558731645833 -883011
1558731645833 -883011
1558731645833 -883011
1558731645833 -880938
1558731645833 -880936
1558731645833 -880918
1558731645833 -880918
1558731645833 -880918
1558731645833 -880693
1558731645833 -880693
1558731645833 -880693
1558731645833 -880693
1558731645833 -880693
1558731645833 -880693
1558731645833 -880693
1558731645833 -880693
1558731645833 -878701
1558731645833 -878701
1558731645833 -883695
1558731645833 -883695
1558731645833 -882651
1558731645833 -882649
1558731645833 -882648
1558731645833 -882647
1558731645833 -882646
1558731645833 -881248
1558731645833 -881248
1558731645833 -881248
1558731645833 -881248
1558731645833 -881248
1558731645833 -881248
1558731645833 -881248
1558731645833 -881248
1558731645833 -881247
1558731645833 -881247
1558731645833 -881247
1558731645833 -880370
1558731645833 -880368
1558731645833 -880368
1558731645833 -880367
1558731645833 -880367
1558731645833 -880366
1558731645833 -880366
1558731645833 -880366
1558731645833 -879034
1558731645833 -879034
1558731645833 -879033
1558731645833 -879033
1558731645833 -879033
1558731645833 -878219
1558731645833 -878219
1558731645833 -878219
1558731645833 -878218
1558731645833 -878218
1558731645833 -878218
1558731645833 -877326
1558731645833 -877326
1558731645833 -877324
1558731645833 -877324
1558731645833 -877323
