1558731303477 -807104
1558731303477 -807104
1558731303477 -807103
1558731303477 -807103
1558731303612 -806359
1558731303612 -806359
1558731303612 -806358
1558731303612 -806358
1558731303612 -806358
1558731303612 -806358
1558731303612 -806357
1558731303804 -805856
1558731303804 -805855
1558731303804 -804351
1558731303804 -804351
1558731303804 -804351
1558731303804 -804351
1558731303804 -804350
1558731303804 -804350
1558731303804 -804350
1558731303804 -804349
1558731303804 -803871
1558731303804 -803871
1558731303804 -803871
1558731303804 -803871
1558731303804 -803870
1558731303804 -803870
1558731303804 -802998
1558731303804 -802998
1558731303804 -802998
1558731303804 -802998
1558731303804 -802998
1558731303804 -802998
1558731303804 -802998
1558731303804 -802997
1558731303805 -802680
1558731303805 -802680
1558731303805 -802680
1558731303805 -802679
1558731303805 -802679
1558731303805 -802677
1558731303805 -802677
1558731303805 -802677
1558731303805 -801849
1558731303805 -801849
1558731303805 -801849
1558731303805 -801849
1558731303805 -801848
1558731303805 -801848
1558731303805 -801848
1558731303805 -801630
1558731303805 -801630
1558731303805 -801630
1558731303805 -801630
1558731548865 -1049989
1558731548865 -1049988
1558731548865 -1049988
1558731548865 -1049988
1558731548865 -1049988
1558731548865 -1049985
1558731548865 -1049985
1558731548865 -1049985
1558731548865 -1049947
1558731548865 -1048514
1558731548865 -1048514
1558731548865 -1048512
1558731548865 -1048512
1558731548865 -1048512
1558731548865 -1048511
1558731548865 -1048511
1558731548865 -1048510
1558731548865 -1048473
1558731548865 -1048473
1558731548865 -1048472
1558731548865 -1048472
1558731548865 -1048469
1558731548865 -1048468
1558731548865 -1048468
1558731548865 -1048468
1558731548865 -1048468
1558731548865 -1048468
1558731548865 -1047307
1558731548865 -1047306
1558731548865 -1047306
1558731548865 -1047306
1558731548865 -1047306
1558731548865 -1047306
1558731548865 -1047306
1558731548865 -1047305
1558731548865 -1047305
1558731548865 -1047305
1558731548865 -1047279
1558731548865 -1047279
1558731548865 -1047278
1558731548865 -1047278
1558731548865 -1047278
1558731548865 -1047278
1558731548865 -1047278
1558731548865 -1046389
1558731548865 -1046388
1558731548865 -1046388
1558731548865 -1046387
1558731548865 -1045932
1558731548865 -1045932
1558731548865 -1045932
1558731548865 -1045932
1558731548865 -1045931
1558731640560 -1138385
1558731640560 -1137881
1558731640560 -1137881
1558731640560 -1137880
1558731640560 -1137880
1558731640560 -1137880
1558731640560 -1137880
1558731640560 -1137880
1558731640560 -1135167
1558731640560 -1135167
1558731640560 -1135166
1558731640560 -1135165
1558731640560 -1135162
1558731640560 -1135162
1558731640560 -1135150
1558731640560 -1135145
1558731640560 -1135145
1558731640560 -1135143
1558731640560 -1135138
1558731640560 -1135122
1558731640560 -1135116
1558731640560 -1135113
1558731640560 -1135113
1558731640560 -1135111
1558731640560 -1135110
1558731640560 -1135107
1558731640560 -1135102
1558731640560 -1135099
1558731640560 -1135092
1558731640560 -1135092
1558731640560 -1135079
1558731640560 -1135074
1558731640560 -1135070
1558731640560 -1135059
1558731640560 -1135059
1558731640560 -1135052
1558731640560 -1135051
1558731640560 -1135044
1558731640560 -1135025
1558731640560 -1135021
1558731640560 -1135021
1558731640560 -1135020
1558731640560 -1135016
1558731640560 -1135014
1558731640560 -1135006
1558731640560 -1135003
1558731640560 -1135003
1558731640560 -1135002
1558731640560 -1134998
1558731640560 -1134996
1558731640560 -1134991
1558731640560 -1134991
1558731640560 -1134988
1558731640560 -1134986
1558731640560 -1134952
1558731640560 -1134952
1558731640560 -1134952
1558731640560 -1134951
1558731640560 -1134951
1558731640560 -1134951
1558731640560 -1134951
1558731640560 -1134945
1558731640560 -1134944
1558731640560 -1134943
1558731640560 -1134943
1558731640560 -1134938
1558731640560 -1134928
1558731640560 -1134918
1558731640560 -1134917
1558731640560 -1134911
1558731640560 -1134909
1558731640560 -1134909
1558731640560 -1134902
1558731643257 -1140323
1558731643257 -1140311
1558731643257 -1140309
1558731643257 -1140309
1558731643257 -1139999
1558731643257 -1139999
1558731643257 -1139999
1558731643257 -1139999
1558731643257 -1139999
1558731643257 -1116726
1558731643257 -1116724
1558731643257 -1116723
1558731643257 -1116721
1558731643257 -1116719
1558731643257 -1116719
1558731643257 -1116697
1558731643257 -1116695
1558731643257 -1116692
1558731643257 -1116689
1558731643257 -1116680
1558731643257 -1116678
1558731643257 -1116675
1558731643257 -1116675
1558731643257 -1116673
1558731643257 -1116654
1558731643257 -1116601
1558731643257 -1116598
1558731643257 -1116598
1558731643257 -1116598
1558731643257 -1116597
1558731643257 -1116595
1558731643257 -1116594
1558731643257 -1116590
1558731643257 -1116589
1558731643257 -1116587
1558731643257 -1116586
1558731643257 -1116585
1558731643257 -1116584
1558731643257 -1116522
1558731643257 -1116521
1558731643257 -1116518
1558731643257 -1116516
1558731643257 -1116512
1558731643257 -1116510
1558731643257 -1116508
1558731643257 -1116508
1558731643257 -1116508
1558731643257 -1116507
1558731643257 -1116507
1558731643257 -1116503
1558731643257 -1116502
1558731643257 -1116501
1558731643257 -1116499
1558731643257 -1116499
1558731643257 -1116491
1558731643257 -1116490
1558731643257 -1116489
1558731643257 -1116487
1558731643257 -1115876
1558731643257 -1115876
1558731643257 -1115876
1558731643257 -1115876
1558731643257 -1115876
1558731643257 -1115876
1558731643257 -1115876
1558731643257 -1115875
1558731643257 -1115792
1558731643257 -1115792
1558731643257 -1115792
1558731643257 -1115787
1558731643257 -1115787
1558731643257 -1115787
1558731643257 -1115787
1558731643257 -1115786
1558731643257 -1115786
1558731643257 -1115786
1558731643257 -1115774
1558731643257 -1115773
1558731643257 -1115773
1558731643257 -1115772
1558731643257 -1115758
1558731643257 -1115755
1558731643257 -1115755
1558731643257 -1115750
1558731643257 -1115740
1558731643257 -1115739
1558731643257 -1115739
1558731643257 -1115739
1558731643257 -1115735
1558731643257 -1115734
1558731643257 -1115732
1558731643257 -1115727
1558731643257 -1115727
1558731643257 -1115727
1558731643257 -1115727
1558731643257 -1115720
1558731643257 -1115720
1558731643257 -1115719
1558731643257 -1115718
1558731643257 -1115716
1558731643257 -1115715
1558731644549 -1138870
1558731644549 -1138870
1558731644549 -1138866
1558731644549 -1138865
1558731644549 -1138860
1558731644549 -1117171
1558731644549 -1117171
1558731644549 -1117171
1558731644549 -1117170
1558731644549 -1117170
1558731644549 -1117170
1558731644549 -1102136
1558731644549 -1102135
1558731644549 -1102134
1558731644549 -1102133
1558731644549 -1102130
1558731644549 -1102129
1558731644549 -1102128
1558731644549 -1102127
1558731644549 -1102127
1558731644549 -1102123
1558731644549 -1102122
1558731644549 -1102112
1558731644549 -1102110
1558731644549 -1102108
1558731644549 -1102104
1558731644549 -1102099
1558731644549 -1102096
1558731644549 -1102080
1558731644549 -1102080
1558731644549 -1102080
1558731644549 -1102080
1558731644549 -1102080
1558731644549 -1102080
1558731644549 -1102079
1558731644549 -1102079
1558731644549 -1102078
1558731644549 -1102076
1558731644549 -1102075
1558731644549 -1102075
1558731644549 -1102075
1558731644549 -1102071
1558731644549 -1102071
1558731644549 -1102070
1558731644549 -1102067
1558731644549 -1102066
1558731644549 -1102064
1558731644549 -1102064
1558731644549 -1102060
1558731644549 -1102059
1558731644549 -1102055
1558731644549 -1102047
1558731644549 -1102046
1558731644549 -1102046
1558731644549 -1102040
1558731644549 -1102039
1558731644549 -1102038
1558731644549 -1102036
1558731644549 -1102036
1558731644549 -1102029
1558731644549 -1102027
1558731644549 -1102026
1558731644549 -1102026
1558731644549 -1102025
1558731644549 -1102025
1558731644549 -1102024
1558731644549 -1102024
1558731644549 -1102023
1558731644549 -1102022
1558731644549 -1102021
1558731644549 -1102021
1558731644549 -1102020
1558731644549 -1102020
1558731644549 -1102019
1558731644549 -1102018
1558731644549 -1102015
1558731644549 -1102010
1558731644549 -1102008
1558731644549 -1102005
1558731644549 -1102004
1558731644549 -1101998
1558731644549 -1101996
1558731644549 -1101993
1558731644549 -1101992
1558731644549 -1101990
1558731644549 -1101989
1558731644549 -1101985
1558731644549 -1101981
1558731644724 -1102155
1558731644724 -1102154
1558731644724 -1102098
1558731644724 -1102095
1558731644724 -1102095
1558731644724 -1102087
1558731644724 -1102087
1558731644724 -1102087
1558731644724 -1102085
1558731644724 -1102083
1558731644724 -1102082
1558731644724 -1102081
1558731644724 -1102080
1558731644724 -1102076
1558731644724 -1102076
1558731644724 -1102071
1558731644724 -1102065
1558731644724 -1102064
1558731644724 -1102064
1558731644724 -1102064
1558731644724 -1102063
1558731644724 -1102062
1558731644724 -1102062
1558731644724 -1101966
1558731644724 -1101964
1558731644724 -1101963
1558731644724 -1101961
1558731644724 -1101961
1558731644724 -1101958
1558731644724 -1101957
1558731644724 -1101954
1558731644724 -1101953
1558731644724 -1101952
1558731644724 -1101952
1558731644724 -1101951
1558731644724 -1101947
1558731644724 -1101946
1558731644724 -1101945
1558731644724 -1101943
1558731644724 -1101941
1558731644724 -1101935
1558731644724 -1101935
1558731644724 -1101935
1558731644724 -1101932
1558731644724 -1101932
1558731644725 -1101932
1558731644725 -1101931
1558731644725 -1101931
1558731644725 -1101879
1558731644725 -1101873
1558731644725 -1101870
1558731644725 -1101869
1558731644725 -1101863
1558731644725 -1101860
1558731644725 -1101860
1558731644725 -1101859
1558731644725 -1101853
1558731645221 -1117678
1558731645221 -1117678
1558731645221 -1117678
1558731645221 -1117678
1558731645221 -1117677
1558731645221 -1117674
1558731645221 -1014744
1558731645221 -1014743
1558731645221 -1014742
1558731645221 -1014742
1558731645221 -1014742
1558731645221 -1014740
1558731645221 -1014739
1558731645221 -1014739
1558731645221 -1014733
1558731645221 -1014731
1558731645221 -1014730
1558731645221 -1014729
1558731645221 -1014725
1558731645221 -1014724
1558731645221 -1014716
1558731645221 -1014715
1558731645221 -1014712
1558731645221 -1014712
1558731645221 -1014710
1558731645221 -1014709
1558731645221 -1014701
1558731645221 -1014701
1558731645221 -1014701
1558731645221 -1014698
1558731645221 -1014695
1558731645221 -1014693
1558731645221 -1014691
1558731645221 -1014690
1558731645221 -1014687
1558731645221 -1014686
1558731645221 -1014685
1558731645221 -1014684
1558731645221 -1014683
1558731645221 -1014679
1558731645221 -1014677
1558731645221 -1014676
1558731645221 -1014675
1558731645221 -1014671
1558731645221 -1014669
1558731645221 -1014669
1558731645221 -1014667
1558731645221 -1014666
1558731645221 -1014665
1558731645221 -1014663
1558731645221 -1014661
1558731645221 -1014660
1558731645221 -1014646
1558731645221 -1014575
1558731645221 -1014569
1558731645221 -1014566
1558731645221 -1014560
1558731645221 -1014560
1558731645221 -1014493
1558731645221 -1014488
1558731645221 -1014488
1558731645221 -1014483
1558731645221 -1014483
1558731645221 -1014479
1558731645221 -1014479
1558731645221 -1014479
1558731645221 -1014474
1558731645221 -1014471
1558731645221 -1014470
1558731645221 -1014467
1558731645221 -1014465
1558731645221 -1014405
1558731645221 -1014404
1558731645221 -1014404
1558731645221 -1014400
1558731645221 -1014399
1558731645221 -1014398
1558731645221 -1014395
1558731645221 -1014395
1558731645221 -1014394
1558731645221 -1014393
1558731645221 -1014388
1558731645221 -1014387
1558731645221 -1014387
1558731645221 -1014385
1558731646361 -884368
1558731646361 -884368
1558731646361 -884368
1558731646361 -884366
1558731646361 -884365
1558731646361 -884365
1558731646361 -883040
1558731646361 -883040
1558731646361 -883039
1558731646361 -883039
1558731646361 -883039
1558731646361 -881892
1558731646361 -881888
1558731646361 -880819
1558731646361 -880818
1558731646361 -880818
1558731646361 -880818
1558731646361 -880818
1558731646361 -879664
1558731646361 -879664
1558731646361 -879664
1558731646361 -879664
1558731646361 -879664
1558731646361 -879664
1558731646361 -879663
1558731646361 -879663
1558731646361 -879663
1558731646361 -879663
1558731646361 -878672
1558731646361 -878672
1558731646361 -878671
1558731646361 -878670
1558731646361 -878670
1558731646361 -878669
1558731646361 -878669
1558731646361 -878669
