1558731549054 -1052380
1558731549054 -1052380
1558731549054 -1052380
1558731549054 -1051545
1558731549054 -1051545
1558731549054 -1051545
1558731549054 -1051545
1558731549054 -1051545
1558731549054 -1051545
1558731549054 -1051544
1558731549054 -1051544
1558731549054 -1051544
1558731549054 -1050586
1558731549054 -1050585
1558731549054 -1050585
1558731549054 -1050585
1558731549054 -1050584
1558731549054 -1049889
1558731549054 -1049889
1558731549054 -1049889
1558731549054 -1049889
1558731549054 -1049889
1558731549054 -1049888
1558731549054 -1049888
1558731549054 -1049888
1558731549054 -1048905
1558731549054 -1048905
1558731549054 -1048905
1558731549054 -1048904
1558731549054 -1048904
1558731549054 -1048904
1558731549054 -1048904
1558731549054 -1048465
1558731549054 -1048465
1558731549054 -1048465
1558731549054 -1048465
1558731549054 -1048465
1558731549054 -1048464
1558731549054 -1048464
1558731549069 -1051558
1558731549069 -1051175
1558731549069 -1051175
1558731549069 -1051175
1558731549069 -1051174
1558731549069 -1051174
1558731549069 -1051174
1558731549069 -1051174
1558731549069 -1051174
1558731549069 -1051174
1558731549069 -1051174
1558731549069 -1051174
1558731549069 -1051173
1558731549069 -1049532
1558731549069 -1049531
1558731549069 -1049531
1558731549069 -1049531
1558731549069 -1049286
1558731549069 -1049286
1558731549069 -1049286
1558731549069 -1049286
1558731549069 -1049285
1558731549069 -1048200
1558731549069 -1048199
1558731549069 -1048199
1558731549070 -1048200
1558731549070 -1048200
1558731549070 -1048200
1558731549070 -1048200
1558731549070 -1047985
1558731549070 -1047984
1558731549070 -1047984
1558731549070 -1047984
1558731549070 -1047983
1558731640297 -1138941
1558731640297 -1138940
1558731640297 -1138940
1558731640297 -1138940
1558731640297 -1138936
1558731640297 -1138936
1558731640297 -1138935
1558731640297 -1138935
1558731640297 -1138935
1558731640297 -1138935
1558731640297 -1138935
1558731640297 -1138935
1558731640297 -1138935
1558731640297 -1138935
1558731640297 -1138935
1558731640297 -1138934
1558731640297 -1138934
1558731640297 -1138582
1558731640297 -1138579
1558731640297 -1138579
1558731640297 -1138579
1558731640297 -1137958
1558731640297 -1137958
1558731640297 -1137958
1558731640297 -1137957
1558731640297 -1137957
1558731640297 -1137754
1558731640297 -1137752
1558731640297 -1137752
1558731640297 -1137752
1558731640297 -1137752
1558731640297 -1137752
1558731640297 -1137752
1558731640297 -1137751
1558731640297 -1137406
1558731640297 -1137406
1558731640297 -1137405
1558731642029 -1140026
1558731642029 -1140026
1558731642029 -1140026
1558731642029 -1139896
1558731642029 -1139895
1558731642029 -1139895
1558731642029 -1137395
1558731642029 -1137394
1558731642029 -1137394
1558731642029 -1137394
1558731642029 -1137394
1558731642029 -1137393
1558731642029 -1137392
1558731642029 -1137391
1558731642029 -1137382
1558731642029 -1137369
1558731642029 -1137316
1558731642029 -1137296
1558731642029 -1137292
1558731642029 -1137289
1558731642029 -1137280
1558731642029 -1137252
1558731642029 -1137247
1558731642029 -1137228
1558731642029 -1137223
1558731642029 -1137223
1558731642029 -1137219
1558731642029 -1137199
1558731642029 -1137184
1558731642029 -1137175
1558731642029 -1137142
1558731642029 -1137120
1558731642029 -1137075
1558731642029 -1137069
1558731642029 -1137068
1558731642029 -1137062
1558731643397 -1140183
1558731643397 -1140183
1558731643397 -1140183
1558731643397 -1140183
1558731643397 -1140182
1558731643397 -1140182
1558731643397 -1140182
1558731643397 -1140182
1558731643397 -1140130
1558731643397 -1140129
1558731643397 -1140129
1558731643397 -1140052
1558731643397 -1113804
1558731643397 -1113803
1558731643397 -1113802
1558731643397 -1113796
1558731643397 -1113794
1558731643397 -1113790
1558731643397 -1113789
1558731643397 -1113788
1558731643397 -1113760
1558731643397 -1113760
1558731643397 -1113758
1558731643397 -1113758
1558731643397 -1113757
1558731643397 -1113752
1558731643397 -1113748
1558731643397 -1113747
1558731643397 -1113745
1558731643397 -1113740
1558731643397 -1113738
1558731643397 -1113738
1558731643397 -1113735
1558731643397 -1113733
1558731643397 -1113725
1558731643397 -1113722
1558731643397 -1113720
1558731643397 -1113717
1558731643397 -1113717
1558731643397 -1113714
1558731643397 -1113710
1558731643397 -1113708
1558731643397 -1113703
1558731643397 -1113700
1558731643397 -1113700
1558731643397 -1113628
1558731643397 -1113627
1558731643397 -1113627
1558731643504 -1113734
1558731643504 -1113732
1558731643504 -1113730
1558731643504 -1113730
1558731643504 -1113729
1558731643504 -1113725
1558731643504 -1113719
1558731643504 -1113719
1558731643504 -1113718
1558731643504 -1113717
1558731643504 -1113713
1558731643504 -1113713
1558731643504 -1113712
1558731643504 -1113706
1558731643504 -1113705
1558731643504 -1113705
1558731643504 -1113704
1558731643504 -1113703
1558731643504 -1113699
1558731643504 -1113606
1558731643504 -1113605
1558731643504 -1113603
1558731643504 -1113599
1558731643504 -1113599
1558731643504 -1113595
1558731643504 -1113594
1558731643504 -1113592
1558731643504 -1113587
1558731643504 -1113587
1558731643504 -1113585
1558731643504 -1113585
1558731643504 -1113583
1558731643504 -1113582
1558731643504 -1113573
1558731643504 -1113571
1558731643505 -1113476
1558731643505 -1113476
1558731643505 -1113475
1558731643505 -1113474
1558731643505 -1113474
1558731643505 -1113473
1558731643505 -1113472
1558731643505 -1113471
1558731643505 -1113467
1558731643505 -1113463
1558731643505 -1113458
1558731643505 -1113456
1558731643505 -1113454
1558731643505 -1113453
1558731643505 -1113452
1558731643505 -1113452
1558731643505 -1113430
1558731643505 -1113429
1558731643505 -1113428
1558731643505 -1113427
1558731643505 -1113427
1558731643505 -1113421
1558731643505 -1113418
1558731643505 -1113410
1558731643505 -1113410
1558731643505 -1113410
1558731643505 -1113404
1558731643505 -1113404
1558731643505 -1113400
1558731643505 -1113343
1558731643505 -1113343
1558731643505 -1113342
1558731643505 -1113341
1558731643505 -1113336
1558731643505 -1113335
1558731643505 -1113334
1558731643505 -1113333
1558731643505 -1113331
1558731643505 -1113331
1558731643505 -1113319
1558731643505 -1113317
1558731643505 -1113317
1558731643505 -1113315
1558731643505 -1113310
1558731643505 -1113307
1558731643505 -1113296
1558731643505 -1113294
1558731643505 -1113279
1558731643505 -1113275
1558731643505 -1113270
1558731643505 -1113266
1558731643505 -1113211
1558731643505 -1113210
1558731643505 -1113207
1558731643505 -1113199
1558731643505 -1113196
1558731643505 -1113185
1558731643505 -1113183
1558731643505 -1113182
1558731643505 -1113178
1558731643505 -1113172
1558731643505 -1113172
1558731643505 -1113170
1558731643505 -1113169
1558731643505 -1113168
1558731643505 -1113162
1558731643505 -1113159
1558731643505 -1113158
1558731643505 -1113156
1558731643505 -1113135
1558731643505 -1113133
1558731643505 -1113133
1558731643505 -1113133
1558731643505 -1113131
1558731643505 -1113131
1558731643505 -1113130
1558731643505 -1113130
1558731643505 -1113128
1558731643505 -1113121
1558731643505 -1113121
1558731643505 -1113118
1558731643505 -1113118
1558731643505 -1113117
1558731643505 -1113115
1558731643505 -1113101
1558731643505 -1113100
1558731643505 -1113100
1558731643505 -1113099
1558731643505 -1113097
1558731643505 -1113096
1558731643505 -1113093
1558731643505 -1113089
1558731643505 -1113032
1558731643505 -1113032
1558731643505 -1113032
1558731643505 -1113032
1558731643505 -1113032
1558731643505 -1113032
1558731643505 -1113032
1558731643505 -1113031
1558731643505 -1113031
1558731643505 -1113028
1558731644252 -1139275
1558731644252 -1139273
1558731644252 -1139272
1558731644253 -1116780
1558731644253 -1116780
1558731644253 -1116780
1558731644253 -1116780
1558731644253 -1116780
1558731644253 -1116780
1558731644253 -1116779
1558731644253 -1116779
1558731644253 -1116779
1558731644253 -1116779
1558731644253 -1116779
1558731644253 -1116779
1558731644253 -1116779
1558731644253 -1116779
1558731644253 -1104034
1558731644253 -1104032
1558731644253 -1104031
1558731644253 -1104028
1558731644253 -1104026
1558731644253 -1104022
1558731644253 -1104022
1558731644253 -1104022
1558731644253 -1104018
1558731644253 -1104015
1558731644253 -1104015
1558731644253 -1104013
1558731644253 -1104010
1558731644253 -1104010
1558731644253 -1104008
1558731644253 -1104007
1558731644253 -1104005
1558731644520 -1104268
1558731644520 -1104267
1558731644520 -1104267
1558731644520 -1104265
1558731644520 -1104262
1558731644520 -1104262
1558731644520 -1104260
1558731644520 -1104259
1558731644520 -1104259
1558731644520 -1104258
1558731644520 -1104257
1558731644520 -1104251
1558731644520 -1104251
1558731644520 -1104250
1558731644520 -1104249
1558731644520 -1104247
1558731644520 -1104245
1558731644520 -1104243
1558731644520 -1104239
1558731644520 -1104233
1558731644520 -1104233
1558731644520 -1104231
1558731644520 -1104230
1558731644520 -1104226
1558731644520 -1104226
1558731644520 -1104224
1558731644520 -1104222
1558731644520 -1104207
1558731644520 -1104207
1558731644521 -1104208
1558731644521 -1104208
1558731644521 -1104208
1558731644521 -1104207
1558731644521 -1104207
1558731644521 -1104207
1558731644521 -1104207
1558731644521 -1104207
1558731644521 -1104207
1558731644521 -1104202
1558731644521 -1104202
1558731644521 -1104198
1558731644521 -1104197
1558731644521 -1104196
1558731644521 -1104194
1558731644521 -1104192
1558731644521 -1104191
1558731644521 -1104190
1558731644521 -1104187
1558731644521 -1104186
1558731644521 -1104168
1558731644521 -1104161
1558731644521 -1104160
1558731644521 -1104160
1558731644521 -1104158
1558731644521 -1104151
1558731644521 -1104151
1558731644521 -1104150
1558731644521 -1104149
1558731644521 -1104148
1558731644521 -1104147
1558731644521 -1104146
1558731644521 -1104127
1558731644521 -1104124
1558731644521 -1104121
1558731644521 -1104115
1558731644521 -1104113
1558731644521 -1104112
1558731644521 -1104107
1558731644521 -1104105
1558731644521 -1104104
1558731644521 -1104102
1558731644521 -1104048
1558731644521 -1104047
1558731644521 -1104046
1558731644521 -1104043
1558731644521 -1104042
1558731644521 -1104041
1558731644521 -1104041
1558731644521 -1104041
1558731644521 -1104038
1558731644521 -1104036
1558731644521 -1104036
1558731644521 -1104028
1558731644521 -1104026
1558731644521 -1104025
1558731644521 -1104025
1558731644521 -1104021
1558731644521 -1104019
1558731644521 -1104018
1558731644521 -1104014
1558731644521 -1104014
1558731644521 -1104013
1558731644521 -1104013
1558731644521 -1104012
1558731644521 -1104007
1558731644521 -1104006
1558731644521 -1104004
1558731644521 -1104004
1558731644521 -1103998
1558731644521 -1103996
1558731644521 -1103994
1558731644521 -1103993
1558731644521 -1103990
1558731644521 -1103986
1558731644521 -1103983
1558731644521 -1103982
1558731644521 -1103982
1558731644521 -1103981
1558731644521 -1103980
1558731644521 -1103974
1558731644521 -1103971
1558731644521 -1103970
1558731644521 -1103969
1558731644521 -1103968
1558731644521 -1103967
1558731644521 -1103965
1558731644521 -1103954
1558731644521 -1103951
1558731644521 -1103951
1558731644521 -1103948
1558731644521 -1103946
1558731644521 -1103938
1558731646197 -884150
1558731646197 -884150
1558731646197 -884150
1558731646197 -884149
1558731646197 -884147
1558731646197 -884146
1558731646197 -884146
1558731646197 -884146
1558731646197 -884143
1558731646197 -882916
1558731646197 -881660
1558731646197 -881660
1558731646197 -881660
1558731646197 -881659
1558731646197 -880706
1558731646197 -880703
1558731646197 -880702
1558731646197 -880702
1558731646197 -880676
1558731646197 -880675
1558731646197 -880675
1558731646197 -880675
1558731646197 -880675
1558731646197 -879496
1558731646197 -879496
1558731646197 -879496
1558731646197 -879496
1558731646197 -879496
1558731646197 -879496
1558731646197 -879495
1558731646197 -879495
1558731647112 -422519
1558731647113 -422520
1558731647113 -422520
1558731647113 -422520
1558731647113 -422520
1558731647113 -422520
1558731647113 -422520
1558731647113 -422519
1558731647113 -422519
1558731647113 -422519
1558731647113 -422519
1558731647113 -422519
1558731647113 -422519
1558731647113 -422518
1558731647113 -422220
1558731647113 -422220
1558731647113 -422220
1558731647113 -422220
1558731647113 -422220
1558731647113 -422220
1558731647113 -422220
1558731647113 -422219
1558731647113 -422219
1558731647113 -422219
1558731647113 -422219
1558731647113 -422218
1558731647113 -420416
1558731647113 -420416
1558731647113 -420416
1558731647113 -420415
1558731647113 -420415
1558731647113 -420414
1558731647113 -420414
1558731647113 -420389
1558731647113 -420389
1558731647113 -420389
1558731647113 -420389
1558731647113 -420389
1558731647113 -420389
1558731647113 -420275
1558731647113 -420275
1558731647113 -420275
1558731647113 -420275
1558731647113 -420275
1558731647113 -419200
1558731647113 -419200
1558731647113 -419200
1558731647113 -419200
1558731647113 -419199
1558731647113 -419199
1558731647113 -419199
1558731647113 -419199
1558731647113 -419199
1558731647113 -419199
1558731647113 -419199
1558731647113 -419199
1558731647113 -419199
1558731647113 -419199
1558731647113 -418858
1558731647113 -418858
1558731647113 -418856
1558731647113 -418856
1558731647113 -418856
1558731647113 -418856
1558731647113 -418855
1558731647113 -418855
1558731647113 -418855
1558731647442 -419183
1558731647442 -419183
1558731647442 -419183
1558731647442 -418375
1558731647442 -418375
1558731647442 -418375
1558731647442 -418375
1558731647442 -418375
1558731647442 -418375
1558731647442 -418374
1558731647442 -418374
1558731647442 -418374
1558731647442 -418374
1558731647442 -418374
1558731647442 -418374
1558731647442 -418374
1558731647442 -418374
1558731647442 -418374
1558731647442 -418373
1558731647442 -418115
1558731647442 -418114
1558731647442 -418114
1558731647442 -418114
1558731647442 -418114
1558731647442 -418114
1558731647442 -418114
1558731647442 -418114
1558731647442 -418114
1558731647442 -418114
1558731647442 -374242
1558731647442 -374241
1558731647442 -374240
1558731647442 -374239
1558731647442 -374235
1558731647442 -374234
1558731647442 -374231
1558731647442 -374230
1558731647442 -374228
1558731647442 -374227
1558731647442 -374227
1558731647442 -374224
1558731647442 -374223
1558731647442 -374220
1558731647442 -374220
1558731647442 -374218
1558731647442 -374217
1558731647442 -374217
1558731647442 -374212
1558731647442 -374209
1558731647442 -374209
1558731647442 -374209
1558731647442 -374208
1558731647442 -374207
1558731647442 -374207
1558731647442 -374204
1558731647442 -374204
1558731647442 -374200
1558731647442 -374200
1558731647442 -374199
1558731647442 -374197
1558731647442 -374196
1558731647442 -374196
1558731647442 -374194
1558731647442 -374194
1558731647442 -374193
1558731647442 -374188
1558731647442 -374188
1558731647442 -374187
1558731647442 -374186
1558731647442 -374182
1558731647442 -374182
1558731647442 -374182
1558731647561 -374299
1558731647561 -374299
1558731647561 -374298
1558731647561 -374297
1558731647561 -374296
1558731647561 -374296
1558731647561 -374294
1558731647561 -374293
1558731647561 -374289
1558731647561 -374289
1558731647561 -374236
1558731647561 -374236
1558731647561 -374235
1558731647561 -374235
1558731647561 -374233
1558731647561 -374233
1558731647561 -374232
1558731647561 -374228
1558731647561 -374228
1558731647561 -374227
1558731647561 -374226
1558731647561 -374223
1558731647561 -374216
1558731647561 -374216
1558731647561 -374215
1558731647561 -374214
1558731647561 -374214
1558731647561 -374213
1558731647561 -374212
1558731647561 -374212
1558731647561 -374212
1558731647561 -374210
1558731647561 -374209
1558731647561 -374209
1558731647561 -374208
1558731647561 -374208
1558731647561 -374207
1558731647561 -374206
1558731647561 -374203
1558731647561 -374201
1558731647561 -374201
1558731647561 -374200
1558731647561 -374112
1558731647561 -374111
1558731647561 -374109
1558731647561 -374109
1558731647561 -374107
1558731647561 -374105
1558731647561 -374105
1558731647561 -374104
1558731647562 -374105
1558731647562 -374103
1558731647562 -374103
1558731647562 -374101
1558731647562 -374101
1558731647562 -374100
1558731647562 -374099
1558731647562 -374098
1558731647562 -374024
1558731647562 -374023
1558731647562 -374022
1558731647562 -374022
1558731647562 -374019
1558731647562 -374018
1558731647562 -374017
1558731647562 -374016
1558731647562 -374015
1558731647562 -374015
1558731647562 -374014
1558731647562 -374012
1558731647562 -374011
1558731647562 -374010
1558731647562 -374009
1558731647562 -374009
1558731647562 -374007
1558731647562 -374004
1558731647562 -374004
1558731647562 -374002
1558731647562 -374002
1558731647562 -374001
1558731647562 -373998
1558731647562 -373996
1558731647562 -373995
1558731647562 -373992
1558731647562 -373991
1558731647562 -373990
1558731647562 -373990
1558731647562 -373967
1558731647562 -373966
1558731647562 -373966
1558731647562 -373966
1558731647562 -373964
1558731647562 -373892
1558731647562 -373891
1558731647562 -373890
1558731647562 -373889
1558731647562 -373887
1558731647562 -373887
1558731647562 -373887
1558731647562 -373886
1558731647562 -373886
1558731647562 -373885
1558731647562 -373885
1558731647562 -373884
1558731647562 -373883
1558731647562 -373883
1558731647562 -373882
1558731647562 -373882
1558731647562 -373881
1558731647562 -373878
1558731647562 -373878
1558731647562 -373877
1558731647562 -373877
1558731647562 -373876
1558731647562 -373875
1558731647562 -373873
1558731647562 -373873
1558731647562 -373871
1558731647562 -373871
1558731647562 -373869
1558731647602 -373909
1558731647602 -373908
1558731647602 -373905
1558731647602 -373904
1558731647602 -373901
1558731647602 -373899
1558731647602 -373898
1558731647602 -373897
1558731647602 -373896
1558731647602 -373895
1558731647602 -373844
1558731647602 -373841
1558731647602 -373841
1558731647602 -373837
1558731647602 -373831
1558731647602 -373826
1558731647602 -373823
1558731647602 -373821
1558731647602 -373819
1558731647602 -373818
1558731647602 -373816
1558731647602 -373813
1558731647602 -373811
1558731647602 -373809
1558731647602 -373807
1558731647602 -373805
1558731647602 -373805
1558731647602 -373756
1558731647602 -373756
1558731647602 -373755
1558731647602 -373755
1558731647602 -373755
1558731647602 -373755
1558731647602 -373754
1558731647602 -373754
1558731647602 -373753
1558731647602 -373753
1558731647602 -373753
1558731647602 -373753
1558731647603 -373753
1558731647603 -373753
1558731647603 -373752
1558731647603 -373749
1558731647603 -373749
1558731647603 -373748
1558731647603 -373746
1558731647603 -373744
1558731647603 -373744
1558731647603 -373744
1558731647603 -373743
1558731647603 -373741
1558731647603 -373738
1558731647603 -373738
1558731647603 -373737
1558731647603 -373737
1558731647603 -373736
1558731647603 -373736
1558731647603 -373735
1558731647603 -373734
1558731647603 -373733
1558731647603 -373670
1558731647603 -373670
1558731647603 -373669
1558731647603 -373669
1558731647603 -373668
1558731647603 -373668
1558731647603 -373668
1558731647603 -373667
1558731647603 -373665
1558731647603 -373664
1558731647603 -373663
1558731647603 -373662
1558731647603 -373661
1558731647603 -373660
1558731647603 -373657
1558731647603 -373656
1558731647603 -373656
1558731647603 -373655
1558731647603 -373655
1558731647603 -373655
1558731647603 -373652
1558731647603 -373651
1558731647603 -373651
1558731647603 -373651
1558731647603 -373650
1558731647603 -373649
1558731647603 -373648
1558731647603 -373647
1558731647603 -373646
1558731647603 -373646
1558731647603 -373644
1558731647603 -373643
1558731647603 -373642
1558731647603 -373642
1558731647603 -373641
1558731647603 -373641
1558731647603 -373640
1558731647603 -373639
1558731647603 -373638
1558731647603 -373638
1558731648009 -374042
1558731648009 -374041
1558731648009 -374040
1558731648009 -374040
1558731648009 -374040
1558731648009 -374040
1558731648009 -374039
1558731648009 -374039
1558731648009 -374038
1558731648009 -374036
1558731648009 -374036
1558731648009 -374034
1558731648009 -374034
1558731648009 -374033
1558731648009 -374032
1558731648009 -374026
1558731648009 -374025
1558731648009 -374024
1558731648009 -374024
1558731648009 -176327
1558731648009 -176327
1558731648009 -176326
1558731648009 -176325
1558731648009 -176323
1558731648009 -176322
1558731648009 -176322
1558731648009 -176322
1558731648009 -176321
1558731648009 -176321
1558731648009 -176320
1558731648009 -176317
1558731648009 -176316
1558731648009 -176315
1558731648009 -176314
1558731648009 -176312
1558731648009 -176312
1558731648009 -176311
1558731648009 -176311
1558731648009 -176309
1558731648009 -176308
1558731648009 -176306
1558731648009 -176303
1558731648009 -176302
1558731648009 -176301
1558731648009 -176296
1558731648009 -176295
1558731648009 -176294
1558731648009 -176292
1558731648009 -176291
1558731648009 -176288
1558731648009 -176286
1558731648009 -176286
1558731648009 -176285
1558731648009 -176284
1558731648009 -176283
1558731648009 -176283
1558731648009 -176282
1558731648009 -176282
1558731648009 -176281
1558731648009 -176280
1558731648009 -176278
1558731648009 -176278
1558731648009 -176273
1558731648009 -176270
1558731648009 -176269
1558731648009 -176269
1558731648009 -176267
1558731648009 -176267
1558731648009 -176266
1558731648009 -176264
1558731648009 -176262
1558731648009 -176261
1558731648009 -176261
1558731648009 -176259
1558731648009 -176258
1558731648009 -176258
1558731648009 -176258
1558731648009 -176257
1558731648009 -176256
1558731648009 -176255
1558731648009 -176253
1558731648009 -176253
1558731648009 -176250
1558731648009 -176249
1558731648009 -176247
1558731648009 -176244
1558731648009 -176241
1558731648009 -176240
1558731648009 -176238
1558731648009 -176236
1558731648009 -176235
1558731648009 -176234
1558731648009 -176234
1558731648009 -176232
1558731648009 -176232
1558731648009 -176232
1558731648009 -176230
1558731648009 -176230
1558731648009 -176229
1558731648009 -176229
1558731648009 -176228
1558731648009 -176228
1558731648009 -176225
1558731648009 -176225
1558731648009 -176224
1558731648009 -176224
1558731648009 -176224
1558731648009 -176223
1558731648009 -176222
1558731648009 -176220
1558731648009 -176217
1558731648009 -176215
1558731648009 -176213
