1558731548004 -322418
1558731548004 -322418
1558731548004 -322418
1558731548004 -321672
1558731548004 -321670
1558731548004 -320849
1558731548004 -320847
1558731548004 -320847
1558731548004 -320845
1558731548004 -320269
1558731548004 -320269
1558731548004 -320269
1558731548004 -320269
1558731548004 -320269
1558731548004 -320269
1558731548004 -320269
1558731548004 -320267
1558731548004 -320266
1558731548004 -320266
1558731548004 -320266
1558731548004 -319550
1558731548004 -319550
1558731548004 -319550
1558731548004 -319547
1558731548004 -319547
1558731548004 -319547
1558731548004 -319060
1558731548004 -319059
1558731548004 -319058
1558731548004 -319058
1558731548004 -319057
1558731548004 -318536
1558731548004 -318536
1558731548004 -318535
1558731548004 -318534
1558731548004 -318534
1558731548004 -318534
1558731548004 -318534
1558731548004 -318533
1558731548021 -322546
1558731548021 -322546
1558731548021 -322546
1558731548021 -321593
1558731548021 -321593
1558731548021 -321593
1558731548021 -321593
1558731548021 -320932
1558731548021 -320932
1558731548021 -320932
1558731548079 -320989
1558731548079 -320989
1558731548079 -320989
1558731548079 -320287
1558731548079 -320287
1558731548079 -320286
1558731548079 -320286
1558731548079 -320286
1558731548079 -319721
1558731548079 -319721
1558731548079 -319721
1558731548079 -319720
1558731548079 -319720
1558731548079 -319698
1558731548079 -319698
1558731548079 -319698
1558731548079 -319698
1558731548079 -319698
1558731548079 -319697
1558731548079 -319697
1558731548079 -319697
1558731548079 -319088
1558731548079 -319088
1558731548079 -319087
1558731548079 -319087
1558731548079 -323728
1558731548079 -323728
1558731548079 -323157
1558731548079 -323157
1558731548079 -321442
1558731548079 -321442
1558731548079 -321442
1558731548079 -321439
1558731548079 -321439
1558731548079 -321438
1558731548079 -321438
1558731548079 -321230
1558731548079 -321230
1558731548079 -321229
1558731548079 -320124
1558731548079 -320124
1558731548079 -320124
1558731548079 -320124
1558731548079 -320123
1558731548079 -320121
1558731548079 -319867
1558731548079 -319867
1558731548079 -319866
1558731548079 -319866
1558731548079 -318981
1558731548079 -318974
1558731548080 -318974
1558731548080 -318947
1558731548080 -318946
1558731548080 -318795
1558731548080 -318794
1558731548080 -318794
1558731548246 -318465
1558731548246 -318465
1558731548246 -318465
1558731548246 -318465
1558731548246 -318465
1558731548246 -318465
1558731548246 -318465
1558731548246 -318465
1558731548246 -318352
1558731548246 -318352
1558731548246 -318352
1558731548246 -318352
1558731548246 -297203
1558731548246 -297203
1558731548246 -297202
1558731548246 -297202
1558731548246 -297201
1558731548246 -297200
1558731548246 -297199
1558731548246 -297196
1558731548246 -297196
1558731548246 -297190
1558731548246 -297189
1558731548246 -297186
1558731548246 -297182
1558731548246 -297181
1558731548246 -297181
1558731548246 -297179
1558731548246 -297179
1558731548246 -297177
1558731548246 -297175
1558731548246 -297162
1558731548246 -297160
1558731548246 -297159
1558731548246 -297159
1558731548246 -297159
1558731548246 -297096
1558731548246 -297095
1558731548246 -297095
1558731548246 -297095
1558731548246 -297094
1558731548246 -297093
1558731548247 -297094
1558731548247 -297093
1558731548247 -297091
1558731548247 -297088
1558731548247 -297085
1558731548247 -297017
1558731548388 -297158
1558731548388 -297158
1558731548388 -297155
1558731548388 -297155
1558731548388 -297154
1558731548388 -297153
1558731548388 -297149
1558731548388 -297148
1558731548388 -297069
1558731548388 -297069
1558731548388 -297069
1558731548388 -297068
1558731548388 -297067
1558731548388 -297066
1558731548388 -297065
1558731548388 -297065
1558731548388 -297065
1558731548388 -297063
1558731548388 -297060
1558731548388 -297055
1558731548388 -296983
1558731548388 -296982
1558731548388 -296981
1558731548388 -296981
1558731548388 -296980
1558731548388 -296978
1558731548388 -296976
1558731548388 -296973
1558731548388 -296966
1558731548388 -296965
1558731548388 -296963
1558731548388 -296952
1558731548388 -296952
1558731548388 -296951
1558731548388 -296949
1558731548388 -296942
1558731548388 -296938
1558731548388 -296938
1558731548388 -296843
1558731548388 -296842
1558731548388 -296841
1558731548388 -296819
1558731548388 -296819
1558731548388 -296759
1558731548388 -296759
1558731548388 -296758
1558731548388 -296758
1558731548388 -296758
1558731548388 -296757
1558731548388 -296757
1558731548388 -296755
1558731548388 -296755
1558731548388 -296754
1558731548388 -296754
1558731548388 -296754
1558731548388 -296753
1558731548388 -296750
1558731548388 -296745
1558731548388 -296744
1558731548388 -296723
1558731548388 -296720
1558731548388 -296718
1558731548388 -296716
1558731548388 -296714
1558731548388 -296707
1558731548388 -296702
1558731548388 -296684
1558731548388 -296680
1558731548388 -296678
1558731548388 -296677
1558731548388 -296672
1558731548388 -296672
1558731640530 -411084
1558731640530 -411084
1558731640530 -411084
1558731640530 -411084
1558731640530 -411084
1558731640530 -411084
1558731640530 -411083
1558731640530 -411083
1558731640530 -410732
1558731640530 -353586
1558731640530 -353585
1558731640530 -353584
1558731640530 -353584
1558731640530 -353583
1558731640530 -353581
1558731640530 -353581
1558731640530 -353581
1558731640530 -353580
1558731640530 -353580
1558731640530 -353579
1558731640530 -353579
1558731640530 -353578
1558731640530 -353576
1558731640530 -353575
1558731640530 -353573
1558731640530 -353571
1558731640530 -353570
1558731640530 -353565
1558731640530 -353563
1558731640530 -353560
1558731640530 -353490
1558731640530 -353487
1558731640530 -353487
1558731640530 -353406
1558731640530 -353406
1558731640530 -353406
1558731640530 -353404
1558731640530 -353403
1558731640530 -353324
1558731640530 -353322
1558731640530 -353322
1558731640530 -353319
1558731640530 -353317
1558731640530 -353314
1558731640530 -353313
1558731640530 -353313
1558731640530 -353284
1558731640530 -353283
1558731640530 -411244
1558731640530 -411244
1558731640530 -411244
1558731640530 -411243
1558731640530 -411243
1558731640530 -410688
1558731640530 -410687
1558731640530 -410687
1558731640530 -410687
1558731640530 -410687
1558731640530 -410687
1558731640530 -410687
1558731640530 -344675
1558731640530 -344671
1558731640530 -344666
1558731640530 -344666
1558731640530 -344663
1558731640530 -344662
1558731640530 -344660
1558731640530 -344659
1558731640530 -344657
1558731640530 -344657
1558731640530 -344654
1558731640530 -344654
1558731640530 -344649
1558731640530 -344646
1558731640530 -344641
1558731640530 -344641
1558731640530 -344638
1558731640530 -344633
1558731640530 -344627
1558731640530 -344627
1558731640530 -344626
1558731640530 -344624
1558731640530 -344619
1558731640531 -344620
1558731640531 -344617
1558731640531 -344614
1558731640531 -344613
1558731640531 -344611
1558731640531 -344610
1558731640531 -344608
1558731640531 -344545
1558731640531 -344543
1558731640531 -344539
1558731640531 -344537
1558731640531 -344536
1558731640531 -344531
1558731640531 -344530
1558731640531 -344527
1558731640531 -344527
1558731640531 -344464
1558731640531 -344464
1558731640531 -344463
1558731640531 -344463
1558731640531 -344461
1558731640531 -344461
1558731640531 -344458
1558731640531 -344457
1558731640531 -344455
1558731640531 -344452
1558731640531 -344448
1558731640531 -344447
1558731640531 -344446
1558731640531 -344421
1558731640531 -344420
1558731640531 -344419
1558731640531 -344411
1558731640531 -344403
1558731640531 -344402
1558731640531 -344402
1558731640531 -344401
1558731640531 -344398
1558731640531 -344396
1558731640531 -344395
1558731640531 -344393
1558731640531 -344393
1558731640531 -344289
1558731640531 -344288
1558731640531 -344287
1558731640531 -344286
1558731640531 -344281
1558731640531 -344281
1558731640531 -344197
1558731640531 -344197
1558731640531 -344193
1558731640531 -344188
1558731640531 -344188
1558731640531 -344184
1558731640531 -344179
1558731640531 -344178
1558731640531 -344175
1558731640531 -344173
1558731640531 -344170
1558731640531 -344168
1558731640531 -344164
1558731640531 -344162
1558731640531 -344161
1558731640531 -344156
1558731640531 -344155
1558731640531 -344155
1558731640531 -344152
1558731640531 -344148
1558731640531 -344141
1558731640531 -344137
1558731640531 -344131
1558731640531 -344126
1558731640531 -344125
1558731640531 -344122
1558731640531 -344121
1558731640531 -344021
1558731640531 -344020
1558731640531 -344020
1558731640531 -344020
1558731640531 -344018
1558731640531 -344017
1558731640531 -344016
1558731640531 -344012
1558731640531 -344012
1558731640531 -344012
1558731640531 -344008
1558731640531 -344007
1558731640531 -344003
1558731640531 -344002
1558731640531 -344002
1558731640531 -343998
1558731640531 -343997
1558731640531 -343996
1558731640531 -343994
1558731640531 -343991
1558731640531 -343991
1558731640531 -343989
1558731640531 -343988
1558731640531 -343987
1558731640531 -343986
1558731640531 -343986
1558731640531 -343986
1558731640531 -343985
1558731640531 -343937
1558731640531 -343937
1558731640531 -343936
1558731640531 -343935
1558731640531 -343935
1558731640531 -343932
1558731640531 -343932
1558731640531 -343926
1558731640531 -343926
1558731640531 -343923
1558731640531 -343923
1558731640531 -343921
1558731640531 -343919
1558731640531 -343919
1558731640531 -343918
1558731640531 -343917
1558731640531 -343910
1558731640531 -343910
1558731640531 -343906
1558731640531 -343848
1558731640531 -343848
1558731640531 -343846
1558731640531 -343845
1558731640531 -343843
1558731640531 -343842
1558731640531 -343837
1558731640531 -343837
1558731640531 -343831
1558731640531 -343828
1558731640531 -343826
1558731640531 -343825
1558731640531 -343824
1558731640531 -343823
1558731640531 -343822
1558731640531 -343821
1558731640531 -343818
1558731640531 -343817
1558731640531 -343815
1558731640531 -343814
1558731640531 -343813
1558731640531 -343811
1558731640531 -343811
1558731640531 -343810
1558731640531 -343809
1558731640531 -343808
1558731640531 -343807
1558731640532 -388814
1558731640532 -388813
1558731640532 -388809
1558731640532 -388808
1558731640532 -388806
1558731640532 -388805
1558731640532 -388804
1558731640532 -388796
1558731640532 -388788
1558731640532 -388788
1558731640532 -388784
1558731640532 -388781
1558731640532 -274592
1558731640681 -274740
1558731640681 -274740
1558731640681 -274737
1558731640681 -274736
1558731640681 -274735
1558731640681 -274735
1558731640681 -274734
1558731640681 -274733
1558731640681 -274728
1558731640681 -274726
1558731640681 -274725
1558731640681 -274724
1558731640681 -274723
1558731640681 -274723
1558731640681 -274721
1558731640681 -274720
1558731640681 -274719
1558731640681 -274719
1558731640681 -274718
1558731640681 -274718
1558731640681 -274717
1558731640681 -274712
1558731640681 -274704
1558731640681 -274703
1558731640681 -274699
1558731640681 -274698
1558731640681 -274696
1558731640681 -274695
1558731640681 -274694
1558731640681 -274691
1558731640681 -274689
1558731640681 -274689
1558731640681 -274683
1558731640681 -274679
1558731640681 -274676
1558731640681 -274675
1558731640681 -274671
1558731640681 -274670
1558731640681 -274669
1558731640681 -274669
1558731640681 -274666
1558731640681 -274663
1558731640681 -274660
1558731640681 -274660
1558731640681 -274648
1558731640681 -274648
1558731640681 -274645
1558731640681 -274584
1558731640681 -274583
1558731640681 -274580
1558731640700 -274595
1558731640700 -274591
1558731640700 -274590
1558731640700 -274589
1558731640700 -274582
1558731640700 -274582
1558731640700 -274579
1558731640700 -274579
1558731640700 -274578
1558731640700 -274578
1558731640700 -274578
1558731640700 -274523
1558731640700 -274514
1558731640700 -274512
1558731640700 -274511
1558731640700 -274507
1558731640700 -274507
1558731640700 -274504
1558731640700 -274503
1558731640700 -274500
1558731640700 -274498
1558731640700 -274497
1558731640700 -274437
1558731640700 -274432
1558731640700 -274431
1558731640700 -274425
1558731640700 -274425
1558731640700 -274424
1558731640700 -274421
1558731640700 -274415
1558731640700 -274415
1558731640700 -274414
1558731640700 -274414
1558731641070 -353820
1558731641070 -353819
1558731641070 -353816
1558731641070 -353816
1558731641070 -353816
1558731641070 -353815
1558731641070 -353812
1558731641070 -353810
1558731641070 -353807
1558731641070 -353807
1558731641070 -353806
1558731641070 -353805
1558731641070 -126966
1558731641070 -126966
1558731641070 -126964
1558731641070 -126957
1558731641070 -126954
1558731641070 -126953
1558731641070 -126952
1558731641070 -126952
1558731641070 -126951
1558731641070 -126949
1558731641070 -126948
1558731641070 -126947
1558731641070 -126945
1558731641070 -126943
1558731641070 -126940
1558731641070 -126937
1558731641070 -126937
1558731641070 -126933
1558731641070 -126931
1558731641070 -126926
1558731641070 -126925
1558731641070 -126922
1558731641070 -126920
1558731641070 -126918
1558731641070 -126915
1558731641070 -126915
1558731641070 -126913
1558731641070 -126912
1558731641070 -126912
1558731641070 -126911
1558731641070 -126910
1558731641070 -126910
1558731641070 -126907
1558731641071 -126907
1558731641071 -126905
1558731641071 -126901
1558731641071 -126900
1558731641071 -126898
1558731641271 -127096
1558731641271 -127094
1558731641271 -127093
1558731641271 -127091
1558731641271 -127072
1558731641271 -127068
1558731641271 -127061
1558731641271 -127060
1558731641271 -127059
1558731641271 -127058
1558731641271 -127057
1558731641271 -127054
1558731641271 -127054
1558731641271 -127053
1558731641271 -127053
1558731641271 -127046
1558731641271 -127046
1558731641271 -127044
1558731641271 -126932
1558731641271 -126932
1558731641271 -126932
1558731641271 -126932
1558731641271 -126932
1558731641271 -126931
1558731641271 -126930
1558731641271 -126929
1558731641271 -126857
1558731641271 -126854
1558731641271 -126850
1558731641271 -126850
1558731641271 -126843
1558731641271 -126841
1558731641271 -126840
1558731641271 -126838
1558731641271 -126836
1558731641271 -126833
1558731641271 -126832
1558731641271 -126832
1558731641271 -126829
1558731641271 -126829
1558731641271 -126828
1558731641271 -126823
1558731641271 -126725
1558731641271 -126725
1558731641271 -126719
1558731641271 -126719
1558731641271 -126717
1558731641271 -126717
1558731641271 -126715
1558731641271 -126713
1558731641271 -126712
1558731641271 -126710
1558731641271 -126709
1558731641271 -126709
1558731641271 -126706
1558731641271 -126703
1558731641271 -126702
1558731641271 -126702
1558731641271 -126699
1558731641271 -126696
1558731641271 -126694
1558731641271 -126637
1558731641271 -126637
1558731641271 -126634
1558731641271 -126632
1558731641271 -126630
1558731641271 -126627
1558731641271 -126624
1558731641271 -126623
1558731641271 -126619
1558731641271 -126614
1558731641271 -126612
1558731641271 -126607
1558731641271 -126549
1558731641271 -126549
1558731641271 -126548
1558731641271 -126548
1558731641271 -126547
1558731641271 -126546
1558731641271 -126545
1558731641271 -126541
1558731641271 -126539
1558731641271 -126536
1558731641271 -126536
1558731641271 -126535
1558731641271 -126532
1558731641271 -126529
1558731641271 -126529
1558731641271 -126526
1558731641271 -126521
1558731641271 -126461
1558731641271 -126461
1558731641271 -126460
1558731641271 -126459
1558731641271 -126455
1558731641271 -126453
1558731641271 -126444
1558731641271 -126444
1558731641271 -126441
1558731641271 -126434
1558731641271 -126433
1558731641271 -126432
1558731641271 -126430
1558731641271 -126429
1558731641271 -126372
1558731641271 -126370
1558731641271 -126367
1558731641271 -126366
1558731641271 -126363
1558731641271 -344545
1558731641271 -344543
1558731641271 -103928
1558731641271 -103927
1558731641271 -103924
1558731641271 -103924
1558731641271 -103921
1558731641271 -103918
1558731641271 -103911
1558731641271 -103909
1558731641271 -103898
1558731641271 -103897
1558731641271 -103892
1558731641271 -103891
1558731641271 -103888
1558731641271 -103888
1558731641271 -103887
1558731641271 -103886
1558731641272 -103886
1558731641272 -103876
1558731641272 -103874
1558731641272 -103873
1558731641272 -103869
1558731641272 -103862
1558731641272 -103857
1558731641272 -103856
1558731641272 -103856
1558731641272 -103855
1558731641272 -103851
