1558731303099 -540758
1558731303099 -540758
1558731303099 -540758
1558731303099 -540758
1558731303099 -540758
1558731303099 -540758
1558731303099 -540757
1558731303300 -540958
1558731303300 -540958
1558731303300 -540958
1558731303300 -540308
1558731303300 -540303
1558731303300 -538551
1558731303300 -538551
1558731303300 -538551
1558731303300 -537995
1558731303300 -537995
1558731303300 -537994
1558731303300 -537993
1558731303300 -537993
1558731303300 -536332
1558731303300 -536330
1558731303300 -536330
1558731303300 -536330
1558731303300 -536330
1558731303300 -536330
1558731303300 -535843
1558731303301 -535844
1558731303301 -535844
1558731303301 -535844
1558731303301 -535844
1558731303301 -535843
1558731303301 -535843
1558731303301 -535843
1558731303301 -535843
1558731303301 -540928
1558731303301 -540928
1558731303301 -540928
1558731303301 -540927
1558731303314 -540940
1558731303531 -541157
1558731303531 -541157
1558731303531 -540620
1558731303531 -540620
1558731303531 -540619
1558731303531 -540619
1558731303531 -538743
1558731303531 -538742
1558731303531 -538742
1558731303531 -538742
1558731303531 -538742
1558731303531 -538742
1558731303531 -538742
1558731303531 -538742
1558731303531 -538742
1558731303531 -538293
1558731303531 -538293
1558731303531 -538292
1558731303531 -538292
1558731303531 -538292
1558731303531 -538292
1558731303531 -538292
1558731303531 -538292
1558731303531 -536526
1558731303531 -536098
1558731303531 -536098
1558731303531 -536098
1558731547828 -785756
1558731547828 -785723
1558731547828 -785723
1558731547828 -785723
1558731547828 -785723
1558731547828 -785722
1558731547828 -785722
1558731547828 -785722
1558731547828 -785722
1558731547828 -785722
1558731547829 -785723
1558731547829 -785723
1558731547829 -784605
1558731547829 -784605
1558731547833 -784608
1558731547833 -784606
1558731547833 -783280
1558731547833 -783280
1558731547833 -783280
1558731547833 -783280
1558731547833 -783280
1558731547901 -783347
1558731547901 -783347
1558731547901 -783347
1558731547901 -783347
1558731547901 -783347
1558731547901 -783347
1558731547901 -782375
1558731547901 -782374
1558731547901 -781139
1558731547901 -781138
1558731547901 -781138
1558731547901 -781138
1558731547901 -781136
1558731547901 -781136
1558731547901 -781135
1558731547901 -781135
1558731547901 -781135
1558731547901 -781135
1558731547901 -781135
1558731547901 -780257
1558731547901 -780257
1558731547901 -780257
1558731547901 -780257
1558731547901 -785920
1558731547901 -785920
1558731547901 -785920
1558731547901 -785916
1558731547901 -784568
1558731547901 -784568
1558731547901 -784568
1558731547901 -784568
1558731547901 -784567
1558731547901 -784567
1558731547901 -784567
1558731547901 -784567
1558731547901 -783447
1558731547901 -783446
1558731547901 -783444
1558731547901 -782354
1558731547901 -782354
1558731547901 -782354
1558731547901 -782354
1558731547901 -782354
1558731547901 -782354
1558731547901 -782354
1558731547901 -782354
1558731547901 -782354
1558731547901 -782353
1558731547901 -782353
1558731547901 -781216
1558731547901 -781215
1558731547901 -780193
1558731547901 -780192
1558731547901 -779415
1558731547901 -779415
1558731642021 -874563
1558731642021 -874563
1558731642021 -873420
1558731642021 -873419
1558731642021 -873419
1558731642021 -873419
1558731642021 -873418
1558731642021 -873418
1558731642021 -873418
1558731642021 -873418
1558731642021 -873418
1558731642021 -872740
1558731642021 -872740
1558731642021 -835701
1558731642021 -835696
1558731642021 -835686
1558731642021 -835686
1558731642021 -835685
1558731642021 -835679
1558731642021 -835676
1558731642021 -835674
1558731642021 -835670
1558731642021 -835668
1558731642021 -835666
1558731642021 -835663
1558731642021 -835659
1558731642021 -835658
1558731642021 -835658
1558731642021 -835656
1558731642021 -835656
1558731642021 -835656
1558731642021 -835652
1558731642021 -835651
1558731642021 -835649
1558731642021 -835648
1558731642021 -835647
1558731642021 -835646
1558731642021 -835581
1558731642021 -835577
1558731642021 -835576
1558731642021 -835563
1558731642021 -835562
1558731642021 -835562
1558731642021 -835556
1558731642021 -835552
1558731642021 -835546
1558731642021 -835546
1558731642021 -835545
1558731642021 -835542
1558731642021 -835541
1558731642021 -835540
1558731642021 -835539
1558731642021 -835539
1558731642021 -835537
1558731642021 -835536
1558731642021 -835465
1558731642021 -835465
1558731642021 -835464
1558731642021 -835463
1558731642021 -835461
1558731642021 -835460
1558731642021 -835460
1558731642021 -835459
1558731642021 -835458
1558731642021 -835456
1558731642021 -835455
1558731642021 -835446
1558731642021 -835442
1558731642021 -835441
1558731642021 -835439
1558731642021 -835439
1558731642021 -835436
1558731642021 -835435
1558731642021 -835434
1558731642021 -835431
1558731642021 -835431
1558731642021 -835334
1558731642021 -835334
1558731642021 -835334
1558731642021 -835332
1558731642021 -835332
1558731642021 -835331
1558731642021 -835331
1558731642021 -835330
1558731642021 -835330
1558731642021 -835327
1558731642021 -835325
1558731642021 -835318
1558731642021 -835314
1558731642021 -835308
1558731642021 -835304
1558731642021 -835300
1558731642021 -835295
1558731642021 -835295
1558731642021 -835245
1558731642021 -835243
1558731642021 -835243
1558731642021 -835239
1558731642021 -835238
1558731642021 -835237
1558731642021 -835237
1558731642021 -835236
1558731642021 -835233
1558731642021 -835231
1558731642021 -835230
1558731642021 -835226
1558731642021 -835225
1558731642021 -835225
1558731642021 -835222
1558731642021 -835203
1558731642021 -835202
1558731642021 -835198
1558731642021 -835195
1558731642021 -835195
1558731642021 -835194
1558731642021 -873401
1558731642021 -873400
1558731642021 -873400
1558731642021 -873400
1558731642021 -873122
1558731642021 -873122
1558731642021 -873121
1558731642021 -873121
1558731642021 -831265
1558731642021 -831264
1558731642021 -831264
1558731642021 -831263
1558731642021 -831262
1558731642021 -831261
1558731642021 -831258
1558731642021 -831254
1558731642021 -831249
1558731642021 -831248
1558731642021 -831246
1558731642021 -831246
1558731642021 -831242
1558731642021 -831237
1558731642021 -831237
1558731642021 -831235
1558731642021 -831227
1558731642021 -831226
1558731642021 -831225
1558731642021 -831224
1558731642021 -831220
1558731642021 -831220
1558731642021 -831213
1558731642021 -831211
1558731642021 -831195
1558731642021 -831192
1558731642021 -831190
1558731642021 -831189
1558731642021 -831188
1558731642021 -831188
1558731642021 -831183
1558731642021 -831183
1558731642021 -831178
1558731642021 -831178
1558731642021 -831175
1558731642021 -831173
1558731642021 -831171
1558731642021 -831170
1558731642021 -831074
1558731642021 -831070
1558731642021 -831069
1558731642021 -831067
1558731642021 -831063
1558731642021 -831063
1558731642021 -831061
1558731642021 -831058
1558731642021 -830981
1558731642021 -830980
1558731642021 -830977
1558731642021 -830977
1558731642021 -830974
1558731642021 -830969
1558731642021 -830968
1558731642021 -830968
1558731642021 -830967
1558731642021 -830965
1558731642021 -830963
1558731642021 -830962
1558731642021 -830959
1558731642021 -830956
1558731642021 -830955
1558731642021 -830953
1558731642021 -830951
1558731642021 -830855
1558731642021 -830854
1558731642021 -830847
1558731642021 -830845
1558731642021 -830839
1558731642021 -830839
1558731642021 -830838
1558731642021 -830836
1558731642021 -830833
1558731642021 -830828
1558731642021 -830826
1558731642724 -880948
1558731642724 -880948
1558731642724 -880948
1558731642724 -880948
1558731642724 -880948
1558731642724 -880946
1558731642724 -880946
1558731642724 -880946
1558731642724 -879183
1558731642724 -879182
1558731642724 -879182
1558731642724 -879182
1558731642724 -879182
1558731642724 -879182
1558731642724 -878505
1558731642724 -878505
1558731642724 -878505
1558731642725 -878506
1558731642725 -878505
1558731642725 -878505
1558731642725 -876929
1558731642725 -876923
1558731642725 -876923
1558731642725 -876921
1558731642725 -876224
1558731642725 -876224
1558731642725 -876224
1558731642725 -876224
1558731642725 -876223
1558731642725 -876223
1558731642725 -876223
1558731642725 -876223
1558731642725 -874851
1558731642725 -874849
1558731642725 -874848
1558731642889 -418528
1558731642889 -417473
1558731642889 -417473
1558731642889 -416406
1558731642889 -416406
1558731642889 -416406
1558731642889 -416403
1558731642889 -415871
1558731642889 -415870
1558731642889 -415870
1558731642889 -415870
1558731642889 -415870
1558731642889 -415062
1558731642889 -415060
1558731642889 -415060
1558731642889 -415059
1558731642889 -415059
1558731642889 -415059
1558731642889 -415059
1558731642889 -414573
1558731642889 -414573
1558731642889 -414573
1558731642889 -414572
1558731642889 -414570
1558731642889 -414570
1558731642889 -413871
1558731642889 -413871
1558731642889 -413871
1558731642889 -413871
1558731642889 -413870
1558731642889 -413870
1558731642889 -413870
1558731642889 -413869
1558731642889 -413868
1558731642889 -413533
1558731642889 -413533
1558731642889 -413532
1558731642889 -413532
1558731642890 -418125
1558731642890 -418125
1558731642890 -418125
1558731642890 -418124
1558731642890 -418124
1558731642890 -418124
1558731642890 -418124
1558731642890 -418124
1558731642890 -418124
1558731642890 -418093
1558731642890 -416121
1558731642890 -416120
1558731642890 -416120
1558731642890 -416120
1558731642890 -416120
1558731642890 -416081
1558731642890 -416077
1558731642890 -416077
1558731642890 -414822
1558731642890 -414822
1558731642890 -414822
1558731642890 -414820
1558731642890 -414801
1558731642890 -414801
1558731642890 -414800
1558731642890 -414800
1558731642890 -413653
1558731642890 -413653
1558731642890 -413653
1558731642890 -413653
1558731642890 -413653
1558731642890 -413653
1558731642890 -413653
1558731642890 -413653
1558731642890 -413653
1558731642890 -413653
1558731642890 -413652
1558731643003 -418651
1558731643003 -416349
1558731643003 -416347
1558731643003 -416347
1558731643003 -416347
1558731643003 -416347
1558731643003 -416155
1558731643003 -415059
1558731643003 -415059
1558731643003 -415059
1558731643003 -415058
1558731643003 -415058
1558731643003 -415058
1558731643003 -415058
1558731643003 -414783
1558731643003 -414783
1558731643003 -414782
1558731643003 -414782
1558731643003 -413912
1558731643003 -413912
1558731643003 -413911
1558731643003 -413911
1558731643003 -413911
1558731643184 -413877
1558731643184 -413877
1558731643184 -413876
1558731643184 -413876
1558731643184 -413874
1558731643724 -413919
1558731643724 -413919
1558731643724 -413919
1558731643724 -413918
1558731643724 -413918
1558731643724 -413918
1558731643724 -413833
1558731643724 -413833
1558731643724 -369972
1558731643724 -369972
1558731643724 -369971
1558731643724 -369970
1558731643724 -369967
1558731643724 -369962
1558731643724 -369961
1558731643724 -369960
1558731643724 -369955
1558731643724 -369946
1558731643724 -369945
1558731643724 -369943
1558731643724 -369942
1558731643724 -369931
1558731643724 -369928
1558731643724 -369923
1558731643724 -369916
1558731643724 -369916
1558731643724 -369914
1558731643724 -369913
1558731643724 -369912
1558731643724 -369907
1558731643724 -369906
1558731643724 -369904
1558731643724 -369898
1558731643724 -369896
1558731643724 -369894
1558731643724 -369894
1558731643724 -369888
1558731643724 -369826
1558731643724 -369825
1558731643724 -369825
1558731643724 -369823
1558731643724 -369822
1558731643724 -369746
1558731643724 -369746
1558731643724 -369745
1558731643724 -369744
1558731643724 -369742
1558731643724 -369741
1558731643724 -369740
1558731643724 -369739
1558731643724 -369739
1558731643724 -369738
1558731643724 -369738
1558731643724 -369658
1558731643724 -369655
1558731643724 -369654
1558731643724 -369653
1558731643724 -369650
1558731643724 -369647
1558731643724 -369645
1558731643724 -369643
1558731643724 -369641
1558731643724 -369565
1558731643724 -369565
1558731643724 -369564
1558731643724 -369561
1558731643724 -369560
1558731643724 -369559
1558731643724 -369482
1558731643724 -369481
1558731643724 -369474
1558731643724 -369472
1558731643724 -369470
1558731643724 -369470
1558731643724 -369468
1558731643724 -369466
1558731643724 -369466
1558731643724 -369463
1558731643724 -369462
1558731643724 -369459
1558731643724 -369457
1558731643724 -369457
1558731643724 -369456
1558731643724 -369456
1558731643724 -369452
1558731643724 -369450
1558731643724 -369448
1558731643724 -369446
1558731643724 -369445
1558731643724 -369444
1558731643724 -369442
1558731643724 -369350
1558731643724 -369348
1558731643724 -369347
1558731643724 -369341
1558731643724 -369340
1558731643724 -369339
1558731643724 -369338
1558731643724 -369338
1558731643724 -369338
1558731643724 -369336
1558731643724 -369335
1558731643724 -369332
1558731643724 -369331
1558731643724 -369330
1558731643724 -369320
1558731643724 -369317
1558731643724 -369313
1558731643724 -369313
1558731643724 -369311
1558731643724 -369214
1558731643724 -369213
1558731643724 -369212
1558731643724 -369209
1558731643724 -369208
1558731643724 -369208
1558731643724 -369207
1558731643724 -369207
1558731643724 -369204
1558731643724 -369203
1558731643724 -369202
1558731643724 -369201
1558731643724 -369201
1558731643724 -369200
1558731643724 -369199
1558731643724 -369198
1558731643724 -369196
1558731643724 -369195
1558731643724 -369194
1558731643724 -369193
1558731643724 -369189
1558731643724 -369129
1558731643724 -369129
1558731643724 -369128
1558731643724 -369127
1558731643724 -369126
1558731643724 -369123
1558731643724 -369121
1558731643724 -369120
1558731643724 -369120
1558731643724 -369116
1558731643724 -369115
1558731643724 -369115
1558731643724 -369115
1558731643724 -369114
1558731643724 -369112
1558731643724 -369105
1558731643724 -369104
1558731643724 -369032
1558731643724 -369031
1558731643724 -369030
1558731643724 -369030
1558731643724 -369027
1558731643724 -369020
1558731643724 -369016
1558731643724 -369005
1558731643724 -369003
1558731643724 -369003
1558731643724 -369003
1558731643724 -368999
1558731643724 -368998
1558731643724 -368998
1558731643724 -414465
1558731643724 -414465
1558731643724 -414465
1558731643724 -414465
1558731643724 -414464
1558731643724 -414464
1558731643724 -413867
1558731643724 -413867
1558731643724 -413867
1558731643724 -413866
1558731643724 -413866
1558731643724 -413866
1558731643724 -413866
1558731643724 -362225
1558731643724 -362225
1558731643724 -362225
1558731643724 -362224
1558731643724 -362223
1558731643724 -362223
1558731643724 -362223
1558731643724 -362218
1558731643724 -362212
1558731643724 -362209
1558731643724 -362209
1558731643724 -362206
1558731643724 -362202
1558731643724 -362200
1558731643724 -362199
1558731643724 -362198
1558731643724 -362195
1558731643724 -362193
1558731643724 -362184
1558731643724 -362077
1558731643724 -362076
1558731643724 -362075
1558731643724 -362074
1558731643724 -362068
1558731643724 -362064
1558731643724 -362062
1558731643724 -362060
1558731643724 -361999
1558731643724 -361997
1558731643724 -361994
1558731643724 -361992
1558731643724 -361910
1558731643724 -361910
1558731643724 -361910
1558731643724 -361908
1558731643724 -361907
1558731643724 -361904
1558731643724 -361904
1558731643724 -361904
1558731643724 -361904
1558731643724 -361902
1558731643724 -361902
1558731643724 -361902
1558731643724 -361901
1558731643724 -361901
1558731643724 -361822
1558731643724 -361822
1558731643724 -361820
1558731643724 -361819
1558731643724 -361818
1558731643724 -361815
1558731643724 -361814
1558731643724 -361814
1558731643724 -361812
1558731643724 -361812
1558731643724 -361734
1558731643724 -361734
1558731643724 -361731
1558731643724 -361729
1558731643724 -361720
1558731643724 -361719
1558731643724 -361719
1558731643724 -361718
1558731643724 -361718
1558731643724 -361714
1558731643724 -361713
1558731643724 -361711
1558731643724 -361603
1558731643724 -361599
1558731643724 -361598
1558731643724 -361597
1558731643725 -361598
1558731643725 -361597
1558731643725 -361596
1558731643725 -361592
1558731643725 -361591
1558731643725 -361591
1558731643725 -361591
1558731643725 -361589
1558731643725 -361588
1558731643725 -361585
1558731643725 -361585
1558731643725 -361582
1558731643725 -361575
1558731643725 -361574
1558731643725 -361573
1558731643725 -361571
1558731643726 -413898
1558731643726 -413897
1558731643726 -413843
1558731643726 -413843
1558731643726 -349819
1558731643726 -349818
1558731643726 -349818
1558731643726 -349813
1558731643727 -349810
1558731643727 -349806
1558731643727 -349805
1558731643727 -349800
1558731643727 -349798
1558731643727 -349795
1558731643727 -349794
1558731643727 -349790
1558731643727 -349788
1558731643727 -349784
1558731643727 -349783
1558731643727 -349781
1558731643727 -349776
1558731643727 -349776
1558731643727 -349770
1558731643727 -349767
1558731643727 -349764
1558731643727 -349761
1558731643727 -349757
1558731643727 -349756
1558731643727 -349754
1558731643727 -349752
1558731643727 -349750
1558731643727 -349749
1558731643727 -349749
1558731643727 -349748
1558731643727 -349746
1558731643727 -349669
1558731643727 -349664
1558731643727 -349663
1558731643727 -349663
1558731643727 -349661
1558731643727 -349660
1558731643727 -349659
1558731643727 -349657
1558731643727 -349655
1558731643727 -349653
1558731643727 -349589
1558731643727 -349585
1558731643727 -349585
1558731643727 -349582
1558731643727 -349581
1558731643727 -349580
1558731643727 -349576
1558731643727 -349575
1558731643727 -349572
1558731643727 -349567
1558731643727 -349566
1558731643727 -349565
1558731643727 -349561
1558731643727 -349561
1558731643727 -349551
1558731643727 -349550
1558731643727 -349548
1558731643727 -349458
1558731643727 -349458
1558731643727 -349457
1558731643727 -349457
1558731643727 -349456
1558731643727 -349456
1558731643727 -349456
1558731643727 -349456
1558731643727 -349455
1558731643727 -349455
1558731643727 -349454
1558731643727 -349453
1558731643728 -349454
1558731643728 -349449
1558731643728 -349448
1558731643728 -349447
1558731643728 -349446
1558731643728 -349444
1558731643728 -349440
1558731643728 -349435
1558731643728 -349435
1558731643728 -349434
1558731643728 -349434
1558731643728 -349433
1558731643728 -349432
1558731643728 -349432
1558731643728 -349429
1558731643728 -349424
1558731643728 -349423
1558731643728 -349324
1558731643728 -349323
1558731643728 -349319
1558731643728 -349318
1558731643728 -349317
1558731643728 -349316
1558731643728 -349315
1558731643728 -349313
1558731643728 -349310
1558731643728 -349310
1558731643728 -349309
1558731643728 -349306
1558731643728 -349304
1558731643728 -349304
1558731643728 -349304
1558731643728 -349301
1558731643728 -349300
1558731643728 -349299
1558731643728 -349294
1558731643728 -349291
1558731643728 -349291
1558731643728 -349290
1558731643728 -349289
1558731643728 -349289
1558731643728 -349288
1558731643728 -349284
1558731643728 -349237
1558731643728 -349235
1558731643728 -349235
1558731643728 -349233
1558731643728 -349233
1558731643728 -349231
1558731643728 -349230
1558731643821 -349320
1558731643893 -349389
1558731643893 -349388
1558731643893 -349386
1558731643893 -349386
1558731643893 -349385
1558731643893 -349383
1558731643893 -349382
1558731643893 -349380
1558731643893 -349378
1558731643919 -369189
1558731643919 -369187
1558731643919 -369183
1558731643919 -369181
1558731643919 -369181
1558731643919 -369179
1558731643919 -369179
1558731643919 -167459
1558731643919 -167458
1558731643919 -167457
1558731643919 -167456
1558731643919 -167454
1558731643919 -167454
1558731643919 -167450
1558731643919 -167448
1558731643919 -167446
1558731643919 -167444
1558731643919 -167438
1558731643919 -167437
1558731643919 -167433
1558731643919 -167431
1558731643919 -167431
1558731643919 -167427
1558731643919 -167426
1558731643919 -167425
1558731643919 -167421
1558731643919 -167416
1558731643919 -167414
1558731643919 -167412
1558731643919 -167411
1558731643919 -167409
1558731643919 -167408
1558731643919 -167407
1558731643919 -167406
1558731643919 -167406
1558731643919 -167403
1558731643919 -167403
1558731643919 -167402
1558731643919 -167402
1558731643919 -167399
1558731643919 -167397
1558731643919 -167397
1558731643919 -167397
1558731643919 -167396
1558731643919 -167391
1558731643919 -167386
1558731643919 -167382
1558731643919 -167382
1558731643919 -167380
1558731643919 -167380
1558731643919 -167378
1558731643919 -167377
1558731643919 -167377
1558731643979 -361820
1558731643979 -340058
1558731643979 -340058
1558731643979 -340058
1558731643979 -340058
1558731643979 -340058
1558731643979 -340058
1558731643979 -340058
1558731643979 -340058
1558731643979 -340054
1558731643979 -340054
1558731643979 -340054
1558731643979 -137847
1558731643979 -137843
1558731643979 -137839
1558731643979 -137839
1558731643979 -137838
1558731643979 -137837
1558731643979 -137831
1558731643979 -137830
1558731643979 -137830
1558731643979 -137829
1558731643979 -137827
1558731643979 -137826
1558731643979 -137825
1558731643979 -137823
1558731643979 -137820
1558731643979 -137818
1558731643979 -137818
1558731643979 -137815
1558731643979 -137813
1558731643979 -137813
1558731643979 -137812
1558731643979 -137810
1558731643979 -137804
1558731643979 -137799
1558731643979 -137798
1558731643979 -137786
1558731643988 -137795
1558731643988 -137794
1558731643988 -137793
1558731643988 -137791
1558731643988 -137789
1558731643988 -137787
1558731643988 -137787
1558731643988 -137786
1558731643988 -137782
1558731643988 -137782
1558731643988 -137780
1558731643988 -137778
1558731643988 -137777
1558731643988 -137777
1558731643988 -137777
1558731643988 -137775
1558731643988 -137775
1558731643988 -137775
1558731643988 -137775
1558731643988 -137774
1558731643988 -137769
1558731643988 -137768
1558731643988 -137768
1558731643988 -137765
1558731643988 -137765
1558731643988 -137765
1558731643988 -137765
1558731643988 -137764
1558731643988 -137761
1558731643988 -137752
1558731643988 -137750
1558731643988 -137745
1558731643988 -137742
1558731643988 -137740
1558731643988 -137740
1558731643988 -137739
1558731643988 -137738
1558731643989 -137738
1558731643989 -137635
1558731643989 -137632
1558731643989 -137632
1558731643989 -137624
1558731643989 -137623
1558731643989 -137622
1558731643989 -137619
1558731643989 -137619
1558731643989 -137613
1558731643989 -137612
1558731643989 -137612
1558731643989 -137607
1558731643989 -137605
1558731643989 -137546
1558731643989 -137546
1558731643989 -137545
1558731643989 -137544
1558731643989 -137532
1558731643989 -137532
1558731643989 -137526
1558731643989 -137525
1558731643989 -137524
1558731643989 -137522
1558731643989 -137515
1558731643989 -137459
1558731643989 -137452
1558731643989 -137452
1558731643989 -137448
1558731643989 -137446
1558731643989 -137446
1558731643989 -137436
1558731643989 -137434
1558731643989 -137429
1558731643989 -137425
1558731643989 -137425
1558731643989 -137424
1558731643989 -137423
1558731643989 -137371
1558731643989 -137368
1558731643989 -137368
1558731643989 -137367
1558731643989 -349471
1558731643989 -349471
1558731643989 -349467
1558731643989 -349466
1558731643989 -107863
1558731643989 -107862
1558731643989 -107862
1558731643989 -107862
1558731643989 -107862
1558731643989 -107861
1558731643989 -107861
1558731643989 -107860
1558731643989 -107859
1558731643989 -107859
1558731643989 -107857
1558731643989 -107856
1558731643989 -107855
1558731643989 -107846
1558731643989 -107842
1558731643989 -107831
1558731643989 -107828
1558731643989 -107824
1558731643989 -107823
1558731643989 -107820
1558731643989 -107819
1558731643989 -107819
1558731643989 -107814
1558731643989 -107813
1558731643989 -107811
1558731643989 -107809
1558731643989 -107809
1558731643989 -107808
1558731643989 -107807
1558731643989 -107805
1558731643989 -107804
1558731643989 -107803
1558731643989 -107802
1558731643989 -107795
1558731643989 -107785
1558731643989 -107778
1558731643989 -107777
1558731643989 -107768
1558731643989 -107765
1558731643989 -107759
1558731643989 -107759
1558731643989 -107759
1558731643989 -107758
1558731643989 -107757
1558731643989 -107756
1558731643989 -107753
1558731643989 -107751
1558731643989 -107684
1558731643989 -107666
1558731643989 -107666
1558731643989 -107664
1558731643989 -107659
1558731643989 -107658
1558731643989 -107648
1558731643989 -107648
1558731643989 -107638
1558731643989 -107635
1558731643989 -107633
1558731643989 -107633
1558731643989 -107633
1558731643989 -107632
1558731643989 -107631
1558731643989 -107630
1558731643989 -107630
1558731643989 -107629
1558731643989 -107629
1558731643989 -107564
1558731643989 -107561
