1558731644417 -882671
1558731644417 -882666
1558731644417 -882666
1558731644417 -882666
1558731644417 -882666
1558731644417 -882665
1558731644417 -882665
1558731644417 -880852
1558731644417 -880852
1558731644417 -880852
1558731644417 -880852
1558731644417 -880852
1558731644417 -880852
1558731644417 -880851
1558731644417 -880851
1558731644417 -880851
1558731644417 -880851
1558731644417 -880851
1558731644417 -880851
1558731644417 -880851
1558731644417 -880204
1558731644417 -880204
1558731644417 -880203
1558731644417 -880203
1558731644417 -880203
1558731644417 -880203
1558731644417 -878595
1558731644417 -878594
1558731644417 -877935
1558731644417 -877934
1558731644417 -877934
1558731644417 -877934
1558731644417 -877934
1558731644417 -877933
1558731644417 -877933
1558731644417 -877933
1558731644417 -877933
1558731644417 -876528
1558731644417 -876528
1558731644417 -876528
1558731644417 -876528
1558731644417 -876528
1558731644417 -876527
1558731644417 -876526
1558731644417 -876525
1558731646597 -422532
1558731646597 -422532
1558731646597 -422531
1558731646597 -422531
1558731646597 -420626
1558731646597 -420622
1558731646597 -420622
1558731646597 -420520
1558731646597 -420520
1558731646597 -419175
1558731646597 -419175
1558731646597 -419175
1558731646597 -419174
1558731646597 -419174
1558731646597 -419174
1558731646597 -419172
1558731646597 -419172
1558731646597 -419172
1558731646597 -419126
1558731646597 -419125
1558731646597 -419124
1558731646597 -419123
1558731646597 -419123
1558731646597 -417919
1558731646597 -417919
1558731646597 -417919
1558731646597 -417919
1558731646597 -417919
1558731646597 -417919
1558731646597 -417871
1558731646597 -417871
1558731646597 -417871
1558731646893 -418167
1558731646893 -418167
1558731646893 -418167
1558731646893 -418167
1558731646893 -418167
1558731646893 -418164
1558731646893 -418164
1558731646893 -418164
1558731646893 -422621
1558731646893 -422621
1558731646893 -422621
1558731646893 -422617
1558731646893 -422617
1558731646893 -422617
1558731646893 -422617
1558731646893 -421137
1558731646893 -421137
1558731646893 -421137
1558731646893 -421137
1558731646893 -421137
1558731646893 -421137
1558731646893 -421137
1558731646893 -420660
1558731646893 -420660
1558731646893 -420658
1558731646893 -420657
1558731646893 -420655
1558731646893 -420655
1558731646893 -420655
1558731646893 -419641
1558731646893 -419640
1558731646893 -419639
1558731646893 -419639
1558731646893 -419637
1558731646893 -419262
1558731646893 -419261
1558731646893 -419261
1558731646893 -418345
1558731646893 -418343
1558731646893 -418343
1558731646893 -418342
1558731646893 -418342
1558731646893 -418054
1558731646893 -418053
1558731646893 -418052
1558731646893 -417372
1558731646893 -422539
1558731646893 -420220
1558731646893 -420217
1558731646893 -420217
1558731646893 -420051
1558731646893 -420049
1558731646893 -420049
1558731646893 -420049
1558731646893 -418968
1558731646893 -418968
1558731646893 -418968
1558731646893 -418968
1558731646893 -418968
1558731646893 -418967
1558731646893 -418967
1558731646893 -418961
1558731646893 -418648
1558731646893 -418647
1558731646893 -418647
1558731647049 -422304
1558731647049 -422303
1558731647049 -422302
1558731647049 -422302
1558731647049 -422202
1558731647049 -422202
1558731647049 -422202
1558731647049 -422202
1558731647049 -422201
1558731647049 -422201
1558731647049 -420288
1558731647049 -420287
1558731647049 -420287
1558731647049 -420287
1558731647049 -420287
1558731647049 -420287
1558731647049 -420287
1558731647049 -420227
1558731647049 -420227
1558731647049 -420227
1558731647049 -420227
1558731647049 -420226
1558731647049 -420226
1558731647049 -420226
1558731647049 -418986
1558731647049 -418985
1558731647049 -418982
1558731647049 -418957
1558731647049 -418957
1558731647049 -418956
1558731647049 -418956
1558731647049 -418956
1558731647049 -418956
1558731647049 -418956
1558731647049 -418956
1558731647049 -418955
1558731647049 -418955
1558731647049 -418955
1558731647049 -418954
1558731647049 -418954
1558731647049 -417439
1558731647049 -417439
1558731647049 -417438
1558731647049 -417438
1558731647200 -417589
1558731647200 -417589
1558731647200 -417589
1558731647200 -417589
1558731647200 -417567
1558731647200 -417567
1558731647200 -417567
1558731647201 -417567
1558731647201 -417567
1558731647201 -417127
1558731647201 -415719
1558731647201 -415717
1558731647201 -415712
1558731647201 -415710
1558731647201 -415696
1558731647201 -415688
1558731647201 -415687
1558731647201 -415687
1558731647201 -415673
1558731647201 -415671
1558731647201 -415670
1558731647201 -415652
1558731647201 -415651
1558731647201 -415630
1558731647201 -415626
1558731647201 -415614
1558731647201 -415611
1558731647201 -415605
1558731647201 -415595
1558731647201 -415594
1558731647201 -415504
1558731647201 -415503
1558731647201 -415494
1558731647201 -415487
1558731647201 -415472
1558731647201 -415471
1558731647201 -415470
1558731647201 -415461
1558731647201 -415460
1558731647201 -415458
1558731647201 -415457
1558731647201 -415447
1558731647201 -415441
1558731647201 -415374
1558731647201 -415371
1558731647201 -415364
1558731647201 -415362
1558731647201 -415360
1558731647201 -415360
1558731647201 -415347
1558731647201 -415347
1558731647201 -415284
1558731647201 -415281
1558731647201 -415276
1558731647201 -415275
1558731647201 -415275
1558731647201 -415271
1558731647201 -415271
1558731647201 -415255
1558731647201 -415249
1558731647201 -415248
1558731647201 -415199
1558731647201 -415199
1558731647201 -415185
1558731647201 -415185
1558731647201 -415180
1558731647201 -415179
1558731647201 -415168
1558731647201 -415167
1558731647201 -415165
1558731647201 -415164
1558731647201 -415161
1558731647201 -415161
1558731647201 -415157
1558731647201 -415156
1558731647201 -415151
1558731647201 -415150
1558731647201 -415125
1558731647201 -415108
1558731647201 -415104
1558731647201 -415101
1558731647201 -415097
1558731647201 -415093
1558731647201 -415093
1558731647201 -415079
1558731647201 -415072
1558731647201 -415070
1558731647201 -415023
1558731647201 -415021
1558731647201 -415019
1558731647201 -415019
1558731647201 -415006
1558731647201 -415002
1558731647201 -415000
1558731647201 -414992
1558731647201 -414987
1558731647201 -414986
1558731647201 -414975
1558731647201 -414972
1558731647201 -414963
1558731647201 -414961
1558731647201 -414960
1558731647201 -414956
1558731647201 -414955
1558731647201 -414951
1558731647201 -414947
1558731647201 -414946
1558731647201 -414943
1558731647201 -414940
1558731647201 -414932
1558731647201 -414929
1558731647201 -414919
1558731647201 -414911
1558731647201 -414909
1558731647201 -414908
1558731647201 -414897
1558731647201 -414892
1558731647201 -417680
1558731647201 -417678
1558731647201 -417454
1558731647201 -417453
1558731647201 -417453
1558731647201 -417453
1558731647201 -417453
1558731647201 -417453
1558731647201 -417453
1558731647201 -417453
1558731647201 -417286
1558731647201 -413969
1558731647201 -413968
1558731647201 -413967
1558731647201 -413956
1558731647201 -413951
1558731647201 -413950
1558731647201 -413940
1558731647201 -413938
1558731647201 -413935
1558731647201 -413934
1558731647201 -413917
1558731647201 -413917
1558731647201 -413909
1558731647201 -413907
1558731647201 -413903
1558731647201 -413902
1558731647201 -413829
1558731647201 -413829
1558731647201 -413829
1558731647201 -413828
1558731647201 -413828
1558731647201 -413828
1558731647201 -413745
1558731647201 -413744
1558731647201 -413740
1558731647201 -413738
1558731647201 -413738
1558731647201 -413722
1558731647201 -413721
1558731647201 -413660
1558731647201 -413659
1558731647201 -413658
1558731647201 -413657
1558731647201 -413641
1558731647201 -413638
1558731647201 -413568
1558731647201 -413568
1558731647201 -413559
1558731647201 -413556
1558731647201 -413556
1558731647202 -418128
1558731647202 -418126
1558731647202 -418126
1558731647202 -417881
1558731647202 -417881
1558731647202 -417880
1558731647202 -417880
1558731647202 -417880
1558731647202 -417878
1558731647202 -417380
1558731647202 -417380
1558731647202 -417380
1558731647202 -417380
1558731647202 -417316
1558731647202 -417316
1558731647202 -417316
1558731647202 -417316
1558731647202 -417316
1558731647202 -417316
1558731647202 -417316
1558731647202 -408869
1558731647202 -408867
1558731647202 -408855
1558731647202 -408855
1558731647202 -408852
1558731647202 -408852
1558731647202 -408842
1558731647202 -408842
1558731647202 -408841
1558731647202 -408840
1558731647202 -408836
1558731647202 -408835
1558731647202 -408832
1558731647202 -408822
1558731647202 -408822
1558731647202 -408811
1558731647202 -408811
1558731647202 -408809
1558731647202 -408805
1558731647202 -408794
1558731647202 -408793
1558731647202 -408793
1558731647202 -408793
1558731647202 -408792
1558731647202 -408785
1558731647202 -408779
1558731647202 -408778
1558731647202 -408777
1558731647202 -408767
1558731647202 -408707
1558731647202 -408705
1558731647817 -418582
1558731647817 -418581
1558731647817 -418581
1558731647817 -418581
1558731647817 -418581
1558731647817 -418553
1558731647817 -418553
1558731647817 -418552
1558731647817 -418552
1558731647817 -418552
1558731647817 -378590
1558731647817 -378588
1558731647817 -378578
1558731647817 -378577
1558731647817 -378576
1558731647817 -378573
1558731647817 -378568
1558731647817 -378566
1558731647817 -378563
1558731647817 -378562
1558731647817 -378562
1558731647817 -378562
1558731647817 -378558
1558731647817 -378558
1558731647817 -378557
1558731647817 -378557
1558731647817 -378556
1558731647817 -378553
1558731647817 -378551
1558731647817 -378545
1558731647817 -378544
1558731647817 -378541
1558731647817 -378541
1558731647817 -378538
1558731647817 -378538
1558731647817 -378535
1558731647817 -378430
1558731647817 -378428
1558731647817 -378425
1558731647817 -378423
1558731647817 -378419
1558731647817 -378418
1558731647817 -378413
1558731647817 -378412
1558731647817 -378410
1558731647817 -378407
1558731647817 -378407
1558731647817 -378341
1558731647817 -378338
1558731647817 -378336
1558731647817 -378335
1558731647817 -378334
1558731647817 -378333
1558731647817 -378332
1558731647817 -378332
1558731647817 -378332
1558731647817 -378259
1558731647817 -378259
1558731647817 -378255
1558731647817 -378255
1558731647817 -378252
1558731647817 -378249
1558731647817 -378249
1558731647817 -378246
1558731647817 -378246
1558731647817 -378170
1558731647817 -378170
1558731647817 -378167
1558731647817 -378167
1558731647817 -378166
1558731647817 -378164
1558731647817 -378138
1558731647817 -378138
1558731647817 -378138
1558731647817 -378138
1558731647817 -378138
1558731647817 -378138
1558731647817 -378138
1558731647817 -378138
1558731647817 -378138
1558731647817 -378137
1558731647817 -378137
1558731647817 -378137
1558731647817 -378137
1558731647817 -378137
1558731647817 -378137
1558731647817 -378137
1558731647817 -378137
1558731647817 -378136
1558731647817 -378134
1558731647817 -378131
1558731647817 -378032
1558731647817 -378031
1558731647817 -378030
1558731647817 -378027
1558731647817 -378026
1558731647817 -378025
1558731647817 -378021
1558731647817 -378020
1558731647817 -378018
1558731647817 -378015
1558731647817 -378014
1558731647817 -378013
1558731647817 -378010
1558731647817 -378009
1558731647817 -377951
1558731647817 -377951
1558731647817 -377951
1558731647817 -377951
1558731647817 -377950
1558731647817 -377949
1558731647817 -377949
1558731647817 -377948
1558731647817 -377947
1558731647817 -377940
1558731647817 -377940
1558731647817 -377936
1558731647817 -377928
1558731647817 -377928
1558731647817 -377927
1558731647817 -377925
1558731647817 -377925
1558731647817 -415506
1558731647817 -415502
1558731647817 -415492
1558731647817 -415491
1558731647817 -415490
1558731647817 -415488
1558731647817 -369753
1558731647817 -369753
1558731647817 -369753
1558731647817 -369752
1558731647817 -369752
1558731647817 -369751
1558731647817 -369751
1558731647817 -369750
1558731647817 -369749
1558731647817 -369748
1558731647817 -369747
1558731647817 -369744
1558731647817 -369744
1558731647817 -369744
1558731647817 -369739
1558731647817 -369738
1558731647817 -369735
1558731647817 -369735
1558731647817 -369727
1558731647817 -369727
1558731647817 -369725
1558731647817 -369721
1558731647817 -369719
1558731647817 -369719
1558731647817 -369718
1558731647817 -369714
1558731647817 -369712
1558731647817 -369711
1558731647817 -369710
1558731647817 -369708
1558731647817 -369705
1558731647817 -369702
1558731647817 -369692
1558731647817 -369691
1558731647817 -369681
1558731647817 -369679
1558731647817 -369679
1558731647817 -369679
1558731647817 -369676
1558731647817 -369673
1558731647817 -369670
1558731647817 -369668
1558731647817 -369667
1558731647817 -369666
1558731647817 -369660
1558731647817 -369659
1558731647817 -369650
1558731647817 -369645
1558731647817 -369645
1558731647817 -369643
1558731647817 -369641
1558731647817 -369633
1558731647817 -369630
1558731647817 -369627
1558731647817 -369624
1558731647817 -369622
1558731647817 -369617
1558731647817 -369561
1558731647817 -369559
1558731647817 -369558
1558731647817 -369555
1558731647817 -369545
1558731647817 -369544
1558731647817 -369544
1558731647817 -369543
1558731647817 -369542
1558731647817 -369541
1558731647817 -369539
1558731647817 -369537
1558731647817 -369487
1558731647817 -369486
1558731647817 -369484
1558731647817 -369480
1558731647817 -369478
1558731647817 -369478
1558731647817 -369476
1558731647817 -369473
1558731647817 -369470
1558731647817 -369470
1558731647817 -369468
1558731647817 -369465
1558731647817 -369464
1558731647817 -369462
1558731647818 -414170
1558731647818 -414169
1558731647818 -414168
1558731647818 -414159
1558731647818 -414157
1558731647818 -414153
1558731647818 -414150
1558731647818 -414141
1558731647818 -414141
1558731647818 -414139
1558731647818 -414138
1558731647818 -414137
1558731647818 -414128
1558731647818 -414127
1558731647818 -357886
1558731647818 -357886
1558731647818 -357886
1558731647818 -357886
1558731647818 -357882
1558731647818 -357881
1558731647818 -357881
1558731647818 -357881
1558731647818 -357881
1558731647818 -357881
1558731647818 -357880
1558731647818 -357880
1558731647818 -357877
1558731647818 -357877
1558731647818 -357876
1558731647818 -357875
1558731647818 -357874
1558731647818 -357873
1558731647818 -357873
1558731647818 -357873
1558731647818 -357872
1558731647818 -357872
1558731647818 -357871
1558731647818 -357870
1558731647818 -357870
1558731647818 -357870
1558731647818 -357865
1558731647818 -357864
1558731647818 -357858
1558731647818 -357855
1558731647818 -357852
1558731647818 -357847
1558731647818 -357847
1558731647818 -357844
1558731647818 -357844
1558731647818 -357842
1558731647818 -357836
1558731647818 -357835
1558731647818 -357832
1558731647818 -357828
1558731647818 -357827
1558731647818 -357824
1558731647818 -357822
1558731647818 -357822
1558731647818 -357819
1558731647818 -357815
1558731647818 -357797
1558731647818 -357797
1558731647818 -357796
1558731647818 -357796
1558731647818 -357795
1558731647818 -357795
1558731647818 -357795
1558731647818 -357792
1558731647818 -357790
1558731647818 -357789
1558731647818 -357788
1558731647818 -357784
1558731647818 -357783
1558731647818 -357779
1558731647818 -357779
1558731647818 -357778
1558731647818 -357778
1558731647818 -357777
1558731647818 -357775
1558731647818 -357676
1558731647818 -357674
1558731647818 -357671
1558731647818 -357670
1558731647818 -357665
1558731647818 -357587
1558731647818 -357587
1558731647818 -357584
1558731647818 -357583
1558731647818 -357582
1558731647818 -357581
1558731647818 -357579
1558731647818 -357578
1558731647818 -357573
1558731647818 -357572
1558731647818 -357571
1558731647818 -357570
1558731647818 -357569
1558731647818 -357567
1558731647818 -357565
1558731647818 -357563
1558731647818 -357560
1558731647818 -357557
1558731647818 -357555
1558731647818 -357555
1558731647818 -357554
1558731647818 -357549
1558731647818 -357456
1558731647818 -357456
1558731647818 -357454
1558731647818 -357450
1558731647818 -357450
1558731647818 -357448
1558731647818 -357447
1558731647818 -357446
1558731647818 -357443
1558731647818 -357443
1558731647818 -357441
1558731647818 -357436
1558731647818 -357435
1558731647818 -357434
1558731647818 -357433
1558731647818 -357431
1558731647818 -357430
1558731647818 -357427
1558731647818 -357427
1558731647818 -357421
1558731647818 -357419
1558731647818 -357366
1558731647818 -357363
1558731647818 -357351
1558731647818 -357351
1558731647818 -357349
1558731647818 -357348
1558731647818 -357348
1558731647818 -357345
1558731647818 -357342
1558731647818 -357279
1558731647818 -357279
1558731647818 -357278
1558731647818 -357278
1558731647818 -357272
1558731647818 -357268
1558731647818 -357267
1558731647818 -357265
1558731647818 -357238
1558731647818 -357233
1558731647818 -357233
1558731647830 -357242
1558731647830 -357242
1558731647830 -357236
1558731647830 -357235
1558731647830 -357230
1558731647830 -357226
1558731647830 -357225
1558731647830 -357223
1558731647830 -357218
1558731647830 -357213
1558731647830 -357213
1558731647830 -357212
1558731647830 -357209
1558731647830 -357161
1558731647830 -357161
1558731647830 -357160
1558731647830 -357160
1558731647830 -357159
1558731647830 -357158
1558731647830 -357157
1558731647830 -357156
1558731647830 -357155
1558731647830 -357149
1558731647830 -357145
1558731647870 -409373
1558731647870 -409367
1558731647870 -409355
1558731647870 -409353
1558731647870 -409336
1558731647870 -409336
1558731647870 -409335
1558731647870 -409331
1558731647870 -409323
1558731647870 -409323
1558731647870 -409296
1558731647870 -335164
1558731647870 -335160
1558731647870 -335158
1558731647870 -335153
1558731647871 -335154
1558731647871 -335147
1558731647871 -335143
1558731647871 -335142
1558731647871 -335139
1558731647871 -335136
1558731647871 -335135
1558731647871 -335135
1558731647871 -335131
1558731647871 -335126
1558731647871 -335125
1558731647871 -335124
1558731647871 -335124
1558731647871 -335120
1558731647871 -335120
1558731647871 -335116
1558731647871 -335116
1558731647871 -335112
1558731647871 -335112
1558731647871 -335111
1558731647871 -335111
1558731647871 -335109
1558731647871 -335101
1558731647871 -335099
1558731647871 -335094
1558731647871 -335094
1558731647871 -335093
1558731647871 -335090
1558731647871 -335090
1558731647871 -335090
1558731647871 -335088
1558731647871 -335085
1558731647871 -335083
1558731647871 -335078
1558731647871 -335077
1558731647871 -335076
1558731647871 -334981
1558731647871 -334975
1558731647871 -334974
1558731647871 -334974
1558731647871 -334974
1558731647871 -334973
1558731647871 -334972
1558731647871 -334971
1558731647871 -334969
1558731647871 -334892
1558731647871 -334892
1558731647871 -334891
1558731647871 -334890
1558731647871 -334888
1558731647871 -334887
1558731647871 -334885
1558731647871 -334885
1558731647871 -334883
1558731647871 -334881
1558731647871 -334878
1558731647871 -334869
1558731647871 -334864
1558731647871 -334864
1558731647871 -334859
1558731647871 -334855
1558731647871 -334853
1558731647871 -334852
1558731647871 -334852
1558731647872 -334852
1558731647872 -334757
1558731647872 -334754
1558731647872 -334752
1558731647872 -334752
1558731647872 -334750
1558731647872 -334747
1558731647872 -334743
1558731647872 -334742
1558731647872 -334740
1558731647872 -334740
1558731647872 -334739
1558731647872 -334737
1558731647872 -334736
1558731647872 -334735
1558731647872 -334735
1558731647872 -334734
1558731647872 -334734
1558731647872 -334733
1558731647872 -334733
1558731647872 -334731
1558731647872 -334728
1558731647872 -334728
1558731647872 -334728
1558731647872 -334674
1558731647872 -334673
1558731647872 -334672
1558731647872 -334671
1558731647872 -334669
1558731647872 -334667
1558731647872 -334666
1558731647872 -334664
1558731647872 -334664
1558731647872 -334662
1558731647872 -334657
1558731647872 -334654
1558731647872 -334653
1558731647872 -334653
1558731647872 -334650
1558731647872 -334650
1558731647872 -334641
1558731647872 -334585
1558731647872 -334585
1558731647921 -334634
1558731647921 -334634
1558731647921 -334633
1558731647921 -334631
1558731647921 -334622
1558731647921 -334622
1558731647921 -334621
1558731647921 -334621
1558731647921 -334620
1558731647921 -334613
1558731647921 -334611
1558731647921 -334611
1558731647921 -334609
1558731647921 -334605
1558731647921 -334544
1558731647921 -334544
1558731647921 -334543
1558731647921 -334538
1558731647921 -334537
1558731647922 -334533
1558731647922 -334531
1558731647922 -334530
1558731647922 -334526
1558731647922 -334522
1558731647922 -334520
1558731647922 -334518
1558731647922 -334514
1558731647922 -334513
1558731647922 -334512
1558731647922 -334460
1558731647922 -334459
1558731647922 -334458
1558731647922 -334456
1558731647922 -334456
1558731647922 -334454
1558731647922 -334452
1558731647922 -334450
1558731647922 -334449
1558731647922 -334447
1558731647922 -334447
1558731647922 -334445
1558731647922 -334443
1558731647922 -334440
1558731647922 -334440
1558731647922 -334438
1558731647922 -334432
1558731647922 -334430
1558731647922 -334429
1558731647922 -334427
1558731647922 -334423
1558731647922 -334418
1558731647922 -334415
1558731647922 -334413
1558731647922 -334413
1558731647922 -334412
1558731647922 -334411
1558731647922 -334410
1558731648045 -378147
1558731648045 -378146
1558731648045 -378146
1558731648045 -378144
1558731648045 -378138
1558731648045 -378135
1558731648045 -378133
1558731648045 -378133
1558731648045 -378124
1558731648045 -181355
1558731648045 -181352
1558731648045 -181351
1558731648045 -181348
1558731648045 -181345
1558731648045 -181344
1558731648045 -181341
1558731648045 -181338
1558731648045 -181336
1558731648045 -181335
1558731648045 -181332
1558731648045 -181330
1558731648045 -181324
1558731648045 -181324
1558731648045 -181323
1558731648045 -181323
1558731648045 -181318
1558731648045 -181316
1558731648045 -181315
1558731648045 -181313
1558731648045 -181310
1558731648045 -181308
1558731648045 -181306
1558731648045 -181299
1558731648045 -181297
1558731648045 -181296
1558731648045 -181296
1558731648045 -181295
1558731648045 -181289
1558731648045 -181288
1558731648045 -181286
1558731648045 -181284
1558731648045 -181281
1558731648045 -181279
1558731648045 -181278
1558731648045 -181276
1558731648045 -181274
1558731648045 -181270
1558731648045 -181269
1558731648045 -181269
1558731648045 -181268
1558731648045 -181263
1558731648045 -181262
1558731648045 -181261
1558731648045 -181257
1558731648045 -181255
1558731648045 -181254
1558731648045 -181253
1558731648122 -181325
1558731648122 -181325
1558731648122 -181261
1558731648122 -181257
1558731648122 -181256
1558731648122 -181255
1558731648122 -181254
1558731648122 -181252
1558731648122 -181249
1558731648122 -181249
1558731648122 -181249
1558731648122 -181247
1558731648122 -181247
1558731648122 -181245
1558731648122 -181239
1558731648122 -181238
1558731648122 -181237
1558731648122 -181237
1558731648122 -181236
1558731648122 -181180
1558731648123 -181181
1558731648123 -181179
1558731648123 -181178
1558731648123 -181176
1558731648123 -181173
1558731648123 -181173
1558731648123 -181168
1558731648123 -181166
1558731648123 -181165
1558731648123 -181162
1558731648123 -181161
1558731648123 -181160
1558731648123 -181157
1558731648123 -181092
1558731648123 -181091
1558731648123 -181088
1558731648123 -181088
1558731648123 -181087
1558731648123 -181086
1558731648123 -181083
1558731648123 -181077
1558731648123 -181076
1558731648123 -181073
1558731648123 -181072
1558731648123 -181072
1558731648123 -181072
1558731648123 -181069
1558731648123 -181068
