1558731642589 -418440
1558731642589 -416697
1558731642589 -416697
1558731642589 -416697
1558731642589 -416696
1558731642589 -416696
1558731642589 -416696
1558731642589 -416447
1558731642589 -416447
1558731642589 -416446
1558731642651 -416506
1558731642651 -416506
1558731642685 -416540
1558731642685 -416536
1558731642685 -416536
1558731642685 -415338
1558731642685 -415338
1558731642685 -415338
1558731642685 -415338
1558731642685 -415337
1558731642685 -415337
1558731642685 -415337
1558731642685 -415150
1558731642685 -415150
1558731642685 -418637
1558731642685 -418637
1558731642685 -418637
1558731642685 -418637
1558731642685 -418629
1558731642685 -416698
1558731642685 -416689
1558731642685 -416689
1558731642685 -416687
1558731642685 -416687
1558731642685 -416624
1558731642685 -416624
1558731642685 -416623
1558731642685 -416623
1558731642685 -416623
1558731642685 -416614
1558731642685 -415249
1558731642685 -415249
1558731642685 -415249
1558731642685 -415249
1558731642685 -415248
1558731642685 -415248
1558731642685 -415248
1558731642685 -415248
1558731642685 -415248
1558731642685 -415246
1558731642685 -415246
1558731642685 -415246
1558731642685 -415244
1558731642685 -415222
1558731642685 -415222
1558731642685 -415222
1558731642685 -413997
1558731642685 -413996
1558731642685 -413996
1558731642685 -413996
1558731642685 -413996
1558731642685 -413964
1558731642685 -413964
1558731642685 -413072
1558731642685 -413070
1558731642685 -413070
1558731642685 -418545
1558731642685 -418545
1558731642685 -418545
1558731642685 -418542
1558731642685 -416785
1558731642685 -416785
1558731642685 -416785
1558731642685 -416785
1558731642685 -416785
1558731642685 -416785
1558731642685 -416548
1558731642685 -416545
1558731642685 -416545
1558731642685 -416544
1558731642685 -416544
1558731642685 -416544
1558731642685 -415332
1558731642685 -415332
1558731642685 -415331
1558731642685 -415331
1558731642685 -415331
1558731642685 -415331
1558731642685 -415331
1558731642685 -415331
1558731642685 -415331
1558731642685 -415331
1558731642685 -415331
1558731642685 -415330
1558731642685 -415154
1558731642685 -415152
1558731642685 -415152
1558731642685 -414084
1558731642685 -414084
1558731642685 -414082
1558731642685 -414082
1558731642685 -414082
1558731642685 -414081
1558731642685 -414081
1558731642686 -413902
1558731642686 -413901
1558731642686 -413901
1558731642686 -413900
1558731642686 -413899
1558731642686 -413898
1558731642686 -413898
1558731642686 -413130
1558731642686 -413130
1558731642686 -413130
1558731642686 -413129
1558731642686 -413128
1558731642686 -413128
1558731642686 -414090
1558731642686 -414090
1558731642686 -414089
1558731642686 -414088
1558731642686 -414088
1558731642686 -414088
1558731642686 -414087
1558731642686 -414087
1558731642686 -414087
1558731642686 -413897
1558731642686 -413897
1558731642686 -413897
1558731642686 -413894
1558731642686 -413131
1558731642686 -413131
1558731642686 -413131
1558731642686 -412961
1558731642686 -412961
1558731642686 -412961
1558731642686 -412960
1558731642686 -412960
1558731642686 -412960
1558731642686 -412960
1558731642686 -412960
1558731642686 -412766
1558731642686 -412764
1558731642686 -412764
1558731642686 -412763
1558731642686 -412763
1558731642686 -412763
1558731642686 -412763
1558731642686 -412763
1558731642686 -412581
1558731642686 -412581
1558731642686 -412581
1558731642686 -412581
1558731642686 -412581
1558731642686 -412581
1558731642686 -412580
1558731642686 -412553
1558731642686 -412553
1558731642686 -412553
1558731642686 -412552
1558731642950 -413334
1558731642950 -413320
1558731642950 -413320
1558731642950 -413320
1558731642950 -413319
1558731642950 -412876
1558731642950 -412876
1558731642950 -412876
1558731642950 -412875
1558731642950 -412875
1558731642950 -412875
1558731642950 -412875
1558731642950 -412875
1558731642950 -410323
1558731642950 -410323
1558731642950 -410321
1558731642950 -410319
1558731642950 -410314
1558731642950 -410304
1558731642950 -410297
1558731642951 -410298
1558731642951 -410296
1558731642951 -410296
1558731642951 -410293
1558731642951 -410293
1558731642951 -410291
1558731642951 -410289
1558731642951 -410278
1558731642951 -410278
1558731642951 -410275
1558731642951 -410272
1558731642951 -410258
1558731642951 -410256
1558731642951 -410252
1558731642951 -410247
1558731642951 -410247
1558731642951 -410247
1558731642951 -410244
1558731642951 -410238
1558731642951 -410237
1558731642951 -410232
1558731642951 -410230
1558731642951 -410227
1558731642951 -410222
1558731642951 -410169
1558731642951 -410167
1558731642979 -410190
1558731642979 -410186
1558731642979 -410175
1558731642979 -410173
1558731642979 -410170
1558731642979 -410167
1558731642979 -410161
1558731642979 -410158
1558731642979 -410146
1558731642979 -410146
1558731642979 -410144
1558731642979 -410138
1558731642979 -410129
1558731642979 -410061
1558731642979 -410060
1558731642979 -410054
1558731642979 -410053
1558731642980 -410053
1558731642980 -410053
1558731642980 -410051
1558731642980 -410051
1558731642980 -410049
1558731642980 -410047
1558731642980 -410046
1558731642980 -410042
1558731642980 -409973
1558731642980 -409970
1558731642980 -409963
1558731642980 -409961
1558731642980 -409961
1558731642980 -409960
1558731642980 -409959
1558731642980 -409948
1558731642980 -409884
1558731642980 -409882
1558731642980 -409873
1558731642980 -409871
1558731642980 -409866
1558731642980 -409854
1558731642980 -409853
1558731642980 -409798
1558731642980 -409786
1558731642980 -409784
1558731642980 -409781
1558731642980 -409781
1558731642980 -409781
1558731642980 -409767
1558731642980 -409767
1558731642980 -409767
1558731642980 -409702
1558731642980 -409700
1558731642980 -409699
1558731642980 -409696
1558731642980 -409693
1558731642980 -409684
1558731642980 -409684
1558731642980 -409683
1558731642980 -409683
1558731642980 -409682
1558731642980 -409617
1558731642980 -409616
1558731642980 -409613
1558731642980 -409604
1558731642980 -409603
1558731642980 -409589
1558731642980 -409586
1558731642980 -409584
1558731642980 -409533
1558731642980 -409532
1558731642980 -409524
1558731642980 -409518
1558731642980 -409518
1558731642980 -409514
1558731642980 -409513
1558731642980 -409511
1558731642980 -409511
1558731642980 -409495
1558731642980 -409494
1558731642980 -409494
1558731642980 -409426
1558731642980 -409425
1558731643185 -413627
1558731643185 -413626
1558731643185 -413626
1558731643185 -413626
1558731643185 -413283
1558731643185 -413283
1558731643185 -413283
1558731643185 -413283
1558731643185 -413283
1558731643185 -413283
1558731643185 -413282
1558731643185 -413070
1558731643185 -403911
1558731643185 -403908
1558731643185 -403908
1558731643185 -403907
1558731643185 -403895
1558731643185 -403892
1558731643185 -403892
1558731643185 -403889
1558731643185 -403888
1558731643185 -403888
1558731643185 -403887
1558731643185 -403880
1558731643185 -403880
1558731643185 -403877
1558731643185 -403876
1558731643185 -403874
1558731643185 -403863
1558731643185 -403849
1558731643185 -403849
1558731643185 -403836
1558731643185 -403834
1558731643185 -403834
1558731643185 -403833
1558731643185 -403832
1558731643185 -403831
1558731643185 -403831
1558731643185 -403829
1558731643185 -403829
1558731643185 -403827
1558731643185 -403826
1558731643185 -403823
1558731643185 -403815
1558731643185 -403807
1558731643185 -403798
1558731643185 -403798
1558731643185 -403747
1558731643185 -403746
1558731643185 -403746
1558731643185 -403746
1558731643185 -403745
1558731643185 -403745
1558731643185 -403744
1558731643185 -403744
1558731643185 -403743
1558731643185 -403741
1558731643185 -403740
1558731643185 -403739
1558731643185 -403668
1558731643185 -403667
1558731643185 -403667
1558731643185 -403665
1558731643185 -403665
1558731643185 -403656
1558731643185 -403652
1558731643185 -403651
1558731643185 -403647
1558731643185 -403647
1558731643185 -403624
1558731643185 -403624
1558731643185 -403623
1558731643185 -403623
1558731643185 -403622
1558731643185 -403621
1558731643185 -403621
1558731643185 -403620
1558731643185 -403620
1558731643185 -403620
1558731643185 -403607
1558731643185 -403605
1558731643185 -403601
1558731643185 -403599
1558731643185 -403595
1558731643185 -403490
1558731643185 -403487
1558731643185 -403487
1558731643185 -403484
1558731643185 -403480
1558731643185 -403479
1558731643185 -403478
1558731643185 -403478
1558731643185 -403476
1558731643185 -403474
1558731643185 -403474
1558731643185 -403474
1558731643185 -403470
1558731643185 -403469
1558731643185 -403464
1558731643185 -403462
1558731643185 -403359
1558731643185 -403358
1558731643185 -403355
1558731643185 -403348
1558731643185 -403344
1558731643185 -403342
1558731643185 -403341
1558731643185 -403334
1558731643185 -403325
1558731643185 -403325
1558731643185 -403324
1558731643185 -403320
1558731643185 -403312
1558731643185 -403311
1558731643185 -403309
1558731643185 -403304
1558731643185 -403303
1558731643185 -403298
1558731643185 -403297
1558731643185 -403293
1558731643185 -403291
1558731643185 -403291
1558731643185 -403289
1558731643185 -403288
1558731643185 -403288
1558731643185 -403284
1558731643185 -403284
1558731643185 -403284
1558731643185 -403283
1558731643185 -403282
1558731643185 -403282
1558731643185 -403281
1558731643185 -403274
1558731643185 -403272
1558731643185 -403269
1558731643185 -403268
1558731643185 -403268
1558731643185 -403262
1558731643185 -403262
1558731643185 -403254
1558731643185 -403180
1558731643185 -403147
1558731643185 -403147
1558731643185 -403146
1558731643185 -403145
1558731643185 -403145
1558731643185 -403145
1558731643185 -403144
1558731643185 -403143
1558731643185 -403143
1558731643185 -403143
1558731643185 -403142
1558731643185 -403132
1558731643185 -403131
1558731643185 -403116
1558731643185 -403112
1558731643185 -403110
1558731643185 -403109
1558731643186 -403107
1558731643186 -403105
1558731643186 -403103
1558731643186 -403095
1558731643186 -403086
1558731643186 -403081
1558731643186 -403064
1558731643186 -403063
1558731643186 -403062
1558731643186 -403058
1558731643186 -403055
1558731643186 -403055
1558731643186 -403054
1558731643186 -403054
1558731643589 -413455
1558731643589 -413446
1558731643589 -413445
1558731643589 -408244
1558731643589 -408244
1558731643589 -408244
1558731643589 -408244
1558731643589 -408244
1558731643589 -408244
1558731643589 -408244
1558731643589 -408244
1558731643589 -408244
1558731643589 -408243
1558731643589 -408243
1558731643589 -408243
1558731643589 -379029
1558731643589 -379028
1558731643589 -379025
1558731643589 -379024
1558731643589 -379023
1558731643589 -379016
1558731643589 -379015
1558731643589 -379010
1558731643589 -379008
1558731643589 -379006
1558731643589 -379006
1558731643589 -379005
1558731643589 -379001
1558731643589 -379000
1558731643589 -379000
1558731643589 -378995
1558731643589 -378992
1558731643589 -378989
1558731643589 -378986
1558731643589 -378985
1558731643589 -378985
1558731643589 -378983
1558731643589 -378981
1558731643589 -378978
1558731643589 -378974
1558731643589 -378944
1558731643589 -378941
1558731643589 -378939
1558731643589 -378932
1558731643589 -378927
1558731643589 -378927
1558731643589 -378927
1558731643589 -378926
1558731643589 -378926
1558731643589 -378922
1558731643589 -378922
1558731643589 -378922
1558731643589 -378919
1558731643589 -378917
1558731643589 -378916
1558731643589 -378915
1558731643589 -378831
1558731643589 -378831
1558731643589 -378829
1558731643589 -378827
1558731643589 -378822
1558731643589 -378820
1558731643589 -378820
1558731643589 -378813
1558731643589 -378810
1558731643589 -378809
1558731643589 -378808
1558731643589 -378805
1558731643589 -378803
1558731643589 -378803
1558731643589 -378703
1558731643589 -378701
1558731643589 -378697
1558731643589 -378682
1558731643589 -378680
1558731643589 -378677
1558731643589 -378676
1558731643589 -378662
1558731643589 -378661
1558731643589 -378658
1558731643589 -378655
1558731643589 -378654
1558731643589 -378654
1558731643589 -378648
1558731643589 -378644
1558731643589 -378643
1558731643589 -378641
1558731643589 -378641
1558731643589 -378567
1558731643589 -378560
1558731643589 -378555
1558731643589 -378555
1558731643589 -378554
1558731643589 -378552
1558731643589 -378550
1558731643589 -378549
1558731643589 -378548
1558731643589 -378547
1558731643589 -378543
1558731643589 -378543
1558731643589 -378541
1558731643589 -378541
1558731643589 -378540
1558731643589 -378534
1558731643589 -378534
1558731643589 -378533
1558731643589 -378438
1558731643589 -378435
1558731643589 -378435
1558731643589 -378433
1558731643589 -378432
1558731643589 -378429
1558731643589 -378428
1558731643589 -378427
1558731643589 -378427
1558731643589 -378426
1558731643589 -378426
1558731643589 -378422
1558731643589 -378422
1558731643589 -378422
1558731643589 -378414
1558731643589 -378413
1558731643589 -378413
1558731643589 -378410
1558731643589 -378410
1558731643589 -378409
1558731643589 -378407
1558731643589 -378307
1558731643589 -378307
1558731643590 -378308
1558731643590 -378308
1558731643590 -378306
1558731643590 -378305
1558731643590 -378304
1558731643590 -378304
1558731643590 -378299
1558731643590 -378297
1558731643590 -378297
1558731643590 -378297
1558731643590 -378296
1558731643590 -378294
1558731643590 -378291
1558731643590 -378287
1558731643590 -378286
1558731643590 -378283
1558731643590 -378281
1558731643590 -378279
1558731643590 -378174
1558731643590 -378174
1558731643590 -378172
1558731643590 -378170
1558731643590 -378166
1558731643590 -378160
1558731643590 -378157
1558731643590 -378155
1558731643590 -378154
1558731643590 -378153
1558731643590 -378149
1558731643590 -378148
1558731643590 -378148
1558731643765 -410202
1558731643765 -410201
1558731643765 -410197
1558731643765 -410197
1558731643765 -410196
1558731643765 -410195
1558731643765 -410186
1558731643765 -410186
1558731643765 -410184
1558731643765 -410182
1558731643765 -410182
1558731643765 -410181
1558731643765 -410175
1558731643765 -410168
1558731643765 -410166
1558731643765 -410158
1558731643765 -358831
1558731643765 -358826
1558731643765 -358826
1558731643765 -358825
1558731643765 -358819
1558731643765 -358816
1558731643765 -358815
1558731643765 -358815
1558731643765 -358814
1558731643765 -358814
1558731643765 -358813
1558731643765 -358805
1558731643765 -358801
1558731643765 -358798
1558731643765 -358798
1558731643765 -358798
1558731643765 -358794
1558731643765 -358793
1558731643765 -358791
1558731643765 -358788
1558731643765 -358784
1558731643765 -358783
1558731643765 -358783
1558731643765 -358776
1558731643765 -358772
1558731643765 -358770
1558731643765 -358768
1558731643765 -358765
1558731643765 -358760
1558731643765 -358758
1558731643765 -358756
1558731643765 -358755
1558731643765 -358752
1558731643820 -358807
1558731643820 -358804
1558731643896 -358878
1558731643896 -358878
1558731643917 -358897
1558731643917 -358894
1558731643917 -358893
1558731643917 -358891
1558731643917 -358836
1558731643917 -358834
1558731643917 -358831
1558731643917 -358830
1558731643917 -358823
1558731643917 -358822
1558731643917 -358821
1558731643917 -358819
1558731643917 -358818
1558731643917 -358808
1558731643917 -358752
1558731643917 -358752
1558731643917 -358752
1558731643917 -358751
1558731643917 -358751
1558731643917 -358750
1558731643917 -358749
1558731643917 -358747
1558731643917 -358745
1558731643917 -358741
1558731643917 -358741
1558731643917 -358734
1558731643917 -358733
1558731643917 -358732
1558731643917 -358729
1558731643917 -358726
1558731643917 -358662
1558731643917 -358659
1558731643917 -358659
1558731643917 -358658
1558731643917 -358655
1558731643917 -358652
1558731643917 -358651
1558731643917 -358649
1558731643917 -358649
1558731643918 -403782
1558731643918 -403781
1558731643918 -328980
1558731643918 -328980
1558731643918 -328980
1558731643918 -328979
1558731643918 -328979
1558731643918 -328978
1558731643918 -328978
1558731643918 -328978
1558731643918 -328977
1558731643918 -328976
1558731643918 -328974
1558731643918 -328971
1558731643918 -328964
1558731643918 -328960
1558731643918 -328957
1558731643918 -328956
1558731643918 -328948
1558731643918 -328945
1558731643918 -328943
1558731643918 -328942
1558731643918 -328942
1558731643918 -328941
1558731643918 -328939
1558731643918 -328938
1558731643918 -328936
1558731643918 -328935
1558731643918 -328935
1558731643918 -328934
1558731643918 -328933
1558731643918 -328932
1558731643918 -328932
1558731643918 -328931
1558731643918 -328931
1558731643918 -328920
1558731643918 -328918
1558731643918 -328907
1558731643918 -328904
1558731643918 -328902
1558731643918 -328897
1558731643918 -328891
1558731643918 -328889
1558731643918 -328888
1558731643918 -328885
1558731643918 -328884
1558731643918 -328884
1558731643918 -328877
1558731643918 -328877
1558731643918 -328875
1558731643918 -328874
1558731643918 -328872
1558731643918 -328869
1558731643918 -328868
1558731644165 -378714
1558731644165 -378713
1558731644165 -378708
1558731644165 -378704
1558731644165 -378704
1558731644165 -378702
1558731644165 -378663
1558731644165 -378662
1558731644165 -378660
1558731644165 -378659
1558731644165 -378659
1558731644165 -378659
1558731644165 -192837
1558731644165 -192835
1558731644165 -192835
1558731644165 -192833
1558731644165 -192832
1558731644165 -192831
1558731644165 -192827
1558731644165 -192826
1558731644165 -192821
1558731644165 -192819
1558731644165 -192818
