1558731549003 -1051334
1558731549003 -1051333
1558731549003 -1051333
1558731549003 -1051333
1558731549003 -1051333
1558731549003 -1051332
1558731549003 -1051332
1558731549003 -1051332
1558731549003 -1051118
1558731549003 -1051118
1558731549003 -1051117
1558731549003 -1051117
1558731549003 -1051117
1558731549003 -1051117
1558731549003 -1051117
1558731549003 -1049450
1558731549003 -1049450
1558731549003 -1049450
1558731549003 -1049450
1558731549003 -1049449
1558731549003 -1049238
1558731549003 -1049238
1558731549003 -1049238
1558731549003 -1049237
1558731549003 -1049237
1558731549003 -1049237
1558731549003 -1049237
1558731640608 -1140842
1558731640608 -1140842
1558731640608 -1140842
1558731640608 -1139727
1558731640608 -1139727
1558731640608 -1139727
1558731640608 -1139726
1558731640608 -1139726
1558731640608 -1139726
1558731640608 -1139726
1558731640608 -1139530
1558731640608 -1139530
1558731640608 -1139530
1558731640608 -1139530
1558731640608 -1139530
1558731640609 -1139530
1558731640609 -1139530
1558731640609 -1139530
1558731641349 -1139336
1558731641349 -1138623
1558731641349 -1138623
1558731641349 -1138622
1558731641349 -1138622
1558731641349 -1138590
1558731641349 -1138590
1558731641349 -1138590
1558731641349 -1122879
1558731641349 -1122878
1558731641349 -1122878
1558731641349 -1122877
1558731641349 -1122875
1558731641349 -1122875
1558731641349 -1122873
1558731641349 -1122872
1558731641349 -1122871
1558731641349 -1122868
1558731641349 -1122853
1558731641349 -1122819
1558731641349 -1122818
1558731641349 -1122818
1558731641349 -1122818
1558731641349 -1122818
1558731641349 -1122818
1558731641349 -1122818
1558731641349 -1122818
1558731641349 -1122818
1558731641349 -1122818
1558731641349 -1122818
1558731641349 -1122818
1558731641349 -1122818
1558731641349 -1122817
1558731641349 -1122799
1558731641349 -1122798
1558731641349 -1122797
1558731641349 -1122797
1558731641349 -1122796
1558731641349 -1122794
1558731641349 -1122794
1558731641349 -1122791
1558731641349 -1122791
1558731641349 -1122790
1558731641349 -1122734
1558731641349 -1122734
1558731641349 -1122731
1558731641349 -1122731
1558731641349 -1122656
1558731641349 -1122656
1558731641349 -1122656
1558731641349 -1122653
1558731641349 -1122653
1558731641349 -1122652
1558731641349 -1122652
1558731641349 -1122567
1558731641349 -1122566
1558731641349 -1122566
1558731641349 -1122566
1558731641349 -1122564
1558731641349 -1122561
1558731641349 -1122560
1558731641349 -1122555
1558731641349 -1122479
1558731641349 -1122478
1558731641377 -1122506
1558731642336 -1123463
1558731642336 -1123463
1558731642336 -1123463
1558731642336 -1123462
1558731642336 -1123462
1558731642336 -1123461
1558731642336 -1123456
1558731642336 -1123456
1558731642336 -1123377
1558731642336 -1123377
1558731642336 -1123376
1558731642336 -1123375
1558731642336 -1123374
1558731642336 -1123373
1558731642336 -1123372
1558731642336 -1123364
1558731642336 -1123362
1558731642336 -1123362
1558731642336 -1123288
1558731642336 -1123287
1558731642336 -1123287
1558731642336 -1123287
1558731642336 -1123287
1558731642336 -1123202
1558731642336 -1123200
1558731642337 -1123201
1558731642337 -1123201
1558731642337 -1123200
1558731642337 -1123200
1558731642337 -1123198
1558731642337 -1123198
1558731642337 -1123116
1558731642337 -1123115
1558731642337 -1123115
1558731642337 -1123113
1558731642337 -1123113
1558731642337 -1123113
1558731642337 -1123113
1558731642337 -1123110
1558731642337 -1123109
1558731642337 -1123109
1558731642337 -1123108
1558731642337 -1123107
1558731642337 -1123104
1558731642337 -1123102
1558731642337 -1123099
1558731642337 -1123099
1558731642337 -1123094
1558731642337 -1123094
1558731642337 -1123087
1558731642337 -1123087
1558731642337 -1123086
1558731642337 -1123085
1558731642337 -1123084
1558731642337 -1123082
1558731642337 -1122973
1558731642337 -1122971
1558731642337 -1122968
1558731642337 -1122958
1558731642337 -1122953
1558731642337 -1122950
1558731642337 -1122949
1558731642337 -1122947
1558731642337 -1122946
1558731642337 -1122941
1558731642337 -1122941
1558731642337 -1122933
1558731642337 -1122932
1558731642337 -1122928
1558731642337 -1122927
1558731642337 -1122925
1558731642337 -1122922
1558731642337 -1122851
1558731642337 -1122851
1558731642337 -1122848
1558731642337 -1122848
1558731642337 -1122847
1558731642337 -1122846
1558731642337 -1122845
1558731642337 -1122845
1558731642337 -1122842
1558731642337 -1122841
1558731642337 -1122840
1558731642337 -1122836
1558731642337 -1122836
1558731642524 -1123016
1558731642524 -1123016
1558731642524 -1123013
1558731642524 -1123012
1558731642524 -1123005
1558731642524 -1123001
1558731642524 -1051690
1558731642524 -1051688
1558731642524 -1051683
1558731642524 -1051683
1558731642524 -1051683
1558731642524 -1051682
1558731642524 -1051681
1558731642524 -1051678
1558731642524 -1051674
1558731642524 -1051666
1558731642524 -1051662
1558731642524 -1051661
1558731642524 -1051653
1558731642524 -1051653
1558731642524 -1051649
1558731642524 -1051648
1558731642524 -1051646
1558731642524 -1051645
1558731642524 -1051643
1558731642524 -1051639
1558731642524 -1051637
1558731642524 -1051636
1558731642524 -1051634
1558731642524 -1051634
1558731642524 -1051634
1558731642524 -1051634
1558731642524 -1051631
1558731642525 -1051621
1558731642525 -1051619
1558731642525 -1051616
1558731642525 -1051615
1558731642525 -1051614
1558731642525 -1051613
1558731642525 -1051609
1558731642525 -1051608
1558731642525 -1051607
1558731642525 -1051603
1558731642525 -1051599
1558731642525 -1051597
1558731642525 -1051595
1558731642525 -1051589
1558731642525 -1051584
1558731642525 -1051584
1558731642525 -1051583
1558731642525 -1051582
1558731642525 -1051581
1558731642525 -1051580
1558731642525 -1051580
1558731642525 -1051579
1558731642525 -1051578
1558731642525 -1051577
1558731642525 -1051572
1558731642525 -1051571
1558731642525 -1051569
1558731645085 -882978
1558731645085 -882978
1558731645085 -882978
1558731645085 -882978
1558731645085 -882978
1558731645085 -882978
1558731645085 -882977
1558731645085 -881856
1558731645085 -881856
1558731645085 -881854
1558731645085 -881852
1558731645085 -881852
1558731645085 -881852
1558731645085 -880536
1558731645085 -880536
1558731645085 -880536
1558731645085 -880536
1558731645085 -880536
1558731645085 -880536
1558731645085 -880536
1558731645085 -880535
1558731645085 -879557
1558731645085 -879557
1558731645085 -879557
1558731645085 -879557
1558731645085 -879557
1558731645085 -879557
1558731645085 -878318
1558731645085 -878317
1558731645085 -878317
1558731645085 -878316
1558731645085 -877445
1558731645085 -877444
1558731645085 -877442
1558731645677 -420472
1558731645677 -420472
1558731645677 -420472
1558731645677 -420472
1558731645677 -420471
1558731645677 -420471
1558731645677 -420471
1558731645677 -420471
1558731645677 -419101
1558731645677 -419101
1558731645677 -419096
1558731645677 -418808
1558731645677 -418808
1558731645677 -418808
1558731645677 -417690
1558731645677 -417690
1558731645677 -417690
1558731645677 -417688
1558731645677 -417688
1558731645677 -417687
1558731645677 -417504
1558731645677 -417504
1558731645677 -417504
1558731645677 -417504
1558731645677 -417504
1558731645677 -417503
1558731645677 -417503
1558731645677 -416516
1558731645677 -416516
1558731645677 -416516
1558731645677 -416515
1558731646291 -417129
1558731646291 -417129
1558731646291 -417008
1558731646291 -417008
1558731646291 -416446
1558731646291 -416445
1558731646291 -416445
1558731646291 -416445
1558731646291 -397403
1558731646291 -397401
1558731646291 -397400
1558731646291 -397382
1558731646291 -397382
1558731646291 -397382
1558731646291 -397382
1558731646291 -397370
1558731646291 -397370
1558731646291 -397370
1558731646291 -397370
1558731646291 -397370
1558731646291 -397369
1558731646291 -397356
1558731646291 -397352
1558731646291 -397346
1558731646291 -397341
1558731646291 -397339
1558731646291 -397337
1558731646291 -397335
1558731646291 -397333
1558731646291 -397278
1558731646291 -397278
1558731646291 -397276
1558731646291 -397276
1558731646291 -397275
1558731646291 -397275
1558731646291 -397272
1558731646291 -397271
1558731646291 -397269
1558731646291 -397267
1558731646291 -397267
1558731646291 -397260
1558731646291 -397197
1558731646291 -397197
1558731646291 -397196
1558731646291 -397196
1558731646291 -397195
1558731646291 -397194
1558731646291 -397194
1558731646291 -397193
1558731646291 -397188
1558731646291 -397187
1558731646291 -397183
1558731646291 -397168
1558731646291 -397167
1558731646291 -397167
1558731646291 -397161
1558731646291 -397160
1558731646291 -397157
1558731646291 -397155
1558731646291 -397150
1558731646465 -397239
1558731646465 -397238
1558731646465 -397236
1558731646465 -397236
1558731646465 -397235
1558731646465 -397233
1558731646465 -397233
1558731646465 -397232
1558731646465 -397231
1558731646465 -397231
1558731646465 -293055
1558731646465 -293052
1558731646465 -293049
1558731646465 -293040
1558731646465 -293038
1558731646465 -293033
1558731646465 -293027
1558731646465 -293027
1558731646465 -293027
1558731646465 -293023
1558731646465 -293018
1558731646465 -293016
1558731646465 -293014
1558731646465 -293013
1558731646465 -293012
1558731646465 -293011
1558731646465 -293009
1558731646465 -293008
1558731646465 -293005
1558731646465 -293005
1558731646465 -293002
1558731646465 -293002
1558731646465 -292996
1558731646465 -292994
1558731646465 -292991
1558731646465 -292990
1558731646465 -292985
1558731646465 -292985
1558731646465 -292984
1558731646465 -292983
1558731646465 -292982
1558731646465 -292982
1558731646465 -292982
1558731646465 -292980
1558731646465 -292980
1558731646465 -292979
1558731646465 -292978
1558731646465 -292977
1558731646465 -292971
1558731646465 -292970
1558731646465 -292970
1558731646465 -292969
1558731646465 -292963
1558731646465 -292963
1558731646465 -292962
1558731646465 -292958
1558731646465 -292955
1558731646465 -292864
1558731646465 -292860
1558731646465 -292856
1558731646465 -292852
1558731646465 -292851
1558731646465 -292846
1558731646465 -292845
1558731646465 -292843
1558731646465 -292842
1558731646465 -292838
1558731646465 -292837
1558731646465 -292834
1558731646465 -292834
1558731646465 -292833
1558731646465 -292737
1558731646465 -292731
1558731646465 -292731
1558731646465 -292728
1558731646465 -292728
1558731646465 -292728
1558731646465 -292724
1558731646465 -292718
1558731646465 -292716
1558731646465 -292715
1558731646465 -292713
1558731646465 -292710
1558731646465 -292648
1558731646465 -292647
1558731646465 -292644
1558731646465 -292636
1558731646465 -292635
1558731646465 -292635
1558731646465 -292634
1558731646465 -292633
1558731646465 -292626
1558731646465 -292625
1558731646465 -292562
1558731646465 -292562
1558731646465 -292562
1558731646465 -292561
1558731646465 -292560
1558731646465 -292559
1558731646465 -292559
1558731646465 -292556
1558731646465 -292554
1558731646465 -292553
1558731646465 -292550
1558731646465 -292542
1558731646465 -292542
1558731646465 -292542
1558731646465 -292538
1558731646465 -292538
1558731646465 -292538
1558731646465 -292532
1558731646465 -292475
1558731646465 -292474
1558731646465 -292473
1558731646465 -292471
1558731646465 -292470
1558731646465 -292463
1558731646465 -292461
1558731646465 -292430
1558731646465 -292429
1558731646465 -292429
1558731646465 -292428
1558731646465 -292425
1558731646465 -292424
1558731646465 -292421
1558731646465 -292421
1558731646465 -292421
1558731646465 -292409
1558731646465 -292408
1558731646465 -292407
1558731646465 -292406
1558731646465 -292404
1558731646465 -292404
1558731646465 -292404
1558731646465 -292401
1558731646465 -292400
1558731646465 -292343
1558731646465 -292343
1558731646465 -292341
1558731646465 -292341
1558731646465 -292340
1558731646465 -292340
1558731646465 -292340
1558731646465 -292339
1558731646465 -292335
1558731646465 -292333
1558731646465 -292331
