1558731642025 -1145662
1558731642025 -1145661
1558731642025 -1144936
1558731642025 -1144936
1558731642025 -1144936
1558731642025 -1144935
1558731642025 -1144935
1558731642025 -1143700
1558731642025 -1143700
1558731642025 -1143321
1558731642025 -1143321
1558731642025 -1143321
1558731642025 -1143321
1558731642025 -1143321
1558731642025 -1143321
1558731642025 -1143321
1558731642025 -1143321
1558731642025 -1143106
1558731642025 -1143106
1558731642025 -1143106
1558731642025 -1143106
1558731642025 -1143106
1558731642025 -1143106
1558731642025 -1143106
1558731642025 -1143106
1558731642025 -1143106
1558731642025 -1143105
1558731642025 -1143105
1558731642025 -1143105
1558731642025 -1143105
1558731642025 -1143105
1558731642025 -1141693
1558731642025 -1141692
1558731642025 -1141692
1558731642025 -1141692
1558731642025 -1141692
1558731642025 -1141692
1558731642025 -1141620
1558731642025 -1141620
1558731642025 -1141620
1558731642025 -1141619
1558731642025 -1141619
1558731642025 -1141619
1558731642025 -1141619
1558731642025 -1141619
1558731642025 -1140476
1558731642025 -1140476
1558731642025 -1140476
1558731642025 -1140476
1558731642025 -1140476
1558731642025 -1140476
1558731642025 -1140476
1558731642025 -1140475
1558731642025 -1140475
1558731642025 -1140432
1558731642025 -1140432
1558731642025 -1140431
1558731642025 -1140431
1558731642025 -1140431
1558731642025 -1140431
1558731642025 -1140431
1558731642025 -1140431
1558731642025 -1140431
1558731642025 -1140431
1558731642025 -1140431
1558731642735 -1144409
1558731642735 -1143450
1558731642735 -1143450
1558731642735 -1143450
1558731642735 -1143450
1558731642735 -1143450
1558731642735 -1143449
1558731642735 -1143449
1558731642735 -1143449
1558731642735 -1142690
1558731642735 -1142690
1558731642735 -1142690
1558731642735 -1142689
1558731642735 -1142689
1558731642735 -1142048
1558731642735 -1142048
1558731642735 -1141517
1558731642735 -1141517
1558731642735 -1141516
1558731642735 -1141492
1558731642735 -1141492
1558731642735 -1141492
1558731642735 -1141491
1558731642735 -1141491
1558731642735 -1141491
1558731642735 -1141491
1558731642735 -1140870
1558731642735 -1140870
1558731642735 -1140869
1558731642735 -1140869
1558731642735 -1140869
1558731642735 -1140485
1558731642735 -1140485
1558731642736 -1140354
1558731642736 -1140352
1558731642736 -1140350
1558731642736 -1140235
1558731642736 -1140232
1558731642736 -1140230
1558731642736 -1140230
1558731642736 -1140230
1558731642736 -1139825
1558731642736 -1139824
1558731642736 -1139822
1558731642736 -1139822
1558731642736 -1139822
1558731642736 -1139822
1558731642736 -1139779
1558731642736 -1139779
1558731642736 -1139779
1558731642736 -1139779
1558731642736 -1139777
1558731642736 -1139777
1558731642736 -1139777
1558731642736 -1139485
1558731642736 -1139485
1558731642736 -1139485
1558731642736 -1139485
1558731642736 -1139485
1558731642736 -1139485
1558731642736 -1139484
1558731642736 -1139484
1558731642736 -1139484
1558731642736 -1139484
1558731642736 -1139484
1558731642736 -1139389
1558731642736 -1139388
1558731642736 -1139388
1558731642736 -1139388
1558731642736 -1139386
1558731642736 -1139386
1558731642736 -1139386
1558731642736 -1139386
1558731642736 -1139375
1558731642736 -1139285
1558731642736 -1139285
1558731642736 -1139285
1558731642736 -1139284
1558731642736 -1139237
1558731642736 -1139237
1558731642736 -1139237
1558731642736 -1139237
1558731642736 -1139236
1558731642736 -1139236
1558731642736 -1139236
1558731642736 -1139233
1558731642736 -1139233
1558731642736 -1139233
1558731642736 -1139231
1558731642736 -1139231
1558731642736 -1139231
1558731642736 -1139219
1558731643201 -1139683
1558731643201 -1139683
1558731643201 -1139683
1558731643201 -1139683
1558731643201 -1139683
1558731643286 -1139768
1558731643286 -1139768
1558731643286 -1139768
1558731643286 -1139768
1558731643286 -1139768
1558731643286 -1139767
1558731643286 -1139767
1558731643286 -1139767
1558731643286 -1139706
1558731643286 -1139706
1558731643286 -1139706
1558731643286 -1139705
1558731643286 -1139705
1558731643286 -1139705
1558731643286 -1139705
1558731643286 -1139704
1558731643286 -1139704
1558731643286 -1139704
1558731643286 -1139704
1558731643286 -1139704
1558731643286 -1139704
1558731643286 -1139665
1558731643286 -1139664
1558731643286 -1139664
1558731643286 -1139663
1558731643286 -1139662
1558731643286 -1139662
1558731643286 -1139640
1558731643286 -1139631
1558731643286 -1139616
1558731643286 -1139615
1558731643286 -1139604
1558731643286 -1139604
1558731643286 -1139593
1558731643286 -1139525
1558731643286 -1139524
1558731643286 -1139506
1558731643286 -1139492
1558731643286 -1139492
1558731643286 -1139492
1558731643286 -1139481
1558731643286 -1139469
1558731643286 -1139468
1558731643286 -1139463
1558731643286 -1139450
1558731643286 -1139450
1558731643286 -1139440
1558731643286 -1139440
1558731643286 -1139440
1558731643286 -1139428
1558731643286 -1139427
1558731643286 -1139427
1558731643286 -1139427
1558731643286 -1139414
1558731643286 -1139413
1558731643286 -1139413
1558731643286 -1139370
1558731643286 -1139369
1558731643286 -1139281
1558731643286 -1139267
1558731643286 -1139256
1558731643286 -1139240
1558731643286 -1139232
1558731643286 -1139232
1558731643286 -1139216
1558731643286 -1139202
1558731643286 -1139187
1558731643286 -1139187
1558731643286 -1139169
1558731643286 -1139152
1558731643286 -1139151
1558731643286 -1139151
1558731643286 -1139151
1558731643286 -1139139
1558731643286 -1139128
1558731643286 -1139127
1558731643286 -1139112
1558731643286 -1139112
1558731643286 -1139100
1558731643286 -1139056
1558731643286 -1139056
1558731643286 -1139056
1558731643286 -1139056
1558731643286 -1139056
1558731644405 -1142155
1558731644405 -1142155
1558731644405 -1142155
1558731644405 -1142155
1558731644405 -1142155
1558731644405 -1141784
1558731644405 -1141784
1558731644405 -1141784
1558731644405 -1128360
1558731644405 -1128359
1558731644405 -1128359
1558731644405 -1128358
1558731644405 -1128357
1558731644405 -1128357
1558731644405 -1128350
1558731644405 -1128349
1558731644405 -1128348
1558731644405 -1128346
1558731644405 -1128346
1558731644405 -1128328
1558731644405 -1128327
1558731644405 -1128326
1558731644405 -1128319
1558731644405 -1128319
1558731644405 -1128317
1558731644405 -1128314
1558731644405 -1128312
1558731644405 -1128310
1558731644405 -1128299
1558731644405 -1128298
1558731644405 -1128297
1558731644405 -1128295
1558731644405 -1128226
1558731644405 -1128225
1558731644405 -1128224
1558731644405 -1128223
1558731644405 -1128218
1558731644405 -1128218
1558731644405 -1128218
1558731644405 -1128215
1558731644405 -1128214
1558731644405 -1128145
1558731644405 -1128143
1558731644405 -1128141
1558731644405 -1128136
1558731644405 -1128136
1558731644405 -1128136
1558731644405 -1128060
1558731644405 -1128059
1558731644405 -1128059
1558731644405 -1128058
1558731644405 -1128057
1558731644405 -1128056
1558731644405 -1128055
1558731644405 -1128054
1558731644405 -1128051
1558731644405 -1128048
1558731644405 -1128047
1558731644405 -1127971
1558731644405 -1127971
1558731644405 -1127971
1558731644405 -1127970
1558731644405 -1127969
1558731644405 -1127968
1558731644405 -1127968
1558731644405 -1127963
1558731644405 -1127963
1558731644405 -1127961
1558731644405 -1127960
1558731644405 -1127953
1558731644405 -1127952
1558731644405 -1127938
1558731644405 -1127936
1558731644405 -1127929
1558731644405 -1127929
1558731644405 -1127929
1558731644405 -1127837
1558731644405 -1127836
1558731644405 -1127835
1558731644405 -1127834
1558731644405 -1127831
1558731644405 -1127830
1558731644405 -1127830
1558731644405 -1127829
1558731644405 -1127814
1558731644405 -1127812
1558731644405 -1127811
1558731644405 -1127811
1558731644405 -1127810
1558731644405 -1127808
1558731644405 -1127744
1558731644405 -1127744
1558731644405 -1127744
1558731644405 -1127743
1558731644405 -1127743
1558731644405 -1127743
1558731644797 -1117420
1558731644797 -1117420
1558731644797 -1117420
1558731644797 -1117420
1558731644797 -1117420
1558731644797 -1117329
1558731644797 -1117329
1558731644797 -1117328
1558731644797 -1113536
1558731644797 -1113533
1558731644797 -1113532
1558731644797 -1113510
1558731644797 -1113510
1558731644797 -1113509
1558731644797 -1113508
1558731644797 -1113507
1558731644797 -1113484
1558731644797 -1113468
1558731644797 -1113466
1558731644797 -1113464
1558731644797 -1113463
1558731644797 -1113461
1558731644797 -1113461
1558731644797 -1113447
1558731644797 -1113445
1558731644797 -1113445
1558731644797 -1113436
1558731644797 -1113434
1558731644797 -1113431
1558731644797 -1113428
1558731644797 -1113428
1558731644797 -1113428
1558731644797 -1113427
1558731644797 -1113422
1558731644797 -1113422
1558731644797 -1113421
1558731644797 -1113420
1558731644797 -1113418
1558731644797 -1113411
1558731644797 -1113410
1558731644797 -1113407
1558731644797 -1113398
1558731644797 -1113397
1558731644797 -1113390
1558731644797 -1113389
1558731644797 -1113388
1558731644797 -1113388
1558731644797 -1113378
1558731644797 -1113375
1558731644797 -1113361
1558731644797 -1113359
1558731644797 -1113359
1558731644797 -1113352
1558731644797 -1113350
1558731644797 -1113349
1558731644797 -1113349
1558731644797 -1113346
1558731644797 -1113345
1558731644797 -1113338
1558731644797 -1113335
1558731644797 -1113335
1558731644797 -1113333
1558731644797 -1113331
1558731644797 -1113329
1558731644797 -1113326
1558731644797 -1113325
1558731644797 -1113324
1558731644797 -1113324
1558731644797 -1113324
1558731644797 -1113323
1558731644797 -1113322
1558731644797 -1113236
1558731644797 -1113235
1558731644797 -1113235
1558731644797 -1128135
1558731644797 -1128135
1558731644797 -1128135
1558731644797 -1128135
1558731644797 -1128135
1558731644797 -1128135
1558731644797 -1128135
1558731644797 -1128135
1558731644826 -1128150
1558731644952 -1128274
1558731644952 -1128273
1558731644952 -1128272
1558731644952 -1128268
1558731644952 -1128268
1558731644952 -1128267
1558731644952 -1128267
1558731644952 -1063055
1558731644952 -1063053
1558731644952 -1063052
1558731644952 -1063048
1558731644952 -1063046
1558731644952 -1063043
1558731644952 -1063041
1558731644952 -1063040
1558731644952 -1063040
1558731644952 -1063037
1558731644952 -1063037
1558731644952 -1063037
1558731644952 -1063034
1558731644952 -1063034
1558731644952 -1063030
1558731644952 -1063029
1558731644952 -1063024
1558731644952 -1063022
1558731644952 -1063019
1558731644952 -1063018
1558731644952 -1063017
1558731644952 -1063016
1558731644952 -1063016
1558731644952 -1063015
1558731644952 -1063013
1558731644952 -1063013
1558731644952 -1063011
1558731644952 -1063008
1558731644952 -1063007
1558731644952 -1063007
1558731644952 -1063006
1558731644952 -1063001
1558731644952 -1063001
1558731644952 -1062999
1558731644952 -1062995
1558731644952 -1062995
1558731644952 -1062995
1558731644952 -1062994
1558731644952 -1062994
1558731644953 -1062994
1558731644953 -1062991
1558731644953 -1062990
1558731644953 -1062990
1558731644953 -1062986
1558731644953 -1062984
1558731644953 -1062981
1558731644953 -1062976
1558731644953 -1062975
1558731644953 -1062974
1558731644953 -1062973
1558731644953 -1062969
1558731644953 -1062969
1558731644953 -1062968
1558731644953 -1062966
1558731644953 -1062964
1558731644953 -1062960
1558731644953 -1062960
1558731644953 -1062959
1558731644953 -1062959
1558731644953 -1062957
1558731644953 -1062954
1558731644953 -1062953
1558731644953 -1062950
1558731644953 -1062947
1558731644953 -1062946
1558731644953 -1062834
1558731644953 -1062833
1558731644953 -1062827
1558731644953 -1062821
1558731644953 -1062820
1558731644953 -1062815
1558731644953 -1062814
1558731644953 -1062814
1558731644953 -1062814
1558731644953 -1062808
1558731644953 -1062807
1558731644953 -1062807
1558731644953 -1062806
1558731644953 -1062806
1558731644953 -1062806
1558731644953 -1062806
1558731644953 -1062805
1558731644953 -1062803
1558731644953 -1062802
1558731644953 -1062801
1558731644953 -1062800
1558731644953 -1062798
1558731644953 -1062747
1558731644953 -1062745
1558731644953 -1062742
1558731644953 -1062741
1558731644953 -1062741
1558731644953 -1062735
1558731645425 -882812
1558731645425 -882812
1558731645425 -882812
1558731645425 -882812
1558731645425 -882812
1558731645425 -882811
1558731645425 -882682
1558731645425 -882677
1558731645425 -882676
1558731645425 -882676
1558731645425 -882676
1558731645425 -882676
1558731645825 -880894
1558731645825 -880894
1558731645825 -880893
1558731645825 -880752
1558731645825 -880752
1558731645825 -880752
1558731645825 -880752
1558731645825 -880750
1558731645825 -880749
1558731645825 -878652
1558731645825 -878650
1558731645825 -878649
1558731645825 -878649
1558731645825 -878536
1558731645825 -877047
1558731645825 -877046
1558731645825 -877046
1558731645825 -877046
1558731645825 -877044
1558731645825 -877044
1558731645825 -876978
1558731645825 -876978
1558731645825 -876977
1558731645825 -876166
1558731645825 -876166
1558731645825 -876166
1558731647045 -421492
1558731647045 -421491
1558731647045 -421491
1558731647045 -421491
1558731647045 -421480
1558731647045 -420668
1558731647045 -420668
1558731647045 -420668
1558731647045 -420667
1558731647045 -420667
1558731647045 -420667
1558731647045 -420667
1558731647045 -419894
1558731647045 -419893
1558731647045 -419891
1558731647045 -419891
1558731647045 -419306
1558731647045 -419306
1558731647045 -419306
1558731647045 -419305
1558731647045 -419303
1558731647045 -419302
1558731647045 -419302
1558731647045 -418595
1558731647045 -418595
1558731647045 -418594
1558731647045 -418592
1558731647045 -418592
1558731647045 -418097
1558731647045 -418097
1558731647045 -418096
1558731647045 -418095
1558731647045 -418095
1558731647045 -417578
1558731647124 -422494
1558731647124 -422493
1558731647124 -422251
1558731647124 -422250
1558731647124 -420383
1558731647124 -420383
1558731647124 -420383
1558731647124 -420383
1558731647124 -420382
1558731647124 -420382
1558731647124 -420382
1558731647124 -420382
1558731647124 -420291
1558731647124 -420291
1558731647124 -420291
1558731647257 -420423
1558731647337 -420503
1558731647337 -420503
1558731647337 -420503
1558731647337 -420503
1558731647337 -419299
1558731647337 -419298
1558731647337 -419296
1558731647337 -419223
1558731647337 -419204
1558731647337 -422982
1558731647337 -422049
1558731647337 -420850
1558731647337 -420848
1558731647337 -420847
1558731647337 -420847
1558731647337 -420330
1558731647337 -420323
1558731647337 -420323
1558731647337 -420322
1558731647337 -420321
1558731647337 -419506
1558731647337 -419505
1558731647337 -419504
1558731647337 -419503
1558731647337 -419502
1558731647337 -419026
1558731647337 -419024
1558731647337 -419024
1558731647337 -419022
1558731647337 -419022
1558731647337 -418315
1558731647337 -418315
1558731647337 -418314
1558731647337 -418312
1558731647337 -418312
1558731647337 -417985
1558731647337 -417984
1558731647337 -417984
1558731647337 -417984
1558731647337 -417984
1558731647337 -417983
1558731647337 -417982
1558731647337 -417530
1558731647337 -417530
1558731647337 -417530
1558731647402 -423350
1558731647402 -423350
1558731647402 -423349
1558731647402 -423349
1558731647402 -423349
1558731647402 -423348
1558731647402 -423348
1558731647402 -421421
1558731647402 -421421
1558731647402 -421417
1558731647402 -421417
1558731647402 -421417
1558731647402 -421417
1558731647403 -421418
1558731647403 -421416
1558731647403 -421416
1558731647403 -421416
1558731647403 -421416
1558731647403 -421416
1558731647403 -421335
1558731647403 -421335
1558731647403 -419971
1558731647403 -419969
1558731647403 -419969
1558731647403 -419939
1558731647403 -419937
1558731647403 -418718
1558731647403 -418717
1558731647403 -418717
1558731647403 -418681
1558731647403 -418680
1558731647403 -418680
1558731647403 -418678
1558731647403 -417791
1558731647403 -417791
1558731647403 -417791
1558731647403 -417791
1558731647403 -423053
1558731647403 -423053
1558731647403 -422482
1558731647403 -422482
1558731647403 -420778
1558731647403 -420778
1558731647403 -420775
1558731647403 -420775
1558731647403 -420775
1558731647403 -420773
1558731647403 -420552
1558731647403 -420551
1558731647403 -420549
1558731647403 -420549
1558731647403 -420549
1558731647403 -420549
1558731647403 -420549
1558731647403 -419389
1558731647403 -419389
1558731647403 -419389
1558731647403 -419389
1558731647403 -419389
1558731647403 -419388
1558731647403 -419254
1558731647403 -419254
1558731647403 -419254
1558731647403 -419254
1558731647403 -419253
1558731647403 -419253
1558731647403 -419253
1558731647403 -418210
1558731647403 -418210
1558731647403 -418210
1558731647403 -418209
1558731647403 -418208
1558731647403 -418208
1558731647403 -418135
1558731647403 -418135
1558731647403 -418135
1558731647433 -417966
1558731647433 -417966
1558731647433 -417965
1558731647433 -417965
1558731647433 -417965
1558731647433 -417651
1558731647433 -417651
1558731647433 -417651
1558731647433 -417651
1558731647433 -417651
1558731647433 -417651
1558731647433 -417650
1558731647433 -408606
1558731647433 -408597
1558731647433 -408591
1558731647433 -408590
1558731647433 -408590
1558731647433 -408589
1558731647433 -408587
1558731647433 -408587
1558731647433 -408587
1558731647433 -408578
1558731647433 -408574
1558731647433 -408570
1558731647433 -408569
1558731647433 -408559
1558731647433 -408550
1558731647433 -408549
1558731647433 -408549
1558731647433 -408549
1558731647433 -408542
1558731647433 -408542
1558731647433 -408541
1558731647433 -408540
1558731647433 -408540
1558731647433 -408538
1558731647433 -408471
1558731647433 -408467
1558731647433 -408466
1558731647433 -408447
1558731647433 -408441
1558731647433 -408390
1558731647433 -408390
1558731647433 -408390
1558731647433 -408388
1558731647433 -408387
1558731647433 -408387
1558731647433 -408387
1558731647433 -408378
1558731647433 -408375
1558731647433 -408304
1558731647433 -408303
1558731647433 -408303
1558731647433 -408301
1558731647433 -408301
1558731647433 -408300
1558731647433 -408299
1558731647433 -408299
1558731647433 -408296
1558731647433 -408295
1558731647433 -408292
1558731647433 -408291
1558731647433 -408278
1558731647433 -408276
1558731647433 -408274
1558731647822 -419689
1558731647822 -419689
1558731647822 -419688
1558731647822 -419688
1558731647822 -418645
1558731647822 -418645
1558731647822 -418645
1558731647822 -418645
1558731647822 -418645
1558731647822 -418645
1558731647822 -418645
1558731647822 -418645
1558731647822 -418645
1558731647822 -418645
1558731647822 -418645
1558731647822 -418645
1558731647822 -418644
1558731647822 -398533
1558731647822 -398532
1558731647822 -398532
1558731647822 -398532
1558731647822 -398531
1558731647822 -398530
1558731647822 -398529
1558731647822 -398525
1558731647822 -398519
1558731647822 -398519
1558731647822 -398519
1558731647822 -398518
1558731647822 -398514
1558731647822 -398505
1558731647822 -398505
1558731647822 -398504
1558731647822 -398501
1558731647822 -398486
1558731647822 -398485
1558731647822 -398483
1558731647822 -398480
1558731647822 -398480
1558731647822 -398477
1558731647822 -398477
1558731647822 -398476
1558731647822 -398473
1558731647822 -398468
1558731647822 -398467
1558731647822 -398462
1558731647822 -398460
1558731647822 -398459
1558731647822 -398454
1558731647822 -398451
1558731647822 -398450
1558731647822 -398443
1558731647822 -398442
1558731647822 -398441
1558731647822 -398441
1558731647822 -398436
1558731647822 -398428
1558731647822 -398428
1558731647822 -398426
1558731647822 -398425
1558731647822 -398421
1558731647822 -398420
1558731647822 -398419
1558731647822 -398418
1558731647822 -398418
1558731647822 -398417
1558731647822 -398415
1558731647822 -398411
1558731647822 -398404
1558731647822 -398401
1558731647822 -398301
1558731647822 -398300
1558731647822 -398299
1558731647822 -398298
1558731647822 -398297
1558731647822 -398294
1558731647822 -398293
1558731647822 -398293
1558731647822 -398291
1558731647822 -398216
1558731647822 -398215
1558731647822 -398215
1558731647822 -398215
1558731647822 -398214
1558731647822 -398213
1558731647822 -398212
1558731647822 -398211
1558731647822 -398209
1558731647822 -398204
1558731647822 -398203
1558731647822 -398201
1558731647822 -398195
1558731647822 -398194
1558731647822 -398194
1558731647822 -398194
1558731647822 -398191
1558731647822 -398191
1558731647822 -398190
1558731647822 -398189
1558731647822 -398189
1558731647822 -398126
1558731647822 -398126
1558731647822 -398126
1558731647822 -398124
1558731647822 -398123
1558731647822 -398121
1558731647822 -398119
1558731647822 -398118
1558731647822 -398117
1558731647822 -398116
1558731647822 -398115
1558731647822 -398112
1558731647822 -398112
1558731647822 -398112
1558731647822 -398040
1558731647822 -398040
1558731647822 -398039
1558731647822 -398039
1558731647822 -398038
1558731647822 -398038
1558731647822 -398037
1558731647822 -398036
1558731647822 -398036
1558731647822 -398035
1558731647822 -398033
1558731647822 -398022
1558731647822 -398019
1558731647822 -398017
1558731647822 -398010
1558731647822 -398010
1558731647822 -398008
1558731647822 -397953
1558731647822 -397952
1558731647822 -397950
1558731647822 -397950
1558731647822 -397950
1558731647822 -397950
1558731647822 -397949
1558731647822 -397948
1558731647822 -397948
1558731647822 -397945
1558731647822 -397942
1558731647822 -397934
1558731647822 -397934
1558731647822 -397933
1558731647822 -397933
1558731647822 -397932
1558731647822 -397930
1558731647822 -397928
1558731647822 -397926
1558731647822 -397926
1558731647822 -397915
1558731647822 -397910
1558731647822 -397909
1558731647822 -397862
1558731647822 -397862
1558731647822 -397862
1558731647822 -397862
1558731647822 -397854
1558731647822 -397853
1558731647822 -397852
1558731647822 -397849
1558731647822 -397848
1558731647822 -397846
1558731647822 -397846
1558731647822 -397845
1558731647822 -397845
1558731647822 -397845
1558731647822 -397845
1558731647822 -397844
1558731647822 -397844
1558731647822 -397843
1558731647822 -397843
1558731647822 -397839
1558731647822 -397839
1558731647822 -397839
1558731647822 -397833
1558731647822 -397830
1558731647822 -397819
1558731647822 -397782
1558731647822 -397781
1558731647822 -397781
1558731647822 -397780
1558731647822 -397779
1558731647822 -397779
1558731647822 -397778
1558731647822 -397756
1558731647822 -397756
1558731647822 -397753
1558731647822 -397751
1558731647822 -397749
1558731647822 -397748
1558731647822 -397745
1558731647822 -397737
1558731647822 -397737
1558731647822 -397737
1558731647822 -397723
1558731647822 -397719
1558731647822 -397716
1558731647822 -397713
1558731647822 -397701
1558731647822 -397700
1558731647822 -397700
1558731647822 -397698
1558731647822 -397695
1558731647822 -397690
1558731647822 -397690
1558731647822 -397689
1558731647822 -397689
1558731647822 -397687
1558731647822 -397685
1558731647822 -397676
1558731647822 -397662
1558731647823 -397659
1558731647823 -397645
1558731647823 -397644
1558731647823 -397643
1558731647823 -397634
1558731647823 -397628
1558731647823 -397626
1558731647823 -397626
1558731647823 -397622
1558731647823 -397622
1558731647823 -397615
1558731647823 -397614
1558731647823 -397613
1558731647823 -397613
1558731647847 -418040
1558731647847 -418039
1558731647847 -417957
1558731647847 -417957
1558731647847 -417957
1558731647847 -417957
1558731647847 -417956
1558731647847 -417956
1558731647847 -417956
1558731647847 -417956
1558731647847 -392563
1558731647847 -392563
1558731647847 -392562
1558731647847 -392561
1558731647847 -392561
1558731647847 -392560
1558731647847 -392560
1558731647847 -392534
1558731647847 -392530
1558731647847 -392530
1558731647847 -392527
1558731647847 -392526
1558731647847 -392524
1558731647847 -392514
1558731647847 -392510
1558731647847 -392499
1558731647847 -392493
1558731647847 -392486
1558731647847 -392478
1558731647847 -392477
1558731647847 -392466
1558731647847 -392460
1558731647847 -392455
1558731647847 -392454
1558731647847 -392453
1558731647847 -392452
1558731647847 -392451
1558731647847 -392447
1558731647847 -392445
1558731647847 -392440
1558731647847 -392374
1558731647847 -392371
1558731647847 -392370
1558731647914 -392437
1558731647914 -392436
1558731647914 -392436
1558731647914 -392435
1558731647914 -392359
1558731647914 -392359
1558731647914 -392358
1558731647914 -392358
1558731647914 -392357
1558731647914 -392356
1558731647914 -392354
1558731647914 -392354
1558731647914 -392270
1558731647914 -392270
1558731647914 -392270
1558731647914 -392270
1558731647914 -392270
1558731647914 -392270
1558731647914 -392270
1558731647914 -392270
1558731647914 -392270
1558731647914 -392269
1558731647914 -392269
1558731647914 -392269
1558731647914 -392184
1558731647914 -392183
1558731647914 -392181
1558731647914 -392180
1558731647914 -392180
1558731647914 -392180
1558731647914 -392177
1558731647914 -392177
1558731647914 -392097
1558731647914 -392096
1558731647914 -392096
1558731647915 -392095
1558731647915 -392094
1558731647915 -392093
1558731647915 -392093
1558731647915 -392091
1558731647915 -392090
1558731647915 -392009
1558731647915 -392008
1558731647915 -392007
1558731647915 -392007
1558731647915 -392006
1558731647915 -392005
1558731647915 -392004
1558731647915 -392002
1558731647915 -391922
1558731647915 -391920
1558731647915 -391920
1558731647915 -391919
1558731647915 -391917
1558731647915 -391912
1558731647915 -391833
1558731647915 -391798
1558731647915 -391798
1558731647915 -391798
1558731647915 -391798
1558731647915 -391797
1558731647915 -391797
1558731647915 -391797
1558731647915 -391797
1558731647915 -391745
1558731647915 -391744
1558731647915 -391742
1558731647915 -391741
1558731647915 -391740
1558731647915 -391738
1558731647915 -391658
1558731647915 -391657
1558731647915 -391656
1558731647915 -391655
1558731647915 -391655
1558731647915 -391655
1558731647915 -391654
1558731647915 -391653
1558731647915 -391651
1558731647915 -391649
1558731647915 -391645
1558731647915 -391569
1558731647915 -391568
1558731647915 -391568
1558731647915 -391566
1558731647915 -391565
1558731647915 -391559
1558731647915 -391556
1558731647915 -391550
1558731647915 -391545
1558731647915 -391527
1558731647915 -391523
1558731647915 -391519
1558731647915 -391517
1558731647915 -391517
1558731647915 -391438
1558731647915 -391437
1558731647915 -391437
1558731647915 -391436
1558731647915 -391435
1558731647916 -391436
1558731647916 -391436
1558731647916 -391435
1558731647916 -391435
1558731647916 -391435
1558731647916 -391433
1558731647916 -391428
1558731647916 -391422
1558731647916 -391419
1558731647916 -344628
1558731647916 -344597
1558731647916 -344597
1558731648037 -418425
1558731648037 -418425
1558731648037 -418424
1558731648037 -418424
1558731648037 -418406
1558731648037 -418406
1558731648037 -418406
1558731648037 -418405
1558731648037 -418405
1558731648037 -418405
1558731648037 -418405
1558731648037 -366791
1558731648037 -366791
1558731648037 -366784
1558731648037 -366782
1558731648037 -366781
1558731648037 -366780
1558731648037 -366778
1558731648037 -366773
1558731648037 -366771
1558731648037 -366769
1558731648037 -366768
1558731648037 -366768
1558731648037 -366767
1558731648037 -366764
1558731648037 -366762
1558731648037 -366757
1558731648037 -366756
1558731648037 -366755
1558731648037 -366751
1558731648037 -366749
1558731648037 -366747
1558731648037 -366744
1558731648037 -366744
1558731648037 -366744
1558731648037 -366741
1558731648037 -366739
1558731648037 -366739
1558731648037 -366668
1558731648037 -366668
1558731648037 -366666
1558731648037 -366662
1558731648037 -366661
1558731648037 -366590
1558731648037 -366581
1558731648037 -366577
1558731648037 -366570
1558731648037 -366570
1558731648037 -366569
1558731648037 -366566
1558731648037 -366564
1558731648037 -366550
1558731648037 -366550
1558731648037 -366545
1558731648037 -366534
1558731648037 -366534
1558731648037 -366528
1558731648037 -366525
1558731648037 -366458
1558731648037 -366458
1558731648037 -366455
1558731648037 -366455
1558731648037 -366454
1558731648037 -366454
1558731648037 -366454
1558731648037 -366453
1558731648037 -366451
1558731648037 -366451
1558731648037 -366371
1558731648037 -366371
1558731648037 -366370
1558731648037 -366370
1558731648037 -366369
1558731648037 -366369
1558731648037 -366368
1558731648037 -366365
1558731648037 -366364
1558731648037 -366364
1558731648037 -366361
1558731648037 -366360
1558731648037 -366358
1558731648037 -366355
1558731648037 -366354
1558731648037 -366350
1558731648037 -366350
1558731648037 -366346
1558731648037 -366342
1558731648037 -366341
1558731648037 -366339
1558731648037 -366338
1558731648037 -366276
1558731648037 -366275
1558731648037 -366274
1558731648037 -366266
1558731648037 -366260
1558731648037 -366256
1558731648037 -366255
1558731648037 -366251
1558731648037 -366250
1558731648037 -366248
1558731648037 -366195
1558731648037 -366195
1558731648037 -366193
1558731648037 -366193
1558731648037 -366192
1558731648037 -366192
1558731648037 -366188
1558731648037 -366188
1558731648037 -366183
1558731648037 -366181
1558731648037 -366179
1558731648037 -366177
1558731648037 -366176
1558731648037 -366175
1558731648037 -366174
1558731648037 -366173
1558731648037 -366171
1558731648037 -418768
1558731648037 -418768
1558731648037 -418767
1558731648037 -418767
1558731648037 -418184
1558731648037 -418184
1558731648037 -418184
1558731648037 -418184
1558731648037 -418184
1558731648037 -418183
1558731648037 -418183
1558731648037 -418183
1558731648037 -418183
1558731648037 -418183
1558731648037 -418168
1558731648037 -356418
1558731648037 -356418
1558731648037 -356417
1558731648037 -356416
1558731648037 -356416
1558731648037 -356416
1558731648037 -356416
1558731648037 -356408
1558731648037 -356407
1558731648037 -356402
1558731648037 -356399
1558731648037 -356399
1558731648037 -356397
1558731648037 -356396
1558731648037 -356395
1558731648037 -356394
1558731648037 -356393
1558731648037 -356391
1558731648037 -356387
1558731648037 -356387
1558731648037 -356386
1558731648037 -356385
1558731648037 -356385
1558731648037 -356383
1558731648037 -356383
1558731648093 -356438
1558731648093 -356438
1558731648093 -356425
1558731648093 -356423
1558731648093 -356418
1558731648093 -356417
1558731648093 -356416
1558731648093 -356412
1558731648093 -356409
1558731648093 -356400
1558731648093 -356399
1558731648093 -356397
1558731648093 -356397
1558731648093 -356395
1558731648093 -356393
1558731648093 -356391
1558731648093 -356390
1558731648093 -356318
1558731648093 -356314
1558731648093 -356313
1558731648093 -356310
1558731648093 -356309
1558731648093 -356308
1558731648093 -356308
1558731648093 -356308
1558731648093 -356307
1558731648093 -356306
1558731648093 -356304
1558731648093 -356244
1558731648093 -356243
1558731648093 -356240
1558731648093 -356240
1558731648093 -356240
1558731648093 -356237
1558731648093 -356236
1558731648093 -356235
1558731648093 -356235
1558731648093 -356234
1558731648093 -356233
1558731648093 -356231
1558731648093 -356231
1558731648093 -356227
1558731648093 -356225
1558731648093 -356221
1558731648093 -356220
1558731648093 -356219
1558731648093 -356218
1558731648093 -356218
1558731648093 -356216
1558731648093 -356215
1558731648093 -356214
1558731648093 -356214
1558731648093 -356214
1558731648093 -356213
1558731648093 -356208
1558731648093 -356113
1558731648093 -356111
1558731648093 -356107
1558731648093 -356106
1558731648093 -356106
1558731648093 -356105
1558731648093 -356103
1558731648093 -356095
1558731648093 -356095
1558731648093 -356094
1558731648093 -356094
1558731648093 -356092
1558731648093 -356091
1558731648093 -356090
1558731648093 -356090
1558731648094 -356088
1558731648094 -356087
1558731648094 -356084
1558731648094 -356079
1558731648094 -355977
1558731648094 -355976
1558731648094 -355975
1558731648094 -355975
1558731648094 -355974
1558731648094 -355972
1558731648094 -355970
1558731648094 -355968
1558731648094 -355964
1558731648094 -355962
1558731648094 -355954
1558731648094 -355950
1558731648094 -355950
1558731648094 -355948
1558731648094 -355941
1558731648094 -355939
1558731648094 -355936
1558731648094 -355936
1558731648094 -355930
1558731648094 -355928
1558731648094 -355926
1558731648094 -355923
1558731648094 -355850
1558731648094 -355849
1558731648094 -355848
1558731648094 -355848
1558731648094 -355847
1558731648094 -355844
1558731648094 -355843
1558731648094 -355840
1558731648094 -355839
1558731648094 -355838
1558731648094 -355835
1558731648094 -355832
1558731648094 -355830
1558731648094 -355830
1558731648094 -355828
1558731648094 -355822
1558731648094 -355821
1558731648094 -355820
1558731648094 -355819
1558731648094 -355819
1558731648094 -355757
1558731648094 -355757
1558731648094 -355755
1558731648094 -355753
1558731648094 -355751
1558731648094 -355740
1558731648094 -355733
1558731648094 -355733
1558731648094 -355733
1558731648094 -355733
1558731648094 -355729
1558731648094 -355725
1558731648094 -355725
1558731648095 -355722
1558731648095 -355722
1558731648095 -355712
1558731648095 -355709
1558731648095 -355709
1558731648095 -355705
1558731648095 -355703
1558731648095 -355701
1558731648095 -355700
1558731648095 -355671
1558731648095 -355671
1558731648095 -355671
1558731648214 -409049
1558731648214 -409049
1558731648214 -345075
1558731648214 -345056
1558731648214 -345056
1558731648214 -345055
1558731648214 -345055
1558731648214 -344759
1558731648214 -344759
1558731648214 -344759
1558731648214 -344759
1558731648214 -333673
1558731648214 -333670
1558731648214 -333669
1558731648214 -333669
1558731648214 -333668
1558731648214 -333667
1558731648214 -333658
1558731648214 -333657
1558731648214 -333657
1558731648214 -333655
1558731648214 -333655
1558731648214 -333652
1558731648214 -333647
1558731648214 -333626
1558731648214 -333625
1558731648214 -333625
1558731648214 -333625
1558731648214 -333625
1558731648214 -333624
1558731648214 -333624
1558731648214 -333624
1558731648214 -333624
1558731648214 -333624
1558731648214 -333624
1558731648214 -333624
1558731648214 -333624
1558731648214 -333624
1558731648214 -333621
1558731648246 -333649
1558731648246 -333649
1558731648246 -333649
1558731648246 -333648
1558731648246 -333647
1558731648246 -333643
1558731648246 -333643
1558731648246 -333642
1558731648246 -333641
1558731648246 -333640
1558731648246 -333640
1558731648246 -333637
1558731648246 -333637
1558731648246 -333636
1558731648246 -333630
1558731648246 -333626
1558731648246 -333625
1558731648246 -333624
1558731648246 -333624
1558731648246 -333623
1558731648246 -333621
1558731648246 -333619
1558731648247 -333600
1558731648247 -333597
1558731648247 -333596
1558731648247 -333595
1558731648247 -333593
1558731648247 -333591
1558731648247 -333589
1558731648247 -333589
1558731648247 -333588
1558731648247 -333588
1558731648247 -333585
1558731648247 -333585
1558731648247 -333584
1558731648247 -333584
1558731648247 -333579
1558731648247 -333577
1558731648247 -333577
1558731648247 -333574
1558731648247 -333572
1558731648247 -333571
1558731648247 -333570
1558731648247 -333476
1558731648247 -333475
1558731648247 -333474
1558731648247 -333472
1558731648247 -333471
1558731648247 -333468
1558731648247 -333468
1558731648247 -333466
1558731648247 -333465
1558731648247 -333465
1558731648247 -333464
1558731648247 -333462
1558731648247 -333387
1558731648247 -333387
1558731648247 -333386
1558731648247 -333381
1558731648247 -333380
1558731648247 -333378
1558731648247 -333378
1558731648247 -333377
1558731648247 -333374
1558731648247 -333373
1558731648247 -333373
1558731648247 -333372
1558731648247 -333368
1558731648247 -333363
1558731648247 -333360
1558731648247 -333360
1558731648247 -333359
1558731648247 -333357
1558731648247 -333356
1558731648247 -333352
1558731648247 -333350
1558731648247 -333348
1558731648247 -333257
1558731648247 -333256
1558731648247 -333256
1558731648247 -333256
1558731648247 -333256
1558731648247 -333254
1558731648247 -333244
1558731648247 -333241
1558731648247 -333239
1558731648247 -333238
1558731648247 -333234
1558731648247 -333231
1558731648247 -333230
1558731648247 -333228
1558731648247 -333226
1558731648247 -333226
1558731648247 -333224
1558731648247 -333222
1558731648247 -333222
1558731648247 -333216
1558731648247 -333215
1558731648247 -333167
1558731648247 -333166
1558731648247 -333165
1558731648247 -333164
1558731648248 -333155
1558731648248 -333155
1558731648248 -333154
1558731648248 -333154
1558731648248 -333151
1558731648248 -333143
1558731648248 -333139
1558731648248 -333137
1558731648248 -333135
1558731648248 -333133
1558731648248 -333133
1558731648248 -333081
1558731648248 -333081
1558731648248 -333080
1558731648248 -333079
1558731648248 -333073
1558731648248 -333068
1558731648248 -333059
1558731648248 -333056
1558731648248 -333053
1558731648248 -332990
1558731648248 -332990
1558731648248 -332983
1558731648248 -332980
1558731648248 -332978
1558731648248 -332977
1558731648248 -332972
1558731648248 -332970
1558731648248 -332969
1558731648248 -332968
1558731648273 -344954
1558731648273 -344954
1558731648273 -344954
1558731648273 -344950
1558731648273 -344950
1558731648273 -344950
1558731648273 -344950
1558731648273 -344950
1558731648273 -253245
1558731648273 -253241
1558731648273 -253238
1558731648273 -253237
1558731648273 -253235
1558731648273 -253232
1558731648273 -253230
1558731648273 -253227
1558731648273 -253225
1558731648273 -253224
1558731648273 -253223
1558731648273 -253221
1558731648273 -253219
1558731648273 -253217
1558731648273 -253215
1558731648273 -253208
1558731648273 -253203
1558731648273 -253202
1558731648273 -253202
1558731648273 -253200
1558731648273 -253197
1558731648273 -253193
1558731648273 -253192
1558731648273 -253191
1558731648273 -253189
1558731648273 -253188
1558731648273 -253184
1558731648273 -253183
1558731648273 -253177
1558731648273 -253176
1558731648273 -253175
1558731648273 -253174
1558731648273 -253173
1558731648273 -253170
1558731648273 -253168
1558731648273 -253168
1558731648273 -253168
1558731648273 -253166
1558731648273 -253163
1558731648273 -253162
1558731648273 -253161
1558731648500 -366612
1558731648500 -366611
1558731648500 -366610
1558731648500 -366609
1558731648500 -366602
1558731648500 -366600
1558731648500 -366600
1558731648500 -366593
1558731648500 -366593
1558731648500 -366592
1558731648500 -145000
1558731648500 -144998
1558731648500 -144993
1558731648500 -144991
1558731648500 -144989
1558731648500 -144986
1558731648500 -144983
1558731648500 -144983
1558731648500 -144980
1558731648500 -144980
1558731648500 -144980
1558731648500 -144977
1558731648500 -144977
1558731648501 -144978
1558731648501 -144976
1558731648501 -144976
1558731648501 -144972
1558731648501 -144970
1558731648501 -144968
1558731648501 -144966
1558731648501 -144966
1558731648501 -144965
1558731648501 -144962
1558731648501 -144961
1558731648501 -144961
1558731648501 -144960
1558731648501 -144958
1558731648501 -144956
1558731648501 -144956
1558731648501 -144955
1558731648501 -144954
1558731648501 -144953
1558731648501 -144951
1558731648501 -144950
1558731648501 -144938
1558731648501 -144935
1558731648501 -144935
1558731648501 -144932
1558731648501 -144932
1558731648501 -144931
1558731648501 -144926
1558731648501 -144925
1558731648501 -144925
1558731648501 -144924
1558731648501 -144922
1558731648501 -144922
1558731648501 -144921
1558731648501 -144921
1558731648501 -144921
1558731648501 -144916
1558731648501 -144915
1558731648501 -144914
1558731648501 -144894
1558731648501 -144894
1558731648501 -144893
1558731648501 -144893
1558731648501 -144893
1558731648501 -144890
1558731648501 -144888
1558731648501 -144887
1558731648501 -144887
1558731648501 -144885
1558731648501 -144884
1558731648501 -144880
1558731648501 -144880
1558731648501 -144878
1558731648501 -144877
1558731648501 -144822
1558731648501 -144818
1558731648501 -144815
1558731648501 -144814
1558731648501 -144806
1558731648501 -144805
1558731648501 -144798
1558731648501 -144797
1558731648501 -144792
1558731648501 -144791
1558731648501 -144736
1558731648501 -144735
1558731648502 -144731
1558731648502 -144730
1558731648502 -356078
1558731648502 -356078
1558731648502 -119896
1558731648502 -119895
1558731648502 -119895
1558731648502 -119893
1558731648502 -119891
1558731648502 -119889
1558731648502 -119888
1558731648502 -119885
1558731648502 -119885
1558731648502 -119884
1558731648502 -119884
1558731648502 -119882
1558731648502 -119881
1558731648502 -119878
1558731648502 -119878
1558731648502 -119876
1558731648502 -119870
1558731648502 -119866
1558731648502 -119866
1558731648502 -119864
1558731648502 -119863
1558731648502 -119862
1558731648502 -119860
1558731648502 -119859
1558731648502 -119855
1558731648502 -119854
1558731648502 -119850
1558731648502 -119849
1558731648502 -119847
1558731648502 -119847
1558731648502 -119845
1558731648502 -119845
1558731648502 -119844
1558731648502 -119840
1558731648502 -119840
1558731648502 -119839
1558731648502 -119838
1558731648502 -119835
1558731648502 -119834
1558731648502 -119833
1558731648502 -119832
1558731648502 -119831
1558731648502 -119830
1558731648519 -119842
1558731648519 -119838
1558731648519 -119833
1558731648519 -119829
1558731648519 -119828
1558731648519 -119824
1558731648519 -119823
