1558731548557 -1051352
1558731548557 -1051352
1558731548557 -1051351
1558731548557 -1051350
1558731548557 -1050416
1558731548557 -1050415
1558731548557 -1050415
1558731548557 -1050415
1558731548557 -1050415
1558731548557 -1050415
1558731548557 -1050415
1558731641789 -1142389
1558731641789 -1142389
1558731641789 -1142388
1558731641789 -1142388
1558731641789 -1142388
1558731641789 -1142388
1558731641789 -1141828
1558731641789 -1141828
1558731641789 -1141828
1558731641789 -1141827
1558731641789 -1141827
1558731641789 -1141023
1558731641789 -1141023
1558731641789 -1141022
1558731641789 -1141022
1558731641789 -1141022
1558731641789 -1141022
1558731641789 -1141022
1558731641789 -1141022
1558731641789 -1141022
1558731641789 -1140620
1558731641789 -1140620
1558731641789 -1140620
1558731641789 -1140620
1558731641789 -1140620
1558731641789 -1140619
1558731641789 -1140619
1558731641789 -1139858
1558731641789 -1139858
1558731641789 -1139858
1558731641789 -1139858
1558731641789 -1139858
1558731641789 -1139858
1558731641789 -1139858
1558731641789 -1139857
1558731641789 -1139850
1558731641789 -1139590
1558731641789 -1139588
1558731641789 -1139587
1558731641789 -1139587
1558731641789 -1139144
1558731641789 -1139144
1558731645172 -1142526
1558731645172 -1142526
1558731645172 -1142526
1558731645172 -1142526
1558731645172 -1142350
1558731645172 -1142350
1558731645172 -1142343
1558731645172 -1142038
1558731645172 -1130648
1558731645172 -1130648
1558731645172 -1130647
1558731645172 -1130647
1558731645172 -1130647
1558731645172 -1130646
1558731645172 -1130646
1558731645172 -1130645
1558731645172 -1130644
1558731645172 -1130643
1558731645172 -1130638
1558731645172 -1130610
1558731645172 -1130610
1558731645172 -1130610
1558731645172 -1130610
1558731645172 -1130610
1558731645172 -1130610
1558731645173 -1130610
1558731645173 -1130610
1558731645173 -1130610
1558731645173 -1130610
1558731645173 -1130610
1558731645173 -1130555
1558731645173 -1130555
1558731645173 -1130554
1558731645173 -1130551
1558731645173 -1130550
1558731645173 -1130549
1558731645173 -1130545
1558731645173 -1130475
1558731645173 -1130475
1558731645173 -1130471
1558731645173 -1130387
1558731645173 -1130386
1558731645173 -1130385
1558731645173 -1130383
1558731645173 -1130382
1558731645173 -1130380
1558731645173 -1130377
1558731645173 -1130377
1558731645173 -1130376
1558731645173 -1130375
1558731645173 -1130296
1558731645173 -1130295
1558731645173 -1130295
1558731645173 -1130291
1558731645173 -1130286
1558731645173 -1130285
1558731645173 -1130284
1558731645173 -1130283
1558731645173 -1130281
1558731645173 -1130281
1558731645173 -1130281
1558731645173 -1130279
1558731645173 -1130277
1558731645173 -1130275
1558731645173 -1130272
1558731645173 -1130251
1558731645173 -1130250
1558731645173 -1130164
1558731645173 -1130163
1558731645173 -1130161
1558731645173 -1130160
1558731645173 -1130158
1558731645173 -1130158
1558731645173 -1130156
1558731645173 -1130154
1558731645173 -1130153
1558731645173 -1130152
1558731645173 -1130151
1558731645173 -1130080
1558731645173 -1130079
1558731645173 -1130075
1558731645173 -1130065
1558731645173 -1130065
1558731645173 -1130064
1558731645173 -1130059
1558731645173 -1130050
1558731645173 -1130050
1558731645173 -1130047
1558731645173 -1130046
1558731645173 -1129991
1558731645173 -1129987
1558731645173 -1129981
1558731645173 -1129979
1558731645173 -1129977
1558731645173 -1129970
1558731645173 -1129969
1558731645173 -1129968
1558731645173 -1129968
1558731645173 -1129967
1558731645173 -1129965
1558731645173 -1117800
1558731646669 -1119296
1558731646669 -1119296
1558731646669 -1119295
1558731646669 -1119295
1558731646669 -1119295
1558731646669 -1071723
1558731646669 -1071721
1558731646669 -1071721
1558731646669 -1071721
1558731646669 -1071720
1558731646669 -1071711
1558731646669 -1071711
1558731646669 -1071707
1558731646669 -1071706
1558731646669 -1071705
1558731646669 -1071705
1558731646669 -1071704
1558731646669 -1071704
1558731646669 -1071701
1558731646669 -1071699
1558731646669 -1071695
1558731646669 -1071690
1558731646669 -1071690
1558731646669 -1071688
1558731646669 -1071687
1558731646669 -1071683
1558731646669 -1071683
1558731646669 -1071683
1558731646669 -1071680
1558731646669 -1071679
1558731646669 -1071672
1558731646669 -1071670
1558731646669 -1071668
1558731646669 -1071668
1558731646669 -1071666
1558731646669 -1071661
1558731646669 -1071661
1558731646669 -1071659
1558731646669 -1071659
1558731646669 -1071658
1558731646669 -1071652
1558731646669 -1071650
1558731646669 -1071646
1558731646669 -1071643
1558731646669 -1071637
1558731646669 -1071635
1558731646669 -1071635
1558731646669 -1071633
1558731646669 -1071633
1558731646669 -1071632
1558731646669 -1071626
1558731646669 -1071621
1558731646669 -1071618
1558731646669 -1071614
1558731646669 -1071611
1558731646669 -1071606
1558731646669 -1071602
1558731646669 -1071601
1558731646669 -1071598
1558731646669 -1071596
1558731646669 -1071596
1558731646669 -1071525
1558731646669 -1071525
1558731646669 -1071525
1558731646669 -1071525
1558731646669 -1071525
1558731646669 -1071525
1558731646669 -1071525
1558731646669 -1071525
1558731646669 -1071525
1558731646669 -1071524
1558731646669 -1071524
1558731646669 -1071524
1558731646669 -1071524
1558731646669 -1071524
1558731646880 -1071735
1558731647910 -423543
1558731647910 -423543
1558731647910 -422424
1558731647910 -422424
1558731647910 -422417
1558731647910 -422411
1558731647910 -421497
1558731647910 -421497
1558731647910 -421496
1558731647910 -421496
1558731647910 -420809
1558731647910 -420809
1558731647910 -420809
1558731647910 -420808
1558731647910 -420808
1558731647910 -420808
1558731647910 -420808
1558731647910 -420808
1558731647910 -420126
1558731647910 -420126
1558731647910 -420126
1558731647910 -420126
1558731647910 -420126
1558731647910 -420126
1558731647910 -420126
1558731647910 -420123
1558731647910 -419522
1558731647911 -419523
1558731647911 -419523
1558731648061 -421403
1558731648061 -421403
1558731648061 -421214
1558731648061 -421214
1558731648061 -421214
1558731648061 -421214
1558731648061 -420038
1558731648061 -420036
1558731648061 -420036
1558731648061 -420036
1558731648061 -419922
1558731648061 -419922
1558731648061 -419922
1558731648061 -419922
1558731648061 -419921
1558731648061 -419921
1558731648061 -419921
1558731648061 -419921
1558731648061 -418863
1558731648061 -418863
1558731648061 -418861
1558731648061 -418861
1558731648061 -418840
1558731648061 -418840
1558731648061 -418840
1558731648061 -418839
1558731648061 -418839
1558731648061 -418839
1558731648061 -418839
1558731648061 -418839
1558731648061 -418839
1558731648061 -418795
1558731648061 -418794
1558731648061 -418794
1558731648061 -418794
1558731648061 -422475
1558731648061 -422475
1558731648061 -422475
1558731648061 -422468
1558731648061 -421729
1558731648061 -421727
1558731648061 -421727
1558731648061 -421727
1558731648061 -421727
1558731648061 -421727
1558731648061 -420907
1558731648061 -420907
1558731648061 -420904
1558731648061 -420904
1558731648061 -420904
1558731648061 -420902
1558731648061 -420902
1558731648061 -420902
1558731648061 -420326
1558731648061 -420326
1558731648061 -420326
1558731648061 -420326
1558731648061 -420326
1558731648061 -420325
1558731648061 -420324
1558731648061 -420323
1558731648061 -419607
1558731648061 -419607
1558731648061 -419607
1558731648061 -419607
1558731648061 -419606
1558731648061 -419605
1558731648061 -419605
1558731648061 -419605
1558731648061 -419115
1558731648061 -418593
1558731648061 -418593
1558731648061 -418591
1558731648061 -418591
1558731648061 -418590
1558731648061 -418590
1558731648061 -418590
1558731648109 -423508
1558731648109 -423507
1558731648109 -423507
1558731648109 -423507
1558731648109 -423507
1558731648109 -423507
1558731648109 -423507
1558731648109 -423507
1558731648109 -423220
1558731648109 -423220
1558731648109 -423220
1558731648109 -423220
1558731648109 -423220
1558731648109 -423219
1558731648109 -423219
1558731648109 -423219
1558731648109 -423219
1558731648109 -423219
1558731648109 -421380
1558731648109 -421379
1558731648109 -421379
1558731648109 -421272
1558731648109 -421272
1558731648109 -420206
1558731648109 -420206
1558731648109 -420206
1558731648304 -419916
1558731648304 -419916
1558731648304 -419916
1558731648304 -419316
1558731648304 -419315
1558731648304 -419315
1558731648304 -419313
1558731648304 -418857
1558731648304 -418856
1558731648304 -418856
1558731648304 -418856
1558731648304 -418856
1558731648304 -418856
1558731648304 -418856
1558731648304 -418505
1558731648304 -418505
1558731648304 -418504
1558731648304 -418504
1558731648304 -402960
1558731648304 -402959
1558731648304 -402958
1558731648304 -402957
1558731648304 -402955
1558731648304 -402953
1558731648304 -402953
1558731648304 -402951
1558731648305 -402952
1558731648305 -402951
1558731648305 -402951
1558731648305 -402950
1558731648305 -402942
1558731648305 -402942
1558731648305 -402942
1558731648305 -402835
1558731648305 -402834
1558731648305 -402834
1558731648305 -402833
1558731648305 -402833
1558731648305 -402832
1558731648305 -402832
1558731648305 -402831
1558731648305 -402831
1558731648305 -402830
1558731648305 -402824
1558731648305 -402823
1558731648305 -402823
1558731648305 -402823
1558731648305 -402754
1558731648305 -402753
1558731648305 -402752
1558731648305 -402751
1558731648305 -402751
1558731648305 -402749
1558731648305 -402748
1558731648329 -419062
1558731648329 -418474
1558731648329 -418474
1558731648329 -418474
1558731648329 -418474
1558731648329 -418473
1558731648329 -397639
1558731648329 -397639
1558731648329 -397639
1558731648329 -397639
1558731648329 -397637
1558731648329 -397637
1558731648329 -397636
1558731648329 -397631
1558731648329 -397630
1558731648329 -397625
1558731648329 -397624
1558731648329 -397621
1558731648329 -397618
1558731648329 -397617
1558731648329 -397607
1558731648329 -397576
1558731648329 -397576
1558731648329 -397576
1558731648329 -397576
1558731648329 -397576
1558731648329 -397575
1558731648329 -397575
1558731648329 -397575
1558731648329 -397575
1558731648329 -397575
1558731648329 -397575
1558731648329 -397575
1558731648329 -397575
1558731648329 -397561
1558731648329 -397558
1558731648329 -397548
1558731648329 -397548
1558731648329 -397546
1558731648329 -397542
1558731648329 -397542
1558731648329 -397540
1558731648330 -397540
1558731648330 -397538
1558731648330 -397538
1558731648330 -397538
1558731648330 -397537
1558731648330 -397536
1558731648330 -397533
1558731648330 -397533
1558731648330 -397468
1558731648330 -397468
1558731648330 -397467
1558731648330 -397467
1558731648330 -397465
1558731648330 -397463
1558731648330 -397462
1558731648330 -397461
1558731648330 -397388
1558731648330 -397387
1558731648330 -397386
1558731648330 -397385
1558731648330 -397384
1558731648330 -397383
1558731648330 -397382
1558731648330 -397300
1558731648330 -397298
1558731648330 -397298
1558731648330 -397298
1558731648330 -397297
1558731648330 -397296
1558731648330 -397295
1558731648330 -397281
1558731648330 -397212
1558731648330 -397212
1558731648330 -397212
1558731648330 -397208
1558731648330 -397208
1558731648330 -397207
1558731648330 -397207
1558731648330 -397205
1558731648330 -397203
1558731648330 -397202
1558731648330 -397202
1558731648330 -397201
1558731648330 -397122
1558731648330 -397122
1558731648330 -397121
1558731648330 -397119
1558731648330 -397114
1558731648330 -397114
1558731648330 -397102
1558731648330 -397101
1558731648330 -397094
1558731648330 -397093
1558731648330 -397093
1558731648330 -397086
1558731648330 -396987
1558731648330 -396986
1558731648330 -396984
1558731648330 -396981
1558731648330 -396970
1558731648330 -396969
1558731648330 -396969
1558731648330 -396968
1558731648330 -396968
1558731648330 -396965
1558731648330 -396965
1558731648330 -396964
1558731648330 -396961
1558731648330 -396961
1558731648330 -396961
1558731648331 -396901
1558731648331 -396900
1558731648331 -396898
1558731648331 -396897
1558731648331 -396895
1558731648331 -396891
1558731648331 -396888
1558731648331 -396886
1558731648331 -396881
1558731648331 -396814
1558731648331 -396813
1558731648331 -396813
1558731648331 -396812
1558731648331 -396777
1558731648331 -396777
1558731648331 -396776
1558731648331 -396775
1558731648331 -396774
1558731648331 -396774
1558731648331 -396767
1558731648331 -396767
1558731648331 -396767
1558731648331 -396767
1558731648331 -396767
1558731648331 -396766
1558731648331 -396766
1558731648331 -396766
1558731648331 -396766
1558731648331 -396765
1558731648331 -396765
1558731648331 -396764
1558731648331 -396726
1558731648331 -396726
1558731648331 -396725
1558731648331 -396721
1558731648331 -396681
1558731648331 -396680
1558731648331 -396680
1558731648331 -396680
1558731648331 -396679
1558731648331 -396677
1558731648331 -396670
1558731648331 -396665
1558731648331 -396660
1558731648331 -396658
1558731648331 -396655
1558731648331 -396650
1558731648331 -396645
1558731648331 -396644
1558731648331 -396639
1558731648331 -396638
1558731648331 -396629
1558731648331 -396628
1558731648331 -396626
1558731648331 -396618
1558731648331 -396616
1558731648331 -396616
1558731648331 -396615
1558731648331 -396611
1558731648331 -396590
1558731648331 -396590
1558731648331 -396590
1558731648331 -396590
1558731648331 -396590
1558731648331 -396590
1558731648331 -396590
1558731648331 -396589
1558731648331 -396589
1558731648331 -396586
1558731648331 -396583
1558731648331 -418551
1558731648331 -418550
1558731648331 -418550
1558731648331 -418550
1558731648331 -418550
1558731648331 -418550
1558731648331 -418550
1558731648331 -418437
1558731648331 -418436
1558731648331 -418436
1558731648331 -418436
1558731648332 -418437
1558731648332 -397290
1558731648332 -397290
1558731648332 -397290
1558731648332 -397284
1558731648332 -397278
1558731648332 -397277
1558731648332 -397271
1558731648332 -397271
1558731648332 -397262
1558731648332 -397262
1558731648348 -397275
1558731648348 -397274
1558731648348 -397274
1558731648348 -397270
1558731648348 -397268
1558731648348 -397268
1558731648348 -397268
1558731648348 -397266
1558731648348 -397264
1558731648348 -397197
1558731648348 -397197
1558731648348 -397195
1558731648348 -397195
1558731648348 -397192
1558731648348 -397190
1558731648348 -397188
1558731648348 -397187
1558731648348 -397185
1558731648348 -397118
1558731648348 -397116
1558731648348 -397115
1558731648348 -397114
1558731648348 -397107
1558731648348 -397107
1558731648348 -397105
1558731648348 -397029
1558731648348 -397028
1558731648348 -397028
1558731648348 -397028
1558731648348 -397027
1558731648348 -397025
1558731648348 -397021
1558731648348 -397018
1558731648348 -396942
1558731648348 -396941
1558731648348 -396941
1558731648348 -396940
1558731648348 -396940
1558731648348 -396938
1558731648348 -396938
1558731648348 -396937
1558731648348 -396934
1558731648348 -396934
1558731648348 -396933
1558731648348 -396930
1558731648348 -396925
1558731648348 -396925
1558731648348 -396913
1558731648348 -396909
1558731648348 -396907
1558731648348 -396907
1558731648348 -396904
1558731648348 -396901
1558731648348 -396899
1558731648348 -396805
1558731648348 -396799
1558731648348 -396799
1558731648349 -396799
1558731648349 -396781
1558731648349 -396781
1558731648349 -396780
1558731648349 -396780
1558731648349 -396780
1558731648349 -396719
1558731648349 -396719
1558731648349 -396718
1558731648349 -396717
1558731648349 -396717
1558731648349 -396717
1558731648349 -396716
1558731648349 -396716
1558731648349 -396715
1558731648349 -396715
1558731648349 -396713
1558731648349 -396706
1558731648349 -396700
1558731648349 -396686
1558731648349 -396685
1558731648349 -396683
1558731648349 -396680
1558731648349 -396677
1558731648349 -396677
1558731648349 -396676
1558731648349 -396670
1558731648349 -396665
1558731648349 -396661
1558731648349 -396659
1558731648349 -396655
1558731648349 -396650
1558731648349 -396645
1558731648349 -396644
1558731648349 -396644
1558731648349 -396643
1558731648349 -396636
1558731648349 -396635
1558731648349 -396634
1558731648423 -420519
1558731648423 -420519
1558731648423 -420519
1558731648448 -420544
1558731648448 -420544
1558731648448 -420544
1558731648448 -420185
1558731648448 -420185
1558731648448 -419384
1558731648448 -419384
1558731648448 -419384
1558731648448 -419383
1558731648448 -419383
1558731648448 -419383
1558731648448 -419118
1558731648448 -419118
1558731648448 -419118
1558731648448 -419118
1558731648448 -419117
1558731648448 -419117
1558731648448 -356108
1558731648448 -356107
1558731648448 -356107
1558731648448 -356106
1558731648448 -356101
1558731648448 -356101
1558731648448 -356094
1558731648448 -356087
1558731648448 -356083
1558731648448 -356082
1558731648448 -356082
1558731648448 -356081
1558731648448 -356081
1558731648448 -356078
1558731648448 -356078
1558731648448 -356074
1558731648448 -356014
1558731648448 -356012
1558731648448 -356011
1558731648448 -356011
1558731648448 -356006
1558731648448 -356005
1558731648448 -356004
1558731648448 -356000
1558731648448 -356000
1558731648448 -355942
1558731648448 -355941
1558731648448 -355941
1558731648448 -355940
1558731648448 -355939
1558731648448 -355935
1558731648474 -402916
1558731648474 -402835
1558731648474 -402835
1558731648474 -402835
1558731648474 -402833
1558731648474 -402832
1558731648474 -402832
1558731648474 -402832
1558731648474 -402831
1558731648474 -402830
1558731648474 -402828
1558731648474 -402827
1558731648474 -402826
1558731648474 -402824
1558731648474 -402824
1558731648474 -309825
1558731648474 -309824
1558731648474 -309821
1558731648474 -309819
1558731648474 -309817
1558731648474 -309812
1558731648474 -309810
1558731648474 -309806
1558731648474 -309799
1558731648474 -309798
1558731648474 -309793
1558731648474 -309789
1558731648474 -309784
1558731648474 -309780
1558731648474 -309776
1558731648474 -309775
1558731648474 -309774
1558731648474 -309774
1558731648474 -309772
1558731648474 -309766
1558731648474 -309765
1558731648474 -309763
1558731648474 -309763
1558731648474 -309761
1558731648474 -309752
1558731648474 -309746
1558731648474 -309745
1558731648474 -309745
1558731648474 -309743
1558731648474 -309743
1558731648475 -309729
1558731648475 -309728
1558731648475 -309724
1558731648475 -309723
1558731648475 -309723
1558731648475 -309723
1558731648475 -309721
1558731648475 -309720
1558731648475 -309716
1558731648475 -309715
1558731648475 -309712
1558731648475 -309651
1558731648475 -309648
1558731648475 -309646
1558731648475 -309645
1558731648475 -309645
1558731648475 -309643
1558731648475 -309643
1558731648475 -309642
1558731648475 -309641
1558731648475 -309641
1558731648475 -309638
1558731648475 -309636
1558731648475 -309631
1558731648475 -309626
1558731648475 -309622
1558731648475 -309622
1558731648475 -309622
1558731648475 -309618
1558731648475 -309618
1558731648475 -309618
1558731648493 -309634
1558731648493 -309629
1558731648493 -309629
1558731648493 -309623
1558731648493 -309620
1558731648493 -309617
1558731648493 -309617
1558731648493 -309617
1558731648493 -309613
1558731648493 -309611
1558731648493 -309609
1558731648493 -309607
1558731648493 -309606
1558731648493 -309603
1558731648493 -309603
1558731648493 -309603
1558731648493 -309543
1558731648493 -309540
1558731648493 -309530
1558731648493 -309530
1558731648493 -309529
1558731648493 -309526
1558731648493 -309524
1558731648493 -309522
1558731648493 -309520
1558731648493 -309516
1558731648493 -309515
1558731648493 -309514
1558731648493 -309455
1558731648493 -309455
1558731648493 -309454
1558731648493 -309453
1558731648493 -309453
1558731648493 -309452
1558731648493 -309452
1558731648493 -309450
1558731648493 -309449
1558731648493 -309449
1558731648493 -309447
1558731648493 -309447
1558731648493 -309447
1558731648493 -309445
1558731648493 -309443
1558731648493 -309443
1558731648493 -309442
1558731648493 -309438
1558731648493 -309436
1558731648493 -309434
1558731648493 -309432
1558731648493 -309432
1558731648494 -309430
1558731648494 -309430
1558731648494 -309425
1558731648494 -309421
1558731648494 -309418
1558731648494 -309417
1558731648494 -309416
1558731648494 -309413
1558731648494 -309412
1558731648494 -309411
1558731648494 -309411
1558731648494 -309411
1558731648494 -309409
1558731648494 -309407
1558731648494 -309404
1558731648494 -309402
1558731648494 -309402
1558731648494 -309398
1558731648494 -309397
1558731648494 -309397
1558731648494 -309392
1558731648494 -309391
1558731648494 -309390
1558731648494 -309389
1558731648494 -309388
1558731648494 -309388
1558731648494 -309388
1558731648494 -309383
1558731648494 -309380
1558731648494 -309379
1558731648494 -309378
1558731648494 -309322
1558731648494 -309320
1558731648494 -309316
1558731648494 -309316
1558731648494 -309311
1558731648494 -309309
1558731648494 -309307
1558731648494 -309307
1558731648494 -309307
1558731648494 -309304
1558731648494 -309304
1558731648494 -309301
1558731648494 -309301
1558731648494 -309301
1558731648494 -309299
1558731648494 -309299
1558731648494 -309298
1558731648557 -396804
1558731648557 -396803
1558731648557 -396801
1558731648557 -396799
1558731648557 -396798
1558731648557 -396794
1558731648557 -396792
1558731648557 -396791
1558731648557 -285993
1558731648557 -285992
1558731648557 -285990
1558731648557 -285988
1558731648557 -285988
1558731648557 -285985
1558731648557 -285982
1558731648557 -285980
1558731648557 -285980
1558731648558 -285981
1558731648558 -285981
1558731648558 -285976
1558731648558 -285972
1558731648558 -285966
1558731648558 -396839
1558731648558 -396837
1558731648558 -396835
1558731648558 -396832
1558731648558 -396832
1558731648558 -396831
1558731648558 -396831
1558731648558 -396831
1558731648558 -396816
1558731648558 -396813
1558731648558 -396810
1558731648558 -396809
1558731648558 -282616
1558731648558 -282614
1558731648558 -282610
1558731648558 -282610
1558731648558 -282608
1558731648558 -282606
1558731648558 -282604
1558731648558 -282602
1558731648558 -282601
1558731648558 -282594
1558731648558 -282587
1558731648558 -282582
1558731648558 -282582
1558731648558 -282581
1558731648558 -282580
1558731648558 -282580
1558731648558 -282578
1558731648558 -282577
1558731648558 -282576
1558731648558 -282576
1558731648558 -282576
1558731648558 -282571
1558731648558 -282569
1558731648558 -282568
1558731648558 -282567
1558731648558 -282565
1558731648558 -282558
1558731648558 -282558
1558731648558 -282557
1558731648558 -282554
1558731648558 -282552
1558731648558 -282548
1558731648558 -282546
1558731648558 -282546
1558731648558 -282545
1558731648558 -282542
1558731648558 -282541
1558731648558 -282538
1558731648558 -282536
1558731648558 -282535
1558731648558 -282532
1558731648558 -282530
1558731648558 -282527
1558731648558 -282527
1558731648558 -282525
1558731648558 -282523
1558731648558 -282463
1558731648558 -282463
1558731648558 -282461
1558731648558 -282461
1558731648558 -282460
1558731648558 -282460
1558731648558 -282459
1558731648558 -282459
1558731648558 -282457
1558731648558 -282453
1558731648558 -282448
1558731648558 -282445
1558731648558 -282445
1558731648558 -282445
1558731648558 -282444
1558731648558 -282443
1558731648558 -282440
1558731648558 -282440
1558731648558 -282439
1558731648558 -282436
1558731648558 -282436
1558731648558 -282435
1558731648558 -282382
1558731648558 -282367
1558731648559 -282365
1558731648559 -282364
1558731648559 -282360
1558731648559 -282358
1558731648559 -282357
1558731648559 -282356
1558731648559 -282297
1558731648559 -282291
1558731648559 -282290
1558731648559 -282289
1558731648577 -282305
1558731648577 -282301
1558731648577 -282296
1558731648577 -282295
1558731648637 -356118
1558731648637 -356118
1558731648637 -356117
1558731648637 -356114
1558731648637 -356108
1558731648637 -356108
1558731648637 -356105
1558731648637 -356102
1558731648637 -356100
1558731648637 -356099
1558731648637 -114119
1558731648637 -114113
1558731648637 -114113
1558731648637 -114110
1558731648637 -114108
1558731648637 -114107
1558731648637 -114107
1558731648637 -114106
1558731648637 -114104
1558731648637 -114100
1558731648637 -114098
1558731648637 -114097
1558731648637 -114096
1558731648637 -114095
1558731648637 -114093
1558731648637 -114092
1558731648637 -114089
1558731648637 -114086
1558731648637 -114086
1558731648637 -114084
1558731648637 -114082
1558731648637 -114081
1558731648637 -114076
1558731648637 -114074
1558731648637 -114070
1558731648638 -114071
1558731648638 -114005
1558731648638 -113998
1558731648638 -113997
1558731648638 -113992
1558731648638 -113991
1558731648638 -113928
1558731648638 -113927
1558731648638 -113922
1558731648638 -113921
1558731648638 -113918
1558731648638 -113918
1558731648638 -113915
1558731648638 -113915
1558731648638 -113913
1558731648638 -113911
1558731648638 -113838
1558731648638 -113837
1558731648638 -113836
1558731648638 -113835
1558731648638 -113835
1558731648638 -113833
1558731648638 -113831
1558731648638 -113828
1558731648638 -113824
1558731648638 -113822
1558731648638 -113820
1558731648638 -113818
1558731648638 -113818
1558731648638 -113818
1558731648638 -113815
1558731648638 -113814
1558731648638 -113814
1558731648638 -113811
1558731648638 -113811
1558731648638 -113810
1558731648638 -113807
1558731648638 -113805
1558731648638 -113805
1558731648638 -113708
1558731648638 -113707
1558731648638 -113707
1558731648638 -113705
1558731648638 -113705
1558731648638 -113704
1558731648638 -113698
1558731648638 -113697
1558731648638 -113697
1558731648638 -113695
1558731648638 -113616
1558731648638 -113614
1558731648638 -113611
1558731648638 -113608
1558731648638 -113608
1558731648638 -113606
1558731648639 -113603
1558731648639 -113601
1558731648639 -113597
1558731648639 -113594
1558731648639 -113590
1558731648639 -113589
1558731648639 -113589
1558731648639 -113587
1558731648639 -113586
1558731648639 -113582
1558731648639 -113581
1558731648639 -113572
1558731648639 -113571
1558731648639 -113570
1558731648639 -113569
1558731648639 -113569
1558731648639 -113568
1558731648639 -113567
1558731648639 -113566
1558731648639 -113563
1558731648639 -113437
1558731648639 -113431
1558731648639 -113431
1558731648639 -113429
1558731648639 -113429
1558731648639 -113428
1558731648639 -113428
1558731648639 -113427
1558731648639 -113423
1558731648639 -113423
1558731648639 -113415
1558731648639 -113415
1558731648639 -113414
1558731648639 -113412
1558731648639 -113411
1558731648639 -113409
1558731648639 -113406
1558731648639 -113403
1558731648639 -113402
1558731648639 -113402
1558731648639 -113354
1558731648639 -113354
1558731648639 -113353
1558731648639 -113352
1558731648639 -113352
1558731648639 -113352
1558731648639 -113351
1558731648639 -113349
1558731648639 -113349
1558731648648 -113355
1558731648648 -113354
1558731648648 -113347
1558731648648 -113346
1558731648648 -113346
1558731648648 -113344
1558731648648 -113341
1558731648648 -113336
1558731648648 -113335
1558731648648 -113275
1558731648648 -113271
1558731648648 -113270
1558731648648 -113267
1558731648648 -113263
1558731648648 -113263
1558731648648 -113262
1558731648648 -113259
1558731648648 -113259
1558731648648 -113258
1558731648648 -113257
1558731648648 -113255
1558731648648 -113255
1558731648648 -113254
1558731648649 -113253
1558731648649 -113249
1558731648649 -113248
1558731648649 -113245
1558731648649 -113242
1558731648649 -113239
1558731648649 -113236
1558731648649 -113235
1558731648649 -113233
1558731648649 -113231
1558731648649 -113230
1558731648649 -113229
1558731648649 -13790
1558731648649 -13790
1558731648649 -13787
