1558731303546 -79481
1558731303546 -79481
1558731303546 -79481
1558731303546 -79480
1558731303546 -77575
1558731303546 -77575
1558731303546 -77573
1558731303546 -77469
1558731303546 -77469
1558731303546 -77469
1558731303546 -77467
1558731303546 -77467
1558731303546 -77467
1558731303546 -76124
1558731303546 -76121
1558731303546 -76121
1558731303546 -76074
1558731303546 -76074
1558731303546 -76073
1558731303546 -76072
1558731303546 -76072
1558731303546 -74869
1558731303546 -74869
1558731303546 -74869
1558731303546 -74868
1558731303546 -74820
1558731303546 -74820
1558731303546 -74817
1558731303546 -74817
1558731303546 -74817
1558731548728 -323439
1558731548728 -323439
1558731548728 -323439
1558731548728 -322241
1558731548728 -322241
1558731548728 -322241
1558731548728 -322238
1558731548728 -321722
1558731548728 -321721
1558731548728 -321721
1558731548728 -321714
1558731548728 -321714
1558731548728 -320897
1558731548728 -320895
1558731548728 -320895
1558731548728 -320895
1558731548728 -320893
1558731548728 -320893
1558731548729 -320417
1558731548729 -320417
1558731548729 -320417
1558731548729 -320416
1558731548729 -320416
1558731548729 -319707
1558731548729 -319707
1558731548729 -319707
1558731548729 -319706
1558731548729 -319706
1558731548729 -319704
1558731548729 -319377
1558731548729 -319377
1558731548729 -319377
1558731548729 -319377
1558731548729 -319376
1558731548729 -319376
1558731548729 -318922
1558731548729 -318922
1558731548729 -318922
1558731548729 -318922
1558731548729 -319119
1558731548729 -319119
1558731548729 -319118
1558731548729 -319118
1558731548729 -319118
1558731548729 -319118
1558731548729 -319096
1558731548729 -319095
1558731548729 -319095
1558731548729 -318655
1558731548729 -317237
1558731548729 -317233
1558731548729 -317224
1558731548729 -317223
1558731548729 -317220
1558731548729 -317217
1558731548729 -317215
1558731548729 -317213
1558731548729 -317213
1558731548729 -317212
1558731548729 -317212
1558731548729 -317198
1558731548729 -317192
1558731548729 -317191
1558731548729 -317172
1558731548729 -317171
1558731548729 -317166
1558731548729 -317155
1558731548729 -317154
1558731548729 -317147
1558731548729 -317144
1558731548729 -317138
1558731548729 -317137
1558731548729 -317136
1558731548729 -317136
1558731548729 -317135
1558731548729 -317134
1558731548729 -317034
1558731548729 -317031
1558731548729 -317020
1558731548729 -317015
1558731548729 -317015
1558731548729 -316992
1558731548729 -316971
1558731548729 -316970
1558731548729 -316896
1558731548729 -316889
1558731548729 -316876
1558731548729 -316870
1558731548729 -316812
1558731548729 -316811
1558731548729 -316811
1558731548729 -316810
1558731548729 -316809
1558731548729 -316799
1558731548729 -316797
1558731548729 -316787
1558731548729 -316783
1558731548729 -316727
1558731548729 -316725
1558731548729 -316724
1558731548729 -316724
1558731548729 -316724
1558731548729 -316714
1558731548729 -316714
1558731548729 -316710
1558731548729 -316709
1558731548729 -316699
1558731548729 -316694
1558731548729 -316691
1558731548729 -316683
1558731548729 -316683
1558731548729 -316682
1558731548729 -316681
1558731548729 -316680
1558731548729 -316678
1558731548729 -316668
1558731548729 -316659
1558731548729 -316658
1558731548729 -316657
1558731548729 -316650
1558731548729 -316635
1558731548729 -316632
1558731548729 -316626
1558731548729 -316623
1558731548729 -316623
1558731548729 -316619
1558731548729 -316607
1558731548729 -316607
1558731548729 -316606
1558731548729 -316605
1558731548729 -316599
1558731548729 -316536
1558731548729 -316536
1558731548729 -316526
1558731548729 -316522
1558731548729 -316522
1558731548729 -316519
1558731548729 -316519
1558731548729 -316509
1558731548729 -316509
1558731548729 -316497
1558731548729 -316492
1558731548729 -316488
1558731548729 -316476
1558731548729 -316463
1558731548729 -316446
1558731548729 -316444
1558731548729 -316440
1558731548729 -316434
1558731548729 -316432
1558731548729 -316431
1558731640236 -410428
1558731640236 -410428
1558731640236 -410428
1558731640236 -410346
1558731640236 -410346
1558731640236 -410346
1558731640236 -410345
1558731640236 -410345
1558731640236 -384950
1558731640236 -384949
1558731640236 -384948
1558731640236 -384947
1558731640236 -384917
1558731640236 -384915
1558731640236 -384900
1558731640236 -384896
1558731640236 -384879
1558731640236 -384867
1558731640236 -384865
1558731640236 -384864
1558731640236 -384864
1558731640236 -384863
1558731640236 -384860
1558731640236 -384859
1558731640236 -384858
1558731640236 -384855
1558731640236 -384855
1558731640236 -384854
1558731640236 -384852
1558731640236 -384851
1558731640236 -384850
1558731640236 -384849
1558731640236 -384848
1558731640236 -384846
1558731640236 -384844
1558731640236 -384840
1558731640236 -384834
1558731640236 -384833
1558731640236 -384830
1558731640236 -384829
1558731640236 -384828
1558731640236 -384762
1558731640236 -384760
1558731640236 -384760
1558731640236 -384759
1558731640236 -384755
1558731640236 -384751
1558731640236 -384683
1558731640236 -384682
1558731640236 -384679
1558731640236 -384679
1558731640236 -384677
1558731640236 -384676
1558731640236 -384676
1558731640236 -384676
1558731640236 -384592
1558731640236 -384592
1558731640236 -384592
1558731640236 -384592
1558731640236 -384592
1558731640236 -384592
1558731640236 -384592
1558731640236 -384592
1558731640236 -384592
1558731640236 -384592
1558731640236 -384506
1558731640236 -384504
1558731640236 -384504
1558731640236 -384504
1558731640236 -384503
1558731640236 -384501
1558731640236 -384500
1558731640236 -384419
1558731640236 -384419
1558731640236 -384418
1558731640236 -384418
1558731640236 -384418
1558731640236 -384418
1558731640236 -384417
1558731640236 -384416
1558731640236 -384415
1558731640236 -384415
1558731640236 -384415
1558731640236 -384414
1558731640236 -384414
1558731640236 -384414
1558731640236 -384414
1558731640236 -384330
1558731640236 -384329
1558731640236 -384328
1558731640236 -384327
1558731640236 -384326
1558731640236 -384326
1558731640236 -384321
1558731640236 -384243
1558731640236 -384242
1558731640236 -384242
1558731640236 -384241
1558731640236 -384241
1558731640236 -384239
1558731640236 -384238
1558731640236 -384238
1558731640236 -384154
1558731640236 -384119
1558731640236 -384119
1558731640236 -384119
1558731640236 -384118
1558731640236 -384118
1558731640236 -384066
1558731640236 -384065
1558731640236 -384064
1558731640236 -384063
1558731640236 -384063
1558731640236 -384063
1558731640236 -384062
1558731640236 -384062
1558731640236 -384062
1558731640236 -384061
1558731640236 -383978
1558731640236 -383976
1558731640236 -383975
1558731640236 -383974
1558731640236 -383968
1558731640236 -383967
1558731640236 -383890
1558731640236 -383889
1558731640236 -383889
1558731640236 -383888
1558731640236 -383888
1558731640236 -383886
1558731640236 -383886
1558731640236 -383881
1558731640236 -383876
1558731640236 -383870
1558731640236 -383862
1558731640236 -383862
1558731640236 -383860
1558731640236 -383859
1558731640236 -383859
1558731640236 -383858
1558731640236 -383855
1558731640236 -383853
1558731640236 -383850
1558731640236 -383845
1558731640236 -383844
1558731640236 -383839
1558731640236 -383837
1558731640236 -383837
1558731640236 -383758
1558731640236 -383758
1558731640236 -383758
1558731640236 -383756
1558731640236 -383755
1558731640236 -383754
1558731640236 -383753
1558731640236 -383753
1558731640236 -383745
1558731640236 -383744
1558731640236 -383742
1558731640236 -383741
1558731640236 -383739
1558731640236 -383737
1558731640236 -383737
1558731640236 -383737
1558731640236 -336920
1558731640236 -336917
1558731640540 -408225
1558731640540 -408223
1558731640540 -408222
1558731640540 -408213
1558731640540 -408213
1558731640540 -408211
1558731640540 -408211
1558731640540 -408208
1558731640540 -408208
1558731640540 -408208
1558731640540 -362476
1558731640540 -362475
1558731640540 -362474
1558731640540 -362473
1558731640540 -362473
1558731640540 -362472
1558731640540 -362471
1558731640540 -362465
1558731640540 -362463
1558731640540 -362457
1558731640540 -362454
1558731640540 -362453
1558731640540 -362450
1558731640540 -362447
1558731640540 -362441
1558731640540 -362441
1558731640540 -362440
1558731640540 -362439
1558731640540 -362439
1558731640540 -362438
1558731640540 -362435
1558731640540 -362434
1558731640540 -362434
1558731640540 -362433
1558731640540 -362432
1558731640540 -362428
1558731640540 -362427
1558731640540 -362427
1558731640540 -362417
1558731640540 -362415
1558731640540 -362415
1558731640540 -362408
1558731640540 -362404
1558731640540 -362403
1558731640540 -362402
1558731640540 -362402
1558731640540 -362401
1558731640540 -362398
1558731640540 -362396
1558731640540 -362392
1558731640540 -362382
1558731640540 -362375
1558731640540 -362375
1558731640540 -362371
1558731640540 -362370
1558731640540 -362370
1558731640540 -362363
1558731640540 -362362
1558731640540 -362361
1558731640540 -362359
1558731640540 -362357
1558731640540 -362348
1558731640540 -362345
1558731640540 -362342
1558731640540 -362290
1558731640540 -362287
1558731640540 -362286
1558731640540 -362285
1558731640540 -362284
1558731640540 -362279
1558731640540 -362278
1558731640540 -362277
1558731640540 -362276
1558731640540 -362276
1558731640540 -362275
1558731640540 -362274
1558731640540 -362270
1558731640540 -362267
1558731640540 -362264
1558731640540 -362263
1558731640540 -362260
1558731640540 -362211
1558731640540 -362206
1558731640540 -362205
1558731640540 -362205
1558731640540 -362201
1558731640540 -362198
1558731640540 -362195
1558731640540 -362194
1558731640540 -362193
1558731640540 -362193
1558731640540 -362189
1558731640540 -362188
1558731641047 -337728
1558731641047 -337724
1558731641047 -337724
1558731641047 -246017
1558731641047 -246015
1558731641047 -246014
1558731641047 -246014
1558731641047 -246014
1558731641047 -246013
1558731641047 -246008
1558731641047 -246008
1558731641047 -246007
1558731641047 -246003
1558731641047 -246003
1558731641047 -246002
1558731641047 -246000
1558731641047 -245999
1558731641047 -245996
1558731641047 -245995
1558731641047 -245993
1558731641047 -245991
1558731641047 -245991
1558731641047 -245987
1558731641047 -245983
1558731641047 -245982
1558731641047 -245980
1558731641047 -245977
1558731641047 -245974
1558731641047 -245973
1558731641047 -245973
1558731641047 -245973
1558731641047 -245972
1558731641047 -245971
1558731641047 -245964
1558731641047 -245962
1558731641047 -245960
1558731641047 -245960
1558731641047 -245957
1558731641047 -245957
1558731641047 -245957
1558731641047 -245956
1558731641047 -245955
1558731641047 -245955
1558731641047 -245954
1558731641047 -245952
1558731641047 -245952
1558731641047 -245952
1558731641047 -245948
1558731641047 -245944
1558731641047 -245943
1558731641047 -245936
1558731641047 -245932
1558731641047 -245931
