1558731548932 -1052319
1558731548932 -1052317
1558731548932 -1052317
1558731548933 -1052318
1558731548933 -1050325
1558731548933 -1050324
1558731548933 -1050324
1558731548933 -1050324
1558731548933 -1050321
1558731548933 -1050321
1558731548933 -1050321
1558731548933 -1050321
1558731548933 -1050320
1558731548933 -1050320
1558731548933 -1050320
1558731548933 -1050320
1558731548933 -1050320
1558731548933 -1049915
1558731548933 -1049914
1558731548933 -1049914
1558731548933 -1048704
1558731548933 -1048704
1558731548933 -1048704
1558731548933 -1048704
1558731548933 -1048704
1558731548933 -1048703
1558731548933 -1048703
1558731548933 -1048703
1558731548933 -1048703
1558731548933 -1048436
1558731548933 -1048436
1558731548933 -1048436
1558731548933 -1048435
1558731548933 -1048435
1558731548933 -1048435
1558731642000 -1141502
1558731642773 -1141332
1558731642773 -1141332
1558731642773 -1141332
1558731642773 -1141331
1558731642773 -1141331
1558731642773 -1141331
1558731642773 -1141331
1558731642773 -1141331
1558731642773 -1141331
1558731642773 -1141330
1558731642773 -1141100
1558731642773 -1141100
1558731642773 -1141100
1558731642773 -1141100
1558731642773 -1141100
1558731642773 -1141100
1558731642773 -1141099
1558731642773 -1141099
1558731642773 -1141099
1558731642773 -1141099
1558731642773 -1140409
1558731642773 -1140409
1558731642773 -1140409
1558731642773 -1140252
1558731642773 -1140251
1558731642773 -1140250
1558731642773 -1140250
1558731642773 -1139875
1558731642773 -1139874
1558731642773 -1139874
1558731642773 -1139874
1558731642773 -1139806
1558731642773 -1139806
1558731642773 -1139806
1558731642773 -1139806
1558731642773 -1139805
1558731642773 -1139805
1558731642773 -1139805
1558731642773 -1139804
1558731642773 -1139804
1558731642773 -1139804
1558731644504 -1141287
1558731644504 -1141287
1558731644504 -1141286
1558731644504 -1141286
1558731644504 -1141286
1558731644504 -1141238
1558731644504 -1141238
1558731644504 -1141237
1558731644504 -1114626
1558731644504 -1114626
1558731644504 -1114623
1558731644504 -1114623
1558731644504 -1114623
1558731644504 -1114623
1558731644504 -1114622
1558731644504 -1114620
1558731644504 -1114619
1558731644504 -1114619
1558731644504 -1114615
1558731644504 -1114614
1558731644504 -1114611
1558731644504 -1114610
1558731644504 -1114596
1558731644504 -1114596
1558731644504 -1114594
1558731644504 -1114592
1558731644504 -1114590
1558731644504 -1114589
1558731644504 -1114581
1558731644504 -1114581
1558731644504 -1114580
1558731644504 -1114578
1558731644504 -1114577
1558731644505 -1114573
1558731644505 -1114572
1558731644505 -1114570
1558731644505 -1114568
1558731644505 -1114568
1558731644505 -1114565
1558731644505 -1114560
1558731644505 -1114560
1558731644505 -1114560
1558731644505 -1114559
1558731644505 -1114558
1558731644505 -1114557
1558731644505 -1114557
1558731644505 -1114553
1558731644505 -1114549
1558731644505 -1114543
1558731644505 -1114542
1558731644505 -1114478
1558731644505 -1114469
1558731644505 -1114468
1558731644505 -1114465
1558731644505 -1114459
1558731644505 -1114457
1558731644505 -1114451
1558731644505 -1114450
1558731644505 -1114450
1558731644505 -1114439
1558731644505 -1114436
1558731644505 -1114435
1558731644505 -1114435
1558731644505 -1114434
1558731644505 -1114434
1558731644505 -1114434
1558731644505 -1114426
1558731644505 -1114421
1558731644505 -1114354
1558731644505 -1114353
1558731644505 -1114352
1558731644505 -1114350
1558731644505 -1114334
1558731644505 -1114333
1558731644505 -1114317
1558731644505 -1114317
1558731644505 -1114315
1558731644505 -1114314
1558731644505 -1114314
1558731644505 -1114304
1558731644505 -1114303
1558731644505 -1114303
1558731644505 -1114297
1558731644505 -1114297
1558731644505 -1114297
1558731644505 -1114291
1558731644505 -1114291
1558731644505 -1114223
1558731644505 -1114222
1558731644505 -1114221
1558731644505 -1114220
1558731644505 -1114219
1558731644505 -1114215
1558731644505 -1114203
1558731644505 -1114202
1558731644505 -1114190
1558731644505 -1114189
1558731644505 -1114182
1558731644505 -1114181
1558731644505 -1114180
1558731644505 -1114173
1558731644505 -1114168
1558731644505 -1114165
1558731644505 -1114154
1558731644505 -1114142
1558731644505 -1114140
1558731644505 -1114140
1558731644505 -1114138
1558731644505 -1114137
1558731644505 -1114127
1558731644505 -1114127
1558731644505 -1114047
1558731644505 -1114047
1558731644505 -1114047
1558731644505 -1114046
1558731644505 -1114044
1558731644505 -1114044
1558731644505 -1114044
1558731644505 -1114043
1558731644505 -1114037
1558731644505 -1114024
1558731644505 -1114021
1558731644505 -1114018
1558731644505 -1114013
1558731644505 -1113995
1558731644505 -1113988
1558731644505 -1113985
1558731644505 -1113982
1558731644505 -1113974
1558731644505 -1113967
1558731644505 -1113964
1558731644505 -1113963
1558731644505 -1113958
1558731644505 -1113953
1558731644505 -1113949
1558731644505 -1113946
1558731644505 -1113946
1558731644505 -1113945
1558731644505 -1113944
1558731644505 -1113935
1558731644505 -1113918
1558731644505 -1113913
1558731644505 -1113912
1558731644505 -1113912
1558731644505 -1113911
1558731644505 -1113910
1558731644505 -1113910
1558731644505 -1113910
1558731644505 -1113909
1558731644505 -1113909
1558731644505 -1113907
1558731644505 -1113906
1558731644505 -1113899
1558731644505 -1113897
1558731644505 -1113897
1558731644505 -1113891
1558731644505 -1113889
1558731644505 -1113886
1558731644505 -1113828
1558731644505 -1113827
1558731644505 -1113826
1558731644505 -1113825
1558731644505 -1113824
1558731644505 -1113823
1558731644505 -1113823
1558731644505 -1113823
1558731644505 -1113821
1558731644505 -1113820
1558731644505 -1113815
1558731644505 -1113813
1558731644505 -1113812
1558731644505 -1113806
1558731644505 -1113802
1558731644505 -1113802
1558731644505 -1113802
1558731644505 -1113793
1558731644505 -1113789
1558731644505 -1113788
1558731644505 -1113780
1558731644505 -1113780
1558731644505 -1113775
1558731644505 -1113773
1558731644505 -1113773
1558731644505 -1113772
1558731645713 -883688
1558731645713 -883686
1558731645713 -882411
1558731645713 -882410
1558731645713 -882410
1558731645713 -882410
1558731645713 -882410
1558731645713 -882410
1558731645713 -882410
1558731645713 -882409
1558731645713 -882409
1558731645713 -881220
1558731645713 -881220
1558731645713 -881219
1558731645713 -881218
1558731645713 -881217
1558731645713 -881216
1558731645713 -880176
1558731645713 -880176
1558731645713 -880176
1558731645713 -880176
1558731645713 -880176
1558731645713 -880176
1558731645713 -880175
1558731645713 -880175
1558731645713 -878990
1558731645713 -878990
1558731645713 -878990
1558731645713 -878990
1558731645713 -878990
1558731645713 -878990
1558731645713 -878990
1558731645713 -878990
1558731645713 -878989
1558731645713 -878043
1558731645713 -878042
1558731645713 -878042
1558731645713 -878042
1558731645713 -878042
1558731645713 -878042
1558731645713 -878042
1558731647361 -885700
1558731647361 -885700
1558731647361 -885700
1558731647361 -885699
1558731647361 -885699
1558731647361 -885699
1558731647361 -883703
1558731647361 -883703
1558731647361 -883703
1558731647361 -883701
1558731647361 -883701
1558731647361 -883196
1558731647361 -883196
1558731647361 -883196
1558731647361 -883196
1558731647361 -883196
1558731647361 -883196
1558731647361 -883196
1558731647361 -883195
1558731647361 -883195
1558731647361 -883195
1558731647361 -881445
1558731647361 -881444
1558731647361 -881444
1558731647361 -881440
1558731647361 -881440
1558731647361 -881440
1558731647361 -881440
1558731647361 -881440
1558731647361 -881440
1558731647361 -880979
1558731647361 -880979
1558731647361 -880978
1558731647361 -880978
1558731647361 -880978
1558731647361 -880976
1558731647361 -880976
1558731647361 -880976
1558731647361 -879401
1558731647361 -879401
1558731647361 -879401
1558731647361 -879400
1558731647361 -879400
1558731647361 -879400
1558731647633 -423280
1558731647633 -422709
1558731647633 -422709
1558731647633 -422709
1558731647633 -420960
1558731647633 -420960
1558731647633 -420960
1558731647633 -420960
1558731647633 -420960
1558731647633 -420960
1558731647633 -420960
1558731647633 -420957
1558731647633 -420957
1558731647633 -420957
1558731647633 -420957
1558731647633 -420957
1558731647633 -420955
1558731647633 -420955
1558731647633 -420955
1558731647633 -420791
1558731647633 -420791
1558731647633 -420791
1558731647633 -420790
1558731647633 -420789
1558731647633 -420789
1558731647633 -420789
1558731647633 -420789
1558731647633 -419708
1558731647633 -419708
1558731647633 -419708
1558731647633 -419708
1558731647633 -419708
1558731647633 -419707
1558731647633 -419707
1558731647633 -419707
1558731647633 -419707
1558731647633 -419707
1558731647633 -419389
1558731647633 -419389
1558731647633 -419388
1558731647633 -419387
1558731647633 -419387
1558731647633 -419387
1558731647633 -419387
1558731647633 -419384
1558731647633 -418560
1558731647633 -418560
1558731647633 -418560
1558731647633 -418560
1558731647633 -418560
1558731647633 -418560
1558731647633 -418560
1558731647633 -418560
1558731647633 -418560
1558731647975 -423954
1558731647975 -423954
1558731647975 -423954
1558731647975 -423954
1558731647975 -421926
1558731647975 -421926
1558731647975 -421926
1558731647975 -421925
1558731647975 -421925
1558731647975 -421925
1558731647975 -421922
1558731647975 -420581
1558731647975 -420581
1558731647975 -420580
1558731647975 -420580
1558731647975 -420580
1558731647975 -420580
1558731647975 -420482
1558731647975 -420480
1558731647975 -420480
1558731647975 -420480
1558731647975 -420479
1558731647975 -420479
1558731647975 -420479
1558731647975 -420479
1558731647975 -420478
1558731647975 -419320
1558731647975 -419320
1558731647975 -419319
1558731647975 -419319
1558731647975 -419319
1558731647975 -419319
1558731647975 -419319
1558731647975 -419220
1558731647975 -419220
1558731647975 -419218
1558731647975 -419218
1558731647975 -419218
1558731647975 -418389
1558731647975 -418901
1558731647975 -418901
1558731647975 -418901
1558731647975 -418901
1558731647975 -418899
1558731647975 -418899
1558731647975 -418899
1558731647975 -418899
1558731647975 -418651
1558731647975 -418651
1558731647975 -418651
1558731647975 -418650
1558731647975 -418153
1558731647975 -418153
1558731647975 -418153
1558731647975 -418153
1558731647975 -418153
1558731647975 -418152
1558731647975 -418152
1558731647975 -418152
1558731647975 -418152
1558731647975 -418152
1558731647975 -418152
1558731647975 -418152
1558731647975 -418152
1558731647975 -418152
1558731647975 -418089
1558731647975 -418089
1558731647975 -418089
1558731647975 -418089
1558731647975 -418089
1558731647975 -418089
1558731647975 -418089
1558731647975 -418089
1558731647975 -418088
1558731647975 -418088
1558731647975 -409643
1558731647975 -409643
1558731647975 -409642
1558731647975 -409641
1558731648055 -409721
1558731648055 -409721
1558731648055 -409721
1558731648055 -409720
1558731648055 -409720
1558731648055 -409720
1558731648055 -409718
1558731648055 -409717
1558731648055 -409717
1558731648055 -409716
1558731648055 -409716
1558731648055 -409714
1558731648055 -409710
1558731648055 -409709
1558731648055 -409690
1558731648055 -409685
1558731648055 -409683
1558731648055 -409676
1558731648055 -409675
1558731648055 -409672
1558731648055 -409669
1558731648055 -409665
1558731648055 -409664
1558731648055 -409661
1558731648055 -409658
1558731648055 -409656
1558731648055 -409651
1558731648055 -409651
1558731648055 -409646
1558731648055 -409645
1558731648055 -409644
1558731648055 -409638
1558731648055 -409633
1558731648055 -409631
1558731648055 -409627
1558731648055 -409625
1558731648055 -409622
1558731648055 -409622
1558731648055 -409562
1558731648055 -409562
1558731648055 -409561
1558731648055 -409561
1558731648055 -409560
1558731648055 -409560
1558731648055 -409560
1558731648055 -409560
1558731648055 -409560
1558731648055 -409559
1558731648055 -409559
1558731648055 -409559
1558731648056 -409559
1558731648056 -409559
1558731648056 -409559
1558731648364 -418778
1558731648364 -418777
1558731648364 -418714
1558731648364 -418714
1558731648364 -418714
1558731648364 -418714
1558731648364 -418714
1558731648364 -418714
1558731648364 -418713
1558731648364 -418713
1558731648364 -418420
1558731648364 -418420
1558731648364 -418420
1558731648364 -418420
1558731648364 -373059
1558731648364 -373050
1558731648364 -373050
1558731648364 -373050
1558731648364 -373049
1558731648364 -373046
1558731648364 -373042
1558731648364 -373042
1558731648364 -373033
1558731648364 -373008
1558731648364 -373002
1558731648364 -372999
1558731648364 -372999
1558731648364 -372998
1558731648364 -372931
1558731648364 -372917
1558731648365 -372914
1558731648365 -372912
1558731648365 -372851
1558731648365 -372850
1558731648365 -372849
1558731648365 -372847
1558731648365 -372847
1558731648365 -372846
1558731648365 -372845
1558731648365 -372842
1558731648365 -372836
1558731648365 -372835
1558731648365 -372835
1558731648365 -372833
1558731648365 -372833
1558731648365 -372830
1558731648365 -372830
1558731648365 -372829
1558731648365 -372827
1558731648365 -372826
1558731648365 -372826
1558731648365 -372826
1558731648365 -372825
1558731648365 -372825
1558731648365 -372824
1558731648365 -372823
1558731648365 -372821
1558731648365 -372820
1558731648365 -372820
1558731648390 -409893
1558731648390 -409893
1558731648390 -409892
1558731648390 -409892
1558731648390 -409888
1558731648390 -409886
1558731648390 -409877
1558731648390 -409875
1558731648390 -409872
1558731648390 -409872
1558731648390 -409868
1558731648390 -409865
1558731648390 -409865
1558731648390 -409859
1558731648390 -409858
1558731648390 -409856
1558731648390 -409856
1558731648390 -409854
1558731648390 -409853
1558731648390 -409852
1558731648390 -409852
1558731648390 -409848
1558731648390 -409847
1558731648390 -409847
1558731648390 -409846
1558731648391 -409845
1558731648391 -409844
1558731648391 -335688
1558731648391 -335687
1558731648391 -335683
1558731648391 -335682
1558731648391 -335680
1558731648391 -335679
1558731648391 -335677
1558731648391 -335676
1558731648391 -335675
1558731648391 -335670
1558731648391 -335670
1558731648391 -335668
1558731648391 -335668
1558731648391 -335668
1558731648391 -335667
1558731648391 -335665
1558731648391 -335664
1558731648391 -335663
1558731648391 -335659
1558731648391 -335659
1558731648391 -335658
1558731648391 -335657
1558731648391 -335657
1558731648391 -335655
1558731648391 -335654
1558731648391 -335654
1558731648391 -335652
1558731648391 -335649
1558731648391 -335649
1558731648391 -335649
1558731648391 -335647
1558731648391 -335647
1558731648391 -335647
1558731648391 -335646
1558731648391 -335643
1558731648391 -335642
1558731648391 -335642
1558731648391 -335642
1558731648391 -335641
1558731648391 -335640
1558731648391 -335640
1558731648391 -335637
1558731648391 -335636
1558731648391 -335636
1558731648391 -335633
1558731648391 -335633
1558731648391 -335632
1558731648391 -335629
1558731648415 -335653
1558731648415 -335652
1558731648415 -335652
1558731648415 -335649
1558731648415 -335649
1558731648415 -335647
1558731648415 -335647
1558731648415 -335647
1558731648415 -335644
1558731648415 -335642
1558731648415 -335638
1558731648415 -335637
1558731648415 -335637
1558731648415 -335636
1558731648415 -335635
1558731648415 -335634
1558731648415 -335634
1558731648415 -335632
1558731648415 -335632
1558731648415 -335631
1558731648415 -335629
1558731648415 -335627
1558731648415 -335625
1558731648415 -335625
1558731648415 -335524
1558731648415 -335522
1558731648415 -335521
1558731648415 -335519
1558731648415 -335517
1558731648415 -335517
1558731648415 -335517
1558731648415 -335517
1558731648415 -335516
1558731648415 -335515
1558731648416 -335514
1558731648416 -335514
1558731648416 -335512
1558731648416 -335512
1558731648416 -335438
1558731648416 -335438
1558731648416 -335436
1558731648416 -335436
1558731648416 -335436
1558731648416 -335434
1558731648416 -335433
1558731648416 -335433
1558731648416 -335432
1558731648416 -335431
1558731648416 -335431
1558731648416 -335430
1558731648416 -335430
1558731648416 -335428
1558731648416 -335427
1558731648416 -335423
1558731648416 -335422
1558731648416 -335421
1558731648416 -335415
1558731648416 -335414
1558731648416 -335414
1558731648416 -335414
1558731648416 -335412
1558731648416 -335411
1558731648416 -335411
1558731648416 -335411
1558731648416 -335409
1558731648416 -335409
1558731648416 -335408
1558731648416 -335407
1558731648416 -335406
1558731648416 -335403
1558731648416 -335403
1558731648416 -335403
1558731648416 -335402
1558731648416 -335401
1558731648416 -335400
1558731648416 -335399
1558731648416 -335399
1558731648416 -335399
1558731648416 -335398
1558731648416 -335398
1558731648416 -335398
1558731648416 -335397
1558731648416 -335396
1558731648416 -335396
1558731648416 -335394
1558731648416 -335307
1558731648416 -335306
1558731648416 -335305
1558731648416 -335303
1558731648416 -335300
1558731648416 -335299
1558731648416 -335292
1558731648416 -335288
1558731648416 -335286
1558731648416 -335284
1558731648416 -335283
1558731648416 -335281
1558731648416 -335281
1558731648417 -335281
1558731648417 -335281
1558731648417 -335280
1558731648417 -335277
1558731648417 -335277
1558731648417 -335274
1558731648417 -335273
1558731648417 -335273
1558731648417 -335271
1558731648417 -335219
1558731648417 -335218
1558731648417 -335218
1558731648417 -335217
1558731648417 -335217
1558731648417 -335216
1558731648417 -335215
1558731648417 -335214
1558731648417 -335214
1558731648417 -335213
1558731648417 -335213
1558731648417 -335210
1558731648417 -335210
1558731648417 -335209
1558731648417 -335209
1558731648417 -335208
1558731648417 -335207
1558731648417 -335206
1558731648417 -335205
1558731648417 -335205
1558731648417 -335205
1558731648417 -335204
1558731648417 -335202
1558731648417 -335202
1558731648417 -335201
1558731648417 -335200
1558731648417 -335198
1558731648417 -335198
1558731648417 -335197
1558731648417 -335196
1558731648417 -335195
1558731648417 -335195
1558731648417 -335195
1558731648417 -335188
1558731648417 -335187
1558731648417 -335185
1558731648417 -335131
1558731648417 -335131
1558731648417 -335131
1558731648417 -335131
1558731648417 -335131
1558731648436 -335149
1558731648436 -335149
1558731648436 -335148
1558731648436 -335148
1558731648436 -335147
1558731648436 -335147
1558731648436 -335147
1558731648436 -335146
1558731648436 -335146
1558731648436 -335146
1558731648436 -335146
1558731648436 -335145
1558731648436 -335144
1558731648436 -335142
1558731648436 -335141
1558731648436 -335141
1558731648436 -335140
1558731648436 -335139
1558731648436 -335137
1558731648436 -335135
1558731648436 -335134
1558731648436 -335134
1558731648436 -335129
1558731648436 -335128
1558731648436 -335125
1558731648436 -335124
1558731648436 -335124
1558731648436 -335121
1558731648436 -335119
1558731648436 -335060
1558731648436 -335057
1558731648436 -335057
1558731648436 -335053
1558731648436 -335051
1558731648436 -335051
1558731648436 -335051
1558731648436 -335047
1558731648436 -335046
1558731648436 -335045
1558731648436 -335043
1558731648437 -335043
1558731648437 -335040
1558731648437 -335038
1558731648437 -335037
1558731648437 -335037
1558731648437 -335037
1558731648437 -335036
1558731648437 -335036
1558731648437 -335034
1558731648437 -335034
1558731648437 -335033
1558731648437 -335033
1558731648437 -335032
1558731648437 -335032
1558731648437 -335032
1558731648437 -335031
1558731648437 -335031
1558731648437 -335030
1558731648437 -335030
1558731648437 -335029
1558731648437 -335028
1558731648437 -335026
1558731648437 -334975
1558731648437 -334974
1558731648437 -334973
1558731648437 -334973
1558731648437 -334972
1558731648437 -334969
1558731648437 -334969
1558731648437 -334968
1558731648437 -334968
1558731648437 -334968
1558731648437 -334968
1558731648437 -334967
1558731648437 -334965
1558731648437 -334965
1558731648437 -334964
1558731648437 -334961
1558731648437 -334961
1558731648437 -334960
1558731648437 -334960
1558731648437 -334960
1558731648437 -334959
1558731648437 -334956
1558731648437 -334955
1558731648437 -334953
1558731648437 -334953
1558731648437 -334950
1558731648437 -334948
1558731648437 -334948
1558731648437 -334948
1558731648437 -334947
1558731648437 -334946
1558731648437 -334945
1558731648437 -334944
1558731648437 -334943
1558731648437 -334942
1558731648437 -334942
1558731648437 -334940
1558731648437 -334939
1558731648437 -334939
1558731648437 -334939
1558731648437 -334938
1558731648437 -334936
1558731648437 -334935
1558731648438 -334935
1558731648438 -334934
1558731648438 -334934
1558731648438 -334934
1558731648438 -334934
1558731648438 -334933
1558731648438 -334933
1558731648460 -334954
1558731648460 -334953
1558731648461 -334954
1558731648461 -334954
1558731648461 -334951
1558731648461 -334951
1558731648461 -334951
1558731648461 -334951
1558731648461 -334949
1558731648461 -334949
1558731648461 -334949
1558731648461 -334943
1558731648565 -373018
1558731648565 -373018
1558731648565 -373015
1558731648565 -373014
1558731648565 -373013
1558731648565 -373013
1558731648565 -344785
1558731648565 -344784
1558731648565 -344783
1558731648565 -344783
1558731648565 -344777
1558731648565 -344774
1558731648565 -344640
1558731648565 -344640
1558731648565 -344623
1558731648565 -344612
1558731648565 -165730
1558731648565 -165728
1558731648565 -165726
1558731648565 -165726
1558731648565 -165724
1558731648565 -165723
1558731648566 -165724
1558731648566 -165724
1558731648566 -165723
1558731648566 -165722
1558731648566 -165721
1558731648566 -165721
1558731648566 -165717
1558731648566 -165716
1558731648566 -165715
1558731648566 -165714
1558731648566 -165710
1558731648566 -165710
1558731648566 -165709
1558731648566 -165708
1558731648566 -165706
1558731648566 -165705
1558731648566 -165704
1558731648566 -165701
1558731648566 -165694
1558731648566 -165690
1558731648566 -165690
1558731648566 -165689
1558731648566 -165688
1558731648566 -165684
1558731648566 -165682
1558731648566 -165673
1558731648566 -165673
1558731648566 -165670
1558731648566 -165667
1558731648566 -165667
1558731648566 -165666
1558731648566 -165660
1558731648566 -165655
1558731648566 -165654
1558731648566 -165652
1558731648566 -165652
1558731648566 -165652
1558731648566 -165645
1558731648566 -165645
1558731648566 -165641
1558731648566 -165641
1558731648566 -165640
1558731648566 -165638
1558731648566 -165638
1558731648566 -165637
1558731648566 -165632
1558731648566 -165631
1558731648566 -165628
1558731648566 -165621
1558731648566 -165621
1558731648582 -165636
1558731648582 -165635
1558731648582 -165634
1558731648582 -165528
1558731648582 -165528
1558731648582 -165527
1558731648582 -165526
1558731648582 -165526
1558731648582 -165522
1558731648582 -165521
1558731648582 -165516
1558731648582 -165513
1558731648582 -165512
1558731648582 -165509
1558731648582 -165506
1558731648582 -165505
1558731648582 -165504
1558731648582 -165501
1558731648582 -165500
1558731648582 -165401
1558731648582 -165399
1558731648582 -165397
1558731648582 -165395
1558731648582 -165389
1558731648582 -165389
1558731648583 -165387
1558731648583 -165386
1558731648583 -165384
1558731648583 -165384
1558731648583 -165383
1558731648583 -165382
1558731648583 -165379
1558731648583 -165375
1558731648583 -165375
1558731648583 -165372
1558731648583 -165368
1558731648583 -165367
1558731648583 -165364
1558731648583 -165362
1558731648583 -165360
1558731648583 -165360
1558731648583 -165359
1558731648583 -165311
1558731648583 -165311
1558731648583 -165310
1558731648583 -165307
1558731648583 -165306
1558731648583 -165302
1558731648583 -165301
1558731648583 -165298
1558731648583 -165296
1558731648583 -165295
1558731648583 -165294
1558731648583 -165292
1558731648583 -165291
1558731648583 -165286
1558731648583 -165281
1558731648583 -165224
1558731648583 -165223
1558731648583 -165221
1558731648583 -165220
1558731648583 -165212
1558731648583 -165212
1558731648583 -165211
1558731648583 -165208
1558731648583 -165206
1558731648583 -165204
1558731648583 -165204
1558731648583 -165203
1558731648583 -165199
1558731648583 -165198
1558731648583 -165194
1558731648583 -165193
1558731648583 -165135
1558731648583 -165134
1558731648583 -165133
1558731648583 -165131
1558731648583 -165129
1558731648583 -165123
1558731648583 -165122
1558731648583 -165119
1558731648583 -165118
1558731648583 -165118
1558731648583 -165111
1558731648583 -165109
1558731648583 -165109
1558731648583 -165109
1558731648583 -165105
1558731648583 -165105
1558731648583 -165104
1558731648583 -165103
1558731648583 -165101
1558731648583 -165100
1558731648583 -165098
1558731648583 -165093
