1558293424203 -2201
1558293424203 -2201
1558293429314 -8472
1558293429728 -7726
1558293430693 -8691
1558293431281 -10439
1558293431625 -9623
1558293434712 -12710
1558293435506 -13504
1558293437548 -15546
1558293447060 -24938
1558293447417 -25295
1558293448077 -25955
1558293448078 -25956
1558293448081 -25959
1558293448355 -26233
1558293448357 -26235
1558293448683 -26561
1558293449028 -26906
1558293449031 -26909
1558293449425 -27303
1558293449803 -27681
1558293449836 -27714
1558293450308 -28186
1558293450341 -28219
1558293450725 -28603
1558293450783 -28661
1558293451211 -29089
1558293451594 -29472
1558293451628 -29506
