1558293428457 -6608
1558293428457 -6608
1558293428527 -1201221330
1558293428527 -1201221330
1558293428527 -1201221329
1558293428536 -1201221338
1558293428536 -1201221338
1558293428536 -1201221338
1558293428536 -1201221338
1558293428536 -1201221261
1558293428536 -1201221260
1558293428536 -1201221260
1558293428546 -1201221270
1558293428546 -1201221270
1558293428546 -1201221270
1558293428546 -1201221270
1558293428546 -1201221270
1558293428547 -1201221270
1558293428547 -1201221270
1558293428557 -1201221280
1558293428558 -1201221281
1558293428558 -1201221281
1558293428558 -1201221281
1558293428558 -1201221281
1558293428558 -1201221280
1558293428570 -1201221292
1558293428570 -1201221228
1558293428570 -1201221227
1558293428570 -1201221227
1558293428570 -1201221227
1558293428570 -1201221227
1558293428570 -1201221227
1558293428581 -1201221238
1558293428581 -1201221238
1558293428581 -1201221238
1558293428581 -1201221238
1558293428581 -1201221238
1558293428581 -1201221238
1558293428581 -1201221238
1558293428593 -1201221250
1558293428593 -1201221250
1558293428593 -1201221249
1558293428593 -1201221249
1558293428593 -1201221182
1558293428593 -1201221182
1558293428594 -1201221183
1558293428603 -1201221192
1558293428603 -1201221192
1558293428603 -1201221192
1558293428603 -1201221192
1558293428603 -1201221192
1558293428604 -1201221193
1558293428604 -1201221193
1558293428612 -1201221201
1558293428612 -1201221201
1558293428612 -1201221201
1558293428612 -1201221201
1558293428612 -1201221201
1558293428612 -1201221201
1558293428612 -1201221201
1558293428620 -1201221209
1558293428620 -1201221136
1558293428621 -1201221137
1558293428621 -1201221136
1558293428621 -1201221136
1558293428621 -1201221136
1558293428621 -1201221136
1558293428629 -1201221144
1558293428629 -1201221144
1558293428629 -1201221144
1558293428629 -1201221144
1558293428630 -1201221145
1558293428630 -1201221145
1558293428630 -1201221145
1558293428639 -1201221154
1558293428639 -1201221154
1558293428639 -1201221153
1558293428639 -1201221153
1558293428639 -1201221056
1558293428639 -1201221056
1558293428639 -1201221056
1558293428650 -1201221067
1558293428650 -1201221067
1558293428650 -1201221067
1558293428650 -1201221066
1558293428650 -1201221066
1558293428650 -1201221066
1558293428650 -1201221066
1558293428660 -1201221076
1558293428660 -1201221076
1558293428660 -1201221076
1558293428660 -1201221076
1558293428660 -1201221076
1558293428661 -1201221077
1558293428661 -1201221077
1558293428669 -1201221019
1558293428669 -1201221018
1558293428669 -1201221018
1558293428669 -1201221018
1558293428669 -1201221018
1558293428670 -1201221019
1558293428677 -1201221026
1558293433723 -11874
