1558293426285 -4757
1558293426301 -4773
1558293427203 -4606
1558293427230 -4633
1558293433113 -10515
1558293433113 -10515
1558293434039 -12511
1558293434799 -12201
1558293434953 -13425
1558293436802 -14204
1558293436900 -15372
1558293437690 -15092
1558293447571 -25108
1558293447582 -25119
1558293447599 -25136
1558293448400 -25937
1558293448410 -25947
1558293449101 -26638
1558293449109 -26646
1558293449878 -27415
1558293449905 -27442
1558293450341 -27877
1558293451232 -28768
1558293451268 -28804
1558293451949 -29485
1558293451959 -29495
