1558293423115 -1201220038
1558293423115 -1201220038
1558293423115 -1201220038
1558293423115 -1201220038
1558293423115 -1201220038
1558293423115 -1201220038
1558293423123 -1201220046
1558293423123 -1201220046
1558293423123 -1201220046
1558293423123 -1201220046
1558293423123 -1201220046
1558293423123 -1201220046
1558293423123 -1201220046
1558293423129 -1201220052
1558293423130 -1201220053
1558293423130 -1201220053
1558293423130 -1201220053
1558293423130 -1201220053
1558293423130 -1201220053
1558293423130 -1201220053
1558293423137 -1201220060
1558293423138 -1201220061
1558293423138 -1201220061
1558293423138 -1201220061
1558293423138 -1201220061
1558293423138 -1201220061
1558293423138 -1201220061
1558293423144 -1201220067
1558293423144 -1201220067
1558293423144 -1201220067
1558293423144 -1201220067
1558293423144 -1201220067
1558293423144 -1201220067
1558293423144 -1201220067
1558293423151 -1201220074
1558293423151 -1201220074
1558293423151 -1201220074
1558293423151 -1201220074
1558293423151 -1201220074
1558293423151 -1201220074
1558293423151 -1201220074
1558293423156 -1201220079
1558293423156 -1201220079
1558293423156 -1201220079
1558293423156 -1201220079
1558293423156 -1201220079
1558293423156 -1201220079
1558293423156 -1201220079
1558293423162 -1201220085
1558293423162 -1201220085
1558293423162 -1201220085
1558293423162 -1201220085
1558293423162 -1201220085
1558293423162 -1201220085
1558293423162 -1201220085
1558293423167 -1201220090
1558293423167 -1201220090
1558293423167 -1201220090
1558293423167 -1201220090
1558293423167 -1201220090
1558293423167 -1201220090
1558293423167 -1201220090
1558293423173 -1201220096
1558293423173 -1201220096
1558293423173 -1201220096
1558293423173 -1201220096
1558293423173 -1201220096
1558293423173 -1201220096
1558293423173 -1201220096
1558293423176 -1201220099
1558293423176 -1201220099
1558293423176 -1201220099
1558293423176 -1201220099
1558293423176 -1201220099
1558293423176 -1201220099
1558293423176 -1201220099
1558293423180 -1201220103
1558293423180 -1201220103
1558293423180 -1201220103
1558293423180 -1201220103
1558293423180 -1201220103
1558293423180 -1201220103
1558293423180 -1201220103
1558293423185 -1201220108
1558293423185 -1201220108
1558293423185 -1201220108
1558293423185 -1201220108
1558293423185 -1201220108
1558293423185 -1201220108
1558293423185 -1201220108
1558293423190 -1201220113
1558293423190 -1201220113
1558293423190 -1201220113
1558293423190 -1201220113
1558293423190 -1201220113
1558293423190 -1201220113
1558293423190 -1201220113
1558293423194 -1201220117
1558293423194 -1201220117
1558293423194 -1201220117
