1558297959718 -116893
1558297971806 -128981
1558298028015 -185190
1558298032005 -189180
1558298157341 -314516
1558298167087 -324262
1558298170808 -327983
1558298176481 -332883
1558298185815 -342216
1558298188044 -344445
1558298193788 -350189
1558298193789 -350190
1558298196485 -352886
1558298196486 -352887
1558298196495 -352896
1558298198232 -354633
1558298200006 -356407
1558298200006 -356407
1558298205285 -361686
1558298207052 -363453
1558298207053 -363454
1558298208817 -365218
1558298215735 -372136
1558298215735 -372136
1558298215737 -372138
1558298217438 -373839
1558298217439 -373840
1558298217446 -373847
1558298219099 -375500
1558298220894 -377295
1558298224132 -380532
1558298224133 -380533
1558298227440 -383840
1558298230424 -386824
1558298230431 -385507
1558298231437 -386513
1558298235379 -390455
1558298240960 -396036
1558298240972 -396048
1558298242956 -398032
1558298244753 -399829
1558298244814 -399890
1558298246744 -401820
1558298248733 -403809
1558298248734 -403810
1558298259210 -414284
1558298261975 -417049
1558298270405 -425479
1558298272341 -427415
1558298279637 -434710
1558298281109 -436182
1558298281113 -436186
1558298283588 -438661
1558298285522 -440595
1558298289931 -445004
1558298291885 -446958
1558298293565 -448638
1558298293570 -448643
1558298295514 -450587
1558298306268 -460484
1558298306281 -460497
1558298308173 -462389
1558298314332 -468548
1558298316163 -470378
1558298319801 -474016
1558298319802 -474017
1558298319805 -474020
1558298324249 -478464
1558298325847 -480062
1558298327752 -481967
1558298329427 -483642
1558298329431 -483646
1558298331143 -485358
1558298332783 -486998
1558298338826 -493041
1558298338827 -493042
1558298340629 -494844
1558298342295 -496510
1558298344115 -498330
1558298346112 -500327
1558298348039 -502254
1558298348040 -502255
1558298351697 -505912
1558298356223 -510438
1558298357189 -511404
1558298360897 -515112
1558298363631 -517846
1558298363632 -517847
1558298364551 -518762
1558298364553 -516504
1558298367241 -519192
1558298368192 -520143
1558298368303 -520254
1558298372693 -524644
1558298375042 -526993
1558298382913 -534864
1558298382923 -534874
