1558298167937 -323466
1558298187207 -342736
1558298202086 -357615
1558298210032 -365561
1558298210933 -366462
1558298215068 -370597
1558298222004 -377533
1558298225365 -380894
1558298230822 -386350
1558298234822 -388241
1558298236774 -390193
1558298264203 -417622
1558298267098 -420517
1558298276480 -429899
1558298276482 -429901
1558298288517 -441936
1558298296704 -450122
1558298309375 -462793
1558298314759 -468177
1558298319247 -472665
1558298324462 -476414
1558298324637 -476589
1558298326285 -478237
1558298345463 -497414
1558298345515 -497465
1558298352954 -504904
1558298362189 -514139
1558298377771 -529698
1558298379289 -531216
1558298381539 -533466
1558298385722 -537649
