1558297846965 -4513
1558297849918 -7466
1558297849962 -7510
1558297855626 -13174
1558297878777 -36309
1558297890457 -47988
1558297890472 -48003
1558297897084 -54466
1558297900103 -57456
1558297908742 -66095
1558297919267 -76620
1558297927035 -83818
1558297930110 -86893
1558297940703 -97483
1558297940703 -97483
1558297940770 -97550
1558297944772 -101551
1558297948251 -105030
1558297953323 -110102
1558297959028 -115220
1558297961678 -117869
1558297965561 -121752
1558297966538 -122729
1558297966540 -122731
1558297973489 -131933
1558297974706 -130897
1558297992094 -148284
1558298000323 -156513
1558298003785 -162100
1558298004042 -162357
1558298007656 -163511
1558298009080 -164935
1558298014056 -169911
1558298020072 -175927
1558298025475 -181330
1558298029157 -185012
1558298036971 -192825
1558298042805 -197041
1558298044993 -199229
1558298051031 -209346
1558298052388 -206624
1558298055437 -213752
1558298072849 -227084
1558298101299 -255476
1558298103904 -258081
1558298110019 -264195
1558298121361 -274269
1558298125066 -283381
1558298130404 -273801
1558298132693 -276089
1558298137975 -281369
1558298143983 -287376
1558298145288 -288681
1558298147735 -275713
1558298149688 -277666
1558298152437 -280415
1558298159394 -287370
1558298159394 -287370
1558298160371 -288347
1558298171378 -329692
1558298171382 -329696
1558298176919 -335233
1558298176920 -335234
1558298182038 -340352
1558298187200 -345514
1558298189488 -347802
1558298189491 -347805
1558298191197 -349511
1558298193052 -351366
1558298194916 -353230
1558298196716 -355030
1558298196719 -355033
1558298198485 -356799
1558298200242 -358556
1558298202039 -360353
1558298203772 -362086
1558298203790 -362104
1558298205572 -363886
1558298207317 -365631
1558298209969 -368283
1558298209970 -368284
1558298213322 -371636
1558298218440 -376754
1558298218444 -376758
1558298220220 -378534
1558298221906 -380220
1558298223504 -381818
1558298225264 -383578
1558298225264 -383578
1558298225268 -383582
1558298226868 -385182
1558298228777 -387091
1558298230672 -388986
1558298232684 -390998
1558298232686 -391000
1558298232687 -391001
1558298237343 -395657
1558298237344 -395658
1558298237345 -395659
1558298239186 -397500
1558298239187 -397498
1558298239188 -397419
1558298241188 -399419
1558298243139 -401370
1558298246968 -405199
1558298248953 -407184
1558298248954 -407185
1558298248955 -407186
1558298252768 -410999
1558298252768 -410999
1558298254588 -412819
1558298254720 -412951
1558298256600 -414831
1558298256604 -414834
1558298258453 -416683
1558298260300 -418530
1558298260301 -418531
1558298262136 -420366
1558298262137 -420367
1558298265852 -424082
1558298266844 -425074
1558298270570 -428800
1558298272476 -430706
1558298272478 -430708
1558298272478 -430708
1558298276199 -434429
1558298278022 -436251
1558298279608 -437837
1558298281203 -439432
1558298281204 -439433
1558298281207 -439436
1558298281208 -439437
1558298283679 -441908
1558298285650 -443879
1558298290114 -448343
1558298290144 -448373
1558298292000 -450229
1558298293660 -451889
1558298293661 -451890
1558298296430 -454659
1558298296431 -454660
1558298298263 -456492
1558298299945 -458174
1558298301819 -460048
1558298301894 -460122
1558298304569 -462797
1558298304588 -462816
1558298306342 -464570
1558298306342 -464570
1558298309905 -468133
1558298309906 -468134
1558298312594 -470822
1558298314498 -472726
1558298314630 -472857
1558298316136 -474363
1558298316190 -474417
1558298318106 -476333
1558298318107 -476334
1558298319835 -478062
1558298319838 -478065
1558298319839 -478066
1558298322447 -480674
1558298325780 -484007
1558298329311 -487538
1558298329313 -487540
1558298332778 -491005
1558298335353 -493580
1558298336196 -494423
1558298336238 -494465
1558298338796 -497023
1558298338797 -497024
1558298338799 -497026
1558298340587 -498704
1558298342257 -500374
1558298344079 -502196
1558298344148 -502265
1558298344149 -502266
1558298344221 -502338
1558298346056 -504173
1558298346069 -504186
1558298347975 -506092
1558298347976 -506093
1558298347977 -506094
1558298349775 -507892
1558298357113 -515230
1558298358943 -517060
1558298359908 -518025
1558298360861 -518978
1558298360891 -519008
1558298360922 -519039
1558298363539 -521655
1558298364479 -522595
1558298367141 -525257
1558298367142 -525258
1558298367143 -525259
1558298368082 -526198
1558298370843 -528959
1558298370889 -529005
1558298372577 -530693
1558298372578 -530694
1558298372579 -530695
