1558297849662 -5308
1558297866412 -22050
1558297873100 -28737
1558297874079 -28815
1558297881839 -36575
1558297893314 -48050
1558297894523 -49259
1558297897201 -51936
1558297898186 -52921
1558297899149 -53884
1558297905999 -60734
1558297906920 -61655
1558297911760 -66495
1558297928525 -86204
1558297932079 -86079
1558297937578 -95257
1558297948539 -102536
1558297961243 -114608
1558297978390 -136068
1558297991576 -144041
1558297996108 -148573
1558298000476 -152941
1558298002163 -154628
1558298010615 -163079
1558298012571 -165035
1558298020734 -173198
1558298034079 -186191
1558298040540 -198218
1558298041358 -199036
1558298050536 -202648
1558298052990 -205102
1558298053858 -205970
1558298062104 -214215
1558298066045 -218156
1558298074161 -226271
1558298075866 -227976
1558298078723 -230833
1558298083798 -235908
1558298086385 -238495
1558298087359 -239469
1558298112689 -270367
1558298113587 -265175
1558298115548 -255600
1558298121170 -261222
1558298130660 -261401
1558298137897 -268635
1558298139840 -270577
1558298146673 -267662
1558298154553 -275541
1558298160227 -281214
1558298161201 -282188
1558298168041 -257222
1558298169915 -327593
1558298175727 -333401
1558298178524 -336198
1558298181070 -338744
1558298181089 -338763
1558298183310 -340984
1558298185323 -342741
1558298185324 -342742
1558298185336 -342754
1558298185336 -342754
1558298187542 -344960
1558298187637 -345055
1558298187692 -345110
1558298189852 -347270
1558298191540 -348958
1558298193350 -350768
1558298195229 -352647
1558298197009 -354427
1558298197024 -354442
1558298198796 -356214
1558298200531 -357949
1558298200543 -357961
1558298200544 -357962
1558298202329 -359747
1558298202351 -359769
1558298204066 -361484
1558298204086 -361504
1558298206637 -364055
1558298206638 -364056
1558298206647 -364065
1558298208380 -365798
1558298208381 -365799
1558298208396 -365814
1558298208397 -365815
1558298208408 -365826
1558298210223 -367641
1558298210224 -367642
1558298213578 -370992
1558298215276 -372690
1558298215289 -372703
1558298215290 -372704
1558298217019 -374433
1558298218737 -376151
1558298218743 -376157
1558298220449 -377863
1558298220477 -377891
1558298222157 -379571
1558298222158 -379572
1558298225549 -382963
1558298227089 -384503
1558298229058 -386472
1558298231005 -388419
1558298231017 -386910
1558298233024 -388917
1558298238537 -394430
1558298238538 -394431
1558298238549 -394442
1558298239529 -395422
1558298242501 -398394
1558298243381 -399274
1558298243382 -399274
1558298243510 -399402
1558298244544 -400436
1558298250215 -406107
1558298251202 -407094
1558298251203 -407095
1558298254950 -410842
1558298254950 -410842
1558298255024 -410916
1558298256904 -412796
1558298256909 -412801
1558298256910 -412802
1558298258747 -414639
1558298258750 -414642
1558298260611 -416503
1558298260611 -416503
1558298262420 -418312
1558298266116 -422008
1558298267168 -423060
1558298267170 -423062
1558298267171 -423063
1558298269915 -425807
1558298269918 -425810
1558298270921 -426813
1558298270926 -426818
1558298272818 -428710
1558298274660 -430552
1558298274702 -430594
1558298276508 -432400
1558298278308 -434200
1558298278309 -434201
1558298278311 -434203
1558298282217 -438109
1558298283965 -439857
1558298283966 -439858
1558298283967 -439859
1558298283967 -439859
1558298286756 -442648
1558298286759 -442651
1558298286760 -442652
1558298288496 -444388
1558298290414 -446306
1558298292281 -448173
1558298294940 -450832
1558298294942 -450834
1558298296669 -452561
1558298296670 -452562
1558298298544 -454436
1558298298558 -454449
1558298298559 -454450
1558298300201 -456092
1558298302911 -458802
1558298302980 -458871
1558298303035 -458926
1558298304867 -460758
1558298306610 -462501
1558298306611 -462502
1558298309297 -465188
1558298311135 -467026
1558298312859 -468750
1558298316489 -472380
1558298319155 -475035
1558298319164 -474725
1558298321059 -476620
1558298322706 -478267
1558298322712 -478273
1558298324412 -479973
1558298328828 -484389
1558298328838 -484399
1558298328839 -484400
1558298329529 -485090
1558298329530 -485091
1558298329531 -485092
1558298332083 -487643
1558298332085 -487645
1558298333931 -489491
1558298333932 -489492
1558298335522 -491082
1558298337376 -492936
1558298337410 -492970
1558298339016 -494576
1558298342406 -497961
1558298342407 -497962
1558298344431 -499986
1558298350017 -505572
1558298350018 -505573
1558298352732 -508287
1558298352733 -508288
1558298352740 -508295
1558298353683 -509238
1558298353683 -509238
1558298356401 -511956
1558298357357 -512912
1558298360243 -515798
1558298361943 -517498
1558298361958 -517513
1558298363770 -519325
1558298365578 -521133
1558298367402 -522955
1558298367403 -522956
1558298369266 -524819
1558298369368 -524921
1558298373486 -529039
1558298373488 -529041
1558298375019 -530572
1558298375028 -530581
1558298376525 -532078
1558298378686 -534239
1558298383018 -538571
