1558297845876 -2164
1558297845876 -2164
1558297845911 -2199
1558297846184 -2472
1558297848197 -4485
1558297853030 -9318
1558297861762 -18049
1558297872505 -28792
1558297883112 -39399
1558297884091 -40378
1558297895655 -48530
1558297897613 -50488
1558297907397 -60271
1558297930274 -83148
1558297950108 -102512
1558297967856 -120260
1558297973759 -130754
1558297974916 -127320
1558297982210 -132241
1558297984161 -134192
1558297985769 -135800
1558297986515 -136546
1558297993788 -143818
1558297996716 -146746
1558298003562 -153592
1558298008156 -158186
1558298017085 -167114
1558298018065 -168094
1558298022357 -179352
1558298022958 -172987
1558298024910 -174939
1558298037674 -187703
1558298043328 -193356
1558298048213 -198241
1558298054243 -204271
1558298056046 -206074
1558298073397 -223132
1558298079342 -229077
1558298082436 -232171
1558298086058 -235793
1558298091192 -240927
1558298091192 -240927
1558298095829 -245563
1558298096808 -246542
1558298098826 -248560
1558298098826 -248560
1558298101748 -251482
1558298102670 -252404
1558298113278 -262386
1558298118171 -261955
1558298124034 -267816
1558298138589 -272808
1558298144341 -278560
1558298147139 -304134
1558298147209 -304204
1558298156046 -280695
1558298160108 -317103
1558298160118 -317113
1558298161894 -286541
1558298171494 -328489
1558298174187 -331182
1558298177069 -334063
1558298177070 -334064
1558298177071 -334065
1558298180738 -337732
1558298183028 -340022
1558298185052 -342046
1558298185055 -342049
1558298187294 -344288
1558298187371 -344365
1558298189595 -346589
1558298193188 -350182
1558298195062 -352056
1558298203904 -360898
1558298207451 -364445
1558298207452 -364446
1558298211762 -368756
1558298213448 -370442
1558298218632 -375626
1558298220372 -377366
1558298223670 -380664
1558298225479 -382473
1558298227002 -383996
1558298227027 -384021
1558298228980 -385974
1558298228981 -385975
1558298230924 -387918
1558298232836 -388285
1558298232950 -388398
1558298234932 -390380
1558298236872 -392320
1558298238475 -393923
1558298238481 -393929
1558298239456 -394904
1558298239459 -394907
1558298242439 -397887
1558298242447 -397895
1558298243365 -398813
1558298243496 -398944
1558298243497 -398945
1558298244535 -399983
1558298246236 -401684
1558298247283 -402731
1558298247287 -402735
1558298250209 -405657
1558298251195 -406643
1558298251204 -406651
1558298253078 -408525
1558298253079 -408526
1558298253093 -408540
1558298256938 -412385
1558298256943 -412390
1558298258788 -414235
1558298260656 -416103
1558298262457 -417904
1558298264333 -419780
1558298264334 -419781
1558298264339 -419786
1558298266247 -421694
1558298267228 -422675
1558298267228 -422675
1558298268138 -423585
1558298268139 -423586
1558298269977 -425424
1558298269978 -425425
1558298270992 -426439
1558298270992 -426439
1558298272885 -428332
1558298274681 -430128
1558298274733 -430180
1558298278413 -433860
1558298278414 -433861
1558298280835 -436282
1558298280835 -436282
1558298282317 -437764
1558298282317 -437764
1558298282318 -437765
1558298286857 -442304
1558298288816 -444263
1558298293179 -448626
1558298295080 -450527
1558298295081 -450528
1558298296786 -452233
1558298296787 -452234
1558298296788 -452235
1558298298711 -454158
1558298301337 -456782
1558298301339 -456784
1558298305021 -460466
1558298305021 -460466
1558298306759 -462204
1558298306760 -462205
1558298306762 -462207
1558298309449 -464894
1558298309450 -464895
1558298309450 -464895
1558298311312 -466757
1558298311313 -466758
1558298319341 -474786
1558298321240 -476685
1558298322884 -478329
1558298322888 -478333
1558298324667 -480112
1558298329029 -484474
1558298337653 -491224
1558298337654 -491225
1558298339282 -492853
1558298339283 -492854
1558298339285 -492856
1558298341896 -495467
1558298341897 -495468
1558298345620 -499191
1558298347586 -501157
1558298351244 -504815
1558298351245 -504816
1558298351246 -504817
1558298353052 -506623
1558298354903 -508474
1558298354906 -508477
1558298356750 -510321
1558298358490 -512061
1558298360396 -513967
1558298360474 -514045
1558298360533 -514104
1558298362290 -515861
1558298364104 -517675
1558298364107 -517678
1558298365899 -519470
1558298365902 -519473
1558298369601 -523172
1558298369672 -523243
1558298369752 -523323
1558298372256 -525827
1558298372267 -525838
1558298373787 -527358
