1558297851516 -9132
1558297853251 -14206
1558297857112 -18067
1558297863064 -20678
1558297865854 -26809
1558297865982 -23596
1558297869701 -27182
1558297872700 -33652
1558297874600 -35552
1558297878445 -35925
1558297883183 -44134
1558297889040 -46520
1558297889993 -50944
1558297891923 -52874
1558297895590 -51397
1558297898555 -59503
1558297907304 -68249
1558297918966 -79910
1558297918967 -79911
1558297920682 -76325
1558297922688 -83632
1558297928237 -83880
1558297928517 -89460
1558297942119 -103041
1558297945145 -106067
1558297945883 -106805
1558297947543 -103185
1558297948759 -109680
1558297953387 -109029
1558297954587 -115507
1558297957569 -113211
1558297957892 -118811
1558297959446 -120365
1558297959943 -113216
1558297961391 -122310
1558297962954 -123872
1558297963988 -117261
1558297969242 -130159
1558297969974 -130891
1558297971605 -124878
1558297972899 -133815
1558297977750 -134504
1558297977754 -134508
1558297977758 -134512
1558297977784 -134538
1558297977795 -134549
1558297977802 -134556
1558297978240 -131513
1558297982128 -135401
1558297987593 -148504
1558297993352 -154262
1558297998475 -151747
1558298001695 -154967
1558298002426 -155434
1558298008102 -169004
1558298009185 -162193
1558298010626 -171528
1558298012571 -173473
1558298013781 -166789
1558298014009 -174911
1558298016931 -169939
1558298020971 -173978
1558298022599 -175606
1558298024540 -177547
1558298027474 -184228
1558298031842 -192634
1558298033785 -194577
1558298033785 -194577
1558298042028 -195035
1558298042367 -203159
1558298044717 -197724
1558298054319 -215111
1558298061800 -222591
1558298071353 -232031
1558298072791 -222483
1558298081077 -241753
1558298082741 -243417
1558298084685 -234376
1558298085525 -235216
1558298085525 -235216
1558298093994 -243584
1558298094967 -244557
1558298101788 -251378
1558298102446 -259200
1558298102609 -259363
1558298110634 -259645
1558298113981 -274571
1558298115199 -264210
1558298117138 -266149
1558298123942 -272953
1558298126691 -287279
1558298131942 -292529
1558298143199 -303781
1558298145494 -286114
1558298147053 -307632
1558298149085 -281304
1558298158798 -291016
1558298165131 -297348
1558298166896 -323649
1558298183754 -340507
1558298185770 -342523
1558298190055 -346808
1558298196465 -353217
1558298199995 -356747
1558298200000 -356752
1558298200005 -356757
1558298203550 -360302
1558298205282 -362034
1558298205284 -362036
1558298205290 -362042
1558298207060 -363812
1558298208839 -365591
1558298208839 -365591
1558298210642 -367393
1558298210644 -367395
1558298215772 -372523
1558298215773 -372524
1558298220006 -376757
1558298223295 -380045
1558298223295 -380045
1558298225073 -381823
1558298226623 -383373
1558298226668 -383418
1558298227500 -384250
1558298230480 -387230
1558298230481 -387231
1558298230482 -387232
1558298231505 -388255
1558298231506 -388256
1558298233348 -390098
1558298235285 -392035
1558298239038 -395788
1558298244879 -401625
1558298244945 -401691
1558298246810 -403556
1558298246811 -403557
1558298246822 -403565
1558298248813 -405556
1558298250749 -407492
1558298254528 -411271
1558298254642 -411385
1558298256479 -413222
1558298256480 -413223
1558298258349 -415092
1558298258349 -415092
1558298262029 -418772
1558298262030 -418773
1558298262958 -419701
1558298262961 -419704
1558298264827 -421570
1558298264900 -421643
1558298266735 -423478
1558298268645 -425388
1558298270472 -427214
1558298274161 -430903
1558298274229 -430971
1558298275215 -431957
1558298279521 -436263
1558298279522 -436264
1558298283644 -440386
1558298283645 -440387
1558298283647 -440389
1558298285605 -442347
1558298287329 -444071
1558298290049 -446791
1558298290096 -446838
1558298291955 -448697
1558298291959 -448701
1558298296394 -453135
1558298296401 -453142
1558298298250 -454991
1558298299924 -456665
1558298304562 -461303
1558298304574 -461315
1558298306335 -463076
1558298306335 -463076
1558298308239 -464980
1558298308240 -464981
1558298308241 -464982
1558298309903 -466644
1558298312599 -469340
1558298312601 -469342
1558298314351 -471092
1558298314352 -471093
1558298316198 -472939
1558298316244 -472985
1558298316275 -473016
1558298316314 -473055
1558298319862 -476603
1558298319864 -476605
1558298324283 -481024
1558298325948 -482689
1558298329338 -486079
1558298332822 -489562
1558298334487 -491227
1558298336259 -492999
1558298337189 -493929
1558298337214 -493954
1558298337238 -493978
1558298340672 -497412
1558298340673 -497413
1558298340674 -497414
1558298342329 -499069
1558298344166 -500906
1558298344242 -500982
1558298346156 -502896
