1558297998194 -154728
1558297999009 -155542
1558298009345 -165742
1558298070570 -226967
1558298088459 -244856
1558298161240 -317637
1558298168460 -324857
1558298171751 -328147
1558298178399 -334795
1558298180970 -337366
1558298183215 -339611
1558298189731 -346127
1558298193426 -349822
1558298193427 -349823
1558298196902 -353298
1558298200428 -356824
1558298202234 -358630
1558298202235 -358631
1558298207507 -363903
1558298210135 -366531
1558298211794 -368190
1558298213491 -369887
1558298218644 -373967
1558298220355 -375678
1558298220375 -375698
1558298223666 -378989
1558298225469 -380792
1558298225470 -380793
1558298226989 -382312
1558298228963 -384286
1558298238653 -393975
1558298242425 -397747
1558298245280 -400602
1558298250179 -405501
1558298251177 -406499
1558298253060 -408382
1558298253071 -408393
1558298253072 -408394
1558298260635 -415957
1558298260635 -415957
1558298260636 -415958
1558298260640 -415962
1558298262443 -417765
1558298264318 -419640
1558298266207 -421529
1558298269965 -425287
1558298272871 -428193
1558298276586 -431908
1558298278396 -433718
1558298284056 -439378
1558298293167 -448488
1558298296764 -452085
1558298296767 -452088
1558298296768 -452089
1558298298682 -454003
1558298298683 -454004
1558298298685 -454006
1558298301310 -456631
1558298301311 -456632
1558298301312 -456633
1558298303045 -458366
1558298305001 -460101
1558298309429 -464529
1558298311290 -466390
1558298319314 -474414
1558298322874 -477974
1558298324650 -479750
1558298326303 -481403
1558298332473 -487573
1558298334148 -489248
1558298335750 -490850
1558298342670 -497770
1558298345552 -500652
1558298353041 -508141
1558298353046 -508146
1558298354887 -509987
1558298356731 -511831
1558298356732 -511832
1558298356736 -511836
1558298358673 -513773
1558298360387 -515487
1558298362276 -516058
1558298367673 -521455
1558298372233 -526015
1558298377839 -531621
1558298381604 -535386
1558298384033 -537815
1558298385802 -539584
