1558297846577 -3311343
1558297846587 -3311353
1558297846619 -3311385
1558297846634 -3311400
1558297846666 -3311432
1558297848229 -8773
1558297850067 -5810
1558297852028 -12560
1558297854691 -11777
1558297854699 -11784
1558297856739 -12481
1558297858684 -14426
1558297862557 -23089
1558297862557 -18298
1558297862569 -18310
1558297864445 -21529
1558297866198 -23282
1558297867320 -23061
1558297868159 -23338
1558297873090 -33622
1558297873112 -28852
1558297874060 -34592
1558297875052 -30792
1558297875997 -31175
1558297875997 -31737
1558297876974 -32152
1558297881027 -36714
1558297883780 -38958
1558297885780 -41467
1558297887697 -42875
1558297889420 -49951
1558297890488 -45662
1558297891471 -46645
1558297892366 -48053
1558297894451 -54982
1558297894600 -49773
1558297895330 -51017
1558297895330 -55861
1558297895422 -50595
1558297897209 -52896
1558297902067 -55253
1558297908895 -62081
1558297909043 -64216
1558297910919 -64105
1558297911976 -67149
1558297913764 -68937
1558297913765 -67732
1558297913788 -66974
1558297921298 -81560
1558297923616 -83878
1558297923616 -83878
1558297924612 -78574
1558297930578 -84540
1558297932349 -86311
1558297935559 -89521
1558297936176 -89361
1558297937234 -91196
1558297940290 -93452
1558297941583 -101723
1558297943764 -96926
1558297944700 -104840
1558297944971 -98133
1558297948334 -108474
1558297950610 -103772
1558297952678 -112818
1558297958978 -119117
1558297958978 -119117
1558297963811 -123950
1558297964228 -117388
1558297964699 -124838
1558297964699 -124838
1558297967851 -127989
1558297975643 -135781
1558297976840 -130000
1558297977983 -130164
1558297981054 -133235
1558297983867 -136048
1558297986838 -139019
1558297987153 -147290
1558297992664 -142307
1558297993396 -143039
1558297997208 -146850
1558298000228 -150616
1558298000759 -150400
1558298001673 -152061
1558298008364 -158752
1558298008446 -168314
1558298010735 -160376
1558298015879 -166267
1558298016773 -167161
1558298016773 -167161
1558298019720 -169361
1558298021699 -171340
1558298024603 -174989
1558298029255 -178896
1558298030114 -180500
1558298033222 -182863
1558298037846 -188232
1558298039195 -189581
1558298041062 -191448
1558298041858 -190858
1558298044783 -204636
1558298045377 -195763
1558298045377 -194377
1558298045787 -205640
1558298046131 -195131
1558298047720 -196720
1558298047902 -198288
1558298050838 -201224
1558298054524 -214376
1558298059474 -209860
1558298060264 -209263
1558298068086 -217085
1558298074411 -223410
1558298075943 -224942
1558298076566 -236180
1558298082819 -231818
1558298082996 -231995
1558298084942 -234136
1558298088285 -247899
1558298090632 -250246
1558298091942 -240939
1558298092645 -241642
1558298093337 -252950
1558298093587 -242781
1558298094152 -253765
1558298095295 -244292
1558298096476 -245670
1558298097079 -256692
1558298099872 -248869
1558298109703 -255962
1558298112939 -259196
1558298114514 -274117
1558298114686 -263610
1558298118425 -278028
1558298120233 -266487
1558298121779 -281381
1558298122801 -269910
1558298125102 -284704
1558298126632 -272883
1558298127052 -286654
1558298130726 -276975
1558298130726 -277834
1558298131747 -291349
1558298132754 -268330
1558298138207 -273783
1558298139000 -277407
1558298140929 -279336
1558298143051 -281458
1558298144428 -304009
1558298145066 -283472
1558298145975 -284381
1558298146784 -285190
1558298147447 -307028
1558298148961 -278785
1558298149718 -277576
1558298150391 -309972
1558298155240 -314821
1558298156624 -286447
1558298159554 -289376
1558298160531 -290353
1558298161096 -289946
1558298165385 -276435
1558298171041 -327203
1558298179344 -335506
1558298179348 -335510
1558298186003 -342165
1558298189375 -345537
1558298189385 -345547
1558298189386 -345548
1558298193081 -349243
1558298198354 -354516
1558298198394 -354556
1558298205488 -361650
1558298207248 -363410
1558298207249 -363411
1558298213257 -369419
1558298213263 -369425
1558298217645 -373807
1558298220152 -376314
1558298220192 -376354
1558298226797 -382959
1558298226836 -382998
1558298230675 -386837
1558298232696 -388858
1558298238407 -391373
1558298238408 -391374
1558298239219 -392185
1558298241237 -394203
1558298243181 -396147
1558298245077 -398043
1558298252835 -405801
1558298256684 -409650
1558298258544 -411509
1558298263185 -416150
1558298263186 -416151
1558298266968 -419933
1558298270709 -423674
1558298272607 -425572
1558298272610 -425575
1558298276342 -429307
1558298283834 -436798
1558298292143 -445107
1558298293815 -446779
1558298296571 -449535
1558298296572 -449536
1558298300093 -453057
1558298302892 -455856
1558298304762 -457726
1558298308423 -461386
1558298316466 -469429
1558298322663 -475626
1558298324568 -477531
1558298329678 -482641
1558298332233 -485195
1558298332234 -485196
1558298337438 -489794
1558298339055 -491411
1558298344424 -496780
1558298346413 -498769
1558298349180 -501536
1558298350092 -502448
1558298356502 -508858
1558298360145 -512501
1558298363870 -516225
1558298365690 -518045
1558298365690 -518045
1558298367528 -519883
1558298373620 -525975
