1558297840649 -3306420
1558297908757 -70587
1558297908978 -70808
1558297920407 -82237
1558297994818 -156648
1558298039847 -201676
1558298039996 -201825
1558298056410 -218239
1558298056536 -218365
1558298069602 -231431
1558298087736 -249565
1558298126521 -288350
1558298147913 -309742
1558298147916 -309745
1558298160674 -322503
1558298168278 -330107
1558298174282 -336111
1558298174282 -336111
1558298174284 -336113
1558298182019 -343848
1558298189449 -351278
1558298189452 -351281
1558298191333 -353162
1558298193129 -354958
1558298196785 -358614
1558298198549 -360378
1558298202103 -363932
1558298205630 -367459
1558298209973 -371802
1558298210001 -371830
1558298214218 -376047
1558298215032 -376861
1558298218471 -380300
1558298223344 -385173
1558298223346 -385017
1558298227520 -389191
1558298231516 -393187
1558298234496 -396167
1558298234532 -396203
1558298234556 -396227
1558298237307 -398978
1558298239137 -400808
1558298239138 -400809
1558298241134 -402805
1558298241135 -402806
1558298243090 -404761
1558298246887 -408558
1558298250792 -412463
1558298252683 -414354
1558298256500 -418171
1558298256504 -418175
1558298256512 -418183
1558298258387 -420058
1558298258387 -420058
1558298266693 -428364
1558298268469 -430140
1558298270293 -431964
1558298272195 -433866
1558298272196 -433867
1558298275024 -436695
1558298277726 -439396
1558298281056 -442726
1558298283525 -445195
1558298283526 -445196
1558298283527 -445197
1558298287182 -448852
1558298291782 -453452
1558298291786 -453456
1558298293451 -455121
1558298295391 -457061
1558298297070 -458740
1558298299721 -461391
1558298299723 -461393
1558298301528 -463198
1558298303317 -464987
1558298311560 -473108
1558298311561 -473109
1558298313201 -474749
1558298317658 -479206
1558298321247 -482795
1558298321247 -482795
1558298324652 -486200
1558298324759 -486307
1558298328984 -490532
1558298328985 -490533
1558298332425 -493973
1558298335920 -497468
1558298335982 -497530
1558298337722 -499270
1558298337738 -499286
1558298345649 -507197
1558298347590 -509138
1558298347590 -509138
1558298347592 -509140
1558298347593 -509141
1558298349416 -510964
1558298353024 -514572
1558298353031 -514579
1558298354863 -516411
