1558297849684 -5786
1558297851605 -7707
1558297852554 -8656
1558297852933 -7705
1558297857350 -13451
1558297858350 -14451
1558297861227 -17328
1558297861227 -17328
1558297861235 -17336
1558297873162 -27934
1558297873676 -29777
1558297873677 -29778
1558297879994 -34766
1558297881950 -36722
1558297884369 -40470
1558297886304 -42405
1558297895859 -51550
1558297896449 -50617
1558297896828 -52519
1558297898410 -52577
1558297903628 -59319
1558297905819 -61510
1558297905819 -61510
1558297907210 -61377
1558297908182 -62349
1558297911394 -67085
1558297914309 -70000
1558297915125 -70816
1558297920953 -76644
1558297927575 -81742
1558297928722 -84413
1558297935082 -90748
1558297935082 -90748
1558297947936 -99278
1558297950908 -106573
1558297955761 -111425
1558297958186 -113850
1558297958809 -110151
1558297959664 -111006
1558297959664 -111006
1558297974767 -126107
1558297976088 -131752
1558297980398 -131738
1558297981829 -137492
1558297982964 -134304
1558297985678 -137018
1558297986716 -142379
1558297993601 -144507
1558297996487 -147393
1558297998177 -153227
1558298001306 -156356
1558298002416 -153321
1558298002448 -153353
1558298011966 -162870
1558298014790 -169839
1558298019674 -170578
1558298020733 -175780
1558298024240 -179287
1558298030893 -181796
1558298030893 -181796
1558298030893 -181796
1558298031583 -182486
1558298032496 -183399
1558298033797 -188843
1558298036946 -187849
1558298039288 -188636
1558298042108 -191456
1558298046697 -200529
1558298047084 -196431
1558298047110 -196457
1558298050314 -204146
1558298053021 -206853
1558298053735 -207567
1558298054396 -208228
1558298055193 -209025
1558298060513 -209860
1558298060838 -214669
1558298064576 -213923
1558298068608 -222439
1558298075357 -224691
1558298084358 -238189
1558298085127 -238958
1558298091334 -244186
1558298091334 -244186
1558298092895 -245747
1558298092895 -245747
1558298096512 -245845
1558298099578 -252430
1558298101555 -254407
1558298102439 -255291
1558298105312 -254645
1558298109312 -258645
1558298111986 -261319
1558298113940 -263169
1558298114924 -264153
1558298116872 -266101
1558298121322 -274173
1558298122993 -275844
1558298122993 -272222
1558298123782 -273011
1558298132129 -284980
1558298133491 -286342
1558298133491 -286342
1558298136256 -282350
1558298137096 -274479
1558298137238 -283332
1558298141145 -287238
1558298143660 -281042
1558298158573 -291503
1558298159346 -285441
1558298159550 -292480
1558298160528 -283826
1558298165307 -288605
1558298179259 -331948
1558298179263 -331952
1558298189301 -341989
1558298189302 -341990
1558298194915 -347603
1558298196720 -349408
1558298201854 -354541
1558298203637 -356324
1558298203638 -356325
1558298203639 -356326
1558298205393 -358080
1558298207161 -359848
1558298210729 -363416
1558298214119 -366806
1558298216637 -369324
1558298216639 -369326
1558298216640 -369327
1558298217563 -370249
1558298220114 -372800
1558298221011 -373697
1558298223407 -376093
1558298223408 -376094
1558298226725 -379411
1558298228688 -381374
1558298232619 -385221
1558298232621 -385223
1558298234594 -387196
1558298238332 -390934
1558298245019 -397621
1558298248926 -401528
1558298250862 -403464
1558298254714 -407316
1558298256596 -409198
1558298262138 -414738
1558298262139 -414739
1558298264951 -417551
1558298265889 -418489
1558298266873 -419473
1558298274341 -426941
1558298276231 -428831
1558298279797 -432397
1558298279798 -432398
1558298282127 -434727
1558298292047 -444647
1558298300014 -452614
1558298301918 -454518
1558298306428 -456337
1558298309977 -459886
1558298312682 -462591
1558298327908 -477817
1558298329587 -479495
1558298334023 -483931
1558298335759 -485667
1558298338932 -488840
1558298338933 -488841
1558298340746 -490654
1558298340747 -490655
1558298346255 -496163
1558298349958 -499866
1558298352678 -502586
1558298356352 -506259
1558298356354 -506261
1558298357310 -507217
1558298357313 -507220
1558298357314 -507221
1558298361923 -511830
1558298361924 -511831
1558298361940 -511847
1558298367389 -517296
1558298369410 -519317
1558298381444 -531350
1558298384603 -534509
