1558297847166 -4424
1558297850055 -7313
1558297850056 -7314
1558297868228 -24502
1558297870190 -26464
1558297878846 -35120
1558297892325 -48598
1558297895277 -51550
1558297917722 -73055
1558297923196 -78528
1558297928053 -83385
1558297935122 -90454
1558297948341 -102143
1558297952703 -106505
1558297954216 -108018
1558297955750 -112837
1558297955797 -112883
1558297956151 -109953
1558297960890 -114692
1558297969657 -123459
1558297969657 -123459
1558297981420 -135221
1558297982363 -136164
1558297988058 -140573
1558298012329 -164843
1558298025998 -178512
1558298027947 -180461
1558298041466 -191612
1558298059854 -210000
1558298069638 -219783
1558298083910 -234055
1558298095851 -245343
1558298101061 -250553
1558298105458 -254950
1558298113276 -262768
1558298124994 -267260
1558298125525 -282611
1558298125564 -282650
1558298140477 -273123
1558298143078 -275724
1558298153530 -286174
1558298154309 -274268
1558298159861 -279819
1558298168110 -325196
1558298168114 -325200
1558298174179 -331265
1558298177057 -334143
1558298177058 -334144
1558298183022 -340108
1558298187295 -344381
1558298189592 -346678
1558298189593 -346679
1558298193153 -350239
1558298195057 -352143
1558298195059 -352145
1558298200369 -357455
1558298210095 -367181
1558298220372 -377458
1558298222076 -379162
1558298225480 -382565
1558298228983 -386068
1558298230926 -388011
1558298232952 -388024
1558298234939 -390011
1558298236874 -391946
1558298238476 -393548
1558298239454 -394526
1558298242441 -397513
1558298247270 -402342
1558298247274 -402346
1558298250199 -405271
1558298253092 -408164
1558298254961 -410033
1558298254962 -410034
1558298255028 -410100
1558298256930 -412002
1558298258782 -413854
1558298260654 -415726
1558298264342 -419414
1558298266182 -421254
1558298276594 -431666
1558298278410 -433482
1558298286860 -441931
1558298288819 -443890
1558298290467 -445538
1558298295083 -450154
1558298296789 -451860
1558298298714 -453785
1558298301340 -456411
1558298311310 -466381
1558298311311 -466382
1558298319339 -474410
1558298326333 -480277
1558298329030 -482974
1558298332311 -486255
1558298335744 -489688
1558298337676 -491620
1558298345622 -499566
1558298347584 -501528
1558298347586 -501530
1558298354904 -508848
1558298354905 -508849
1558298365898 -519842
1558298369594 -523538
1558298377697 -531640
