1558297846321 -3312854
1558297846321 -3312281
1558297846329 -3311636
1558297846359 -3311666
1558297846385 -3312345
1558297846385 -3312345
1558297846443 -3312300
1558297846443 -3312300
1558297846455 -3311761
1558297846467 -3312324
1558297846474 -3312331
1558297846474 -3311780
1558297989261 -145600
1558297990329 -146668
1558298061434 -217773
1558298117642 -273981
1558298140007 -296346
1558298157734 -314073
1558298167353 -323692
1558298167355 -323694
1558298167362 -323701
1558298170923 -327262
1558298179302 -335641
1558298185963 -342302
1558298191216 -347555
1558298191219 -347558
1558298193895 -350234
1558298196572 -352911
1558298198336 -354675
1558298201880 -358219
1558298207203 -363541
1558298207204 -363542
1558298208955 -365293
1558298212464 -368802
1558298214149 -370487
1558298216683 -373021
1558298216683 -373021
1558298216684 -373022
1558298217613 -373951
1558298221838 -378176
1558298223451 -379789
1558298228750 -385088
1558298228753 -385091
1558298230651 -386989
1558298234691 -387548
1558298234692 -387549
1558298236622 -389479
1558298236624 -389481
1558298239194 -392051
1558298239195 -392052
1558298243153 -396010
1558298243154 -396011
1558298248992 -401849
1558298250921 -403778
1558298252817 -405674
1558298256666 -409523
1558298256667 -409524
1558298258512 -411369
1558298260362 -413219
1558298265867 -418724
1558298266955 -419812
1558298268823 -421680
1558298276314 -429171
1558298276315 -429172
1558298278144 -431001
1558298278146 -431003
1558298279908 -432765
1558298283812 -436669
1558298285796 -438653
1558298287433 -440290
1558298288565 -441422
1558298290210 -443067
1558298290250 -443107
1558298292129 -444986
1558298293803 -446660
1558298302798 -455654
1558298302865 -455721
1558298304746 -457602
1558298308411 -461267
1558298310053 -462539
1558298312762 -465248
1558298312765 -465251
1558298314573 -467059
1558298314574 -467060
1558298314670 -467156
1558298314783 -467269
1558298316412 -468898
1558298319093 -471579
1558298319097 -471583
1558298320987 -473473
1558298320994 -473480
1558298322649 -475135
1558298326076 -478562
1558298326137 -478623
1558298328043 -480529
1558298333916 -486402
1558298333925 -486411
1558298333926 -486412
1558298335525 -488011
1558298337390 -489876
1558298339049 -491534
1558298340894 -493379
1558298340900 -493385
1558298340900 -493385
1558298342424 -494909
1558298342424 -494909
1558298344415 -496900
1558298344472 -496957
1558298349163 -501648
1558298353755 -506240
1558298356486 -508971
1558298358344 -510829
1558298363859 -516344
1558298365678 -518163
1558298365679 -518164
1558298367516 -520001
1558298369355 -521840
1558298369451 -521936
1558298377622 -530107
1558298377622 -530107
