1558297988684 -145216
1558297989440 -145813
1558298050051 -206424
1558298104526 -260899
1558298124482 -280855
1558298124491 -280864
1558298167749 -324121
1558298171181 -327553
1558298173923 -330295
1558298179467 -335839
1558298179467 -335839
1558298179472 -335844
1558298181924 -338296
1558298181933 -338305
1558298184841 -341213
1558298184842 -341214
1558298186052 -342424
1558298186054 -342426
1558298189413 -345785
1558298189420 -345792
1558298189421 -345793
1558298191301 -347673
1558298191301 -347673
1558298191302 -347674
1558298191303 -347675
1558298193140 -349512
1558298193173 -349545
1558298193210 -349582
1558298194824 -351196
1558298194824 -351196
1558298194826 -351198
1558298196650 -353022
1558298196657 -353029
1558298200156 -356528
1558298201935 -358307
1558298201953 -358325
1558298201954 -358326
1558298203685 -360057
1558298203686 -360058
1558298205474 -361846
1558298207234 -363606
1558298207240 -363612
1558298207241 -363613
1558298208968 -365340
1558298209011 -365383
1558298209012 -365384
1558298210767 -367139
1558298210768 -367140
1558298214097 -370469
1558298216671 -373043
1558298220138 -376509
1558298220182 -376553
1558298221802 -378173
1558298221803 -378174
1558298223417 -378974
1558298223418 -378975
1558298225183 -380740
1558298226764 -382321
1558298226808 -382365
1558298228672 -384229
1558298228673 -384230
1558298228682 -384239
1558298230595 -386152
1558298232605 -388161
1558298232606 -388162
1558298234618 -390174
1558298234662 -390218
1558298235559 -391115
1558298235564 -391120
1558298239114 -394670
1558298239115 -394671
1558298239116 -394672
1558298241114 -396670
1558298241115 -396671
1558298243072 -398628
1558298244974 -400530
1558298246878 -402434
1558298248874 -404430
1558298248875 -404431
1558298250799 -406355
1558298250802 -406358
1558298252699 -408255
1558298252703 -408259
1558298254562 -410118
1558298254683 -410239
1558298256540 -412096
1558298256541 -412097
1558298256548 -412104
1558298256557 -412113
1558298259319 -414875
1558298259320 -414876
1558298259321 -414877
1558298262071 -417627
1558298262072 -417628
1558298262075 -417631
1558298264822 -420378
1558298266755 -422311
1558298266763 -422319
1558298270495 -426026
1558298270497 -426028
1558298272402 -427933
1558298272403 -427934
1558298272408 -427939
1558298274181 -429712
1558298274250 -429781
1558298275219 -430750
1558298275220 -430751
1558298279678 -435209
1558298281259 -436790
1558298283636 -439167
1558298283638 -439169
1558298285579 -441110
1558298285585 -441116
1558298287308 -442839
1558298290045 -445576
1558298291916 -447447
1558298291917 -447448
1558298291921 -447450
1558298291922 -446682
1558298293589 -448349
1558298293589 -448349
1558298293592 -448352
1558298296344 -451104
1558298296344 -451104
1558298296348 -451108
1558298299860 -454620
1558298299861 -454621
1558298299868 -454628
1558298301891 -456651
1558298302750 -457510
1558298303486 -458246
1558298303512 -458272
1558298306243 -461003
1558298306243 -461003
1558298308137 -462897
1558298308138 -462898
1558298308139 -462899
1558298308140 -462900
1558298309837 -464597
1558298309839 -464599
1558298311736 -466496
1558298311736 -466496
1558298314445 -469205
1558298318004 -472763
1558298318004 -472763
1558298319742 -474501
1558298319743 -474502
1558298319744 -474503
1558298322374 -477133
1558298324168 -478927
1558298324169 -478928
1558298325764 -480523
1558298325845 -480604
1558298325846 -480605
1558298325847 -480606
1558298327673 -482432
1558298327674 -482433
1558298329358 -484117
1558298329359 -484118
1558298331194 -485953
1558298331195 -485954
1558298332675 -487434
1558298332676 -487435
1558298334423 -489182
1558298334576 -489335
1558298335403 -490162
1558298338712 -493471
1558298338713 -493472
1558298340510 -495269
1558298340513 -495272
1558298343996 -498755
1558298344083 -498842
1558298344153 -498912
1558298346012 -500771
1558298347928 -502687
1558298347928 -502687
1558298349738 -504497
1558298351613 -506372
1558298351614 -506373
1558298353428 -508187
1558298353430 -508189
1558298355256 -510015
1558298355256 -510015
1558298357088 -511847
1558298357090 -511849
1558298357091 -511850
1558298357092 -511851
1558298358818 -513577
1558298359897 -514656
1558298359987 -514746
1558298360832 -515591
1558298363538 -518297
1558298364476 -519235
1558298364477 -519236
1558298364478 -519237
1558298367137 -521896
1558298367139 -521898
1558298367140 -521899
1558298368067 -522826
1558298370812 -525571
1558298370856 -525614
1558298370898 -525656
1558298372590 -527348
1558298374920 -529678
1558298374921 -529679
1558298378774 -533532
1558298380493 -535251
1558298380494 -535252
1558298382808 -537566
1558298384380 -538178
