1558297896422 -71405
1558297899021 -74004
1558297903249 -78232
1558297904587 -79570
1558297906395 -81378
1558297914114 -89097
1558298039879 -214861
1558298111329 -286311
1558298171606 -346588
1558298174276 -349258
1558298185067 -360049
1558298189575 -364557
1558298189576 -364558
1558298193270 -368252
1558298193291 -368273
1558298207340 -382313
1558298210883 -385853
1558298210886 -385855
1558298220171 -395138
1558298220205 -395172
1558298221885 -396852
1558298223465 -398432
1558298223466 -398433
1558298226756 -401723
1558298228708 -403675
1558298228709 -403675
1558298228713 -403679
1558298228713 -403679
1558298230616 -405582
1558298232615 -407581
1558298235553 -410519
1558298235556 -410521
1558298243044 -418009
1558298243045 -418010
1558298244905 -419860
1558298244968 -419923
1558298248830 -423784
1558298248832 -423786
1558298256463 -431417
1558298258320 -433273
1558298259234 -434187
1558298261990 -436943
1558298262876 -437829
1558298268549 -443502
1558298270365 -445313
1558298272274 -447221
1558298272275 -447222
1558298274032 -448979
1558298274033 -448980
1558298274103 -449050
1558298275091 -450038
1558298275104 -450051
1558298283620 -458566
1558298285553 -460499
1558298287140 -462086
1558298291741 -466687
1558298293407 -468351
1558298299677 -474620
1558298303261 -478204
1558298303298 -478241
1558298307914 -482856
1558298311478 -486420
1558298319443 -494384
1558298321339 -496280
