1558297851378 -9653
1558297855426 -11811
1558297856402 -12787
1558297858107 -16381
1558297858372 -14757
1558297860064 -18338
1558297867130 -23515
1558297871631 -29904
1558297880425 -38697
1558297882480 -38864
1558297884341 -42613
1558297889311 -44835
1558297890036 -48308
1558297891995 -50267
1558297893006 -48529
1558297895030 -50553
1558297896886 -54950
1558297897865 -53388
1558297900786 -58850
1558297902718 -58206
1558297906600 -62088
1558297909580 -67643
1558297913336 -71399
1558297913394 -68881
1558297914304 -72367
1558297917550 -75613
1558297919194 -77256
1558297921018 -76505
1558297924284 -82346
1558297926850 -82337
1558297930069 -85556
1558297935160 -90251
1558297946123 -101213
1558297946394 -104454
1558297947087 -102177
1558297953947 -109037
1558297958456 -116515
1558297958863 -113953
1558297960073 -118132
1558297961870 -119929
1558297965776 -123835
1558297974788 -128558
1558297981110 -134880
1558297986575 -144468
1558297986803 -144696
1558297987020 -140790
1558297987777 -141547
1558297989080 -146973
1558297990053 -147945
1558298006867 -160636
1558298007179 -165071
1558298008677 -166569
1558298013808 -167313
1558298021836 -175340
1558298022158 -179933
1558298023133 -180908
1558298025677 -179181
1558298027632 -181136
1558298029371 -182875
1558298029967 -183471
1558298030299 -188074
1558298030733 -184237
1558298033719 -191494
1558298033719 -191494
1558298034696 -192471
1558298038630 -192133
1558298038630 -192133
1558298042931 -200281
1558298046735 -204509
1558298048981 -201375
1558298048981 -201375
1558298050941 -203335
1558298052597 -210371
1558298055238 -213012
1558298058961 -216735
1558298060916 -218690
1558298065884 -218277
1558298066595 -218988
1558298074910 -232676
1558298075696 -233462
1558298080301 -237992
1558298082717 -235110
1558298084209 -236602
1558298095581 -247798
1558298095780 -253130
1558298099902 -252114
1558298102419 -254631
1558298103395 -255607
1558298104559 -262250
1558298112040 -264251
1558298115306 -272996
1558298117263 -274953
1558298122479 -280082
1558298131097 -288700
1558298131097 -282556
1558298133039 -290642
1558298146442 -303875
1558298149376 -306809
1558298163053 -320403
1558298173043 -330393
1558298173060 -330410
1558298176047 -333397
1558298178776 -336126
1558298181313 -338663
1558298185533 -342883
1558298185534 -342884
1558298187561 -344911
1558298189861 -347211
1558298197174 -354524
1558298197175 -354525
1558298200687 -358037
1558298200687 -358037
1558298203304 -360654
1558298203305 -360655
1558298203306 -360656
1558298205016 -362366
1558298206825 -364175
1558298208572 -365921
1558298210411 -367760
1558298212077 -369426
1558298213755 -371104
1558298217204 -374553
1558298218948 -376297
1558298218949 -376298
1558298218949 -376298
1558298222327 -379676
1558298222328 -379677
1558298223915 -381264
1558298223915 -381264
1558298223917 -381266
1558298229206 -386528
1558298231009 -388331
1558298231010 -388332
1558298231020 -388342
1558298233033 -390355
1558298233105 -390427
1558298235015 -392337
1558298235032 -392354
1558298236912 -394234
1558298238719 -396041
1558298238722 -396044
1558298240681 -398003
1558298242675 -399997
1558298242676 -399998
1558298244601 -401923
1558298244686 -402008
1558298244762 -402084
1558298247477 -404799
1558298247478 -404800
1558298251356 -408678
1558298254166 -411488
1558298255193 -412515
1558298257086 -414408
1558298260781 -418103
1558298262563 -419885
1558298264457 -421779
1558298266284 -423606
1558298266337 -423659
1558298266382 -423704
1558298266440 -423762
1558298268243 -425565
1558298268244 -425566
1558298268246 -425568
1558298270078 -427400
1558298271073 -428395
1558298271074 -428396
1558298273834 -431156
1558298273950 -431272
1558298274752 -432074
1558298274788 -432110
1558298276516 -433838
1558298278315 -435636
1558298280696 -438017
1558298282392 -439713
1558298282394 -439715
1558298284116 -441437
1558298284119 -441440
1558298286912 -444233
1558298286912 -444233
1558298286913 -444234
1558298286914 -444235
1558298286915 -444236
1558298288763 -446084
1558298290509 -447830
1558298293211 -450532
1558298296809 -454130
1558298298726 -456047
1558298303114 -460435
1558298305023 -462344
1558298306756 -464077
1558298306759 -464080
1558298309443 -466406
1558298312996 -469782
1558298312997 -469783
1558298314832 -471618
1558298314978 -471764
1558298316634 -473420
1558298316659 -473445
1558298319287 -476073
1558298319288 -476074
1558298319289 -476075
1558298322826 -479612
1558298322827 -479613
1558298322830 -479616
1558298324400 -481186
1558298324401 -481187
1558298324574 -481360
1558298324707 -481493
1558298326056 -482842
1558298326114 -482900
1558298329673 -486459
1558298334084 -490870
1558298334085 -490871
1558298337550 -494335
1558298337563 -494348
1558298341043 -497828
1558298341043 -497828
1558298341044 -497829
1558298341045 -497830
1558298341046 -497831
1558298342478 -499263
1558298345442 -502227
1558298345483 -502268
1558298346525 -503310
1558298346526 -503311
1558298349281 -506066
1558298352913 -509698
1558298352914 -509699
1558298352915 -509700
1558298354745 -511530
1558298354746 -511531
1558298356577 -513362
1558298358604 -515389
1558298360233 -517018
1558298363934 -520718
1558298367578 -524362
1558298369430 -526214
1558298371125 -527909
1558298373466 -530250
