1558297851484 -8607
1558297858299 -15422
1558297859218 -16341
1558297869748 -26870
1558297871684 -28806
1558297872686 -29808
1558297881492 -38609
1558297886266 -43383
1558297891929 -49046
1558297897756 -54844
1558297906501 -63589
1558297910607 -67695
1558297924803 -81889
1558297932575 -89661
1558297944506 -101591
1558297946019 -103104
1558297954763 -111241
1558297967751 -124229
1558297968566 -125044
1558297973060 -129538
1558297988448 -144925
1558297992655 -147408
1558297993442 -148195
1558297998170 -152923
1558298001299 -156052
1558298004003 -158756
1558298008126 -162879
1558298008126 -162879
1558298009672 -164425
1558298011626 -166379
1558298027266 -182018
1558298038341 -192214
1558298038341 -192213
1558298045528 -199400
1558298052732 -206604
1558298053347 -207219
1558298053800 -207672
1558298054694 -208566
1558298055458 -209330
1558298068972 -222775
1558298069955 -223758
1558298080555 -234357
1558298087392 -241194
1558298087394 -241196
1558298093406 -247208
1558298095214 -249016
1558298105814 -259352
1558298108620 -262158
1558298110043 -263580
1558298111664 -265201
1558298113619 -266018
1558298143773 -296171
1558298144151 -296549
1558298156430 -308634
1558298171447 -324917
1558298177001 -330471
1558298180651 -334121
1558298182980 -336450
1558298185028 -338498
1558298187352 -340822
1558298195164 -348634
1558298198565 -352035
1558298198585 -352055
1558298202145 -355615
1558298202146 -355616
1558298203876 -357346
1558298203892 -357362
1558298205704 -359174
1558298205705 -359175
1558298210070 -363540
1558298211749 -365219
1558298213431 -366901
1558298213433 -366903
1558298215128 -368598
1558298215145 -368615
1558298216890 -370360
1558298216890 -370360
1558298220316 -373786
1558298220335 -373805
1558298220349 -373819
1558298225439 -378909
1558298225440 -378910
1558298225441 -378911
1558298226966 -380436
1558298228948 -382417
1558298228950 -382419
1558298228951 -382420
1558298240597 -394064
1558298240615 -394082
1558298242619 -396086
1558298243342 -396809
1558298243342 -396809
1558298243469 -396936
1558298243470 -396937
1558298245295 -398762
1558298247230 -400697
1558298250160 -403627
1558298251157 -404623
1558298251161 -404627
1558298253035 -406501
1558298253036 -406502
1558298254899 -408365
1558298256872 -410338
1558298256874 -410340
1558298256876 -410342
1558298260600 -414066
1558298260601 -414067
1558298262415 -415881
1558298262416 -415882
1558298262417 -415883
1558298264285 -417751
1558298267192 -420658
1558298269941 -423407
1558298270956 -424422
1558298270957 -424423
1558298272845 -426311
1558298272846 -426312
1558298272850 -426316
1558298274637 -428103
1558298274680 -428146
1558298274731 -428197
1558298278372 -431838
1558298278373 -431839
1558298278374 -431840
1558298280769 -434235
1558298280771 -434237
1558298282454 -435920
1558298284175 -437641
1558298286977 -440443
1558298288582 -442048
1558298288688 -442154
1558298288767 -442233
1558298290465 -443931
1558298293158 -446624
1558298293159 -446625
1558298295043 -448509
1558298295044 -448510
1558298295045 -448511
1558298298671 -452137
1558298301292 -454758
1558298301292 -454758
1558298306724 -460190
1558298306724 -460190
1558298306729 -460195
1558298311279 -464745
1558298312988 -466454
1558298316638 -470104
1558298319292 -472758
1558298321190 -474656
1558298321191 -474657
1558298321192 -474658
1558298322844 -476310
1558298322847 -476313
1558298324642 -478108
1558298324752 -478218
1558298326291 -479752
1558298329000 -482134
1558298330806 -483940
1558298330808 -483942
1558298332459 -485593
1558298337619 -490753
1558298339237 -492371
1558298339238 -492372
1558298342655 -495789
1558298345530 -498664
1558298345580 -498714
1558298345632 -498766
1558298347545 -500679
1558298349368 -502502
1558298349370 -502504
1558298351208 -504342
1558298353018 -506152
1558298360438 -513572
1558298362249 -515383
1558298362250 -515384
1558298362262 -515396
1558298364075 -517209
1558298364077 -517211
1558298365865 -518999
1558298365866 -519000
1558298369569 -522702
1558298372219 -525351
1558298373758 -526890
1558298377813 -530945
1558298380145 -533277
1558298384011 -537143
1558298385776 -538908
1558298385777 -538909
1558298388078 -541210
1558298389595 -542727
1558298391861 -544993
1558298391920 -545052
1558298393617 -546749
1558298393617 -546749
1558298401475 -554607
1558298403083 -556215
1558298403289 -556421
1558298403378 -556510
1558298404231 -557363
