1558298023811 -179717
1558298024750 -180656
1558298166219 -322125
1558298173152 -329058
1558298176120 -332026
1558298181372 -337278
1558298181379 -337285
1558298183531 -339437
1558298183531 -339437
1558298185561 -341467
1558298185562 -341468
1558298187817 -343723
1558298190067 -345973
1558298197208 -353114
1558298197209 -353115
1558298198954 -354860
1558298200716 -356622
1558298200718 -356623
1558298203341 -359246
1558298205032 -360937
1558298205033 -360938
1558298208604 -364509
1558298212104 -368009
1558298213785 -369690
1558298219079 -374984
1558298220666 -376571
1558298223937 -379842
1558298223938 -379843
1558298225714 -381619
1558298229233 -385138
1558298229235 -385140
1558298231190 -385705
1558298233211 -387726
1558298233269 -387784
1558298235171 -389686
1558298235173 -389688
1558298237118 -391633
1558298242705 -397220
1558298248474 -402989
1558298254184 -408699
1558298262594 -417109
1558298264478 -418993
1558298266307 -420822
1558298273843 -428358
1558298273960 -428475
1558298274825 -429340
1558298286947 -441462
1558298293239 -447754
1558298303089 -457604
1558298309460 -463974
1558298311316 -465830
1558298313019 -467533
1558298314883 -469397
1558298319315 -473829
1558298321202 -475716
1558298324727 -479219
1558298328980 -483472
1558298328980 -483472
1558298335783 -490275
1558298337566 -492058
1558298337581 -492073
1558298339178 -493670
1558298341059 -495551
1558298341063 -495555
1558298345565 -500057
1558298345608 -500100
1558298346537 -501029
1558298360256 -514747
1558298363946 -518437
1558298369514 -524005
