1558297929148 -87343
1558297948935 -107130
1558297949201 -107396
1558297949581 -107776
1558297961178 -119373
1558297961288 -119483
1558297989417 -147612
1558297989445 -147640
1558298003195 -161390
1558298018156 -176351
1558298050723 -208918
1558298081015 -239210
1558298124635 -282829
1558298124636 -282830
1558298141251 -299445
1558298141252 -299446
1558298143578 -301772
1558298159151 -317345
1558298159153 -317347
1558298159155 -317349
1558298171214 -329408
1558298176832 -335026
1558298176833 -335027
1558298176834 -335028
1558298179495 -337689
1558298181952 -340146
1558298181957 -340151
1558298184861 -343055
1558298184869 -343063
1558298185885 -344079
1558298185886 -344080
1558298185887 -344081
1558298189236 -347430
1558298190330 -348524
1558298192943 -351137
1558298193001 -351195
1558298193002 -351196
1558298194840 -353034
1558298194841 -353035
1558298196661 -354855
1558298198408 -356602
1558298198409 -356603
1558298200168 -358362
1558298201955 -360149
1558298201956 -360150
1558298205494 -363688
1558298209000 -367194
1558298209031 -367225
1558298209032 -367226
1558298210778 -368972
1558298210786 -368980
1558298210787 -368981
1558298212472 -370666
1558298214147 -372341
1558298220134 -378328
1558298220181 -378375
1558298221811 -380005
1558298221812 -380006
1558298221815 -380009
1558298223432 -381626
1558298223433 -381627
1558298225193 -383387
1558298226734 -384928
1558298226772 -384966
1558298226815 -385009
1558298228690 -386884
1558298230468 -388616
1558298231494 -389642
1558298234508 -392656
1558298235428 -393576
1558298237289 -395437
1558298239122 -397270
1558298239123 -397271
1558298241119 -399267
1558298243081 -401229
1558298243082 -401230
1558298243083 -401231
1558298244982 -403130
1558298244983 -403131
1558298246888 -405036
1558298246889 -405037
1558298246896 -405044
1558298248888 -407036
1558298250810 -408958
1558298252709 -410857
1558298252710 -410858
1558298254684 -412832
1558298259327 -417475
1558298259328 -417476
1558298259332 -417480
1558298263016 -421164
1558298263017 -421165
1558298263018 -421166
1558298263019 -421167
1558298264946 -423094
1558298266770 -424918
1558298266777 -424925
1558298270504 -428652
1558298272416 -430564
1558298272416 -430564
1558298274311 -432459
1558298275092 -433240
1558298275105 -433253
1558298277817 -435965
1558298277818 -435966
1558298279534 -437682
1558298279535 -437683
1558298281160 -439308
1558298285596 -443744
1558298287324 -445472
1558298290023 -448171
1558298291927 -450075
1558298291929 -450077
1558298293600 -451748
1558298293601 -451749
1558298293606 -451754
1558298296360 -454508
1558298296364 -454512
1558298296365 -454513
1558298298199 -456347
1558298298207 -456354
1558298298208 -456355
1558298299880 -458027
1558298299881 -458028
1558298299884 -458031
1558298301787 -459934
1558298301862 -460009
1558298303507 -461654
1558298306263 -464410
1558298306273 -464419
1558298308158 -466021
1558298309852 -467715
1558298309859 -467722
1558298312520 -470383
1558298313350 -471213
1558298316087 -473950
1558298316195 -474058
1558298318014 -475876
1558298318015 -475877
1558298319754 -477616
1558298325630 -483492
1558298325712 -483574
1558298325793 -483655
1558298325794 -483656
1558298325868 -483730
1558298327501 -485363
1558298327546 -485408
1558298329238 -487100
1558298331047 -488909
1558298331048 -488910
1558298331053 -488915
1558298332701 -490562
1558298334426 -492287
1558298335320 -493181
1558298335406 -493267
1558298336135 -493996
1558298336185 -494046
1558298338717 -496578
1558298340514 -498375
1558298344064 -501925
1558298347911 -505772
1558298349718 -507579
1558298351578 -509439
1558298353376 -511237
1558298355224 -513084
1558298357049 -514909
1558298357050 -514910
1558298358934 -516794
1558298359894 -517754
1558298360728 -518588
1558298360839 -518699
1558298360871 -518731
1558298363488 -521348
1558298363490 -521350
1558298364436 -522296
1558298364442 -522302
1558298367086 -524946
1558298367087 -524947
1558298367855 -525715
1558298368042 -525902
1558298368150 -526010
1558298369710 -527570
1558298372355 -530215
1558298372356 -530216
1558298373891 -531751
1558298376244 -534104
1558298376247 -534107
1558298377917 -535777
1558298377918 -535778
