1558298049906 -205568
1558298140346 -296008
1558298140364 -296026
1558298158276 -313938
1558298176723 -332385
1558298184023 -339685
1558298184023 -339685
1558298186019 -341681
1558298186020 -341682
1558298186025 -341687
1558298186026 -341688
1558298191273 -346935
1558298193089 -348751
1558298193090 -348752
1558298194797 -350459
1558298196634 -352296
1558298196635 -352297
1558298196637 -352299
1558298198368 -354030
1558298198368 -354030
1558298198368 -354030
1558298200154 -355816
1558298200162 -355824
1558298201948 -357610
1558298203695 -359357
1558298203696 -359358
1558298203741 -359403
1558298207262 -362924
1558298207263 -362925
1558298209033 -364695
1558298213274 -368936
1558298214133 -369795
1558298214178 -369840
1558298214179 -369841
1558298216724 -372386
1558298216724 -372386
1558298216728 -372390
1558298218432 -374094
1558298220185 -375847
1558298221892 -377554
1558298223495 -379157
1558298228780 -384442
1558298230689 -386351
1558298232709 -388370
1558298234674 -388043
1558298234711 -388080
1558298236668 -390037
1558298239241 -392610
1558298239242 -392611
1558298239246 -392615
1558298239247 -392616
1558298241253 -394622
1558298243191 -396560
1558298243194 -396563
1558298245151 -398520
1558298247033 -400402
1558298247036 -400405
1558298249023 -402392
1558298249024 -402393
1558298250952 -404321
1558298250965 -404334
1558298250966 -404335
1558298250967 -404336
1558298252843 -406212
1558298254668 -408037
1558298254773 -408142
1558298256702 -410071
1558298258561 -411930
1558298260409 -413778
1558298260415 -413784
1558298262219 -415588
1558298263198 -416567
1558298265933 -419302
1558298266985 -420354
1558298266986 -420355
1558298268861 -422230
1558298268867 -422236
1558298268868 -422237
1558298270713 -424082
1558298270720 -424089
1558298272613 -425982
1558298274481 -427850
1558298280601 -433970
1558298280609 -433978
1558298282270 -435639
1558298282273 -435642
1558298283850 -437219
1558298283856 -437225
1558298283857 -437226
1558298285829 -439198
1558298285830 -439199
1558298290243 -443612
1558298290305 -443674
1558298292169 -445538
1558298292177 -445546
1558298293837 -447206
1558298293838 -447207
1558298293841 -447210
1558298293841 -447210
1558298296591 -449960
1558298296596 -449965
1558298298457 -451826
1558298300116 -453485
1558298300117 -453486
1558298300118 -453487
1558298300121 -453490
1558298302784 -456153
1558298302853 -456222
1558298304783 -458152
1558298304793 -458162
1558298306541 -459910
1558298306542 -459911
1558298306553 -459922
1558298308452 -461821
1558298312807 -466176
1558298312816 -466185
1558298314613 -467982
1558298316419 -469788
1558298316461 -469830
1558298319128 -472497
1558298321022 -474390
1558298321033 -474401
1558298322676 -476044
1558298322688 -476049
1558298328837 -480835
1558298328848 -480845
1558298328848 -480845
1558298329699 -481696
1558298329699 -481696
1558298332243 -484240
1558298332247 -484244
1558298333947 -485944
1558298333948 -485945
1558298333958 -485955
1558298335543 -487540
1558298335640 -487637
1558298335717 -487714
1558298337456 -489453
1558298337490 -489487
1558298339074 -491071
1558298342436 -494433
1558298342597 -494594
1558298344444 -496441
1558298346433 -498429
1558298346436 -498432
1558298346441 -498437
1558298346442 -498438
1558298349191 -501187
1558298350112 -502108
1558298352837 -504833
1558298352843 -504839
1558298352844 -504840
1558298354680 -506676
1558298356512 -508508
1558298358369 -510365
1558298358370 -510366
1558298358383 -510379
1558298360221 -512217
1558298360222 -512218
1558298360303 -512299
1558298362052 -514048
1558298363880 -515876
1558298363881 -515877
1558298363884 -515880
1558298365696 -517692
1558298365698 -517694
1558298369472 -521468
1558298371230 -523226
