1558297949768 -107958
1558298003311 -161501
1558298033241 -191431
1558298033518 -191708
1558298050093 -208283
1558298104404 -262594
1558298141101 -299291
1558298158788 -316978
1558298158797 -316987
1558298158800 -316990
1558298173829 -332018
1558298181890 -340079
1558298184050 -342239
1558298185825 -344014
1558298188068 -346257
1558298188088 -346277
1558298188115 -346304
1558298190289 -348478
1558298192919 -351108
1558298194779 -352968
1558298196601 -354790
1558298196605 -354794
1558298200108 -358297
1558298200109 -358298
1558298201878 -360067
1558298203660 -361849
1558298203661 -361850
1558298203662 -361851
1558298203712 -361901
1558298203713 -361902
1558298205412 -363601
1558298205413 -363602
1558298205416 -363605
1558298205417 -363606
1558298207191 -365380
1558298208993 -367182
1558298208994 -367183
1558298210742 -368931
1558298210743 -368932
1558298210745 -368934
1558298212423 -370612
1558298214084 -372273
1558298214120 -372309
1558298216635 -374824
1558298216636 -374825
1558298216638 -374827
1558298217556 -375745
1558298217558 -375747
1558298220059 -378248
1558298220098 -378287
1558298220147 -378336
1558298220188 -378377
1558298220994 -379183
1558298223382 -381571
1558298223383 -381572
1558298225150 -383339
1558298225151 -383340
1558298228620 -386772
1558298228622 -386774
1558298230426 -388578
1558298230427 -388579
1558298235360 -393512
1558298235361 -393513
1558298237250 -395402
1558298237251 -395403
1558298239074 -397225
1558298241067 -399218
1558298243030 -401181
1558298243033 -401184
1558298244910 -403061
1558298244978 -403129
1558298245027 -403178
1558298246827 -404978
1558298250757 -408908
1558298250758 -408909
1558298252649 -410800
1558298252650 -410801
1558298254534 -412685
1558298254648 -412799
1558298254649 -412800
1558298256477 -414628
1558298256478 -414629
1558298259255 -417406
1558298259257 -417408
1558298259258 -417409
1558298262018 -420169
1558298264764 -422915
1558298264851 -423002
1558298266707 -424858
1558298270426 -428577
1558298270428 -428579
1558298272358 -430509
1558298272359 -430510
1558298274140 -432291
1558298275038 -433189
1558298277757 -435908
1558298279474 -437625
1558298281106 -439257
1558298281106 -439257
1558298281108 -439259
1558298283581 -441732
1558298287234 -445385
1558298287235 -445386
1558298287241 -445392
1558298290020 -448171
1558298291842 -449993
1558298291844 -449995
1558298293517 -451668
1558298295454 -453605
1558298295455 -453606
1558298298104 -456255
1558298298106 -456257
1558298298107 -456258
1558298299796 -457946
1558298299797 -457947
1558298299797 -457947
1558298303412 -461562
1558298309769 -467919
1558298309770 -467920
1558298311676 -469826
1558298313305 -471455
1558298313306 -471456
1558298313307 -471457
1558298316038 -474188
1558298316139 -474289
1558298316192 -474342
1558298316235 -474385
1558298316272 -474422
1558298316304 -474454
1558298317927 -476077
1558298319677 -477827
1558298319678 -477828
1558298322314 -480464
1558298322314 -480168
1558298323045 -480899
1558298325648 -483502
1558298325727 -483581
1558298329162 -487016
1558298329163 -487017
1558298329164 -487018
1558298329166 -487020
1558298330972 -488826
1558298332615 -490469
1558298334554 -492408
1558298336041 -493895
1558298336097 -493951
1558298338667 -496521
1558298338668 -496522
1558298338669 -496523
1558298339526 -497380
1558298339526 -497380
1558298339529 -497383
1558298342137 -499991
1558298343989 -501842
1558298345916 -503769
1558298345917 -503770
1558298347838 -505690
1558298349643 -507495
1558298349645 -507497
1558298349646 -507498
1558298351516 -509368
1558298353288 -511140
1558298353289 -511141
1558298356943 -514795
1558298358578 -516430
1558298358763 -516615
1558298360577 -518429
1558298360645 -518497
1558298362524 -520376
1558298366105 -523957
1558298367963 -525815
1558298368097 -525949
1558298369612 -527463
1558298372267 -530118
1558298372268 -530119
1558298372280 -530131
1558298373792 -531643
