1558298026378 -180831
1558298031847 -186300
1558298032261 -186714
1558298086565 -241018
1558298125064 -279517
1558298159651 -314104
1558298167971 -322424
1558298167972 -322425
1558298171366 -325819
1558298176909 -331362
1558298179559 -334012
1558298179563 -334016
1558298182027 -336480
1558298182028 -336481
1558298182031 -336484
1558298184933 -339386
1558298187191 -341644
1558298191363 -345816
1558298191363 -345816
1558298198476 -352929
1558298198477 -352930
1558298203765 -358218
1558298209102 -363555
1558298210843 -365296
1558298210847 -365300
1558298216732 -371185
1558298216740 -371193
1558298218425 -372878
1558298220165 -374618
1558298220199 -374652
1558298223477 -377929
1558298223478 -377930
1558298223483 -377935
1558298225237 -379689
1558298228743 -383195
1558298228744 -383196
1558298228745 -383197
1558298232653 -387105
1558298232654 -387106
1558298235606 -390011
1558298238353 -392758
1558298239352 -393757
1558298239355 -393760
1558298241160 -395565
1558298241161 -395566
1558298246926 -401331
1558298246933 -401338
1558298252741 -407145
1558298254577 -408981
1558298254703 -409107
1558298254703 -409107
1558298254788 -409192
1558298256573 -410977
1558298258432 -412836
1558298262109 -416513
1558298263055 -417459
1558298263056 -417460
1558298265849 -420253
1558298266795 -421199
1558298268705 -423109
1558298268706 -423110
1558298270541 -424945
1558298270542 -424946
1558298272443 -426847
1558298274212 -428616
1558298274282 -428686
1558298277994 -432398
1558298277995 -432399
1558298279707 -434111
1558298287332 -441736
1558298290048 -444452
1558298290091 -444495
1558298291946 -446350
1558298293618 -448022
1558298293618 -448022
1558298293622 -448026
1558298296377 -450781
1558298296381 -450785
1558298298221 -452625
1558298299891 -454295
1558298299895 -454299
1558298301777 -456181
1558298304508 -458912
1558298304544 -458948
1558298306287 -460691
1558298306287 -460691
1558298308174 -462578
1558298308192 -462596
1558298309869 -464273
1558298309870 -464274
1558298312541 -466945
1558298312542 -466946
1558298312554 -466958
1558298314324 -468728
1558298314466 -468870
1558298316115 -470519
1558298316168 -470572
1558298319768 -474172
1558298322385 -474607
1558298324190 -476412
1558298325863 -478085
1558298327697 -479919
1558298327717 -479939
1558298329374 -481596
1558298334435 -486657
1558298336122 -488344
1558298336171 -488393
1558298336217 -488439
1558298343991 -496213
1558298344075 -496297
1558298345977 -498199
1558298346001 -498223
1558298351581 -503802
1558298353387 -505608
1558298355223 -507444
1558298357047 -509268
1558298357048 -509269
1558298360725 -512946
1558298360788 -513009
1558298363487 -515708
1558298363489 -515710
1558298367076 -519297
1558298367077 -519298
1558298367842 -520063
1558298367842 -520063
1558298368029 -520250
