1558298024782 -179626
1558298041524 -196368
1558298071354 -226198
1558298113001 -267845
1558298162307 -317151
1558298162372 -317216
1558298170121 -324965
1558298175928 -330772
1558298185448 -340292
1558298193745 -348589
1558298197150 -351994
1558298198915 -353759
1558298198916 -353760
1558298200666 -355510
1558298200666 -355510
1558298203289 -358133
1558298204997 -359841
1558298205002 -359846
1558298206814 -361658
1558298210414 -365258
1558298220669 -375510
1558298223948 -378789
1558298223949 -378790
1558298225721 -380562
1558298227283 -382124
1558298229269 -384110
1558298229272 -384113
1558298231241 -386082
1558298231244 -386085
1558298235228 -390069
1558298240975 -395816
1558298242817 -397658
1558298244635 -398769
1558298244716 -398850
1558298250561 -404695
1558298252481 -406615
1558298255326 -409460
1558298258162 -412296
1558298260981 -415115
1558298260983 -415117
1558298260984 -415118
1558298264599 -418733
1558298266531 -420665
1558298268451 -422585
1558298268452 -422586
1558298274055 -428189
1558298274056 -428190
1558298275034 -429168
1558298277759 -431893
1558298279481 -433615
1558298281124 -435258
1558298283606 -437740
1558298283606 -437740
1558298283611 -437745
1558298285535 -439669
1558298287141 -441275
1558298287142 -441276
1558298287143 -441277
1558298288993 -443127
1558298289056 -443190
1558298291766 -445900
1558298291774 -445908
1558298293433 -447567
1558298293433 -447567
1558298293436 -447570
1558298295374 -449508
1558298295378 -449512
1558298297068 -451202
1558298301535 -455669
1558298308028 -462161
1558298309725 -463858
1558298311628 -465761
1558298311629 -465762
1558298311630 -465763
1558298313273 -467406
1558298315985 -470118
1558298316045 -470178
1558298319646 -473779
1558298323147 -477280
1558298325678 -479811
1558298325764 -479897
1558298327552 -481685
1558298329304 -483437
1558298331135 -485268
1558298331136 -485269
1558298332775 -484208
1558298334469 -485902
1558298336104 -487537
1558298342159 -493592
1558298343931 -495364
1558298344015 -495448
1558298345930 -497363
1558298345954 -497387
1558298347883 -499316
1558298351560 -502993
1558298355202 -506635
1558298364438 -515870
1558298367098 -518530
1558298370805 -522237
1558298372549 -523981
1558298372550 -523982
1558298374879 -526311
1558298376403 -527835
