1558297850069 -10905
1558297853560 -14396
1558297857459 -18295
1558297867070 -27906
1558297869917 -30753
1558297872842 -33677
1558297890144 -50573
1558297890144 -50573
1558297896000 -56427
1558297900041 -60468
1558297903740 -64167
1558297908447 -68873
1558297915238 -75664
1558297917439 -77865
1558297925939 -86258
1558297930873 -91192
1558297930922 -91241
1558297938393 -98712
1558297943266 -103585
1558297951993 -112311
1558297954911 -115229
1558297957936 -118254
1558297972229 -132294
1558297978060 -138125
1558297978060 -138125
1558297978060 -138125
1558297978868 -138933
1558297980363 -140428
1558297983730 -143795
1558297990537 -150601
1558297993518 -153582
1558297995390 -155454
1558298010774 -170730
1558298014055 -174011
1558298019937 -179893
1558298022497 -182452
1558298029312 -189267
1558298033092 -192893
1558298039113 -198914
1558298039935 -199736
1558298041136 -196142
1558298050523 -210324
1558298053905 -213706
1558298055421 -215222
1558298057369 -217169
1558298059323 -219123
1558298060301 -220101
1558298061279 -221079
1558298061280 -221080
1558298062962 -217968
1558298064879 -224679
1558298067208 -227008
1558298079692 -238847
1558298081119 -236125
1558298091856 -250985
1558298101271 -260373
1558298102993 -262092
1558298103973 -263072
1558298104482 -259488
1558298108692 -260622
1558298108870 -260800
1558298113749 -265678
1558298113750 -265679
1558298115704 -267633
1558298135129 -275495
1558298145904 -276875
1558298146670 -277641
1558298147647 -278617
1558298162351 -283536
1558298171306 -326312
1558298171307 -326313
1558298176885 -331891
1558298179540 -334546
1558298179544 -334550
1558298184927 -339933
1558298184927 -339933
1558298184934 -339940
1558298189491 -344497
1558298189492 -344498
1558298191383 -346389
1558298191383 -346389
1558298193194 -348200
1558298195098 -350104
1558298196726 -351732
1558298198486 -353492
1558298200260 -355266
1558298202059 -357065
1558298202060 -357066
1558298202061 -357067
1558298203796 -358802
1558298205611 -360617
1558298205612 -360618
1558298207356 -362362
1558298207357 -362363
1558298207358 -362364
1558298215049 -370055
1558298215073 -370079
1558298215074 -370080
1558298215101 -370107
1558298218529 -373535
1558298218530 -373536
1558298218531 -373537
1558298220291 -375297
1558298221990 -376996
1558298221991 -376997
1558298225352 -380358
1558298226897 -381903
1558298226928 -381934
1558298226961 -381967
1558298228880 -383886
1558298228881 -383887
1558298228882 -383888
1558298232777 -387783
1558298232778 -387784
1558298232890 -387896
1558298236756 -391717
1558298239545 -394506
1558298239546 -394507
1558298243306 -398267
1558298245217 -400178
1558298245244 -400205
1558298245271 -400232
1558298246238 -401199
1558298247153 -402114
1558298249130 -404091
1558298249131 -404092
1558298249131 -404092
1558298251087 -406048
1558298251088 -406049
1558298252944 -407905
1558298252945 -407906
1558298252946 -407907
1558298256781 -411742
1558298256781 -411742
1558298256782 -411743
1558298260508 -415469
1558298260509 -415469
1558298260510 -415470
1558298262339 -417299
1558298262339 -417299
1558298264197 -419157
1558298264198 -419158
1558298266053 -421013
1558298266054 -421014
1558298266109 -421069
1558298267087 -422047
1558298269860 -424820
1558298269861 -424821
1558298270856 -425816
1558298272760 -427720
1558298274567 -429527
1558298274626 -429586
1558298276475 -431435
1558298278292 -433252
1558298278293 -433253
1558298278295 -433255
1558298280687 -435647
1558298280688 -435648
1558298280689 -435649
1558298282386 -437346
1558298282387 -437345
1558298286754 -441712
1558298286755 -441713
1558298286758 -441716
1558298288499 -443457
1558298288650 -443608
1558298290363 -445321
1558298290363 -445321
1558298290394 -445352
1558298290395 -445353
1558298292293 -447251
1558298294969 -449927
1558298296697 -451655
1558298296698 -451656
1558298298581 -453539
1558298300240 -455198
1558298300242 -455200
1558298303028 -457986
1558298303081 -458039
1558298304917 -459875
1558298306681 -461639
1558298306682 -461640
1558298306686 -461644
1558298306687 -461645
1558298306687 -461645
1558298312939 -467897
1558298312942 -467900
1558298314753 -469711
1558298316556 -471514
1558298316587 -471545
1558298319242 -474200
1558298319243 -474201
1558298321131 -476089
1558298322787 -477745
1558298322788 -477746
1558298322789 -477747
1558298324457 -479415
1558298324458 -479416
1558298326239 -481197
1558298326338 -481296
1558298332387 -487345
1558298332390 -487348
1558298332391 -487349
1558298332394 -487352
1558298334240 -489198
1558298335677 -490635
1558298335754 -490712
1558298335835 -490793
1558298339163 -494121
1558298339164 -494122
1558298339164 -494122
1558298339165 -494123
1558298339166 -494124
1558298345467 -500425
1558298347486 -502444
1558298347486 -502444
1558298347487 -502445
1558298349318 -504276
1558298349319 -504277
1558298354794 -509752
1558298356632 -511590
1558298358445 -513403
1558298358446 -513404
1558298360313 -515270
1558298362180 -517137
1558298362190 -517147
1558298364011 -518968
1558298365813 -520770
1558298365813 -520770
1558298365815 -520772
1558298367640 -522597
1558298367641 -522598
1558298367825 -522782
1558298369498 -524455
1558298369575 -524532
1558298369643 -524600
1558298371356 -526313
1558298371375 -526332
1558298373721 -528678
1558298376066 -530014
1558298376067 -530015
1558298379249 -533197
1558298380138 -534086
1558298381541 -535489
1558298381585 -535533
1558298383963 -537911
1558298385726 -539674
1558298385728 -539676
1558298387252 -541200
1558298387253 -541201
1558298389488 -543436
1558298389593 -543541
1558298391873 -545821
1558298391931 -545879
