1558297849608 -6970
1558297849804 -7165
1558297849804 -7165
1558297849930 -7291
1558297861937 -19298
1558297862915 -20276
1558297862915 -20276
1558297868620 -25981
1558297870576 -27937
1558297877421 -34782
1558297889182 -46392
1558297895836 -53045
1558297903656 -60864
1558297909523 -66731
1558297914241 -71448
1558297915215 -72422
1558297922078 -79285
1558297933790 -90994
1558297955140 -109783
1558297958357 -113000
1558297959104 -113747
1558297960027 -114670
1558297963903 -118546
1558297964751 -119394
1558297968804 -123447
1558297969638 -124281
1558297972568 -127211
1558297976515 -131158
1558297981409 -136052
1558297985913 -140207
1558297986480 -140774
1558297993293 -147587
1558297998802 -153096
1558298001231 -155525
1558298001231 -155525
1558298016237 -170531
1558298017215 -171509
1558298017215 -171509
1558298030221 -184514
1558298040556 -195572
1558298041773 -196789
1558298048097 -203113
1558298054488 -205756
1558298059914 -211155
1558298061867 -213108
1558298061867 -213108
1558298063101 -218116
1558298064564 -215805
1558298066055 -217296
1558298066237 -217478
1558298070665 -221906
1558298074719 -225960
1558298083105 -234346
1558298088095 -239335
1558298091105 -242345
1558298091105 -242345
1558298105538 -256556
1558298124239 -279254
1558298126073 -260188
1558298140597 -274711
1558298141114 -296129
1558298143716 -277829
1558298153651 -274269
1558298173875 -328889
1558298176768 -331782
1558298176769 -331783
1558298179431 -334445
1558298186036 -341050
1558298186037 -341051
1558298186038 -341052
1558298189379 -344393
1558298189400 -344414
1558298189401 -344415
1558298193087 -348101
1558298193123 -348137
1558298196613 -351627
1558298196615 -351629
1558298198390 -353404
1558298200126 -355140
1558298201888 -356902
1558298205420 -360434
1558298205421 -360435
1558298207194 -362208
1558298208944 -363958
1558298212427 -367441
1558298214088 -369102
1558298216642 -371656
1558298216643 -371657
1558298217561 -372575
1558298217564 -372578
1558298220080 -375094
1558298220120 -375134
1558298223385 -378399
1558298223385 -378399
1558298225155 -380169
1558298225156 -380170
1558298225157 -380171
1558298226733 -381747
1558298228627 -383641
1558298230562 -385576
1558298234564 -389578
1558298235520 -390534
1558298235521 -390535
1558298235522 -390536
1558298237380 -392394
1558298237383 -392397
1558298239249 -394263
1558298239256 -394270
1558298243036 -398050
1558298244936 -399950
1558298244936 -399950
1558298246832 -401846
1558298246833 -401847
1558298246834 -401848
1558298246844 -401858
1558298246845 -401859
1558298250764 -405778
1558298250765 -405779
1558298252654 -407668
1558298254537 -409551
1558298254538 -409552
1558298254654 -409668
1558298256494 -410373
1558298258349 -412228
1558298258349 -412228
1558298259266 -413145
1558298259268 -413147
1558298262022 -415901
1558298262023 -415902
1558298262943 -416822
1558298262946 -416825
1558298264795 -418674
1558298264866 -418745
1558298264932 -418811
1558298266722 -420601
1558298266722 -420601
1558298268611 -422490
1558298272363 -426241
1558298274144 -428022
1558298275172 -429050
1558298275178 -429056
1558298277909 -431787
1558298277910 -431788
1558298279649 -433527
1558298281225 -435103
1558298285507 -439385
1558298287238 -441115
1558298287239 -441116
1558298287240 -441117
1558298287245 -441122
1558298289958 -443835
1558298291845 -445722
1558298293518 -447395
1558298293519 -447396
1558298293520 -447397
1558298295456 -449333
1558298295457 -449334
1558298298108 -451984
1558298301794 -455670
1558298306191 -460067
1558298311687 -465563
1558298316074 -469950
1558298316123 -469999
1558298319686 -473562
1558298319687 -473563
1558298323163 -477038
1558298323164 -477039
1558298331146 -485021
1558298331148 -485023
1558298331149 -485024
1558298332780 -486655
1558298334387 -488262
1558298334556 -488431
1558298336045 -489920
1558298338671 -492546
1558298338676 -492551
1558298339534 -493409
1558298339535 -493410
1558298342136 -496011
1558298343897 -497772
1558298343982 -497857
1558298344069 -497944
1558298345890 -499765
1558298345891 -499766
1558298347836 -500600
1558298349647 -502411
1558298349650 -502414
1558298351511 -504275
1558298353287 -506051
1558298355124 -507888
1558298356951 -509715
1558298358580 -511344
1558298358767 -511531
1558298358893 -511657
1558298360682 -513446
1558298362522 -515286
1558298364306 -517070
1558298367966 -520730
1558298372437 -525200
1558298373954 -526717
1558298373955 -526718
1558298376292 -529055
1558298376293 -529056
1558298377946 -530709
1558298380214 -532977
1558298380323 -533086
1558298381773 -534536
1558298381807 -534570
1558298381808 -534571
1558298384173 -536936
1558298388227 -540990
1558298388228 -540991
1558298388232 -540995
1558298388233 -540996
1558298389757 -542520
1558298389846 -542609
1558298392014 -544777
1558298392080 -544843
1558298393748 -546511
1558298393749 -546512
1558298393749 -546512
