1558297847641 -5967
1558297848030 -2798
1558297851061 -7258
1558297852913 -7680
1558297853816 -8583
1558297854983 -13309
1558297855756 -10523
1558297860735 -19060
1558297862587 -17354
1558297867459 -22226
1558297868305 -23072
1558297869540 -25737
1558297871218 -25985
1558297872195 -26962
1558297874139 -28906
1558297875356 -31553
1558297877071 -31838
1558297878010 -36042
1558297881197 -37394
1558297887613 -45645
1558297887831 -42598
1558297889045 -42003
1558297889962 -42920
1558297890509 -48541
1558297891737 -45909
1558297892732 -45690
1558297893528 -47700
1558297893705 -46663
1558297894852 -47810
1558297898416 -52588
1558297899832 -52790
1558297900545 -53503
1558297902961 -60992
1558297903925 -61956
1558297904459 -57386
1558297904461 -57388
1558297907392 -60319
1558297909350 -62277
1558297909683 -66457
1558297910772 -67545
1558297912582 -69355
1558297912583 -69356
1558297915034 -69205
1558297917453 -70378
1558297920733 -74904
1558297921893 -74818
1558297924997 -81770
1558297926779 -79703
1558297935732 -88656
1558297935865 -90576
1558297936562 -89486
1558297938567 -93278
1558297941373 -93764
1558297943426 -98137
1558297945037 -99747
1558297946176 -98566
1558297946963 -98345
1558297949108 -101498
1558297970265 -121645
1558297971277 -125987
1558297973224 -127934
1558297976221 -127567
1558297978083 -132786
1558297981967 -136670
1558297986264 -140967
1558297987751 -139096
1558297989656 -141001
1558297991456 -146159
1558297996683 -146734
1558297997657 -147707
1558298000273 -154976
1558298000273 -154976
1558298000422 -150472
1558298001501 -156203
1558298002273 -156975
1558298003529 -153579
1558298003529 -153579
1558298003532 -153582
1558298005284 -161407
1558298005493 -155543
1558298008299 -163001
1558298008442 -159786
1558298008540 -158590
1558298010274 -166396
1558298011931 -163190
1558298026831 -176880
1558298026831 -176880
1558298037649 -188906
1558298039267 -190166
1558298040924 -192104
1558298041146 -192045
1558298044863 -196043
1558298044863 -195762
1558298046089 -197269
1558298046179 -197359
1558298046359 -197258
1558298050925 -201824
1558298052592 -203491
1558298054965 -205864
1558298055096 -204829
1558298055354 -206534
1558298056782 -207680
1558298057278 -208458
1558298059222 -210402
1558298062483 -213381
1558298062679 -212412
1558298068349 -217699
1558298070304 -219654
1558298073655 -224834
1558298073863 -223213
1558298074086 -225265
1558298079098 -228447
1558298079467 -228719
1558298083292 -232544
1558298084115 -233367
1558298085394 -234646
1558298087735 -237084
1558298087735 -237084
1558298091265 -240614
1558298091747 -241450
1558298093645 -242993
1558298095557 -244905
1558298095559 -244907
1558298099091 -248439
1558298099486 -248834
1558298100118 -249370
1558298102399 -251747
1558298103624 -253327
1558298109013 -258264
1558298109571 -258919
1558298112259 -261962
1558298112993 -262341
1558298114130 -263381
1558298115104 -264355
1558298117139 -266842
1558298120151 -269379
1558298121452 -270702
1558298122335 -271585
1558298124955 -274079
1558298125933 -275057
1558298127801 -283923
1558298131200 -280143
1558298138271 -287214
1558298139241 -288182
1558298140210 -289151
1558298141178 -290395
1558298145262 -294203
1558298147345 -284255
1558298147986 -296927
1558298148020 -297236
1558298152494 -280024
1558298154236 -281765
1558298157702 -278989
1558298158917 -286445
1558298159895 -287423
1558298160873 -288401
1558298161867 -317989
1558298172773 -328895
1558298178585 -334707
1558298178591 -334713
1558298183370 -339492
1558298185394 -341516
1558298185399 -341521
1558298189925 -346047
1558298191828 -347950
1558298195340 -351462
1558298198871 -354993
1558298198882 -355004
1558298200645 -356767
1558298203264 -359386
1558298203268 -359390
1558298206781 -362903
1558298212050 -368172
1558298212051 -368173
1558298222329 -378451
1558298225709 -381831
1558298227251 -383373
1558298227270 -383392
1558298227278 -383400
1558298233170 -389292
1558298233224 -389346
1558298235190 -391293
1558298238986 -395089
1558298240761 -396864
1558298240762 -396865
1558298242772 -398875
1558298244581 -400684
1558298246588 -402691
1558298250524 -406627
1558298252440 -408543
1558298255345 -411448
1558298258141 -414244
1558298258142 -414245
1558298259079 -415182
1558298260968 -417071
1558298264590 -420693
1558298266493 -422596
1558298266537 -422640
1558298272175 -428278
1558298272176 -428279
1558298274041 -430144
1558298275009 -431112
1558298275040 -431143
1558298285385 -441488
1558298287126 -443229
1558298289119 -445222
1558298291747 -447850
1558298293426 -449529
1558298295361 -451464
1558298295361 -451464
1558298299710 -455812
1558298311608 -467710
1558298315948 -472050
1558298319631 -475733
1558298329297 -485399
1558298329298 -485400
1558298339555 -495657
1558298342157 -498259
1558298345966 -502068
1558298347878 -503980
1558298347882 -503984
1558298351561 -507663
1558298353351 -509453
1558298357033 -513135
1558298358913 -514612
1558298364443 -520142
1558298367099 -522798
1558298376413 -532112
1558298381938 -537637
