1558297854230 -32345
1558297870401 -48514
1558297890041 -68153
1558297893500 -71612
1558297903116 -81227
1558297919061 -97172
1558297931822 -109933
1558297989714 -167728
1558298018214 -196218
1558298033305 -211299
1558298062774 -240767
1558298103832 -281823
1558298118383 -296339
1558298183616 -361467
1558298187836 -365687
1558298187837 -365687
1558298187879 -365729
1558298191996 -369846
1558298198191 -376041
1558298205164 -383013
1558298206907 -384756
1558298208654 -386503
1558298208655 -386504
1558298210474 -388323
1558298210474 -388323
1558298212128 -389977
1558298212130 -389979
1558298215708 -393556
1558298219162 -396475
1558298220825 -398138
1558298220842 -398155
1558298223196 -400509
1558298223201 -400514
1558298225694 -403007
1558298231149 -408462
1558298235138 -412440
1558298237056 -414358
1558298246539 -423840
1558298246585 -423886
1558298248531 -425832
1558298254223 -431524
1558298255227 -432528
1558298255284 -432585
1558298258947 -436248
1558298262596 -439897
1558298264479 -441780
1558298264484 -441785
1558298269920 -447221
1558298269927 -447228
1558298270918 -448219
1558298270924 -448225
1558298272813 -450114
1558298276485 -453785
1558298278292 -455592
1558298280677 -457977
1558298280678 -457978
1558298284078 -461378
1558298286869 -464169
1558298286870 -464170
1558298288729 -466029
1558298288821 -466121
1558298288913 -466213
1558298290487 -467787
1558298293162 -470462
1558298293163 -470463
1558298295039 -472339
1558298295040 -472340
1558298296745 -474045
1558298301254 -478554
1558298301256 -478556
1558298301256 -478556
1558298306661 -483961
1558298309345 -486645
1558298312900 -490200
1558298316367 -493667
1558298319941 -497241
1558298319942 -497242
1558298322525 -499785
1558298329508 -506759
1558298329509 -506760
1558298332061 -509312
1558298332062 -509313
1558298332957 -510208
1558298335484 -512735
1558298340778 -518029
1558298344296 -521546
1558298346237 -523487
1558298346239 -523489
1558298349920 -527170
1558298356292 -533542
1558298356293 -533543
1558298356294 -533544
1558298357235 -534485
1558298357236 -534486
1558298363536 -540777
1558298367114 -544354
1558298370816 -547353
