1558297980094 -137821
1558298011112 -168839
1558298025391 -183118
1558298026231 -183958
1558298042248 -199975
1558298057973 -215700
1558298058068 -215795
1558298076958 -234685
1558298170129 -327856
1558298170148 -327875
1558298172901 -330628
1558298175916 -333643
1558298181196 -338923
1558298181199 -338926
1558298183397 -341124
1558298185421 -343148
1558298187650 -345377
1558298189940 -347667
1558298191613 -349340
1558298191614 -349341
1558298193417 -351143
1558298193418 -351144
1558298193442 -351168
1558298195340 -353066
1558298197092 -354818
1558298197098 -354824
1558298197099 -354825
1558298198845 -356571
1558298198846 -356572
1558298203221 -360947
1558298204926 -362652
1558298206738 -364464
1558298206739 -364465
1558298210348 -368074
1558298213708 -371434
1558298217165 -374891
1558298217166 -374892
1558298218907 -376633
1558298218910 -376636
1558298218910 -376636
1558298220610 -378336
1558298222305 -380031
1558298222305 -380031
1558298223891 -381617
1558298223892 -381618
1558298225680 -383406
1558298225681 -383407
1558298225682 -383408
1558298227222 -384948
1558298229202 -386928
1558298229203 -386923
1558298231164 -388779
1558298231165 -388780
1558298233134 -390749
1558298235159 -392774
1558298235160 -392775
1558298236918 -394533
1558298236919 -394534
1558298238736 -396351
1558298240720 -398335
1558298240722 -398337
1558298240730 -398345
1558298242710 -400325
1558298244662 -402277
1558298244742 -402357
1558298246501 -404116
1558298246524 -404139
1558298248489 -406104
1558298248490 -406105
1558298252368 -409983
1558298252371 -409986
1558298254229 -411844
1558298254236 -411851
1558298254237 -411852
1558298255271 -412886
1558298255330 -412945
1558298255372 -412986
1558298258052 -415666
1558298258054 -415668
1558298258056 -415670
1558298259020 -416634
1558298260900 -418514
1558298264693 -422307
1558298266417 -424031
1558298266523 -424137
1558298266556 -424169
1558298268376 -425989
1558298270208 -427821
1558298270213 -427826
1558298271212 -428825
1558298271219 -428832
1558298274016 -431629
1558298274954 -432567
1558298274990 -432603
1558298279423 -437036
1558298280918 -438530
1558298285327 -442939
1558298287073 -444685
1558298289002 -446614
1558298293374 -450745
1558298293377 -450748
1558298293378 -450749
1558298296989 -454360
1558298296992 -454363
1558298299663 -457034
1558298299664 -457035
1558298299667 -457038
1558298301501 -458872
1558298301647 -459018
1558298303259 -460630
1558298303296 -460667
1558298303328 -460699
1558298303360 -460731
1558298306058 -463429
1558298306059 -463430
1558298307950 -465321
1558298309659 -467030
1558298309660 -467031
1558298311550 -468921
1558298311551 -468922
1558298313200 -470571
1558298313202 -470573
1558298315913 -473284
1558298315978 -473349
1558298317812 -475183
1558298317813 -475184
1558298317821 -475192
1558298319553 -476924
1558298319554 -476925
1558298321467 -478838
1558298321468 -478839
1558298321469 -478840
1558298323079 -480450
1558298323079 -480450
1558298323080 -480451
1558298323081 -480452
1558298323082 -480453
1558298325608 -482979
1558298325694 -483065
1558298325772 -483143
1558298327443 -484814
1558298327486 -484857
1558298329228 -486599
1558298330890 -488261
1558298330893 -488264
1558298330894 -488265
1558298332531 -489902
1558298332532 -489903
1558298335977 -493348
1558298336088 -493459
1558298336140 -493511
1558298338604 -495975
1558298338607 -495978
1558298342076 -499447
1558298343820 -501191
1558298343942 -501313
1558298347791 -505161
1558298347792 -505162
1558298347796 -505166
1558298351466 -508836
1558298351471 -508841
1558298353250 -510620
1558298353251 -510621
1558298355089 -512459
1558298355090 -512460
1558298355090 -512460
1558298355094 -512464
1558298355095 -512465
1558298356926 -514296
1558298356927 -514297
1558298356929 -514299
1558298358573 -515943
1558298360607 -517977
1558298360673 -518043
1558298360755 -518125
1558298360815 -518185
1558298362518 -519888
1558298362519 -519889
1558298364316 -521686
1558298367782 -525152
1558298367974 -525344
1558298368102 -525472
1558298368204 -525574
1558298369752 -527122
1558298372478 -529848
1558298373988 -531358
1558298373991 -531361
1558298376171 -533541
1558298378712 -536082
1558298378712 -536082
1558298380161 -537531
1558298380263 -537633
