1558297848278 -4061
1558297848333 -4116
1558297853698 -9481
1558297854676 -10459
1558297866406 -22189
1558297871171 -26954
1558297872143 -27926
1558297876048 -31831
1558297876048 -31831
1558297885823 -41606
1558297886780 -42563
1558297889709 -44418
1558297899327 -54036
1558297901275 -55984
1558297903233 -57942
1558297917872 -72580
1558297921656 -76364
1558297924665 -79373
1558297941120 -95227
1558297941998 -96104
1558297950799 -104905
1558297951775 -105881
1558297953817 -107923
1558297957922 -112028
1558297958755 -112861
1558297970190 -124296
1558297981074 -135177
1558297996432 -150534
1558297997403 -151505
1558297997663 -154634
1558298000878 -154980
1558298001557 -155659
1558298015112 -169214
1558298027268 -184239
1558298027552 -180076
1558298039194 -191717
1558298047915 -200386
1558298048876 -205847
1558298049869 -202340
1558298057700 -210171
1558298058506 -210977
1558298061442 -213912
1558298061442 -213912
1558298061443 -213913
1558298065075 -217545
1558298079034 -231504
1558298079348 -236319
1558298083230 -235700
1558298083230 -235700
1558298091162 -243631
1558298094512 -246981
1558298098868 -251337
1558298099762 -252231
1558298115875 -272846
1558298117813 -270282
1558298120590 -272593
1558298122141 -274144
1558298126608 -272626
1558298146064 -275894
1558298157571 -287396
1558298159526 -289349
1558298168324 -282474
1558298173331 -330301
1558298187905 -344875
1558298190165 -347135
1558298190185 -347155
1558298191899 -348869
1558298191939 -348909
1558298193714 -350684
1558298193738 -350708
1558298201591 -358561
1558298203447 -360417
1558298205132 -362102
1558298205162 -362132
1558298206949 -363919
1558298208694 -365664
1558298208695 -365665
1558298208712 -365682
1558298208713 -365683
1558298210519 -367488
1558298212189 -369158
1558298212190 -369159
1558298213852 -370821
1558298213853 -370822
1558298213862 -370831
1558298215589 -372558
1558298215597 -372566
1558298219001 -375970
1558298219001 -375970
1558298219110 -376079
1558298220748 -377717
1558298220761 -377730
1558298222418 -379387
1558298226530 -383499
1558298227346 -384315
1558298227346 -384315
1558298233345 -388580
1558298237001 -392236
1558298237025 -392260
1558298238858 -394092
1558298240805 -396039
1558298240826 -396060
1558298242812 -398046
1558298248559 -403793
1558298250516 -405750
1558298250531 -405765
1558298252423 -407657
1558298258101 -413331
1558298259055 -414285
1558298264559 -419789
1558298264560 -419790
1558298264687 -419917
1558298266405 -421635
1558298266462 -421692
1558298268353 -423583
1558298271184 -426414
1558298273888 -429118
1558298274900 -430130
1558298274946 -430176
1558298280865 -436095
1558298282595 -437825
1558298287011 -442241
1558298287014 -442244
1558298287015 -442245
1558298288946 -444176
1558298289015 -444245
1558298290598 -445827
1558298290661 -445890
1558298296929 -450840
1558298299600 -453510
1558298301608 -455518
1558298303198 -457108
1558298303244 -457154
1558298311462 -465372
1558298313136 -467046
1558298313137 -467047
1558298315845 -469755
1558298315910 -469820
1558298319480 -473390
1558298321383 -475293
1558298321384 -475294
1558298323010 -476920
1558298323011 -476921
1558298323013 -476923
1558298325549 -479459
1558298329149 -483059
1558298330818 -484728
1558298330819 -484729
1558298330822 -484732
1558298332466 -486376
1558298335972 -489882
1558298337816 -491726
1558298339419 -493329
1558298342025 -495935
1558298342027 -495937
1558298345740 -499650
1558298347732 -501642
1558298347733 -501643
1558298347734 -501644
1558298349551 -503461
1558298349552 -503462
1558298349553 -503463
1558298351389 -505299
1558298353190 -507100
1558298355029 -508939
1558298355030 -508940
1558298356859 -510769
1558298356859 -510769
1558298360669 -514579
1558298360748 -514658
1558298362451 -516360
1558298364235 -518144
1558298364239 -518148
1558298366052 -519961
1558298367754 -521663
1558298367939 -521848
1558298372409 -526318
1558298372410 -526319
1558298377835 -531744
1558298377836 -531745
1558298379303 -533212
