1558297844555 -36
1558297849314 -4795
1558297849345 -4826
1558297853208 -8689
1558297854124 -12010
1558297854137 -9618
1558297858046 -13526
1558297860978 -16458
1558297860978 -16458
1558297872476 -29383
1558297876454 -31934
1558297882138 -39043
1558297884074 -40979
1558297886019 -42924
1558297886228 -41708
1558297886991 -43896
1558297890713 -47617
1558297891136 -44628
1558297891684 -48588
1558297894950 -48442
1558297895828 -49320
1558297899810 -56373
1558297903353 -59915
1558297905798 -59290
1558297913063 -69624
1558297917466 -70956
1558297917939 -74500
1558297921077 -74567
1558297922650 -77574
1558297925000 -78490
1558297930627 -85550
1558297930995 -84485
1558297932419 -87341
1558297933396 -88318
1558297935611 -90533
1558297939092 -94014
1558297941158 -96080
1558297941184 -96106
1558297943401 -96890
1558297947898 -102818
1558297950824 -105265
1558297957582 -111071
1558297957702 -111191
1558297959101 -112590
1558297961962 -113869
1558297971190 -125630
1558297973147 -127587
1558297978414 -130321
1558297987260 -139166
1558297991629 -143535
1558297998767 -150673
1558297998767 -150673
1558298005610 -156050
1558298007892 -158332
1558298015908 -167612
1558298016810 -168514
1558298019717 -171421
1558298023046 -173461
1558298026590 -177361
1558298027565 -178336
1558298027566 -178337
1558298030728 -181499
1558298032430 -189784
1558298041456 -191870
1558298041456 -191870
1558298043411 -193824
1558298048296 -198709
1558298050866 -201636
1558298052739 -203509
1558298052739 -203509
1558298054069 -204839
1558298056571 -207341
1558298064426 -213802
1558298066121 -215631
1558298066818 -216328
1558298068664 -218174
1558298073968 -223343
1558298074110 -223620
1558298074520 -223895
1558298080845 -229924
1558298084937 -234016
1558298090852 -240346
1558298091613 -241107
1558298092374 -241868
1558298098595 -247674
1558298098922 -248416
1558298100276 -249770
1558298106094 -255172
1558298108825 -246936
1558298109413 -247524
1558298109413 -258907
1558298109860 -259354
1558298111350 -260844
1558298112326 -261820
1558298112327 -261821
1558298114902 -253012
1558298120436 -258546
1558298121017 -266541
1558298121833 -267357
1558298122415 -267939
1558298124063 -269587
1558298124065 -269588
1558298131176 -269284
1558298131427 -276948
1558298132244 -277765
1558298133859 -266804
1558298136242 -274349
1558298136653 -269598
1558298137222 -275329
1558298143230 -276174
1558298143853 -272126
1558298145371 -273644
1558298148386 -281329
1558298153727 -272162
1558298158571 -267817
1558298158966 -277400
1558298165479 -274724
1558298165966 -284399
1558298181823 -339177
1558298184006 -341360
1558298189359 -346713
1558298189376 -346730
1558298192918 -350272
1558298194779 -352133
1558298196611 -353965
1558298205466 -362820
1558298205478 -362831
1558298207241 -364594
1558298207242 -364595
1558298210794 -368147
1558298212487 -369840
1558298216709 -374062
1558298217638 -374991
1558298221869 -379222
1558298223475 -380828
1558298223479 -380832
1558298223480 -380833
1558298225243 -382596
1558298225244 -382597
1558298226818 -384171
1558298228763 -386116
1558298228764 -386117
1558298228765 -386118
1558298234680 -392033
1558298234714 -392067
1558298234715 -392068
1558298236647 -394000
1558298236648 -394001
1558298239218 -396571
1558298239218 -396571
1558298241232 -398585
1558298241233 -398586
1558298243179 -400532
1558298250939 -408292
1558298250940 -408293
1558298252830 -410183
1558298256682 -414035
1558298256682 -414035
1558298258526 -415879
1558298258527 -415880
1558298263180 -420425
1558298263182 -420427
1558298265970 -423215
1558298266025 -423270
1558298268835 -426080
1558298270691 -427936
1558298270693 -427938
1558298274395 -431640
1558298274460 -431705
1558298274521 -431766
1558298278157 -435402
1558298279918 -437163
1558298279925 -437170
1558298282057 -439302
1558298282058 -439300
1558298282060 -439302
1558298287435 -444677
1558298290214 -447456
1558298296569 -453811
1558298302809 -460051
1558298302809 -460051
1558298302882 -460124
1558298302956 -460198
1558298304758 -462000
1558298306509 -463751
1558298308422 -465664
1558298310065 -467306
1558298312772 -470013
1558298314593 -471834
1558298314692 -471933
1558298316464 -473705
1558298322660 -479901
1558298322669 -479910
1558298322669 -479910
1558298326083 -483324
1558298328054 -485295
1558298329677 -486918
1558298332082 -489322
1558298333934 -491170
1558298335533 -492769
1558298335632 -492868
1558298335633 -492869
1558298337405 -494641
1558298339057 -496293
1558298340913 -498149
1558298342585 -499821
1558298344477 -501713
1558298346410 -503646
1558298346413 -503649
1558298346414 -503650
1558298352822 -510058
1558298354670 -511906
1558298356501 -513737
1558298358355 -515588
1558298360253 -514825
1558298362064 -516635
1558298363871 -518442
1558298363876 -518447
1558298369402 -523973
1558298371251 -525822
1558298373612 -528183
1558298373616 -528187
1558298376621 -531192
1558298383167 -537738
1558298385561 -540132
1558298385562 -540133
