1558297846195 -3868
1558297853499 -11172
1558297863210 -20634
1558297864301 -21725
1558297865983 -23407
1558297867017 -24439
1558297877627 -35048
1558297877637 -35058
1558297878615 -36036
1558297880548 -37968
1558297887354 -44774
1558297921047 -76932
1558297921049 -76934
1558297931753 -87638
1558297932733 -88618
1558297936613 -92200
1558297940580 -96165
1558297942288 -97873
1558297943249 -98834
1558297947138 -102723
1558297948109 -103694
1558297965445 -118840
1558297967792 -121187
1558297976252 -129647
1558297981157 -134552
1558297985384 -138779
1558297986159 -139554
1558297986377 -139772
1558297994614 -148008
1558297998530 -151924
1558298002472 -155866
1558298003420 -156814
1558298005702 -162086
1558298014690 -167652
1558298022816 -175777
1558298024230 -180614
1558298035369 -188330
1558298037837 -190798
1558298041240 -194201
1558298046599 -199558
1558298046599 -199558
1558298046599 -199558
1558298054299 -203998
1558298060642 -210341
1558298060643 -210342
1558298061620 -211319
1558298085078 -234776
1558298088841 -238539
1558298093523 -249907
1558298099138 -248725
1558298111880 -268264
1558298111925 -268309
1558298122565 -257394
1558298122565 -257394
1558298128620 -263448
1558298131247 -266075
1558298143012 -269201
1558298144893 -271082
1558298147212 -273400
1558298148187 -274375
1558298150148 -276335
1558298161269 -317652
1558298165476 -282977
1558298171781 -328164
1558298178405 -334788
1558298180971 -337354
1558298183234 -339617
1558298183235 -339618
1558298183236 -339619
1558298185239 -341622
1558298187467 -343850
1558298187517 -343900
1558298187569 -343952
1558298189748 -346131
1558298189750 -346133
1558298189758 -346141
1558298189759 -346142
1558298191643 -348026
1558298193447 -349830
1558298195148 -351531
1558298195149 -351532
1558298196917 -353300
1558298196918 -353301
1558298198695 -355078
1558298198696 -355079
1558298198697 -355080
1558298200452 -356835
1558298200453 -356836
1558298200454 -356837
1558298202251 -358634
1558298202252 -358635
1558298202253 -358636
1558298203966 -360349
1558298203975 -360358
1558298206557 -362940
1558298206558 -362941
1558298208293 -364676
1558298208294 -364677
1558298208295 -364678
1558298210154 -366537
1558298210154 -366537
1558298213511 -369894
1558298215208 -371591
1558298215215 -371598
1558298216954 -373337
1558298218674 -375057
1558298220384 -375909
1558298220411 -375936
1558298222105 -377630
1558298225502 -381027
1558298225506 -381031
1558298227046 -382571
1558298227093 -382618
1558298228994 -384519
1558298230927 -386452
1558298232837 -388362
1558298232952 -388477
1558298234934 -390459
1558298236860 -392385
1558298236861 -392386
1558298238672 -394197
1558298239428 -394953
1558298242408 -397933
1558298243346 -398871
1558298243475 -399000
1558298245255 -400780
1558298245288 -400813
1558298247202 -402727
1558298247203 -402728
1558298250134 -405659
1558298250135 -405660
1558298253002 -408527
1558298254880 -410405
1558298254942 -410466
1558298258677 -414201
1558298258678 -414202
1558298258682 -414206
1558298260534 -416058
1558298262358 -417882
1558298262359 -417883
1558298264206 -419730
1558298266059 -421583
1558298267091 -422615
1558298270839 -426363
1558298270840 -426364
1558298272744 -428267
1558298274536 -429299
1558298274594 -429357
1558298278259 -433022
1558298278260 -433023
1558298278261 -433024
1558298283898 -438661
1558298283899 -438662
1558298285899 -440662
1558298288476 -443239
1558298290287 -445050
1558298290288 -445051
1558298294874 -449637
1558298294880 -449643
1558298294881 -449644
1558298296617 -451380
1558298296618 -451381
1558298296619 -451382
1558298298482 -453245
1558298298482 -453245
1558298300130 -454893
1558298300131 -454894
1558298300132 -454895
1558298302811 -457574
1558298304799 -459562
1558298304804 -459567
1558298306541 -461304
1558298306553 -461316
1558298308440 -463203
1558298308448 -463211
1558298308449 -463212
1558298310074 -464837
1558298312776 -467539
1558298314591 -469354
1558298314687 -469450
1558298316415 -471178
1558298316452 -471215
1558298319080 -473843
1558298319086 -473849
1558298320971 -475734
1558298322637 -477400
1558298324371 -479134
1558298324551 -479314
1558298326050 -480813
1558298327989 -482751
1558298327990 -482752
1558298327998 -482760
1558298329637 -484399
1558298332187 -486949
1558298332188 -486950
1558298332189 -486951
1558298332932 -487694
1558298335548 -490310
1558298337297 -492059
1558298337297 -492059
1558298337325 -492087
1558298337325 -492087
1558298337326 -492088
1558298338966 -493728
1558298338967 -493729
1558298338968 -493730
1558298338968 -493730
1558298338969 -493731
1558298338970 -493732
1558298340785 -495547
1558298342373 -497135
1558298344277 -499039
1558298346275 -501037
1558298346276 -501038
1558298346279 -501041
1558298349069 -503831
1558298349070 -503832
1558298349954 -504716
1558298353616 -508378
1558298356338 -511100
1558298357284 -512046
1558298359968 -514730
1558298360063 -514825
1558298360064 -514826
1558298361000 -515762
1558298361014 -514808
1558298363724 -517518
1558298364652 -518446
1558298364653 -518447
1558298364654 -518448
1558298367358 -521152
1558298367358 -521152
1558298368285 -522079
1558298368286 -522080
1558298369291 -523085
1558298373456 -527250
1558298375141 -528935
1558298375142 -528936
1558298375143 -528937
1558298375144 -528938
1558298378680 -532473
1558298378865 -532658
