1558297843508 -1816
1558297845473 -3781
1558297845773 -20857
1558297847560 -22644
1558297848521 -23605
1558297851550 -7943
1558297853222 -11529
1558297854264 -29344
1558297856195 -31275
1558297859263 -15655
1558297861229 -17621
1558297863153 -19545
1558297866062 -22454
1558297867090 -23482
1558297867784 -42864
1558297867840 -24232
1558297871727 -28119
1558297873432 -48511
1558297875615 -32007
1558297886936 -62011
1558297891764 -66838
1558297892944 -48271
1558297895597 -53846
1558297897811 -53138
1558297899704 -57953
1558297903633 -58960
1558297905774 -61101
1558297906171 -81236
1558297908214 -66459
1558297910380 -68625
1558297910380 -68625
1558297916143 -71470
1558297918201 -73527
1558297922993 -78319
1558297923790 -98838
1558297924456 -99503
1558297924957 -80283
1558297926207 -101254
1558297928860 -83962
1558297928865 -83967
1558297931962 -90414
1558297933737 -88839
1558297934277 -92513
1558297940462 -98698
1558297940462 -98698
1558297940542 -98778
1558297940649 -95750
1558297945481 -120519
1558297945833 -103942
1558297948233 -103334
1558297948234 -103335
1558297949224 -124261
1558297950190 -105291
1558297954519 -112627
1558297955025 -130060
1558297957656 -112757
1558297957882 -115990
1558297961925 -117025
1558297963691 -138721
1558297966447 -141477
1558297972254 -147283
1558297973201 -148229
1558297973493 -127266
1558297980369 -155396
1558297982855 -157882
1558297985318 -143424
1558297986134 -161158
1558297986667 -140440
1558297993859 -147632
1558297994997 -153038
1558297997179 -172200
1558297998749 -152522
1558298001188 -159229
1558298001188 -154960
1558298001992 -160033
1558298004907 -179807
1558298007848 -165889
1558298008661 -162250
1558298008887 -183785
1558298009505 -163094
1558298011501 -186397
1558298012329 -170370
1558298014781 -168370
1558298017181 -175222
1558298019813 -194693
1558298023986 -182026
1558298030148 -205016
1558298038740 -213603
1558298039419 -197459
1558298040315 -215177
1558298043254 -201294
1558298045483 -220193
1558298046502 -198913
1558298048106 -206146
1558298054863 -212903
1558298054863 -229571
1558298055714 -213754
1558298060578 -218494
1558298062522 -220438
1558298062798 -215199
1558298067039 -219243
1558298067251 -241948
1558298067685 -219889
1558298068155 -242851
1558298069644 -221848
1558298070089 -244784
1558298071051 -245745
1558298072772 -247466
1558298072958 -247652
1558298072958 -247652
1558298078775 -253461
1558298087307 -261813
1558298088592 -246507
1558298090360 -242563
1558298094069 -268572
1558298094897 -246399
1558298095032 -269534
1558298096965 -271466
1558298100496 -274995
1558298101785 -253287
1558298102771 -277250
1558298103972 -261886
1558298104685 -256187
1558298115263 -266765
1558298116240 -267741
1558298118550 -276337
1558298125350 -283137
1558298131857 -283144
1558298135676 -286963
1558298137636 -288922
1558298138402 -307651
1558298138402 -307651
1558298142637 -311885
1558298145422 -314668
1558298154408 -311764
1558298157988 -309273
1558298165453 -316738
1558298166054 -317339
1558298167758 -318940
1558298171058 -329397
1558298176667 -335006
1558298179317 -337656
1558298179320 -337659
1558298183957 -342296
1558298191200 -349539
1558298191204 -349543
1558298193025 -351364
1558298198450 -356789
1558298202040 -360379
1558298203787 -362126
1558298205554 -363893
1558298205568 -363907
1558298209068 -367407
1558298209105 -367444
1558298210851 -369190
1558298213304 -371643
1558298214049 -372388
1558298214051 -372390
1558298215825 -374164
1558298215825 -374164
1558298220028 -378367
1558298220070 -378409
1558298223334 -381670
1558298226667 -385003
1558298226712 -385048
1558298230511 -388847
1558298230511 -388847
1558298230512 -388848
1558298230513 -388849
1558298231526 -389862
1558298235470 -393806
1558298237335 -395671
1558298245023 -403359
1558298245024 -403360
1558298245111 -403447
1558298245153 -403489
1558298246935 -405271
1558298246943 -405279
1558298248929 -407265
1558298248931 -407267
1558298250858 -409194
1558298254578 -412914
1558298254707 -413039
1558298258295 -416510
1558298264793 -422934
1558298266647 -424788
1558298268559 -426700
1558298268562 -426703
1558298270374 -428515
1558298270375 -428516
1558298272292 -430433
1558298274079 -432220
1558298279572 -437713
1558298281182 -439323
1558298281183 -439324
1558298285618 -443759
1558298285620 -443761
1558298285621 -443762
1558298291961 -450102
1558298291962 -450103
1558298298228 -456369
1558298298231 -456372
1558298299899 -458040
1558298299903 -458044
1558298301882 -460023
1558298304526 -462667
1558298309730 -467871
1558298311632 -469773
1558298316041 -474182
1558298321509 -479650
1558298323112 -481253
1558298329264 -487405
1558298331080 -489221
1558298331082 -489223
1558298335412 -493553
