1558297844661 -2827
1558297844661 -3000
1558297847568 -5469
1558297848272 -3737
1558297848478 -3943
1558297848478 -3943
1558297848903 -4368
1558297850035 -8184
1558297853276 -11177
1558297853559 -9024
1558297856173 -14072
1558297857443 -12908
1558297857472 -15620
1558297858465 -16613
1558297860346 -18494
1558297865726 -23963
1558297867631 -25868
1558297868910 -26977
1558297873526 -31730
1558297875505 -32393
1558297875629 -33696
1558297881497 -39563
1558297881629 -37093
1558297881667 -37131
1558297882558 -38022
1558297883414 -41617
1558297884484 -39948
1558297886248 -44256
1558297887214 -45222
1558297888639 -46842
1558297894397 -52599
1558297895752 -53759
1558297897272 -55474
1558297900232 -58434
1558297901110 -59312
1558297901824 -57073
1558297904127 -62219
1558297907312 -63886
1558297910722 -65970
1558297911200 -67774
1558297913143 -69717
1558297916235 -71483
1558297919158 -74406
1558297919821 -74721
1558297919909 -78000
1558297922077 -77325
1558297923033 -78281
1558297924102 -79002
1558297924245 -79493
1558297926929 -82177
1558297927610 -85105
1558297930498 -87993
1558297933501 -88399
1558297935184 -93238
1558297935903 -91149
1558297936648 -94702
1558297941436 -96682
1558297942341 -97587
1558297943115 -98011
1558297943311 -98557
1558297947732 -105226
1558297948154 -103400
1558297948701 -106195
1558297951325 -109378
1558297953015 -110364
1558297954347 -112400
1558297954855 -109334
1558297955295 -112644
1558297958877 -113356
1558297959835 -115081
1558297961196 -119248
1558297965449 -119928
1558297965911 -122820
1558297968774 -123252
1558297971711 -128620
1558297972677 -129586
1558297976121 -134112
1558297976146 -134137
1558297978471 -135380
1558297981159 -135637
1558297983050 -137528
1558297983854 -141845
1558297987162 -141640
1558297987731 -145722
1558297987765 -141309
1558297987955 -142433
1558297989897 -146805
1558297992159 -145703
1558297993583 -147127
1558297995376 -153366
1558298000375 -153918
1558298001132 -159122
1558298004035 -162024
1558298004197 -157740
1558298004402 -156031
1558298008436 -161979
1558298009288 -160917
1558298013952 -171717
1558298014102 -167642
1558298016020 -167649
1558298016033 -167662
1558298017933 -169562
1558298021660 -175200
1558298025175 -182938
1558298025468 -181929
1558298026427 -182888
1558298031426 -184966
1558298032217 -188678
1558298034853 -192396
1558298036541 -188170
1558298038312 -194773
1558298039699 -197241
1558298039936 -196397
1558298041871 -198331
1558298042205 -192989
1558298047445 -204987
1558298049562 -203102
1558298050029 -200812
1558298050534 -204074
1558298054700 -209445
1558298058369 -215388
1558298058901 -216437
1558298060091 -213587
1558298060093 -213589
1558298060844 -218380
1558298061812 -219348
1558298062953 -217698
1558298064621 -219366
1558298064621 -219366
1558298066803 -224338
1558298067633 -225168
1558298068841 -222337
1558298070783 -224279
1558298072676 -227421
1558298073390 -230925
1558298077258 -226625
1558298079208 -228575
1558298082995 -240529
1558298083164 -240698
1558298083164 -232531
1558298084484 -242018
1558298085052 -234419
1558298085875 -243409
1558298086190 -240173
1558298092402 -245898
1558298093746 -243112
1558298094771 -248752
1558298095551 -234724
1558298096516 -235689
1558298098792 -248158
1558298102550 -256531
1558298102550 -256531
1558298104481 -257615
1558298108107 -247279
1558298108318 -262299
1558298112102 -266082
1558298112102 -266082
1558298112266 -265400
1558298120231 -265016
1558298120446 -273580
1558298120447 -273581
1558298122477 -275849
1558298132125 -266165
1558298134447 -268487
1558298134447 -268487
1558298137371 -288274
1558298139158 -292529
1558298140289 -291192
1558298140765 -266918
1558298143557 -296928
1558298144299 -278338
1558298144878 -263295
1558298145307 -298678
1558298147137 -298040
1558298148109 -299011
1558298149931 -306950
1558298150015 -307034
1558298155835 -281166
1558298156253 -274669
1558298160125 -266806
1558298160588 -311490
1558298162533 -313435
1558298162629 -319648
1558298164699 -318070
1558298166416 -317318
1558298172949 -329967
1558298172972 -329990
1558298181241 -338259
1558298181244 -338262
1558298183424 -340442
1558298191890 -348908
1558298191891 -348909
1558298195358 -352376
1558298195368 -352386
1558298198880 -355898
1558298200641 -357659
1558298203249 -360267
1558298206757 -363775
1558298212026 -369044
1558298213686 -370704
1558298213686 -370704
1558298215417 -372435
1558298215426 -372444
1558298218883 -375900
1558298218884 -375901
1558298220582 -377599
1558298223857 -380874
1558298225645 -382662
1558298227195 -384212
1558298229151 -386168
1558298231102 -388119
1558298231106 -388123
1558298233053 -390070
1558298238802 -395819
1558298240626 -397643
1558298242603 -399620
1558298242604 -399621
1558298243433 -400450
1558298244508 -401525
1558298244567 -401584
1558298244568 -401585
1558298246355 -403372
1558298246396 -403413
1558298246437 -403454
1558298247396 -404413
1558298250317 -407334
1558298254110 -411127
1558298257012 -414029
1558298258837 -415854
1558298260721 -417738
1558298260721 -417738
1558298262506 -419523
1558298264395 -421411
1558298266256 -423272
1558298266295 -423311
1558298268176 -425192
1558298268177 -425193
1558298269998 -427014
1558298269998 -427014
1558298271005 -428021
1558298272889 -429905
1558298272890 -429906
1558298272891 -429907
1558298272892 -429908
1558298274693 -431709
1558298278409 -435425
1558298280811 -437827
1558298282559 -439575
1558298284045 -441061
1558298284046 -441062
1558298284050 -441066
1558298286846 -443862
1558298288830 -445846
1558298295029 -452045
1558298295030 -452046
1558298296742 -453758
1558298298642 -455658
1558298298643 -455659
1558298298656 -455672
1558298298657 -455673
1558298301259 -458275
1558298301261 -458277
1558298303027 -460043
1558298306689 -462548
1558298309369 -465228
1558298314867 -470726
1558298316560 -472419
1558298319228 -475087
1558298321117 -476976
1558298322758 -478617
1558298322759 -478618
1558298324444 -480303
1558298324616 -480475
1558298326181 -482040
1558298330666 -486525
1558298334034 -489892
1558298337487 -493345
1558298337510 -493368
1558298339107 -494965
1558298340975 -496833
1558298342609 -498467
1558298344469 -500327
1558298345417 -501275
1558298345454 -501312
1558298346457 -502315
1558298350130 -505988
1558298354694 -510552
1558298356516 -512374
1558298362056 -517914
1558298363889 -519747
1558298367544 -523402
1558298369610 -525468
1558298371233 -527091
1558298373626 -529484
