1558297843345 -439
1558297844798 -2772
1558297848219 -5313
1558297849587 -5223
1558297849969 -5091
1558297852072 -7707
1558297852543 -10517
1558297852923 -8558
1558297853817 -9452
1558297854174 -9296
1558297855202 -10324
1558297857694 -13329
1558297858084 -13206
1558297858084 -13206
1558297865817 -23790
1558297866684 -22319
1558297869712 -27685
1558297871140 -26774
1558297871617 -29590
1558297873083 -28717
1558297873096 -28730
1558297874540 -29662
1558297876958 -32592
1558297876958 -32592
1558297878497 -33619
1558297879344 -37317
1558297879345 -37317
1558297882361 -37483
1558297885407 -40529
1558297885805 -42262
1558297887730 -44187
1558297888704 -43444
1558297891489 -47946
1558297891489 -47946
1558297891775 -48585
1558297895408 -51865
1558297897277 -53734
1558297899219 -55675
1558297900783 -55875
1558297905788 -60880
1558297907625 -62716
1558297907878 -62617
1558297911775 -66514
1558297911870 -66878
1558297913660 -68668
1558297913726 -68465
1558297922359 -77098
1558297922359 -77098
1558297923893 -80571
1558297926265 -81003
1558297929310 -84318
1558297930467 -84462
1558297932436 -89114
1558297934200 -89208
1558297935399 -89394
1558297936035 -91125
1558297940336 -94330
1558297940336 -95112
1558297943719 -101538
1558297943817 -98824
1558297945570 -100660
1558297946417 -101507
1558297955733 -110509
1558297956390 -110384
1558297961083 -114869
1558297962780 -117555
1558297963577 -118352
1558297963675 -118450
1558297965170 -119510
1558297966329 -121104
1558297967907 -122682
1558297971041 -125381
1558297972019 -126359
1558297975229 -129014
1558297975995 -129362
1558297980349 -134972
1558297980656 -134440
1558297983328 -141147
1558297983755 -138094
1558297985351 -139974
1558297986217 -140840
1558297986912 -141535
1558297988128 -141912
1558297988666 -143289
1558297991777 -145559
1558297993996 -147778
1558297994349 -148688
1558297997102 -150469
1558297997103 -150470
1558297998082 -151449
1558298000787 -154569
1558298001285 -155067
1558298001367 -155149
1558298004313 -158931
1558298004745 -157619
1558298006978 -159675
1558298006978 -158731
1558298008783 -161657
1558298009802 -162498
1558298010817 -162570
1558298012407 -165281
1558298012531 -170350
1558298015167 -169783
1558298018273 -171146
1558298020987 -172740
1558298025270 -177966
1558298025480 -177233
1558298026648 -178074
1558298029108 -181804
1558298029108 -180534
1558298029736 -182600
1558298029736 -181489
1558298030100 -181526
1558298030721 -182147
1558298031956 -184820
1558298039612 -192476
1558298040589 -193453
1558298041562 -194425
1558298045396 -196140
1558298047041 -197785
1558298047440 -200302
1558298048015 -199441
1558298048578 -200630
1558298052533 -203959
1558298052533 -203959
1558298053096 -203840
1558298053096 -205148
1558298055268 -207014
1558298057629 -209054
1558298062339 -213082
1558298066470 -217213
1558298067254 -217997
1558298067415 -218431
1558298068905 -220932
1558298069759 -221504
1558298073754 -224770
1558298076210 -227226
1558298076718 -228745
1558298076718 -228745
1558298079141 -230157
1558298079647 -231673
1558298079647 -231673
1558298083429 -232808
1558298084055 -236081
1558298086213 -237957
1558298086612 -235991
1558298087309 -239335
1558298087588 -236967
1558298090723 -242467
1558298091605 -243331
1558298091605 -240984
1558298092846 -242225
1558298099834 -249213
1558298100509 -252235
1558298100509 -249380
1558298100596 -249695
1558298108043 -257142
1558298108043 -257142
1558298112864 -261958
1558298115005 -261429
1558298115982 -262406
1558298117336 -269062
1558298121913 -261297
1558298124786 -260598
1558298125765 -261577
1558298128185 -262345
1558298130982 -265141
1558298135910 -270069
1558298138318 -274128
1558298138318 -274128
1558298139763 -265657
1558298140733 -266627
1558298144104 -269997
1558298144341 -277486
1558298145176 -271069
1558298146032 -279177
1558298148095 -271233
1558298153090 -271157
1558298154098 -276006
1558298156136 -283523
1558298157712 -280849
1558298158103 -285490
1558298159077 -286464
1558298159190 -277256
1558298161144 -279210
1558298165692 -287599
1558298165874 -279763
1558298166139 -293525
1558298167861 -295246
1558298172905 -330723
1558298181213 -339031
1558298183401 -341219
1558298189953 -347771
1558298191847 -349665
1558298195544 -353358
1558298197279 -355093
1558298199833 -357647
1558298199834 -357648
1558298203390 -361204
1558298205075 -362889
1558298205077 -362891
1558298205078 -362892
1558298205079 -362893
1558298205085 -362899
1558298206876 -364690
1558298210472 -368286
1558298210473 -368287
1558298212140 -369954
1558298212143 -369957
1558298212143 -369957
1558298213816 -371630
1558298213817 -371631
1558298215412 -373226
1558298217121 -374934
1558298217131 -374944
1558298218852 -376665
1558298218863 -376676
1558298218864 -376677
1558298220556 -378369
1558298222257 -380070
1558298222258 -380071
1558298222259 -380072
1558298222266 -380079
1558298223849 -381662
1558298225630 -383443
1558298225631 -383444
1558298225635 -383448
1558298225635 -383448
1558298227180 -384993
1558298229140 -386953
1558298229145 -386958
1558298229146 -386959
1558298233115 -390928
1558298233172 -390985
1558298235082 -392895
1558298235094 -392907
1558298236979 -394792
1558298238792 -396605
1558298238804 -396616
1558298240765 -398577
1558298240780 -398592
1558298240781 -398593
1558298242758 -400570
1558298242762 -400574
1558298244690 -402502
1558298244764 -402576
1558298244821 -402633
1558298244882 -402694
1558298246521 -404333
1558298248514 -406326
1558298248515 -406327
1558298250467 -408279
1558298252389 -409887
1558298254246 -411744
1558298254257 -411755
1558298255297 -412795
1558298258072 -415570
1558298258080 -415578
1558298258849 -416347
1558298258853 -416351
1558298260735 -418233
1558298260736 -418234
1558298260737 -418235
1558298262536 -420034
1558298264416 -421914
1558298266241 -423739
1558298268209 -425707
1558298270046 -427544
1558298271049 -428547
1558298271050 -428548
1558298272943 -430440
1558298272944 -430441
1558298274774 -432271
1558298274816 -432313
1558298274848 -432345
1558298276665 -434162
1558298279263 -436760
1558298279264 -436761
1558298279265 -436762
1558298280922 -438419
1558298280930 -438427
1558298282659 -440156
1558298282659 -440156
1558298282660 -440157
1558298282668 -440165
1558298285348 -442845
1558298287095 -444592
1558298287097 -444594
1558298289025 -446522
1558298289091 -446588
1558298291710 -449207
1558298293396 -450893
1558298293397 -450894
1558298293398 -450895
1558298297016 -454513
1558298297016 -454513
1558298299680 -457177
1558298299680 -457176
1558298306073 -463569
1558298306815 -464311
1558298313073 -470569
1558298315853 -473349
1558298315917 -473413
1558298316039 -473535
1558298317684 -475180
1558298322949 -480445
1558298325613 -483108
1558298325699 -483194
1558298326392 -483887
1558298326435 -483930
1558298329091 -486586
1558298330906 -488401
1558298330907 -488402
1558298330908 -488403
1558298332544 -490039
1558298332544 -490039
1558298332545 -490040
1558298334348 -491843
1558298334349 -491844
1558298334529 -492024
1558298335994 -493489
1558298338619 -496114
1558298338622 -496117
1558298339499 -496994
1558298345923 -503418
1558298347813 -505308
1558298347814 -505309
1558298347815 -505310
1558298349629 -507122
1558298351497 -508981
1558298353115 -510599
1558298354968 -512451
1558298356814 -514297
1558298358522 -516005
1558298364168 -521651
1558298365975 -523458
1558298365976 -523459
1558298367904 -525387
1558298372316 -529799
1558298373853 -531336
1558298373854 -531337
1558298376202 -533685
1558298376204 -533687
1558298378724 -536206
1558298380229 -537711
1558298381875 -538416
1558298381876 -538417
