1558297848558 -4220
1558297850728 -6390
1558297863324 -18986
1558297868021 -23683
1558297871918 -27580
1558297875797 -31459
1558297884526 -40188
1558297887452 -43114
1558297892185 -47231
1558297904770 -59816
1558297906713 -61759
1558297906713 -61759
1558297916263 -71309
1558297940733 -95751
1558297940857 -95875
1558297954046 -109062
1558297954783 -111868
1558297971310 -126326
1558297973255 -128271
1558297973543 -130628
1558297976247 -131263
1558297983950 -138966
1558297986471 -141487
1558297994484 -148347
1558298015009 -168869
1558298031352 -185211
1558298032202 -186061
1558298033994 -187853
1558298038219 -192076
1558298062957 -216798
1558298066103 -219944
1558298074081 -227922
1558298076569 -230410
1558298083974 -237815
1558298086908 -243993
1558298103611 -257451
1558298105373 -262458
1558298105521 -262606
1558298108866 -262706
1558298125400 -282485
1558298132746 -285596
1558298148943 -301750
1558298154043 -306850
1558298156555 -309362
1558298156555 -309362
1558298162386 -315193
1558298165464 -318271
1558298171473 -328557
1558298171473 -328557
1558298171479 -328563
1558298171480 -328564
1558298174146 -331230
1558298177034 -334118
1558298183013 -340097
1558298185038 -342122
1558298189582 -346666
1558298195030 -352114
1558298195031 -352115
1558298195033 -352117
1558298196808 -353892
1558298198588 -355672
1558298200348 -357432
1558298200348 -357432
1558298203905 -360989
1558298203906 -360990
1558298203923 -361007
1558298205721 -362805
1558298205723 -362807
1558298207433 -364517
1558298211760 -368844
1558298213440 -370524
1558298215160 -372244
1558298215161 -372245
1558298216894 -373978
1558298216895 -373979
1558298218614 -375698
1558298218615 -375699
1558298220335 -377419
1558298220349 -377433
1558298223655 -380739
1558298223657 -380741
1558298225463 -382547
1558298225463 -382547
1558298225464 -382548
1558298225465 -382549
1558298228965 -386049
1558298232830 -389914
1558298236844 -393928
1558298238456 -395540
1558298242411 -399495
1558298242411 -399494
1558298243480 -400563
1558298244531 -401614
1558298245270 -402353
1558298246237 -403320
1558298247245 -404328
1558298250175 -407258
1558298251163 -408246
1558298253047 -410130
1558298253047 -410130
1558298254919 -412002
1558298256888 -413971
1558298256896 -413979
1558298258745 -415828
1558298258746 -415829
1558298260608 -417691
1558298260609 -417692
1558298262430 -419513
1558298262431 -419514
1558298264304 -421387
1558298264305 -421388
1558298264310 -421393
1558298264311 -421394
1558298267197 -424280
1558298267201 -424284
1558298269957 -427040
1558298269958 -427041
1558298269960 -427043
1558298269961 -427044
1558298270975 -428058
1558298274645 -431728
1558298274684 -431767
1558298274736 -431819
1558298278388 -435471
1558298278390 -435471
1558298282305 -437409
1558298282305 -437409
1558298282305 -437409
1558298282305 -437409
1558298284052 -439156
1558298284053 -439157
1558298288699 -443803
1558298288786 -443890
1558298288882 -443986
1558298290447 -445551
1558298293166 -448270
1558298293169 -448273
1558298295059 -450163
1558298295060 -450164
1558298296770 -451874
1558298298684 -453788
1558298301309 -456413
1558298303020 -458124
1558298303075 -458179
1558298303113 -458217
1558298304994 -460098
1558298305000 -460104
1558298306736 -461840
1558298309428 -464532
1558298309430 -464534
1558298311286 -466390
1558298311289 -466393
1558298316646 -471750
1558298316669 -471773
1558298317627 -472731
1558298319307 -474411
1558298319307 -474411
1558298319310 -474414
1558298321207 -476311
1558298321208 -476312
1558298321212 -476316
1558298322863 -477967
1558298322867 -477971
1558298324645 -479749
1558298326302 -481406
1558298326347 -481451
1558298329015 -484119
1558298334149 -489253
1558298335813 -490917
1558298335888 -490991
1558298337651 -492754
1558298339257 -494360
1558298339258 -494361
1558298341871 -496974
1558298341873 -496976
1558298342769 -497872
1558298345553 -500656
1558298345598 -500701
1558298347559 -502662
1558298347560 -502663
1558298349391 -504494
1558298349392 -504495
1558298351225 -506328
1558298351230 -506333
1558298353043 -508146
1558298354884 -509987
1558298358481 -513584
1558298358670 -513773
1558298360376 -515479
1558298364091 -519194
1558298365877 -520980
1558298365878 -520981
1558298365879 -520982
1558298367669 -522772
1558298369504 -524607
1558298369583 -524657
1558298372228 -527302
1558298372252 -527326
1558298373773 -528847
