1558297994847 -151383
1558298022113 -178649
1558298086105 -242641
1558298124873 -281409
1558298159506 -316042
1558298159507 -316043
1558298171321 -327857
1558298171327 -327863
1558298176882 -333418
1558298179531 -336067
1558298184903 -341439
1558298184904 -341440
1558298184905 -341441
1558298187166 -343702
1558298189466 -346002
1558298191352 -347888
1558298193150 -349686
1558298193183 -349719
1558298196688 -353224
1558298198484 -355019
1558298200225 -356760
1558298202018 -358553
1558298203727 -360262
1558298205530 -362065
1558298207289 -363824
1558298209053 -365588
1558298209095 -365630
1558298210828 -367363
1558298213288 -369612
1558298213289 -369613
1558298214174 -370498
1558298216726 -373050
1558298218414 -374738
1558298218420 -374069
1558298220161 -375810
1558298220233 -375882
1558298221885 -377534
1558298223469 -379118
1558298223477 -379126
1558298226775 -382424
1558298228746 -384395
1558298228746 -384395
1558298228749 -384398
1558298232659 -388308
1558298232660 -388309
1558298235610 -391259
1558298235613 -391262
1558298241169 -396818
1558298243121 -398770
1558298245049 -400698
1558298245093 -400742
1558298245094 -400743
1558298246937 -402586
1558298246946 -402595
1558298248933 -404582
1558298248933 -404582
1558298250860 -406509
1558298252755 -408404
1558298258442 -414091
1558298260286 -415935
1558298264917 -420565
1558298268715 -424363
1558298268716 -424364
1558298270552 -426200
1558298270553 -426201
1558298274238 -429886
1558298279727 -435375
1558298283668 -439316
1558298283669 -439317
1558298287347 -442995
1558298291975 -446708
1558298291976 -446709
1558298291979 -446712
1558298296410 -451143
1558298296411 -451144
1558298301849 -456582
1558298304554 -459287
1558298304570 -459303
1558298309890 -464623
1558298312577 -467310
1558298318083 -472815
1558298318084 -472816
1558298319810 -474542
1558298319811 -474543
1558298322432 -477164
1558298322438 -477170
1558298322439 -477171
1558298324238 -478970
1558298327751 -482483
1558298329413 -484145
1558298332745 -487477
1558298332746 -487478
1558298332747 -487479
1558298332748 -487480
1558298335340 -490072
1558298336161 -490893
1558298336211 -490943
1558298336257 -490989
1558298338765 -493497
1558298340567 -495299
1558298344123 -498855
1558298347957 -502689
1558298351628 -506360
1558298355259 -509991
1558298355260 -509992
1558298357094 -511826
1558298358896 -513628
1558298359956 -514688
1558298360792 -515524
1558298360841 -514853
1558298363536 -517547
1558298364475 -518486
1558298367131 -521142
1558298367133 -521144
1558298368050 -522061
1558298370807 -524818
1558298370849 -524860
1558298372588 -526599
1558298374919 -528930
1558298378773 -532784
