1558297851554 -4842
1558297858304 -11590
1558297858304 -11590
1558297859284 -12570
1558297875722 -28980
1558297877678 -30936
1558297879625 -32883
1558297880607 -33865
1558297887441 -40698
1558297901943 -55199
1558297901943 -55199
1558297904876 -58132
1558297912691 -63937
1558297934046 -85290
1558297941716 -92959
1558297945730 -96973
1558297957789 -108017
1558297958600 -108828
1558297971000 -127991
1558297976768 -126994
1558297988476 -138701
1558297989291 -139516
1558297994183 -144407
1558298006866 -157089
1558298010809 -161032
1558298010811 -161034
1558298019604 -169726
1558298019604 -169726
1558298030580 -180701
1558298042750 -192870
1558298048626 -198745
1558298078763 -228861
1558298080719 -230817
1558298082710 -232808
1558298085576 -235674
1558298096965 -253956
1558298102065 -252162
1558298102065 -252162
1558298108927 -259024
1558298114615 -264712
1558298122047 -272143
1558298142934 -286426
1558298148678 -280600
1558298149651 -281573
1558298157320 -289241
1558298159275 -291195
1558298160253 -292173
1558298166599 -323590
1558298181468 -336677
1558298183629 -338838
1558298191892 -347097
1558298191919 -347124
1558298193698 -348903
1558298197305 -352510
1558298197306 -352511
1558298197335 -352540
1558298199873 -355078
1558298199894 -355099
1558298199895 -355100
1558298201592 -356797
1558298201625 -356830
1558298201627 -356832
1558298205113 -360318
1558298206905 -362110
1558298206918 -362123
1558298210509 -365714
1558298210510 -365715
1558298212179 -367384
1558298215583 -370788
1558298217303 -372508
1558298220749 -375954
1558298222420 -377625
1558298224002 -379207
1558298227330 -382535
1558298229311 -384516
1558298229316 -384521
1558298233231 -388436
1558298233292 -388497
1558298235266 -389206
1558298242834 -396774
1558298244666 -398606
1558298250579 -404519
1558298254367 -408307
1558298254373 -408313
1558298258174 -412114
1558298260993 -414931
1558298260994 -414932
1558298264735 -418673
1558298266571 -420509
1558298272206 -426144
1558298277775 -431713
1558298280992 -434930
1558298280996 -434934
1558298289032 -442967
1558298291776 -445711
1558298293441 -447376
1558298295388 -449323
1558298295389 -449324
1558298297074 -451009
1558298297076 -451011
1558298301538 -455473
1558298308036 -460259
1558298308037 -460260
1558298309742 -461965
1558298311643 -463866
1558298313289 -465512
1558298316014 -468237
1558298316067 -468290
1558298317911 -470134
1558298317912 -470135
1558298321550 -473773
1558298325697 -477920
1558298325777 -478000
1558298327592 -479815
1558298334404 -486627
1558298336069 -488292
1558298336120 -488343
1558298340474 -492697
1558298342172 -494395
1558298343954 -496177
1558298345968 -498191
1558298345993 -498216
1558298345994 -498217
1558298349708 -501931
1558298353369 -505592
1558298353372 -505595
1558298355217 -507440
1558298355218 -507441
1558298358833 -511053
1558298363509 -515729
1558298363510 -515730
1558298363511 -515731
1558298364454 -516674
1558298364454 -516674
1558298372556 -522883
1558298374882 -525209
1558298380283 -530610
1558298382790 -533117
1558298384349 -534676
1558298384350 -534677
1558298388401 -538728
1558298389830 -540157
1558298390682 -541009
1558298392227 -542554
1558298392263 -542590
1558298392292 -542619
