1558297844938 -3311213
1558298176822 -331352
1558298181964 -336494
1558298184888 -339418
1558298184889 -339419
1558298187137 -341667
1558298187138 -341668
1558298191341 -345871
1558298191342 -345872
1558298191344 -345874
1558298191345 -345875
1558298193216 -347746
1558298196698 -351228
1558298196708 -351238
1558298198475 -353005
1558298209963 -364493
1558298210888 -365418
1558298214219 -368748
1558298214220 -368749
1558298215037 -369566
1558298216794 -371323
1558298218493 -373022
1558298218493 -373022
1558298220233 -374762
1558298221953 -376482
1558298221954 -376483
1558298225325 -379854
1558298225326 -379855
1558298226869 -381398
1558298226894 -381423
1558298226924 -381453
1558298228853 -383382
1558298230771 -385300
1558298230772 -385301
1558298230773 -385302
1558298232968 -387497
1558298234778 -389307
1558298239478 -393929
1558298243278 -397729
1558298245174 -399625
1558298245207 -399658
1558298247127 -401578
1558298249114 -403565
1558298249115 -403566
1558298249116 -403567
1558298252931 -407382
1558298254795 -409246
1558298256765 -411216
1558298260484 -414934
1558298262306 -416756
1558298264164 -418614
1558298264164 -418614
1558298266012 -420462
1558298267066 -421516
1558298267066 -421516
1558298269840 -424290
1558298269841 -424291
1558298270819 -425269
1558298270824 -425274
1558298280668 -435118
1558298280669 -435119
1558298284083 -438532
1558298284084 -438533
1558298284088 -438537
1558298286720 -441169
1558298286721 -441170
1558298286722 -441171
1558298296668 -451117
1558298302939 -457388
1558298303006 -457455
1558298304907 -459356
1558298306651 -461100
1558298311181 -465628
1558298314740 -469187
1558298314863 -469310
1558298319225 -473672
1558298319226 -473673
1558298321120 -475567
1558298321121 -475568
1558298324448 -478895
1558298324620 -479067
1558298326204 -480651
1558298328932 -483379
1558298330717 -485164
1558298332366 -486813
1558298339150 -490336
1558298341028 -492214
1558298342476 -493662
1558298342633 -493819
1558298351125 -502311
1558298352933 -504119
1558298354781 -505967
1558298360318 -511504
1558298360397 -511583
1558298362164 -513350
1558298362165 -513351
1558298362175 -513361
1558298362176 -513362
1558298363985 -515171
1558298369491 -520677
1558298369572 -520758
1558298371333 -522518
