1558297934128 -92085
1558297977283 -135240
1558297977298 -135255
1558297977336 -135293
1558298005138 -163094
1558298023490 -181446
1558298039709 -197665
1558298039916 -197872
1558298069281 -227237
1558298070026 -227982
1558298087304 -245260
1558298160316 -318272
1558298168166 -326122
1558298177039 -334995
1558298182995 -340951
1558298185021 -342977
1558298185024 -342980
1558298187269 -345225
1558298187270 -345226
1558298189538 -347494
1558298193074 -351030
1558298193108 -351064
1558298194934 -352890
1558298194935 -352891
1558298198502 -356457
1558298202051 -360006
1558298203768 -361723
1558298203785 -361740
1558298205577 -363532
1558298205579 -363534
1558298207316 -365271
1558298209073 -365899
1558298210852 -367678
1558298210857 -367683
1558298210858 -367684
1558298213314 -370140
1558298213315 -370141
1558298214190 -371016
1558298214213 -371039
1558298215030 -371856
1558298218434 -375260
1558298218437 -375263
1558298220176 -377001
1558298220210 -377035
1558298221897 -378722
1558298221898 -378723
1558298223491 -380316
1558298223496 -380321
1558298226747 -383572
1558298226797 -383622
1558298228756 -385581
1558298228757 -385581
1558298230652 -387476
1558298230653 -387477
1558298232667 -389491
1558298232668 -389492
1558298234648 -391472
1558298234678 -391502
1558298235473 -392297
1558298235476 -392300
1558298237338 -394162
1558298237339 -394163
1558298239178 -396002
1558298241175 -397999
1558298241175 -397999
1558298243126 -399950
1558298245033 -401857
1558298245068 -401892
1558298245068 -401892
1558298245118 -401942
1558298246959 -403783
1558298246960 -403784
1558298248943 -405767
1558298250866 -407690
1558298250867 -407691
1558298250868 -407692
1558298252756 -409580
1558298254581 -411404
1558298254710 -411533
1558298256582 -413250
1558298256590 -413258
1558298256591 -413259
1558298260287 -416955
1558298260288 -416955
1558298260289 -416956
1558298262119 -418786
1558298262123 -418790
1558298262124 -418791
1558298264919 -421586
1558298265863 -422530
1558298266822 -423489
1558298266832 -423499
1558298266833 -423500
1558298268719 -425386
1558298268721 -425388
1558298270556 -427223
1558298270557 -427224
1558298272458 -429125
1558298272459 -429126
1558298274244 -430911
1558298274301 -430968
1558298276176 -432843
1558298276176 -432843
1558298276177 -432844
1558298276179 -432846
1558298276179 -432846
1558298278010 -434677
1558298283671 -440335
1558298285635 -442299
1558298285636 -442300
1558298287349 -444013
1558298287350 -444014
1558298290074 -446738
1558298290142 -446806
1558298290174 -446838
1558298291978 -448642
1558298293646 -450310
1558298296412 -453076
1558298296413 -453077
1558298298247 -454911
1558298299923 -456587
1558298299927 -456591
1558298299928 -456592
1558298299929 -456593
1558298304587 -461251
1558298306320 -462984
1558298306326 -461119
1558298312585 -467377
1558298314494 -469286
1558298316183 -470975
1558298316227 -471019
1558298318109 -472901
1558298318114 -472906
1558298318115 -472907
1558298319847 -474639
1558298322457 -477249
1558298324271 -479063
1558298324272 -479064
1558298324273 -479065
1558298327776 -482568
1558298327787 -482579
1558298331175 -485967
1558298332820 -487612
1558298338855 -493646
1558298338856 -493647
1558298340670 -495461
1558298344196 -498987
1558298346167 -500958
1558298348076 -502867
1558298348080 -502871
1558298349886 -504677
1558298353538 -508329
1558298356254 -511045
1558298357220 -512011
1558298357221 -512012
1558298359979 -514770
1558298360934 -515725
1558298364577 -519166
1558298367291 -521880
1558298369244 -523833
1558298370963 -525552
1558298372729 -527318
1558298374908 -529497
1558298374912 -529501
1558298374913 -529502
1558298380571 -535160
1558298382963 -537552
1558298384515 -539104
1558298386876 -541465
1558298386877 -541466
1558298386878 -541467
1558298386879 -541468
1558298386880 -541469
