1558297853091 -7648
1558297855965 -10522
1558297861832 -16389
1558297861832 -16389
1558297875453 -29989
1558297879271 -33807
1558297889097 -43631
1558297893769 -48303
1558297894865 -49399
1558297902558 -57092
1558297904512 -59046
1558297905742 -60276
1558297907449 -61967
1558297918158 -72615
1558297937583 -92036
1558297959043 -110205
1558297966601 -117762
1558297970504 -121665
1558297970511 -121672
1558297972462 -123623
1558297980460 -131620
1558297989470 -146004
1558297989942 -146347
1558297992126 -143285
1558297993795 -144954
1558297994844 -151249
1558298001044 -152202
1558298006840 -157998
1558298008702 -159860
1558298009419 -160577
1558298016127 -167191
1558298033691 -184753
1558298040447 -196852
1558298040861 -197266
1558298045007 -196069
1558298047271 -198333
1558298055118 -206179
1558298060736 -211797
1558298085981 -237041
1558298088468 -244873
1558298088916 -239976
1558298091229 -242289
1558298115144 -264391
1558298126910 -283314
1558298126922 -283326
1558298126934 -283338
1558298127857 -270914
1558298134534 -277588
1558298138447 -281500
1558298139423 -282476
1558298143352 -275657
1558298146266 -278569
1558298148260 -304664
1558298150175 -282477
1558298152605 -284906
1558298154922 -287222
1558298158815 -291113
1558298171729 -328133
1558298171758 -328162
1558298175584 -331988
1558298175584 -331988
1558298178399 -334803
1558298180973 -337377
1558298180974 -337378
1558298183216 -339620
1558298183217 -339621
1558298185233 -341637
1558298187461 -343865
1558298187508 -343912
1558298187561 -343965
1558298189740 -346144
1558298189741 -346145
1558298191631 -348035
1558298191636 -348040
1558298191636 -348040
1558298193440 -349844
1558298193441 -349845
1558298193468 -349872
1558298195140 -351544
1558298196903 -353307
1558298196904 -353308
1558298196905 -353309
1558298198690 -355094
1558298198690 -355094
1558298200439 -356843
1558298200441 -356845
1558298200441 -356845
1558298202240 -358644
1558298203959 -360363
1558298203965 -360369
1558298203965 -360369
1558298206549 -362953
1558298208283 -363597
1558298208284 -363598
1558298208285 -363599
1558298210138 -365452
1558298210140 -365454
1558298211799 -367113
1558298211799 -367113
1558298213493 -368807
1558298213493 -368807
1558298213494 -368808
1558298213495 -368809
1558298215190 -370504
1558298216936 -372250
1558298216937 -372251
1558298218653 -373967
1558298218654 -373968
1558298218656 -373970
1558298220384 -375698
1558298222083 -377397
1558298223675 -378989
1558298223676 -378990
1558298223677 -378991
1558298223678 -378992
1558298226998 -382312
1558298227054 -382368
1558298227105 -382419
1558298228972 -384286
1558298228972 -384286
1558298228973 -384287
1558298230906 -386220
1558298230906 -386220
1558298230907 -386221
1558298232827 -388141
1558298232827 -388141
1558298234902 -390216
1558298234911 -390225
1558298236825 -392139
1558298236826 -392140
1558298238618 -393932
1558298238626 -393940
1558298238626 -393940
1558298238640 -393954
1558298239406 -394720
1558298242383 -397697
1558298242383 -397697
1558298242384 -397698
1558298243331 -398645
1558298243457 -398771
1558298244519 -399833
1558298244579 -399893
1558298245234 -400548
1558298245260 -400574
1558298245297 -400611
1558298246262 -401576
1558298247177 -402491
1558298247178 -402492
1558298247180 -402494
1558298250092 -405406
1558298250093 -405407
1558298251101 -406415
1558298251102 -406415
1558298252954 -408267
1558298252955 -408268
1558298252957 -408270
1558298252958 -408271
1558298254855 -410168
1558298254904 -410217
1558298256778 -412091
1558298256778 -412091
1558298258642 -413955
1558298258643 -413956
1558298260502 -415815
1558298260503 -415816
1558298260504 -415817
1558298264169 -419482
1558298264170 -419483
1558298264171 -419484
1558298266071 -421384
1558298266124 -421437
1558298267064 -422377
1558298267065 -422378
1558298269829 -425142
1558298269830 -425143
1558298269834 -425147
1558298270794 -426107
1558298272700 -428013
1558298272701 -428014
1558298272710 -428023
1558298274543 -429856
1558298276411 -431724
1558298276415 -431728
1558298278223 -433536
1558298278224 -433537
1558298280631 -435944
1558298285843 -441151
1558298285855 -441022
1558298287444 -442611
1558298288592 -443759
1558298290237 -445404
1558298290237 -445404
1558298290266 -445433
1558298292142 -447309
1558298292145 -447312
1558298296561 -451728
1558298298418 -453585
1558298298419 -453586
1558298298420 -453587
1558298300066 -455233
1558298300069 -455236
1558298300069 -455236
1558298304706 -459873
1558298306461 -461628
1558298308370 -463536
1558298308371 -463537
1558298310010 -465176
1558298310011 -465177
1558298310012 -465178
1558298310012 -465178
1558298310013 -465179
1558298312709 -467875
1558298312710 -467876
1558298314558 -469724
1558298314559 -469725
1558298314659 -469825
1558298316328 -471494
1558298316363 -471529
1558298316364 -471530
1558298318232 -473398
1558298318233 -473399
1558298318234 -473400
1558298320898 -476064
1558298320899 -476065
1558298320900 -476066
1558298322548 -477714
1558298322550 -477716
1558298322557 -477723
1558298324332 -479498
1558298324513 -479679
1558298325958 -481124
1558298326014 -481180
1558298327889 -483055
1558298327890 -483056
1558298327891 -483057
1558298327892 -483058
1558298329561 -484727
1558298329562 -484728
1558298329564 -484730
1558298329565 -484731
1558298332866 -488032
1558298332867 -488033
1558298332868 -488034
1558298332870 -488036
1558298335394 -490560
1558298335476 -490642
1558298335477 -490643
1558298338894 -494060
1558298338894 -494060
1558298340700 -495866
1558298340701 -495867
1558298342339 -497505
1558298342340 -497506
1558298342504 -497670
1558298344220 -499386
1558298344285 -499451
1558298346199 -501365
1558298346200 -501366
1558298346201 -501367
1558298348106 -503272
1558298348107 -503273
1558298349897 -505063
1558298349898 -505064
1558298349899 -505065
1558298352614 -507780
1558298352615 -507781
1558298352616 -507782
1558298353540 -508706
1558298353541 -508707
1558298353543 -508709
1558298356267 -511433
1558298356267 -511433
1558298356268 -511434
1558298357218 -512384
1558298357218 -512384
1558298357219 -512385
1558298359976 -515142
1558298359977 -515143
1558298360073 -515239
1558298360074 -515240
1558298360075 -515241
1558298360945 -516110
1558298363637 -518802
1558298363638 -518803
1558298364561 -519726
1558298364563 -519728
1558298367248 -522413
1558298367249 -522414
1558298368157 -523322
1558298368247 -523412
