1558297843460 -1721
1558297843490 -1751
1558297851860 -5699
1558297852296 -6135
1558297852355 -10432
1558297853158 -11235
1558297854064 -12141
1558297859692 -13531
1558297860870 -18947
1558297861840 -19917
1558297862597 -16436
1558297862599 -16438
1558297865510 -19349
1558297865510 -19349
1558297874318 -32074
1558297879174 -36930
1558297899685 -57441
1558297900245 -53051
1558297901368 -59123
1558297902115 -54921
1558297903089 -55895
1558297904281 -62036
1558297905359 -58165
1558297905359 -58164
1558297906122 -58927
1558297907195 -64950
1558297908921 -61726
1558297916530 -69335
1558297917928 -75366
1558297919711 -77149
1558297928194 -80998
1558297928500 -85328
1558297934024 -86828
1558297935272 -88076
1558297935272 -88076
1558297936228 -93056
1558297937136 -93964
1558297938115 -94943
1558297943987 -101240
1558297947471 -100275
1558297950827 -107654
1558297951359 -104163
1558297970957 -128210
1558297971203 -127148
1558297974755 -126512
1558297978054 -133999
1558297978408 -130163
1558297983343 -140595
1558297983720 -140972
1558297988648 -144592
1558297997445 -153389
1558298004293 -160237
1558298005447 -157201
1558298007913 -159667
1558298010974 -164112
1558298013876 -167014
1558298016842 -169980
1558298016949 -167967
1558298016950 -167968
1558298019557 -170575
1558298029588 -180579
1558298030827 -181818
1558298030889 -181880
1558298032329 -185467
1558298037993 -191130
1558298038442 -189432
1558298042057 -193047
1558298043089 -196226
1558298047570 -204822
1558298047979 -201116
1558298058415 -209404
1558298064815 -217040
1558298065791 -218016
1558298068129 -219118
1558298068347 -220571
1558298068348 -220572
1558298073044 -224031
1558298076990 -229214
1558298084085 -234472
1558298086437 -236824
1558298093658 -245882
1558298098945 -251169
1558298099492 -249879
1558298108480 -258867
1558298110685 -261072
1558298118340 -263445
1558298122703 -267807
1558298123816 -273997
1558298125558 -275739
1558298126537 -276718
1558298127089 -272192
1558298127516 -277697
1558298128492 -278673
1558298130687 -275790
1558298131547 -276650
1558298134721 -262562
1558298136656 -264496
1558298139574 -267414
1558298147070 -289501
1558298148046 -290477
1558298149840 -292271
1558298153972 -287284
1558298153972 -287284
1558298154051 -287363
1558298154843 -288154
1558298154951 -269146
1558298157866 -272060
1558298158838 -273032
1558298164854 -298158
1558298165356 -279549
1558298165773 -299076
1558298173286 -330538
1558298176240 -333492
1558298178940 -336192
1558298183633 -340885
1558298187929 -345181
1558298187969 -345221
1558298190143 -347395
1558298190144 -347396
1558298190160 -347411
1558298193663 -350914
1558298193703 -350954
1558298195565 -352816
1558298203426 -360677
1558298203439 -360690
1558298205150 -362401
1558298205151 -362402
1558298206912 -364163
1558298206929 -364180
1558298206930 -364181
1558298212169 -369420
1558298212170 -369421
1558298212175 -369426
1558298215578 -372829
1558298215579 -372830
1558298220736 -377987
1558298220746 -377987
1558298222416 -378699
1558298222417 -378700
1558298223999 -380282
1558298225747 -382030
1558298227324 -383607
1558298229320 -385603
1558298229321 -385604
1558298231287 -387570
1558298231288 -387571
1558298231308 -387591
1558298233293 -389576
1558298235243 -391526
1558298237016 -393298
1558298242817 -399099
1558298246604 -402886
1558298250513 -406795
1558298250514 -406796
1558298250529 -406811
1558298250530 -406812
1558298254305 -410587
1558298254326 -410608
1558298255262 -411544
1558298259053 -415335
1558298260923 -417205
1558298264694 -420976
1558298268354 -424636
1558298270189 -426471
1558298270193 -426475
1558298270194 -426476
1558298271193 -427475
1558298271194 -427476
1558298273890 -430172
1558298274908 -431190
1558298276785 -433067
1558298279378 -435660
1558298280869 -437151
1558298282604 -438886
1558298282613 -438895
1558298288951 -445233
1558298289019 -445301
1558298290634 -446915
1558298295234 -451515
1558298296913 -453194
1558298299571 -455852
1558298301445 -457726
1558298301586 -457867
1558298305118 -461399
1558298305121 -461402
1558298307829 -464110
1558298307830 -464111
1558298311395 -466715
1558298313079 -468399
1558298313080 -468400
1558298315019 -470339
1558298315855 -471175
1558298315916 -471236
1558298321298 -476618
1558298321306 -476626
1558298322927 -478247
1558298322931 -478251
1558298324744 -480064
1558298325562 -480882
1558298329047 -484367
1558298329048 -484368
1558298329051 -484371
1558298330688 -486008
1558298330690 -486010
1558298330691 -486011
1558298332332 -487652
1558298332335 -487655
1558298337678 -492995
1558298339278 -494595
1558298341879 -497196
1558298341884 -497201
1558298341885 -497202
1558298345547 -500864
1558298349374 -504691
1558298349375 -504692
1558298349376 -504693
1558298351202 -506519
1558298352999 -508316
1558298353005 -508322
1558298356684 -512001
1558298356686 -512003
1558298358650 -513966
1558298360441 -515757
1558298364017 -519333
1558298365811 -521127
1558298371351 -526667
1558298375252 -530568
1558298375255 -530571
1558298377553 -532869
1558298377554 -532870
1558298381491 -536807
