1558297846940 -4063
1558297848462 -4316
1558297849942 -5796
1558297855614 -11468
1558297860190 -17313
1558297864215 -21338
1558297865046 -22169
1558297866041 -23164
1558297867797 -24920
1558297886263 -43380
1558297901641 -58729
1558297907528 -64616
1558297907771 -63622
1558297909436 -66524
1558297920917 -78004
1558297922859 -79946
1558297923971 -81058
1558297927718 -84804
1558297932870 -88696
1558297935174 -91000
1558297940886 -96712
1558297951163 -106989
1558297951847 -108932
1558297951847 -108894
1558297955057 -110882
1558297956031 -111856
1558297957006 -112831
1558297959624 -116102
1558297962999 -118824
1558297965595 -121420
1558297968752 -124577
1558297973060 -129538
1558297980225 -136702
1558297985525 -142002
1558297990392 -146869
1558297993421 -148174
1558298002432 -157059
1558298004973 -159726
1558298005249 -159876
1558298011895 -166522
1558298012602 -167355
1558298013813 -168440
1558298015722 -170475
1558298016511 -171264
1558298019497 -174250
1558298020916 -175668
1558298020997 -175191
1558298030117 -184310
1558298031425 -185618
1558298034083 -188276
1558298039070 -193263
1558298040793 -194665
1558298041853 -196046
1558298052654 -206846
1558298053031 -206903
1558298055456 -209328
1558298059185 -213376
1558298065402 -219205
1558298065865 -220056
1558298067142 -220945
1558298067924 -220307
1558298076800 -230602
1558298082794 -236596
1558298087198 -239580
1558298090398 -242780
1558298090398 -242780
1558298097172 -250974
1558298098884 -252686
1558298103855 -257393
1558298105812 -259350
1558298113281 -265643
1558298113283 -265645
1558298116191 -268267
1558298116664 -269433
1558298117162 -269238
1558298120827 -272903
1558298121030 -273106
1558298123963 -276039
1558298130473 -282872
1558298132997 -285073
1558298133244 -285643
1558298142787 -295185
1558298144703 -295779
1558298145101 -297499
1558298157197 -309966
1558298157411 -309615
1558298159624 -310700
1558298160598 -311674
1558298162539 -313615
1558298165008 -298969
1558298166271 -300231
1558298183837 -336606
1558298185834 -338603
1558298188095 -340864
1558298188118 -340887
1558298190300 -343069
1558298190301 -343069
1558298192934 -345702
1558298196656 -349424
1558298198384 -351152
1558298201774 -354542
1558298201775 -354543
1558298201776 -354544
1558298203590 -356358
1558298207116 -359884
1558298207117 -359885
1558298214034 -366802
1558298214036 -366804
1558298215814 -368582
1558298217516 -370284
1558298220033 -372801
1558298220077 -372845
1558298220954 -373722
1558298223342 -376110
1558298225119 -377887
1558298225120 -377888
1558298227551 -380319
1558298230543 -383311
1558298231557 -384325
1558298231558 -384326
1558298237378 -390138
1558298239252 -391810
1558298241269 -393827
1558298243200 -395758
1558298245002 -397560
1558298248862 -401420
1558298250796 -403354
1558298250797 -403355
1558298256549 -409106
1558298260257 -412814
1558298263046 -415603
1558298264903 -417460
1558298270548 -423105
1558298270549 -423106
1558298272456 -425013
1558298276189 -428746
1558298276189 -428746
1558298278015 -430572
1558298278016 -430573
1558298279750 -432307
1558298282073 -434630
1558298283862 -436419
1558298285841 -438398
1558298287442 -439999
1558298290118 -442675
1558298293686 -446243
1558298293686 -446243
1558298296453 -449010
1558298296454 -449011
1558298298289 -450846
1558298299972 -452529
1558298316259 -468813
1558298316288 -468842
1558298322507 -475061
1558298332092 -484646
1558298332093 -484647
1558298338899 -491453
1558298342654 -495208
1558298346216 -498770
1558298348127 -500681
1558298356312 -508866
1558298360107 -512661
1558298361018 -513572
1558298363725 -516279
1558298364645 -517199
1558298364649 -517203
1558298367359 -519913
1558298373458 -526012
1558298373459 -526013
1558298375147 -527701
1558298376634 -529188
1558298378899 -531453
1558298379019 -531573
1558298381412 -533966
1558298384582 -537136
1558298384584 -537138
1558298389336 -541890
1558298393259 -545813
1558298397057 -547013
