1558298172883 -328541
1558298172916 -328574
1558298175862 -331520
1558298181175 -336833
1558298181175 -336833
1558298181182 -336840
1558298185401 -341059
1558298189902 -345560
1558298191780 -347438
1558298193555 -349213
1558298193583 -349241
1558298193584 -349242
1558298195473 -351131
1558298197083 -352741
1558298197089 -352747
1558298200599 -356257
1558298200606 -356264
1558298203207 -358865
1558298203215 -358873
1558298204905 -360563
1558298208475 -364132
1558298211975 -367632
1558298211976 -367633
1558298213638 -369295
1558298213639 -369296
1558298213649 -369306
1558298215373 -371030
1558298215386 -371043
1558298218843 -374500
1558298220534 -376191
1558298222237 -377894
1558298222237 -376961
1558298223828 -378552
1558298225611 -380335
1558298227150 -381874
1558298227171 -381895
1558298229113 -383837
1558298229114 -383838
1558298231069 -385793
1558298231070 -385794
1558298231074 -385798
1558298233030 -387754
1558298235062 -389786
1558298235076 -389800
1558298236961 -391685
1558298238762 -393486
1558298242572 -397296
1558298250316 -405040
1558298251273 -405997
1558298254079 -408803
1558298256996 -411720
1558298257001 -411725
1558298264366 -419090
1558298266197 -420920
1558298268155 -422878
1558298268160 -422883
1558298270996 -425719
1558298272882 -427605
1558298274677 -429400
1558298276590 -431313
1558298282458 -437181
1558298288672 -443395
1558298293130 -447852
1558298293140 -447198
1558298296741 -450799
1558298301274 -455332
1558298303012 -457070
1558298303071 -457129
1558298306713 -460771
1558298309407 -463465
1558298312983 -467041
1558298314820 -468878
1558298314969 -469027
1558298319281 -473339
1558298321182 -475240
1558298322831 -476889
1558298322832 -476890
1558298322832 -476890
1558298324540 -478598
1558298324683 -478741
1558298326272 -480329
1558298326321 -480378
1558298326362 -480419
1558298332447 -486504
1558298334293 -488350
1558298335719 -489776
1558298337618 -491675
1558298339229 -493286
1558298339229 -493286
1558298339232 -493289
1558298342689 -496746
1558298347528 -501585
1558298351192 -504291
1558298354855 -507954
1558298356697 -509796
1558298360352 -513450
1558298362236 -515334
1558298365862 -518960
1558298369556 -522654
1558298371407 -524505
1558298377803 -530901
1558298381578 -534676
1558298381677 -534775
