1558297942711 -100596
1558297942773 -100658
1558297956169 -114054
1558298047499 -205384
1558298077790 -235675
1558298097318 -255203
1558298149728 -307613
1558298172863 -330747
1558298175882 -333766
1558298178640 -336524
1558298181177 -339061
1558298183390 -341274
1558298185402 -343286
1558298187651 -345534
1558298189915 -347798
1558298189917 -347800
1558298191794 -349677
1558298191795 -349678
1558298191796 -349679
1558298191807 -349690
1558298193560 -351443
1558298197223 -355106
1558298199797 -357680
1558298201507 -359390
1558298203357 -361240
1558298203359 -361242
1558298208618 -366501
1558298212122 -370005
1558298212124 -370007
1558298213795 -371678
1558298215377 -373259
1558298218839 -376721
1558298218847 -376729
1558298220537 -378419
1558298222246 -380128
1558298223832 -381714
1558298227173 -385055
1558298229119 -387001
1558298233033 -390914
1558298233105 -390986
1558298233161 -391042
1558298233162 -391043
1558298235069 -392950
1558298238774 -396655
1558298240745 -398626
1558298240760 -398641
1558298242747 -400628
1558298244597 -402478
1558298246517 -404398
1558298246557 -404438
1558298248509 -406390
1558298250458 -408339
1558298250459 -408340
1558298252372 -410253
1558298254231 -412112
1558298258031 -415912
1558298260700 -418581
1558298262488 -420368
1558298262495 -420375
1558298262496 -420376
1558298264368 -422248
1558298266194 -424074
1558298269988 -427867
1558298270995 -428874
1558298270998 -428877
1558298272880 -430759
1558298272882 -430761
1558298274688 -432473
1558298278397 -436181
1558298280791 -438575
1558298280803 -438587
1558298280804 -438588
1558298284171 -441955
1558298286970 -444754
1558298286971 -444755
1558298290586 -448370
1558298290619 -448403
1558298293267 -451051
1558298299535 -457319
1558298301432 -459216
1558298306680 -464464
1558298309357 -467141
1558298309358 -467142
1558298311198 -468982
1558298311203 -468986
1558298311204 -468987
1558298311211 -468994
1558298312931 -470714
1558298314732 -472515
1558298314858 -472641
1558298316549 -474332
1558298316585 -474368
1558298321114 -478897
1558298324614 -482396
1558298326176 -483958
1558298329740 -487522
1558298329741 -487523
1558298330663 -488445
1558298332306 -490088
1558298332307 -490089
1558298334153 -491935
1558298335830 -493612
1558298335905 -493687
1558298339243 -497025
1558298341115 -498897
1558298341116 -498898
1558298345518 -503300
1558298347514 -505296
1558298351170 -508952
1558298352808 -510590
1558298356483 -514265
1558298362007 -519789
1558298363829 -521611
1558298365646 -523428
1558298365648 -523430
