1558297855435 -11598
1558297857208 -13371
1558297858179 -14342
1558297864139 -20302
1558297869880 -26043
1558297873760 -29923
1558297875691 -31854
1558297879579 -35741
1558297883291 -39453
1558297891098 -46619
1558297896933 -52453
1558297903547 -59067
1558297914238 -69758
1558297915208 -70728
1558297918240 -73760
1558297922037 -77557
1558297924238 -79758
1558297926891 -82411
1558297927680 -83200
1558297927680 -83200
1558297932544 -88064
1558297935125 -90315
1558297939366 -94556
1558297944534 -99723
1558297945356 -100545
1558297953819 -109008
1558297959596 -114785
1558297963621 -118810
1558297966399 -121588
1558297968020 -123209
1558297968118 -123307
1558297971257 -126446
1558297974945 -130134
1558297978437 -136078
1558297983737 -137360
1558297990547 -144170
1558297997346 -150968
1558298014050 -167671
1558298016616 -170215
1558298023262 -176861
1558298027154 -180753
1558298029327 -182367
1558298029828 -182868
1558298030399 -183439
1558298041727 -194767
1558298045058 -198097
1558298069593 -222630
1558298071060 -228701
1558298076107 -233748
1558298083626 -235148
1558298090749 -242271
1558298102481 -254002
1558298112758 -270397
1558298113177 -264698
1558298134396 -279673
1558298145305 -290580
1558298148810 -284676
1558298154759 -290624
1558298161739 -319378
1558298161740 -319379
1558298169918 -327557
1558298175714 -333353
1558298175715 -333354
1558298183310 -340949
1558298183310 -340949
1558298183310 -340949
1558298185321 -342960
1558298185333 -342972
1558298185334 -342972
1558298185335 -342973
1558298187587 -345225
1558298191518 -349156
1558298193313 -350784
1558298193342 -350813
1558298193381 -350852
1558298195220 -352691
1558298196993 -354464
1558298200526 -357996
1558298200534 -358004
1558298202318 -359788
1558298204032 -361502
1558298204052 -361522
1558298206621 -364091
1558298206628 -364098
1558298208372 -365842
1558298208382 -365852
1558298208383 -365853
1558298211859 -369329
1558298211863 -369333
1558298213565 -371035
1558298213567 -371037
1558298215263 -372733
1558298217006 -374476
1558298223746 -381216
1558298223747 -381217
1558298223748 -381218
1558298223749 -381219
1558298227070 -384540
1558298227114 -384584
1558298230994 -388464
1558298232934 -390404
1558298233003 -390473
1558298236740 -394210
1558298236741 -394211
1558298238510 -395980
1558298238520 -395990
1558298239501 -396970
1558298242454 -399923
1558298245302 -401118
1558298246273 -402089
1558298247258 -403074
1558298247265 -403081
1558298251167 -406983
1558298251173 -406989
1558298253045 -408861
1558298253053 -408869
1558298254913 -410729
1558298254988 -410804
1558298254989 -410805
1558298256867 -412683
1558298256869 -412685
1558298258723 -414539
1558298260573 -416389
1558298260574 -416390
1558298262396 -418212
1558298264251 -420067
1558298266098 -421914
1558298267135 -422951
1558298267136 -422952
1558298269886 -425702
1558298270872 -426688
1558298272777 -428593
1558298274576 -430392
1558298276472 -432288
1558298279849 -435665
1558298279850 -435666
1558298279853 -435669
1558298283933 -439749
1558298283934 -439750
1558298283937 -439753
1558298283938 -439754
1558298285921 -441737
1558298285921 -441737
1558298288482 -444298
1558298288630 -444446
1558298288711 -444527
1558298290307 -446123
1558298292234 -448050
1558298292235 -448051
1558298292237 -448053
1558298294909 -450724
1558298296642 -452457
1558298296645 -452460
1558298298509 -454324
1558298302949 -458764
1558298303015 -458830
1558298303072 -458887
1558298304830 -460645
1558298304841 -460656
1558298308459 -464274
1558298311089 -466904
1558298311090 -466905
1558298312817 -468632
1558298314623 -470438
1558298316437 -472252
1558298319106 -474921
1558298319110 -474925
1558298320995 -476810
1558298321000 -476815
1558298322648 -478463
1558298322658 -478473
1558298324382 -480197
1558298326070 -481885
1558298328027 -483842
1558298329491 -485306
1558298331318 -487133
1558298332948 -488589
1558298335483 -491124
1558298335586 -491227
1558298338980 -494621
1558298338981 -494622
1558298340800 -496441
1558298340804 -496445
1558298342377 -498018
1558298344325 -499966
1558298344382 -500023
1558298346286 -501927
1558298346288 -501929
1558298346290 -501931
1558298349081 -504722
1558298349082 -504723
1558298349968 -505609
1558298349971 -505612
1558298349972 -505613
1558298352679 -508320
1558298352684 -508325
1558298352685 -508326
1558298356353 -511994
1558298357298 -512939
1558298363727 -519368
1558298364646 -520287
1558298364650 -520291
1558298368269 -523910
1558298374956 -530597
1558298374959 -530600
1558298376485 -532126
1558298378041 -533682
1558298378042 -533683
