1558297849518 -6619
1558297858284 -15385
1558297858284 -15385
1558297861181 -18282
1558297867830 -24931
1558297867830 -24931
1558297884469 -41570
1558297885537 -42638
1558297890309 -45333
1558297892161 -47185
1558297905963 -60986
1558297910763 -65786
1558297931991 -87014
1558297941637 -96598
1558297945641 -100602
1558297945641 -100602
1558297947453 -102414
1558297949420 -104381
1558297952725 -107684
1558297970740 -124740
1558297972698 -126698
1558297981519 -135519
1558297989150 -143149
1558298008887 -160378
1558298014095 -165585
1558298023187 -174677
1558298027104 -178594
1558298034756 -186246
1558298038994 -190484
1558298040623 -192113
1558298042572 -194062
1558298043550 -195040
1558298045319 -196809
1558298055285 -206773
1558298094009 -244762
1558298105579 -256332
1558298107778 -258531
1558298112417 -263170
1558298117305 -266716
1558298125114 -264854
1558298127068 -266808
1558298132452 -272192
1558298147746 -303057
1558298149403 -278444
1558298152229 -281269
1558298158023 -287062
1558298158995 -288034
1558298160523 -315834
1558298161933 -276314
1558298174277 -329588
1558298180782 -336093
1558298183102 -338413
1558298187335 -342646
1558298189669 -344980
1558298189671 -344981
1558298191570 -346880
1558298196881 -352191
1558298198671 -353981
1558298202230 -357540
1558298203946 -359256
1558298203950 -359260
1558298203951 -359261
1558298206543 -361853
1558298207509 -362819
1558298210142 -365452
1558298210143 -365453
1558298213509 -368819
1558298213510 -368820
1558298213514 -368824
1558298215217 -370527
1558298215220 -370530
1558298218691 -374001
1558298218692 -374002
1558298218693 -374003
1558298220442 -375752
1558298222124 -377434
1558298223738 -379048
1558298225529 -380839
1558298227082 -382392
1558298227122 -382432
1558298229064 -384374
1558298231003 -386313
1558298232917 -388227
1558298232993 -388303
1558298235029 -388714
1558298235048 -388733
1558298236920 -390605
1558298236921 -390606
1558298236922 -390607
1558298238737 -392422
1558298240540 -394225
1558298242554 -396239
1558298242555 -396240
1558298243414 -397099
1558298246358 -400043
1558298247379 -401063
1558298250305 -403989
1558298250306 -403990
1558298255122 -408806
1558298257015 -410699
1558298258843 -412527
1558298258844 -412528
1558298264410 -418094
1558298264411 -418095
1558298268204 -421888
1558298272936 -426620
1558298272937 -426621
1558298274762 -428446
1558298276659 -430343
1558298278471 -432155
1558298278472 -432156
1558298278473 -432157
1558298280919 -434603
1558298284123 -437807
1558298286920 -440604
1558298286921 -440605
1558298286922 -440606
1558298288880 -442564
1558298290554 -444238
1558298290571 -444255
1558298290603 -444287
1558298293244 -446928
1558298295154 -448838
1558298296841 -450525
1558298296842 -450526
1558298296843 -450527
1558298299514 -453198
1558298301414 -455098
1558298303125 -456809
1558298303175 -456859
1558298305087 -458771
1558298306816 -460500
1558298311378 -465062
1558298313076 -466760
1558298313078 -466762
1558298315856 -469538
1558298319406 -473088
1558298321311 -474993
1558298325582 -479263
1558298326373 -480054
1558298326413 -480094
1558298329091 -482772
1558298330909 -484590
1558298335843 -489524
1558298335913 -489594
1558298335979 -489660
1558298337764 -491445
1558298339354 -493035
1558298339355 -493036
1558298341962 -495643
1558298341963 -495644
1558298342773 -496454
1558298342860 -496541
1558298345672 -499353
1558298347662 -501343
1558298349496 -503177
1558298349497 -503178
1558298351330 -505011
1558298351333 -505014
1558298353132 -506813
1558298353133 -506814
1558298353137 -506818
1558298353137 -506818
1558298354981 -508662
1558298356820 -510501
1558298356821 -510502
1558298360522 -514203
1558298360578 -514255
1558298364173 -515957
1558298364174 -515958
1558298365982 -517766
1558298367719 -519503
1558298367908 -519692
1558298369674 -521458
1558298369807 -521591
1558298376201 -527984
1558298376203 -527986
1558298377897 -529680
1558298377898 -529681
1558298378725 -530508
1558298384098 -535881
1558298384101 -535884
1558298384102 -535885
1558298384103 -535886
1558298385872 -537655
