1558298170357 -331036
1558298173113 -333792
1558298173114 -333793
1558298176087 -336766
1558298176091 -336769
1558298178813 -339491
1558298181338 -342016
1558298183518 -344196
1558298185376 -346054
1558298189875 -350553
1558298189876 -350554
1558298191754 -352432
1558298191755 -352433
1558298193521 -354199
1558298193541 -354219
1558298197193 -357871
1558298197193 -357871
1558298198949 -359627
1558298198950 -359628
1558298198951 -359629
1558298203337 -364015
1558298205025 -365703
1558298212094 -372772
1558298212095 -372773
1558298212096 -372774
1558298213770 -374448
1558298217221 -377899
1558298217222 -377900
1558298218967 -379645
1558298219076 -379754
1558298219076 -379754
1558298220655 -381333
1558298222348 -383026
1558298223931 -384609
1558298223932 -384610
1558298227269 -387947
1558298229228 -389906
1558298229229 -389907
1558298231039 -391717
1558298233008 -393686
1558298233080 -393758
1558298233081 -393759
1558298235027 -395705
1558298236932 -397610
1558298236933 -397611
1558298238740 -399418
1558298240708 -401386
1558298240719 -401397
1558298242704 -403382
1558298242706 -403384
1558298246488 -407166
1558298248475 -409032
1558298248476 -409033
1558298251380 -411937
1558298252350 -412907
1558298254198 -414755
1558298254199 -414756
1558298255216 -415773
1558298255270 -415827
1558298258925 -419482
1558298258926 -419483
1558298260817 -421374
1558298260819 -421376
1558298262598 -423155
1558298264489 -425046
1558298266361 -426918
1558298268272 -428829
1558298270101 -430656
1558298271091 -431646
1558298271092 -431647
1558298274640 -435195
1558298274682 -435237
1558298274735 -435290
1558298280741 -441296
1558298282425 -442980
1558298282426 -442981
1558298284142 -444697
1558298284145 -444700
1558298286946 -447501
1558298288794 -449349
1558298293241 -453796
1558298293242 -453797
1558298293243 -453797
1558298295152 -455706
1558298299504 -460058
1558298299507 -460061
1558298301386 -461940
1558298301387 -461941
1558298303103 -463657
1558298303142 -463696
1558298305053 -465607
1558298306781 -467335
1558298311323 -471877
1558298311324 -471878
1558298311325 -471879
1558298313023 -473577
1558298313023 -473577
1558298315006 -475560
1558298322869 -483112
1558298322869 -483112
1558298322871 -483114
1558298324595 -484838
1558298326190 -486433
1558298326232 -486475
1558298339190 -499432
1558298339194 -499436
1558298341076 -501318
1558298342648 -502890
1558298345474 -505716
1558298347480 -507722
1558298347482 -507724
1558298351134 -511376
1558298352934 -513176
1558298354778 -515020
1558298354779 -515021
1558298354780 -515022
1558298356606 -516848
1558298358620 -518862
1558298358797 -519039
1558298358920 -519162
1558298363957 -524199
1558298369250 -529492
1558298371131 -531373
1558298371132 -531374
1558298376668 -536910
1558298376669 -536911
1558298376674 -536916
1558298376675 -536917
1558298379115 -539357
1558298381428 -541670
1558298381479 -541721
1558298383228 -543470
1558298387116 -547358
1558298387117 -547359
1558298387125 -547367
