1558297860051 -16115
1558297874469 -30533
1558297875523 -31587
1558297877383 -33447
1558297888398 -43810
1558297896657 -52068
1558297898604 -54015
1558297902483 -57893
1558297910457 -65866
1558297911232 -66641
1558297912203 -67612
1558297921256 -79571
1558297931475 -86884
1558297932131 -90446
1558297932156 -90471
1558297933417 -88826
1558297937306 -92714
1558297949803 -108118
1558297950774 -104450
1558297963673 -117348
1558297989810 -148125
1558297998366 -150998
1558298007131 -159763
1558298019468 -172099
1558298029959 -179989
1558298030696 -180726
1558298033579 -191894
1558298033917 -192232
1558298049848 -199878
1558298074466 -224468
1558298077063 -227065
1558298080831 -239145
1558298095483 -245484
1558298096463 -246464
1558298099306 -249307
1558298101481 -251482
1558298102330 -252331
1558298103309 -253310
1558298105103 -255104
1558298112922 -262923
1558298112922 -262923
1558298113900 -263901
1558298115854 -265855
1558298121187 -271188
1558298123944 -282258
1558298126610 -262508
1558298128566 -264464
1558298139160 -275056
1558298140494 -298808
1558298140500 -298814
1558298141116 -277012
1558298143388 -279284
1558298145356 -281252
1558298158585 -316890
1558298160512 -276324
1558298164917 -280728
1558298165732 -281543
1558298166379 -282190
1558298173633 -331659
1558298173640 -331666
1558298181709 -339735
1558298183887 -341913
1558298183888 -341914
1558298193891 -351917
1558298196559 -354585
1558298196560 -354586
1558298198309 -356335
1558298198310 -356336
1558298200066 -358092
1558298200068 -358094
1558298205341 -363367
1558298205343 -363369
1558298207101 -365127
1558298210650 -368676
1558298210651 -368677
1558298212330 -370356
1558298213982 -372008
1558298213983 -372009
1558298215726 -373752
1558298217422 -375448
1558298217425 -375450
1558298219174 -377159
1558298220050 -378035
1558298220852 -378836
1558298223192 -381176
1558298223193 -381177
1558298223198 -381182
1558298224069 -382053
1558298226556 -384540
1558298226557 -384541
1558298227358 -385342
1558298227374 -385358
1558298229344 -387328
1558298231307 -389291
1558298237171 -395155
1558298238979 -396963
1558298240910 -398894
1558298242885 -400869
1558298242891 -400875
1558298246637 -404621
1558298246697 -404681
1558298246697 -404681
1558298250576 -408560
1558298252476 -410460
1558298252477 -410461
1558298254332 -412316
1558298254333 -412317
1558298254349 -412333
1558298255280 -413264
1558298255336 -413320
1558298255377 -413360
1558298255402 -413385
1558298258111 -416094
1558298258112 -416095
1558298258128 -416111
1558298259029 -417012
1558298260876 -418859
1558298262636 -420619
1558298264518 -422501
1558298270089 -428072
1558298276652 -434635
1558298278453 -436436
1558298280874 -438857
1558298282600 -440583
1558298284199 -442182
1558298286979 -444962
1558298286980 -444963
1558298288671 -446654
1558298288750 -446733
1558298290460 -448443
1558298290461 -448444
1558298294973 -451809
1558298294973 -451809
1558298298576 -455412
1558298302924 -459760
1558298304881 -461717
1558298306605 -463441
1558298309288 -466124
1558298309288 -466124
1558298311105 -467941
1558298311122 -467958
1558298316425 -473261
1558298316466 -473301
1558298320991 -477825
1558298322640 -479474
1558298322641 -479475
1558298324552 -481386
1558298326041 -482875
1558298326099 -482933
1558298327978 -484812
1558298329621 -486455
1558298329624 -486458
1558298334029 -490863
1558298335691 -492525
1558298335773 -492607
1558298337250 -494084
1558298337320 -494154
1558298338924 -495758
1558298342350 -499004
1558298344243 -500897
1558298344297 -500951
1558298346206 -502860
1558298346207 -502861
1558298346208 -502862
1558298346209 -502863
1558298346210 -502864
1558298348111 -504765
1558298349906 -506560
1558298352620 -509274
1558298352621 -509275
1558298353547 -510201
1558298353548 -510202
1558298356262 -512916
1558298356265 -512919
1558298357206 -513860
1558298357207 -513861
1558298360005 -516658
1558298360927 -517580
1558298360949 -517602
1558298360972 -517625
1558298364543 -521196
1558298367217 -523870
1558298368146 -524797
1558298370855 -527506
1558298370896 -527547
1558298370940 -527591
1558298372627 -529278
1558298378036 -534687
1558298378846 -535497
1558298380506 -537157
