1558297847542 -5973
1558297849609 -8034
1558297857582 -15987
1558297860622 -18996
1558297881743 -40116
1558297885829 -44201
1558297886752 -45124
1558297886756 -45128
1558297894246 -52618
1558297895779 -53789
1558297914040 -72049
1558297919118 -77117
1558297936319 -94316
1558297951074 -107831
1558297964809 -121566
1558297977422 -132129
1558297984173 -138880
1558297993692 -148398
1558298010999 -165705
1558298017959 -175303
1558298020743 -178086
1558298023381 -178086
1558298029590 -184295
1558298030588 -185292
1558298032061 -186765
1558298033041 -187745
1558298060647 -211839
1558298067718 -225061
1558298073553 -224745
1558298077040 -228232
1558298078000 -229192
1558298078964 -230156
1558298078965 -230152
1558298086401 -243744
1558298086520 -235770
1558298099171 -248421
1558298100372 -249622
1558298117212 -266461
1558298125891 -275140
1558298136456 -285397
1558298138385 -287325
1558298139353 -288293
1558298143476 -292416
1558298143857 -292797
1558298144777 -293717
1558298146167 -295107
1558298146167 -295107
1558298146309 -303652
1558298146334 -303677
1558298147102 -296042
1558298148066 -297006
1558298159199 -316542
1558298160447 -285745
1558298160447 -285745
1558298176854 -334197
1558298176860 -334203
1558298179512 -336855
1558298181976 -339319
1558298181976 -339319
1558298184890 -342233
1558298184891 -342234
1558298184894 -342237
1558298187134 -344477
1558298187135 -344478
1558298187136 -344479
1558298189448 -346791
1558298189448 -346791
1558298191332 -348675
1558298191332 -348675
1558298191332 -348675
1558298192950 -350293
1558298193010 -350353
1558298194850 -352193
1558298194850 -352193
1558298194851 -352194
1558298196672 -354015
1558298200184 -357526
1558298203746 -361088
1558298203747 -361089
1558298207254 -364596
1558298207261 -364603
1558298209052 -366394
1558298210799 -368141
1558298210804 -368146
1558298214108 -371450
1558298216691 -374033
1558298216694 -374036
1558298217592 -374934
1558298217593 -374935
1558298220108 -377450
1558298220163 -377505
1558298220199 -377541
1558298221816 -379158
1558298223436 -380778
1558298225199 -382541
1558298225201 -382543
1558298226781 -384123
1558298228694 -386036
1558298228695 -386037
1558298230610 -387952
1558298230611 -387953
1558298230612 -387954
1558298230613 -387955
1558298234607 -391949
1558298234627 -391969
1558298241131 -398473
1558298241132 -398474
1558298241133 -398475
1558298248897 -406239
1558298250818 -408160
1558298250820 -408162
1558298250821 -408163
1558298252715 -410057
1558298254566 -411907
1558298256546 -413887
1558298256551 -413892
1558298259334 -416675
1558298259335 -416676
1558298262083 -419424
1558298262084 -419425
1558298262093 -419434
1558298263028 -420369
1558298266772 -424113
1558298266780 -424121
1558298268676 -426017
1558298268677 -426018
1558298270510 -427851
1558298270511 -427852
1558298270512 -427853
1558298272417 -429758
1558298272418 -429759
1558298274191 -431515
1558298277967 -435275
1558298279689 -436997
1558298279689 -436808
1558298283642 -440761
1558298285597 -442716
1558298285597 -442716
1558298285598 -442717
1558298291928 -449047
1558298293598 -450717
1558298293599 -450718
1558298293602 -450721
1558298293603 -450722
1558298298196 -455315
1558298298203 -455322
1558298299882 -457001
1558298301736 -458855
1558298301818 -458937
1558298301892 -459011
1558298306260 -463379
1558298309850 -466969
1558298312513 -469632
1558298312514 -469633
1558298312522 -469641
1558298313347 -470466
1558298316099 -473218
1558298316155 -473274
1558298319750 -476869
1558298319752 -476871
1558298322376 -479494
1558298324175 -481293
1558298324175 -481293
1558298325774 -482892
1558298325775 -482893
1558298325855 -482973
1558298327684 -484802
1558298331045 -488163
1558298332687 -489805
1558298332688 -489806
1558298335319 -492437
1558298335494 -492612
1558298338714 -495832
1558298340509 -497627
1558298342192 -499310
1558298342192 -499310
1558298349711 -506829
1558298349712 -506830
1558298351575 -508693
1558298353374 -510492
1558298353375 -510493
1558298355215 -512333
1558298355215 -512333
1558298355216 -512334
1558298357046 -514164
1558298358928 -516046
1558298360778 -517896
1558298360833 -517951
1558298363474 -520592
1558298363478 -520596
1558298364405 -521523
1558298364410 -521528
1558298364411 -521529
1558298367069 -524187
1558298368022 -525140
1558298368137 -525255
1558298372519 -529637
1558298376226 -533343
1558298377907 -535024
1558298378730 -535847
1558298380301 -537418
1558298381859 -538976
1558298381859 -538976
1558298381903 -539020
1558298384247 -541364
