1558297846439 -2602
1558297846476 -2639
1558297846860 -4551
1558297851831 -9522
1558297853069 -9231
1558297857888 -14050
1558297858507 -16197
1558297859461 -17151
1558297863377 -21067
1558297863743 -19905
1558297863743 -19905
1558297864423 -22113
1558297869548 -25710
1558297871415 -27577
1558297872018 -29707
1558297872018 -29707
1558297872021 -29710
1558297874350 -30512
1558297876456 -30655
1558297881034 -38683
1558297882165 -38327
1558297883137 -39299
1558297883254 -37453
1558297887042 -43204
1558297888442 -42641
1558297898242 -55890
1558297902155 -59803
1558297902521 -55486
1558297903133 -60781
1558297905589 -59787
1558297905589 -58554
1558297910477 -64675
1558297911297 -65495
1558297912304 -65269
1558297916010 -70208
1558297919919 -74099
1558297920896 -75076
1558297921875 -76055
1558297921906 -74870
1558297922882 -75846
1558297923873 -81518
1558297924010 -78190
1558297925817 -78781
1558297926763 -80942
1558297931327 -88970
1558297931328 -88681
1558297931692 -84655
1558297938009 -95362
1558297939356 -92318
1558297943437 -100524
1558297943876 -101228
1558297943876 -101228
1558297947170 -99526
1558297947789 -105141
1558297949079 -101981
1558297949747 -107099
1558297951073 -103429
1558297952049 -104405
1558297954941 -107843
1558297956590 -113942
1558297956900 -109802
1558297956939 -109294
1558297960854 -113209
1558297960854 -113209
1558297962724 -115625
1558297962892 -115247
1558297969454 -122355
1558297969501 -121855
1558297970392 -127479
1558297973343 -126244
1558297973397 -125750
1558297975498 -128399
1558297976337 -129238
1558297979811 -129870
1558297983112 -134851
1558297983168 -133227
1558297986431 -136490
1558297987065 -138804
1558297988532 -145783
1558297991615 -143354
1558297992870 -150121
1558297992870 -150121
1558297995649 -147388
1558298000147 -151886
1558298005420 -157158
1558298006906 -156963
1558298007554 -164803
1558298008364 -165613
1558298009884 -167133
1558298010859 -168108
1558298013775 -165513
1558298015226 -166964
1558298015903 -173151
1558298020551 -172289
1558298026500 -181065
1558298037031 -188765
1558298037743 -192307
1558298039439 -189140
1558298045588 -195288
1558298046511 -196211
1558298048186 -197886
1558298049066 -200282
1558298054836 -209400
1558298055105 -204805
1558298057462 -212026
1558298057462 -212026
1558298059418 -213982
1558298064558 -215774
1558298065290 -216506
1558298071372 -222588
1558298071487 -221187
1558298072989 -222689
1558298076258 -227473
1558298077996 -232382
1558298084944 -239330
1558298087008 -236131
1558298092147 -246532
1558298092437 -241560
1558298093847 -242970
1558298096765 -253851
1558298098762 -249977
1558298099510 -253895
1558298100963 -250086
1558298100963 -252178
1558298102287 -256672
1558298102650 -251773
1558298103454 -254669
1558298109527 -250192
1558298109630 -264014
1558298112267 -261389
1558298113241 -262363
1558298114950 -272036
1558298116793 -271177
1558298117768 -272152
1558298123077 -263733
1558298124610 -278994
1558298133538 -284770
1558298134254 -285486
1558298138560 -283548
1558298143804 -288791
1558298143804 -295036
1558298144604 -295836
1558298145629 -290616
1558298146165 -272573
1558298147350 -292336
1558298147353 -292339
1558298148068 -274476
1558298148068 -274476
1558298148068 -274476
1558298148893 -300125
1558298152335 -277961
1558298154073 -305304
1558298156705 -265320
1558298157943 -283568
1558298165598 -316829
1558298173194 -330279
1558298183564 -340648
1558298187840 -344924
1558298190093 -347177
1558298191784 -348868
1558298191785 -348869
1558298193590 -350048
1558298193629 -348808
1558298193675 -348854
1558298195505 -350684
1558298199824 -355003
1558298199836 -355015
1558298199836 -355015
1558298201550 -356729
1558298201551 -356730
1558298201558 -356736
1558298203406 -358584
1558298203411 -358589
1558298205104 -360282
1558298205112 -360290
1558298206926 -362104
1558298208698 -363876
1558298208699 -363877
1558298208700 -363878
1558298210538 -365716
1558298210550 -365728
1558298212220 -367398
1558298212220 -367398
1558298212239 -367417
1558298212240 -367418
1558298213894 -369072
1558298213895 -369073
1558298215629 -370807
1558298215640 -370818
1558298215641 -370819
1558298215641 -370819
1558298219025 -374203
1558298219026 -374204
1558298220795 -375973
1558298220804 -375982
1558298220805 -375983
1558298223182 -378360
1558298223183 -378361
1558298229397 -384575
1558298231393 -386571
1558298233352 -388530
1558298235334 -390508
1558298237125 -392299
1558298238949 -394123
1558298240912 -396086
1558298240933 -396106
1558298240934 -396107
1558298242919 -398092
1558298242920 -398093
1558298242923 -398096
1558298244766 -399939
1558298246697 -401870
1558298246710 -401883
1558298248696 -403869
1558298248702 -403875
1558298250646 -405819
1558298250647 -405820
1558298252548 -407721
1558298252548 -407721
1558298254443 -409616
1558298256367 -411540
1558298256397 -411570
1558298256428 -411601
1558298258233 -413406
1558298258234 -413407
1558298258235 -413408
1558298261934 -417107
1558298262835 -418008
1558298264770 -419943
1558298264855 -420028
1558298264925 -420098
1558298266629 -421802
1558298270379 -425552
1558298274158 -429331
1558298274158 -429331
1558298277859 -433032
1558298277863 -433036
1558298277864 -433037
1558298279605 -434778
1558298281083 -436256
1558298281083 -436250
1558298283562 -437529
1558298287226 -441192
1558298290000 -443966
1558298291846 -445808
1558298293528 -447490
1558298293531 -447493
1558298295480 -449442
1558298299827 -453789
1558298299827 -453789
1558298299830 -453792
1558298301648 -455610
1558298301747 -455709
1558298301831 -455793
1558298303487 -457449
1558298306228 -460190
1558298308127 -462089
1558298308128 -462090
1558298308130 -462092
1558298308131 -462093
1558298309830 -463792
1558298311741 -465703
1558298312505 -466467
1558298313348 -467310
1558298314453 -468415
1558298316103 -470065
1558298316159 -470121
1558298318033 -471995
1558298322396 -476358
1558298324202 -478164
1558298324203 -478165
1558298324204 -478166
1558298324205 -478167
1558298327735 -481697
1558298329404 -483366
1558298336178 -490140
1558298338780 -492742
1558298338781 -492743
1558298338782 -492744
1558298340588 -494550
1558298342261 -496223
1558298344090 -498045
1558298346075 -498257
1558298347997 -500179
1558298347998 -500180
1558298349794 -501976
1558298349795 -501977
1558298349796 -501978
1558298351662 -503844
1558298351663 -503845
1558298355309 -507491
1558298355312 -507494
1558298359835 -512017
1558298359920 -512102
1558298360020 -512202
1558298363595 -515777
1558298363598 -515780
1558298364522 -516703
1558298364523 -516704
1558298367211 -519392
1558298367212 -519393
1558298367212 -519393
1558298368151 -520332
1558298370882 -523063
1558298372665 -524846
1558298372667 -524848
1558298375008 -527189
1558298382894 -535075
1558298382906 -535087
1558298384456 -536637
1558298388469 -540650
1558298388470 -540651
