1558297949895 -108230
1558297961650 -119984
1558297973616 -131950
1558298003247 -161581
1558298033776 -192110
1558298050666 -209000
1558298086208 -244542
1558298103964 -262298
1558298140496 -298830
1558298158290 -316315
1558298167472 -325497
1558298176557 -334582
1558298181706 -339731
1558298185863 -343888
1558298192911 -350936
1558298192973 -350998
1558298193881 -351906
1558298205337 -363362
1558298208854 -366878
1558298210642 -368666
1558298210645 -368665
1558298212322 -370342
1558298215717 -373737
1558298217415 -375435
1558298220818 -378838
1558298220837 -378857
1558298220853 -378873
1558298224061 -382081
1558298225763 -383782
1558298226548 -384567
1558298227360 -385357
1558298229322 -387319
1558298231269 -389266
1558298235209 -393206
1558298238934 -396931
1558298240885 -398881
1558298246626 -404622
1558298246649 -404645
1558298248620 -406616
1558298250567 -408563
1558298250568 -408564
1558298254298 -412294
1558298258053 -416049
1558298258056 -416052
1558298258998 -416994
1558298260851 -418847
1558298262614 -420610
1558298264490 -422486
1558298266415 -424411
1558298270067 -428063
1558298270069 -428065
1558298271064 -429060
1558298272933 -430929
1558298272934 -430930
1558298272935 -430931
1558298274741 -432737
1558298274780 -432776
1558298276652 -434648
1558298278428 -436424
1558298278429 -436425
1558298280831 -438827
1558298280849 -438845
1558298280850 -438846
1558298282469 -440465
1558298286957 -444952
1558298288883 -446878
1558298290530 -448525
1558298293229 -451224
1558298293230 -451225
1558298298718 -456713
1558298304979 -462974
1558298306717 -464712
1558298306720 -464715
1558298306721 -464716
1558298309396 -467391
1558298312949 -470944
1558298312950 -470945
1558298316568 -473419
1558298319225 -476076
1558298319228 -476079
1558298319229 -476080
1558298321108 -477959
1558298321110 -477961
1558298321112 -477963
1558298321112 -477963
1558298324430 -481281
1558298326174 -483025
1558298328865 -485716
1558298328866 -485717
1558298328875 -485726
1558298329709 -486560
1558298329710 -486561
1558298334114 -490964
1558298334117 -490967
1558298335786 -492636
1558298337562 -494411
1558298340866 -497715
1558298342552 -499401
1558298342693 -499542
1558298344350 -501199
1558298344416 -501265
1558298346308 -503157
1558298346311 -503160
1558298346311 -503160
1558298349095 -505944
1558298349097 -505946
1558298349100 -505949
1558298349977 -506826
1558298352681 -509530
1558298352687 -509536
1558298353625 -510474
1558298357280 -514129
1558298357281 -514130
1558298359952 -516801
1558298360052 -516901
1558298361001 -517850
1558298361002 -517851
1558298363691 -520537
1558298363692 -520324
1558298364607 -521239
1558298367319 -523951
1558298369249 -525881
1558298371035 -527667
1558298372725 -529357
1558298372728 -529360
1558298378897 -535529
1558298380603 -537235
1558298383038 -539670
1558298383038 -539670
1558298383042 -539674
