1558297845744 -3395
1558297851028 -8527
1558297857408 -15059
1558297858777 -16275
1558297859324 -16974
1558297859327 -16977
1558297865983 -23430
1558297868340 -25838
1558297869302 -26800
1558297875136 -32633
1558297876674 -34120
1558297879576 -37022
1558297881938 -39435
1558297886797 -44294
1558297893438 -49283
1558297895948 -53389
1558297903717 -61157
1558297903717 -61157
1558297906638 -62506
1558297908979 -64823
1558297909548 -65416
1558297915618 -71462
1558297918217 -74083
1558297922422 -78266
1558297923668 -79512
1558297931198 -87041
1558297933110 -88738
1558297933110 -88738
1558297937816 -93410
1558297950056 -105633
1558297951412 -107004
1558297953579 -109171
1558297954913 -110489
1558297956852 -112428
1558297964472 -120047
1558297969372 -124947
1558297970307 -125882
1558297974667 -128078
1558297977128 -130539
1558297977617 -131004
1558297979674 -133084
1558297983992 -137402
1558297986142 -139552
1558297987045 -140455
1558297987045 -140455
1558297987383 -140770
1558297988146 -143958
1558297989682 -143092
1558297992535 -145922
1558297995036 -147993
1558298002845 -155802
1558298009138 -162548
1558298011041 -164450
1558298012454 -165411
1558298014001 -167410
1558298016906 -170315
1558298017881 -171290
1558298021142 -174056
1558298027665 -180579
1558298044950 -194651
1558298046430 -199344
1558298047486 -197187
1558298065657 -215358
1558298073032 -222736
1558298074368 -224069
1558298075750 -225451
1558298077628 -227329
1558298080968 -230672
1558298085125 -234827
1558298093000 -242702
1558298097015 -246602
1558298098589 -248291
1558298098879 -248581
1558298101093 -250680
1558298103013 -258825
1558298113462 -261660
1558298113463 -261661
1558298120433 -260495
1558298123873 -263537
1558298123891 -263555
1558298125799 -265463
1558298126175 -266236
1558298127151 -267212
1558298128569 -268233
1558298131551 -271611
1558298131551 -271611
1558298134438 -274100
1558298135817 -266115
1558298136779 -267077
1558298139443 -295254
1558298144046 -275538
1558298145435 -276927
1558298152374 -269409
1558298152374 -269409
1558298152573 -269608
1558298152756 -269791
1558298155164 -272199
1558298155169 -272204
1558298159075 -276109
1558298159075 -276109
1558298161695 -284979
1558298165072 -282105
1558298166582 -281475
1558298167149 -322960
1558298170893 -326704
1558298170894 -326705
1558298176557 -332368
1558298181750 -337561
1558298181751 -337562
1558298183934 -339745
1558298189307 -345118
1558298190397 -346208
1558298193021 -348832
1558298193863 -349674
1558298196549 -352360
1558298196550 -352361
1558298196551 -352362
1558298198319 -354130
1558298200083 -355894
1558298200084 -355895
1558298201864 -357675
1558298201865 -357676
1558298203649 -359460
1558298207166 -362977
1558298207167 -362978
1558298207168 -362979
1558298208990 -364801
1558298209025 -364836
1558298212426 -368237
1558298214089 -369900
1558298214126 -369937
1558298216653 -372464
1558298216654 -372465
1558298220088 -375899
1558298220125 -375936
1558298226763 -382574
1558298226807 -382618
1558298228707 -384518
1558298230622 -386433
1558298230623 -386434
1558298232637 -388448
1558298232638 -388449
1558298232639 -388430
1558298234626 -390417
1558298234645 -390436
1558298235601 -391392
1558298235602 -391393
1558298235604 -391395
1558298238351 -394142
1558298239163 -394954
1558298241170 -396961
1558298241172 -396963
1558298243124 -398915
1558298246966 -402757
1558298248952 -404743
1558298250891 -406682
1558298250892 -406683
1558298250893 -406684
1558298252772 -408563
1558298254594 -410385
1558298254595 -410386
1558298256627 -412418
1558298256628 -412419
1558298258477 -414268
1558298258478 -414269
1558298258478 -414269
1558298262161 -417952
1558298262165 -417956
1558298262168 -417959
1558298263114 -418905
1558298265858 -421649
1558298265917 -421708
1558298265969 -421760
1558298266908 -422699
1558298268780 -424571
1558298270634 -426425
1558298270637 -426427
1558298272533 -428323
1558298272534 -428324
1558298274297 -430087
1558298274356 -430146
1558298276264 -432054
1558298278096 -433886
1558298278096 -433886
1558298278097 -433887
1558298279837 -435626
1558298285757 -441546
1558298285759 -441548
1558298290195 -445984
1558298290219 -446008
1558298290220 -446009
1558298290220 -446009
1558298292095 -447884
1558298292096 -447885
1558298296534 -452323
1558298296535 -452324
1558298302746 -458535
1558298304688 -460477
1558298304689 -460478
1558298306459 -462248
1558298308372 -464161
1558298308373 -464162
1558298308375 -464164
1558298308376 -464165
1558298310019 -465808
1558298310021 -465810
1558298310022 -465811
1558298312724 -468513
1558298314424 -470212
1558298314577 -470365
1558298314577 -470365
1558298316359 -472147
1558298318262 -474050
1558298320937 -476725
1558298320939 -476727
1558298322599 -478387
1558298322600 -478388
1558298324356 -480144
1558298324538 -480317
1558298326089 -481859
1558298326146 -479428
1558298326200 -479482
1558298327984 -481266
1558298327986 -481268
1558298329639 -482921
1558298329639 -482921
1558298332942 -486224
1558298340837 -494119
1558298340839 -494121
1558298344358 -497640
1558298344424 -497706
1558298346339 -499621
1558298346340 -499622
1558298350033 -503315
1558298353714 -506996
1558298356446 -509728
1558298356447 -509729
1558298358301 -511583
1558298358304 -511586
1558298360072 -513354
1558298361979 -515261
1558298367459 -520741
1558298367460 -520742
1558298369404 -522686
1558298371187 -524468
1558298373555 -526836
1558298375246 -528527
1558298375249 -528530
