1558298190133 -347466
1558298195530 -352863
1558298206883 -362922
1558298208646 -364685
1558298208647 -364686
1558298219091 -375127
1558298220718 -376754
1558298229285 -385321
1558298235210 -391246
1558298238794 -394830
1558298246525 -401956
1558298246570 -402001
1558298252373 -407804
1558298252376 -407807
1558298254227 -409658
1558298260869 -416300
1558298266363 -421794
1558298276742 -432172
1558298276743 -432173
1558298284166 -439596
1558298284167 -439597
1558298286969 -442399
1558298290556 -445986
1558298293261 -448691
1558298301418 -456848
1558298309500 -464930
1558298317659 -471297
1558298324728 -478366
1558298330694 -484331
1558298332344 -485981
1558298334187 -487824
1558298337693 -491330
1558298347598 -501235
1558298353059 -506696
1558298354918 -508555
1558298360422 -514059
1558298362300 -515937
1558298369618 -523255
1558298377721 -531358
