1558297850113 -2842
1558297850955 -3684
1558297851493 -9356
1558297855824 -8553
1558297858263 -16125
1558297862667 -15395
1558297863061 -20923
1558297865603 -18331
1558297865604 -18332
1558297866638 -19366
1558297866872 -23801
1558297868554 -21282
1558297869593 -22321
1558297876493 -33421
1558297877467 -34395
1558297880406 -37334
1558297885165 -37891
1558297887176 -44104
1558297887934 -40660
1558297890867 -43593
1558297890902 -47829
1558297892828 -45554
1558297892828 -45554
1558297894907 -51834
1558297895767 -52694
1558297904508 -61435
1558297905533 -58259
1558297914168 -66893
1558297916003 -72544
1558297916004 -72545
1558297916005 -72546
1558297920851 -73576
1558297923933 -80473
1558297925743 -78468
1558297932587 -85186
1558297933511 -88462
1558297933513 -88464
1558297935098 -90049
1558297936504 -89103
1558297936505 -89104
1558297937258 -92209
1558297940827 -93426
1558297941449 -94048
1558297943097 -103767
1558297953982 -106581
1558297958196 -110795
1558297968105 -123055
1558297972271 -127220
1558297978137 -132487
1558297980529 -130460
1558297981212 -131143
1558297982050 -136400
1558297985305 -139655
1558297995567 -149917
1558297996629 -146559
1558297998035 -158705
1558298001066 -150996
1558298003394 -157743
1558298007204 -157117
1558298013797 -165530
1558298019826 -171559
1558298020299 -170210
1558298022785 -174518
1558298022871 -172782
1558298024738 -176471
1558298027669 -179402
1558298029539 -181272
1558298033620 -183493
1558298038580 -188453
1558298042174 -193907
1558298051055 -200899
1558298052585 -202429
1558298052769 -202613
1558298054171 -204937
1558298061649 -211492
1558298070348 -221113
1558298070453 -220296
1558298073013 -223778
1558298077297 -227140
1558298078461 -239131
1558298079249 -229092
1558298084433 -234276
1558298091411 -242176
1558298091411 -242176
1558298092208 -242973
1558298094736 -243819
1558298107607 -256689
1558298118031 -267113
1558298118032 -267114
1558298120512 -269594
1558298121873 -270955
1558298123174 -262827
1558298135335 -266573
1558298139243 -270481
1558298140220 -271458
1558298144517 -287638
1558298149014 -270312
1558298149169 -292289
1558298152400 -282022
1558298153532 -283154
1558298154085 -275380
1558298155055 -284676
1558298159764 -289384
1558298162539 -283827
1558298176280 -336950
1558298178972 -339642
1558298178993 -339663
1558298179015 -339685
1558298181509 -342179
1558298181535 -342205
1558298187707 -348377
1558298191914 -352584
1558298193688 -354358
1558298193717 -354387
1558298195576 -356246
1558298196416 -357086
1558298197335 -358005
1558298197335 -358005
1558298197344 -358014
1558298199936 -360606
1558298199936 -360606
1558298201638 -362308
1558298201650 -362320
1558298205163 -365833
1558298206934 -367604
1558298206957 -367627
1558298210516 -371186
1558298212197 -372867
1558298212215 -372885
1558298215601 -376271
1558298215602 -376272
1558298217325 -377994
1558298220750 -381419
1558298220766 -381435
1558298222439 -383108
1558298222439 -383108
1558298222441 -383110
1558298222446 -383115
1558298225753 -386315
1558298229325 -389887
1558298231132 -391694
1558298235115 -395677
1558298237025 -397587
1558298237046 -397608
1558298238869 -399431
1558298240817 -401379
1558298240831 -401393
1558298242806 -403368
1558298244636 -405198
1558298246566 -407128
1558298250541 -411100
1558298254286 -414845
1558298255323 -415882
1558298258100 -418659
1558298258113 -418672
1558298259050 -419609
1558298260919 -421478
1558298260928 -421487
1558298266414 -426973
1558298266467 -427026
1558298268355 -428914
1558298268361 -428919
1558298270186 -430744
1558298270192 -430750
1558298271182 -431740
1558298271189 -431747
1558298274718 -435275
1558298274761 -435318
1558298276622 -437179
1558298280870 -441427
1558298282591 -443148
1558298287021 -447578
1558298288867 -449424
1558298288949 -449506
1558298290601 -451158
1558298290633 -451190
1558298293310 -453867
1558298293318 -453875
1558298296904 -457136
1558298296905 -457137
1558298296909 -457140
1558298299580 -459811
1558298299580 -459811
1558298301588 -461819
1558298303215 -463446
1558298309546 -469777
1558298311402 -471633
1558298311403 -471634
1558298313092 -473323
1558298315027 -475258
1558298315859 -476090
1558298317672 -477903
1558298319393 -479624
1558298319397 -479628
1558298321292 -481523
1558298321296 -481527
1558298324625 -484856
1558298326186 -486417
1558298326229 -486460
1558298326284 -486515
1558298330697 -490928
1558298330697 -490928
1558298332334 -492565
1558298334175 -494406
1558298334176 -494407
1558298335778 -496009
1558298337676 -497907
1558298339276 -499507
1558298341875 -502106
1558298341876 -502107
1558298342617 -502848
1558298347541 -507770
1558298347544 -507773
1558298351190 -511419
1558298351195 -511424
1558298351196 -511425
1558298351197 -511426
1558298354829 -515058
1558298358451 -518680
1558298360471 -520700
1558298362177 -522406
1558298364006 -524235
1558298365798 -526027
1558298365799 -526028
1558298365800 -526029
1558298367633 -527861
