1558297844670 -5511
1558297844849 -5690
1558297856467 -17307
1558297859122 -14981
1558297864150 -24990
1558297865051 -25891
1558297867030 -22889
1558297867982 -28822
1558297875748 -36588
1558297880466 -36325
1558297882554 -43394
1558297885401 -46184
1558297886345 -42203
1558297889306 -45164
1558297895100 -50958
1558297896965 -52823
1558297901814 -62596
1558297904759 -59341
1558297913583 -68165
1558297915515 -70074
1558297919143 -79925
1558297920113 -80895
1558297921211 -75770
1558297923025 -83807
1558297924095 -84877
1558297928057 -82616
1558297934956 -95323
1558297935773 -96140
1558297935984 -90541
1558297938412 -98779
1558297939417 -99784
1558297939417 -99784
1558297942325 -102692
1558297942558 -97114
1558297948130 -108497
1558297948136 -108503
1558297949412 -103968
1558297950382 -104938
1558297953494 -108050
1558297954297 -108852
1558297956247 -110802
1558297960159 -114714
1558297960159 -114714
1558297960602 -120968
1558297965912 -122056
1558297968686 -129052
1558297970313 -130677
1558297975558 -135921
1558297978595 -132870
1558297980224 -140587
1558297980953 -141316
1558297981539 -135813
1558297982781 -143144
1558297983748 -144111
1558297986756 -141030
1558297986944 -147307
1558297987721 -148084
1558297990563 -150926
1558297991740 -146013
1558297992735 -153098
1558297996385 -156748
1558298000297 -160660
1558298003025 -163388
1558298003840 -158112
1558298008959 -169322
1558298008995 -169358
1558298010012 -166156
1558298010342 -166486
1558298010684 -162989
1558298013996 -174358
1558298014312 -174674
1558298017594 -177587
1558298022449 -182442
1558298028120 -180425
1558298028120 -180425
1558298030507 -182812
1558298037108 -197101
1558298039775 -199767
1558298040758 -196902
1558298045113 -197418
1558298045919 -198224
1558298053661 -205960
1558298057142 -213286
1558298057293 -209404
1558298058073 -218065
1558298064600 -224275
1558298065358 -225033
1558298065358 -217469
1558298067791 -227466
1558298069836 -221947
1558298075530 -235204
1558298080587 -232698
1558298083774 -235884
1558298083905 -243579
1558298085335 -245009
1558298086149 -245823
1558298088242 -240352
1558298095084 -247194
1558298099513 -259187
1558298099987 -259661
1558298101675 -261349
1558298101691 -261365
1558298102605 -262279
1558298103889 -255999
1558298105541 -265215
1558298109061 -261171
1558298110535 -270197
1558298114335 -273997
1558298115319 -274981
1558298115319 -274981
1558298115452 -267561
1558298116432 -268541
1558298118253 -277915
1558298118393 -270502
1558298120425 -256292
1558298122692 -258559
1558298133240 -292902
1558298135858 -271720
1558298136828 -272690
1558298138775 -274637
1558298138783 -274645
1558298143216 -302878
1558298143216 -302878
1558298143992 -303654
1558298146274 -305936
1558298147588 -273860
1558298149208 -308869
1558298155228 -281499
1558298158155 -269687
1558298159005 -282188
1558298160975 -284157
1558298161638 -317782
1558298164666 -276197
1558298165455 -276986
1558298165455 -276986
1558298178495 -334639
1558298181066 -337210
1558298183288 -339432
1558298185308 -341452
1558298185311 -341455
1558298185312 -341456
1558298189827 -345971
1558298191697 -347840
1558298193311 -349454
1558298193335 -349478
1558298193372 -349515
1558298195216 -351359
1558298196980 -353123
1558298200515 -356658
1558298202302 -358445
1558298202303 -358446
1558298202310 -358453
1558298202311 -358454
1558298208363 -364506
1558298210199 -366342
1558298210200 -366343
1558298215262 -371405
1558298215268 -371411
1558298215269 -371412
1558298216994 -373137
1558298222144 -378286
1558298222147 -378289
1558298223744 -379886
1558298223749 -379891
1558298225535 -381677
1558298227073 -383215
1558298234996 -391138
1558298236899 -393041
1558298239502 -395644
1558298242458 -398600
1558298246235 -402377
1558298246280 -402422
1558298251180 -407322
1558298253062 -409204
1558298254923 -411065
1558298256881 -413023
1558298260587 -416729
1558298260592 -416734
1558298264260 -420402
1558298267151 -423293
1558298267152 -423294
1558298269895 -426037
1558298278294 -433724
1558298280680 -436110
1558298282181 -437611
1558298286735 -442165
1558298288638 -444068
1558298288718 -444148
1558298288811 -444241
1558298290354 -445784
1558298290354 -445783
1558298294911 -450340
1558298294917 -450346
1558298296651 -452080
1558298300172 -455597
1558298302887 -458312
1558298304850 -460275
1558298311091 -466516
1558298311094 -466519
1558298312818 -468243
1558298312825 -468250
1558298312826 -468251
1558298314638 -470063
1558298316496 -471921
1558298319117 -474542
1558298319130 -474555
1558298321019 -476444
1558298322665 -478090
1558298326120 -481545
1558298329659 -485084
1558298329659 -485084
1558298335530 -490955
1558298337335 -492760
1558298337362 -492787
1558298342384 -497809
1558298344450 -499875
1558298344503 -499928
1558298346300 -499936
1558298349102 -502738
1558298349993 -503629
1558298352720 -506356
1558298353677 -507313
1558298353678 -507314
1558298356406 -510042
1558298356407 -510043
1558298356410 -510046
1558298356411 -510047
1558298367438 -521074
1558298371127 -524763
1558298371165 -524801
1558298375206 -528842
1558298375212 -528848
1558298378844 -532480
