1558298005273 -161399
1558298005509 -161635
1558298005655 -161781
1558298010484 -166610
1558298010736 -166862
1558298024714 -180840
1558298128387 -284513
1558298162239 -318365
1558298170075 -326201
1558298170099 -326225
1558298175897 -332023
1558298178661 -334787
1558298181214 -337340
1558298181214 -337340
1558298183409 -339535
1558298185428 -341554
1558298185429 -341555
1558298187643 -343769
1558298189979 -346105
1558298195386 -351512
1558298195387 -351513
1558298198912 -355038
1558298203284 -359409
1558298204993 -361118
1558298206807 -362932
1558298206807 -362932
1558298206808 -362933
1558298208566 -364691
1558298212085 -368210
1558298215489 -371614
1558298215489 -371614
1558298215490 -371615
1558298219078 -375203
1558298219184 -375309
1558298223950 -380075
1558298229273 -385398
1558298229274 -385399
1558298231245 -387370
1558298231248 -387373
1558298233210 -389335
1558298233268 -389393
1558298235227 -390855
1558298237177 -392805
1558298240824 -396452
1558298240836 -396464
1558298242807 -398435
1558298244645 -400273
1558298244729 -400357
1558298246580 -402208
1558298246614 -402242
1558298250557 -406185
1558298252458 -408086
1558298252469 -408097
1558298254346 -409974
1558298254363 -409991
1558298255329 -410957
1558298255369 -410997
1558298258161 -413789
1558298258167 -413795
1558298259099 -414727
1558298260978 -416606
1558298260980 -416608
1558298260980 -416608
1558298262744 -418372
1558298262745 -418373
1558298264599 -420227
1558298264833 -420461
1558298266522 -422150
1558298270287 -425915
1558298272198 -427826
1558298272199 -427827
1558298274054 -429682
1558298277760 -433387
1558298279482 -435109
1558298279484 -435111
1558298279486 -435113
1558298281122 -436749
1558298281126 -436753
1558298283612 -439203
1558298285407 -440998
1558298285408 -440999
1558298287144 -442735
1558298287144 -442735
1558298293435 -449026
1558298293435 -449026
1558298295375 -450966
1558298295376 -450967
1558298295377 -450968
1558298297069 -452660
1558298299729 -455320
1558298306130 -461721
1558298308034 -463625
1558298308034 -463625
1558298308035 -463626
1558298309727 -465318
1558298309728 -465318
1558298311632 -467222
1558298313279 -468869
1558298315991 -471581
1558298316049 -471639
1558298317905 -473495
1558298317907 -473497
1558298319652 -475242
1558298321542 -477132
1558298325689 -481279
1558298329310 -484900
1558298329312 -484902
1558298334398 -489988
1558298334398 -489988
1558298336037 -491627
1558298338690 -494280
1558298340468 -496058
1558298342168 -497758
1558298343940 -499530
1558298344110 -499700
1558298347884 -503474
1558298349704 -505294
1558298353362 -508952
1558298353363 -508953
1558298358760 -514350
1558298358890 -514480
1558298359865 -515455
1558298360738 -516328
1558298360843 -516433
1558298363505 -519095
1558298363506 -519096
1558298364453 -520043
1558298367104 -522694
1558298368099 -523689
1558298372554 -528143
1558298374881 -530470
