1558297842167 -310
1558297843534 -1677
1558297846397 -4540
1558297853131 -11273
1558297864514 -22655
1558297864560 -22701
1558297865417 -23558
1558297867249 -44022
1558297869256 -27397
1558297874085 -32154
1558297875746 -52519
1558297881564 -58336
1558297882672 -40740
1558297884928 -42996
1558297884928 -42996
1558297885456 -62226
1558297886514 -44582
1558297888624 -46692
1558297891347 -49359
1558297892328 -50340
1558297894185 -70947
1558297901275 -62938
1558297901427 -63090
1558297901875 -59886
1558297904767 -62778
1558297906457 -83216
1558297914182 -90917
1558297914552 -76215
1558297915315 -73326
1558297921874 -79884
1558297923947 -100681
1558297923947 -100681
1558297925718 -83728
1558297926673 -84683
1558297928602 -86412
1558297928602 -86412
1558297934400 -92210
1558297938157 -114423
1558297940553 -98362
1558297941857 -118060
1558297947760 -105569
1558297949592 -125783
1558297951515 -127706
1558297952943 -110601
1558297952943 -110601
1558297953736 -111394
1558297954533 -112191
1558297955752 -117415
1558297957877 -115535
1558297957965 -115623
1558297959363 -117020
1558297963436 -139627
1558297968928 -145118
1558297970150 -131813
1558297970675 -146813
1558297971756 -129269
1558297973693 -131206
1558297982439 -144102
1558297987368 -144880
1558297991598 -149109
1558297993091 -150602
1558297998517 -174401
1558298000177 -157557
1558298001812 -159192
1558298002434 -178317
1558298005265 -181148
1558298005267 -181150
1558298005267 -181150
1558298005268 -181151
1558298006876 -164256
1558298010235 -167615
1558298011441 -173104
1558298015183 -190772
1558298016693 -192282
1558298016694 -192283
1558298016834 -174214
1558298022488 -198077
1558298025529 -182842
1558298026428 -188091
1558298026496 -183809
1558298029698 -187011
1558298032290 -189602
1558298033255 -190567
1558298037783 -195095
1558298038381 -195693
1558298039740 -215273
1558298042758 -200070
1558298042758 -200070
1558298043159 -204822
1558298046204 -221737
1558298046947 -204259
1558298050430 -225963
1558298053259 -210571
1558298053685 -210997
1558298054596 -211907
1558298055324 -212635
1558298058209 -215520
1558298059983 -235516
1558298060950 -236483
1558298068726 -244258
1558298069644 -226777
1558298077467 -252923
1558298083042 -238907
1558298083042 -258480
1558298083691 -239556
1558298083691 -259129
1558298083691 -259129
1558298094794 -261148
1558298096529 -252393
1558298099465 -265818
1558298103310 -258306
1558298106229 -261225
1558298108503 -263499
1558298112872 -267868
1558298114417 -276080
1558298115037 -273168
1558298120673 -275669
1558298124539 -279535
1558298130898 -285891
1558298134148 -287920
1558298135535 -297198
1558298135540 -297203
1558298136253 -294383
1558298138195 -296325
1558298141113 -299243
1558298152565 -306336
1558298154729 -316392
1558298163084 -324747
1558298178777 -340440
1558298183331 -344994
1558298183334 -344997
1558298183335 -344998
1558298193505 -355168
1558298195420 -357083
1558298195421 -357084
1558298195422 -357085
1558298195423 -357086
1558298198935 -360598
1558298198936 -360599
1558298200689 -362351
1558298200690 -362352
1558298203307 -364969
1558298203307 -364969
1558298205019 -366681
1558298206828 -368490
1558298206829 -368491
1558298206830 -368492
1558298212086 -373748
1558298213764 -375426
1558298215485 -377147
1558298215486 -377148
1558298217211 -378873
1558298217212 -378874
1558298218954 -380616
1558298218957 -380619
1558298220653 -382315
1558298222333 -383995
1558298223921 -385466
1558298227255 -388800
1558298227255 -388800
1558298229079 -390624
1558298231024 -392568
1558298236916 -398460
1558298236917 -398461
1558298238729 -400273
1558298240695 -402239
1558298240706 -402250
1558298242689 -404233
1558298242694 -404238
1558298244557 -406101
1558298244634 -406178
1558298244716 -406260
1558298246478 -408022
1558298246504 -408048
1558298247494 -409038
1558298247498 -409042
1558298247498 -409042
1558298251370 -412914
1558298254171 -415715
1558298254181 -415725
1558298255168 -416712
1558298257101 -418645
1558298257102 -418646
1558298257103 -418647
1558298257105 -418649
1558298257106 -418650
1558298260804 -422348
1558298262591 -424135
1558298266326 -427870
1558298266352 -427896
1558298266409 -427953
1558298268264 -429808
1558298270095 -431639
1558298270098 -431642
1558298271086 -432630
1558298272835 -434379
1558298272839 -434383
1558298272840 -434384
1558298274644 -436188
1558298274736 -436280
1558298278349 -439893
1558298280723 -442267
1558298280724 -442268
1558298280728 -442272
1558298280729 -442273
1558298282422 -443964
1558298286939 -448481
1558298286943 -448484
1558298288791 -450332
1558298290552 -452093
1558298293240 -454781
1558298295147 -456688
1558298296835 -458376
1558298299495 -461036
1558298299499 -461040
1558298303100 -464641
1558298303138 -464679
1558298305044 -466585
1558298306775 -468316
1558298306776 -468317
1558298309464 -471005
1558298309465 -471006
1558298311322 -472863
1558298313021 -474562
1558298313022 -474563
1558298314898 -476439
1558298316671 -478212
1558298317628 -479169
1558298317648 -479189
1558298321219 -482760
1558298321220 -482761
1558298321226 -482767
1558298322719 -484260
1558298324593 -486134
1558298324725 -486266
1558298326191 -487732
1558298326233 -487774
1558298328860 -490401
1558298334116 -495657
1558298335707 -497248
1558298335792 -497333
1558298335867 -497408
1558298337585 -499126
1558298337604 -499145
1558298339186 -500727
1558298339187 -500728
1558298339188 -500729
