1558297843842 -3310025
1558297843842 -3309475
1558297843842 -3309475
1558297843842 -3309475
1558297843842 -3309475
1558297843842 -3309475
1558297843842 -888
1558297847438 -4484
1558297848370 -6694
1558297848435 -5481
1558297851388 -8434
1558297857148 -14194
1558297864164 -21210
1558297867457 -25436
1558297869376 -27355
1558297870338 -28317
1558297874178 -32157
1558297892062 -49096
1558297892309 -50287
1558297895226 -53204
1558297895970 -53004
1558297899013 -56991
1558297911580 -68613
1558297912435 -69238
1558297912435 -69238
1558297914360 -71393
1558297917660 -74693
1558297921199 -78232
1558297924828 -81572
1558297925109 -80326
1558297925109 -80326
1558297932110 -90453
1558297932138 -90481
1558297932555 -89299
1558297933525 -90269
1558297938654 -93870
1558297953785 -110528
1558297954288 -109504
1558297955578 -112321
1558297959201 -114417
1558297961392 -116110
1558297961649 -119992
1558297963216 -118432
1558297965284 -120002
1558297965856 -121071
1558297970952 -125670
1558297971922 -126640
1558297973519 -131862
1558297973641 -131984
1558297975977 -130695
1558297977597 -132812
1558297978576 -133791
1558297980126 -134843
1558297980668 -135883
1558297985845 -140562
1558297985845 -140562
1558297988191 -141994
1558297988443 -143160
1558297989846 -148189
1558298002871 -157588
1558298003459 -161802
1558298003711 -162054
1558298006653 -161334
1558298018355 -176698
1558298025178 -178966
1558298029296 -183976
1558298031290 -185078
1558298033627 -191970
1558298034791 -188579
1558298038247 -192927
1558298038871 -192659
1558298040655 -192367
1558298044982 -199661
1558298048226 -202905
1558298050053 -208395
1558298055119 -206381
1558298062979 -214691
1558298063208 -221550
1558298065468 -217180
1558298069446 -220708
1558298075743 -227454
1558298076250 -227512
1558298076669 -228380
1558298080573 -232284
1558298083036 -234747
1558298083599 -234861
1558298083599 -234861
1558298083916 -235627
1558298085808 -244150
1558298093005 -244182
1558298093633 -244810
1558298094560 -245737
1558298094560 -245737
1558298103578 -261920
1558298103982 -262324
1558298104277 -255453
1558298108541 -259098
1558298113494 -264051
1558298114471 -265028
1558298116746 -267922
1558298120948 -272124
1558298124260 -274817
1558298124533 -275709
1558298125504 -276680
1558298127186 -277743
1558298130646 -281202
1558298133130 -283686
1558298133550 -284726
1558298134914 -285470
1558298136065 -285318
1558298136826 -287382
1558298137806 -288362
1558298138004 -287257
1558298152644 -301897
1558298153994 -303247
1558298158510 -316852
1558298162058 -311507
1558298166115 -315563
1558298167426 -325768
1558298170955 -329297
1558298176565 -334907
1558298179232 -337574
1558298185843 -344185
1558298185844 -344186
1558298185852 -344194
1558298192909 -351250
1558298196545 -354886
1558298198295 -356636
1558298198296 -356637
1558298198297 -356638
1558298200054 -358395
1558298201811 -360152
1558298201811 -360152
1558298203592 -361933
1558298205319 -363660
1558298205320 -363661
1558298207088 -365429
1558298207089 -365430
1558298210636 -368977
1558298210637 -368978
1558298212314 -370655
1558298212315 -370656
1558298213973 -372314
1558298213974 -372315
1558298215711 -374051
1558298215711 -374051
1558298219050 -377390
1558298220813 -379153
1558298220831 -379171
1558298223178 -381518
1558298223179 -381519
1558298223181 -381459
1558298224060 -382298
1558298225764 -384002
1558298226549 -384787
1558298227348 -385586
1558298229318 -387555
1558298233220 -390796
1558298233280 -390856
1558298235230 -392806
1558298237166 -394742
1558298238980 -396556
1558298238992 -396568
1558298240936 -398512
1558298240937 -398513
1558298240953 -398529
1558298242918 -400494
1558298242922 -400498
1558298248653 -406229
1558298250607 -408183
1558298254378 -411954
1558298255368 -412933
1558298255396 -412961
1558298258173 -415738
1558298258173 -415738
1558298259095 -416660
1558298259096 -416661
1558298259099 -416664
1558298262731 -420296
1558298262735 -420300
1558298264585 -422150
1558298264717 -422282
1558298266430 -423995
1558298268401 -425966
1558298270215 -427780
1558298271207 -428772
1558298271208 -428773
1558298273899 -431464
1558298274912 -432476
1558298278423 -435987
1558298278424 -435975
1558298280823 -436557
1558298280824 -436558
1558298280825 -436559
1558298282549 -438283
1558298284177 -439911
1558298284178 -439912
1558298286972 -442704
1558298288831 -444563
1558298288918 -444650
1558298290550 -446282
1558298290568 -446300
1558298293252 -448984
1558298295156 -450888
1558298299502 -455234
1558298301371 -457103
1558298301372 -457104
1558298301373 -457105
1558298303106 -458838
1558298305027 -460759
1558298305028 -460760
1558298305029 -460761
1558298306761 -462493
1558298306763 -462495
1558298311282 -467014
1558298314970 -470701
1558298316608 -472339
1558298319255 -474986
1558298321140 -476871
1558298322783 -478514
1558298322783 -478514
1558298324453 -480184
1558298324630 -480360
1558298326247 -481977
1558298328914 -484644
1558298328915 -484645
1558298328915 -484645
1558298330674 -486404
1558298335590 -491320
1558298337457 -493152
1558298337457 -493152
1558298340919 -496614
1558298340920 -496615
1558298340931 -496625
1558298344403 -500097
1558298344466 -500160
1558298345415 -501109
1558298346369 -502063
1558298346376 -502070
1558298349130 -504824
1558298349138 -504832
1558298352731 -508425
1558298352739 -508433
1558298356393 -512087
1558298357323 -513017
1558298357324 -513018
1558298360105 -515799
1558298361023 -516717
1558298364647 -520341
1558298364648 -520342
1558298364651 -520345
1558298367349 -523043
1558298367350 -523044
1558298368255 -523949
1558298369265 -524959
1558298371012 -526706
1558298371037 -526731
1558298371067 -526761
1558298375094 -530788
1558298375096 -530790
1558298375096 -530790
1558298376584 -532278
1558298378982 -534676
1558298381311 -537005
1558298381357 -537051
