1558297851768 -7879
1558297856436 -12547
1558297858408 -14519
1558297864404 -20515
1558297878656 -34766
1558297881608 -37718
1558297891132 -46512
1558297900827 -56205
1558297900832 -56210
1558297911510 -66888
1558297930305 -84019
1558297944846 -98559
1558297949328 -103041
1558297952783 -106496
1558297965774 -118376
1558297968049 -120651
1558297970664 -123266
1558297972621 -125223
1558297982404 -135006
1558297990061 -142663
1558297994901 -151436
1558297996913 -149514
1558297997889 -150490
1558298000453 -153054
1558298005714 -155802
1558298007247 -157335
1558298009456 -159543
1558298011002 -167438
1558298023149 -173236
1558298026081 -176168
1558298031229 -181315
1558298031950 -182036
1558298032931 -183017
1558298042422 -198858
1558298042868 -199304
1558298060962 -211046
1558298061942 -212026
1558298066943 -217027
1558298074940 -224465
1558298077043 -233479
1558298087203 -236728
1558298093254 -242779
1558298101887 -251412
1558298114421 -263928
1558298121813 -263311
1558298134496 -290932
1558298143708 -277560
1558298150478 -284328
1558298162017 -275610
1558298162996 -276589
1558298172955 -329391
1558298187704 -344140
1558298189997 -346433
1558298191897 -348332
1558298191937 -348372
1558298193712 -350147
1558298195374 -351809
1558298195379 -351814
1558298197130 -353565
1558298198892 -355327
1558298198892 -355327
1558298198897 -355332
1558298203271 -359706
1558298203278 -359713
1558298204966 -361401
1558298208516 -364951
1558298208517 -364952
1558298208526 -364961
1558298208527 -364962
1558298210354 -366789
1558298212031 -368466
1558298213702 -370137
1558298217150 -373585
1558298217158 -373593
1558298218888 -375323
1558298220579 -377014
1558298223864 -380299
1558298223865 -380300
1558298225652 -382087
1558298227203 -383638
1558298229159 -385594
1558298229160 -385595
1558298231112 -387547
1558298233046 -389481
1558298235105 -391540
1558298236992 -392253
1558298237004 -392265
1558298238827 -394088
1558298240603 -395864
1558298240621 -395882
1558298242609 -397870
1558298242618 -397879
1558298243437 -398698
1558298244511 -399772
1558298244570 -399831
1558298246367 -401628
1558298246410 -401671
1558298246455 -401716
1558298250332 -405593
1558298254111 -409372
1558298254121 -409382
1558298255085 -410346
1558298255139 -410400
1558298255140 -410401
1558298257021 -412282
1558298257021 -412282
1558298258847 -414108
1558298260722 -415983
1558298260723 -415984
1558298262523 -417784
1558298264404 -419665
1558298266228 -421489
1558298266229 -421490
1558298270014 -425275
1558298270014 -425275
1558298271016 -426277
1558298272900 -428161
1558298274704 -429964
1558298274748 -430008
1558298274785 -430045
1558298276613 -431873
1558298276614 -431874
1558298278420 -433680
1558298278421 -433681
1558298280833 -436093
1558298280834 -436094
1558298282583 -437843
1558298288703 -443963
1558298288704 -443964
1558298290433 -445693
1558298293154 -448414
1558298293154 -448414
1558298295031 -450291
1558298295032 -450292
1558298296747 -452007
1558298298652 -453912
1558298298653 -453913
1558298298658 -453918
1558298301268 -456528
1558298301271 -456531
1558298303008 -458268
1558298303059 -458319
1558298309377 -464637
1558298311218 -466478
1558298311219 -466479
1558298312940 -468200
1558298314752 -470012
1558298314882 -470142
1558298315015 -470275
1558298316573 -471833
1558298316602 -471862
1558298319236 -474496
1558298319236 -474496
1558298321125 -476385
1558298322778 -478038
1558298324452 -479712
1558298324629 -479889
1558298324739 -479997
1558298326214 -481430
1558298328935 -484150
1558298332374 -487589
1558298334065 -489280
1558298335739 -490954
1558298337540 -492755
1558298339152 -494367
1558298341037 -496252
1558298342479 -497694
1558298346531 -501746
1558298346532 -501747
1558298346534 -501749
1558298349299 -504514
1558298351131 -506346
1558298354782 -509997
1558298354783 -509998
1558298356613 -511828
1558298356615 -511830
1558298358625 -513840
1558298358626 -513841
1558298360275 -515490
1558298363984 -519198
1558298365785 -520999
1558298367809 -523023
1558298369533 -524747
1558298371330 -526544
1558298373699 -528913
1558298375422 -530636
1558298377744 -532958
1558298378978 -534192
1558298379084 -534298
1558298379183 -534397
1558298381512 -536726
