1558297994131 -150166
1558298023463 -179498
1558298087673 -243708
1558298087954 -243989
1558298126585 -282620
1558298126590 -282625
1558298148042 -304077
1558298168403 -324438
1558298175551 -331586
1558298178379 -334414
1558298183212 -339247
1558298187467 -343502
1558298187517 -343552
1558298187570 -343605
1558298189764 -345799
1558298191666 -347701
1558298191672 -347707
1558298193489 -349524
1558298193490 -349525
1558298195187 -351222
1558298195193 -351228
1558298196962 -352997
1558298196963 -352998
1558298196964 -352999
1558298198736 -354771
1558298200525 -356560
1558298202314 -358349
1558298202315 -358350
1558298204039 -360074
1558298204060 -360095
1558298210248 -366283
1558298210257 -366292
1558298211912 -367947
1558298211923 -367958
1558298213614 -369649
1558298215345 -371380
1558298217065 -373100
1558298218800 -374835
1558298218809 -374844
1558298222217 -378252
1558298222226 -378261
1558298223827 -379862
1558298225619 -381654
1558298227156 -383191
1558298227177 -383212
1558298229124 -385159
1558298229125 -385160
1558298229126 -385161
1558298231087 -387122
1558298233045 -389080
1558298233118 -386161
1558298235092 -388135
1558298235093 -388136
1558298235106 -388149
1558298236998 -390041
1558298238835 -391878
1558298238836 -391879
1558298242629 -395672
1558298242630 -395673
1558298243503 -396546
1558298244539 -397582
1558298244606 -397649
1558298244693 -397736
1558298246403 -399446
1558298246453 -399496
1558298247439 -400482
1558298250369 -403412
1558298250374 -403417
1558298250374 -403417
1558298251327 -404370
1558298251330 -404373
1558298254143 -407186
1558298255144 -408187
1558298255179 -408222
1558298255224 -408267
1558298255279 -408322
1558298257076 -410119
1558298258897 -411940
1558298258899 -411942
1558298260783 -413826
1558298260785 -413828
1558298260786 -413829
1558298262575 -415618
1558298264470 -417513
1558298264474 -417517
1558298270103 -423146
1558298270104 -423147
1558298270106 -423149
1558298271095 -424138
1558298271098 -424141
1558298273846 -426889
1558298274837 -427880
1558298274880 -427923
1558298276728 -429771
1558298276729 -429772
1558298279331 -432374
1558298279332 -432375
1558298280982 -434025
1558298280983 -434026
1558298280984 -434027
1558298284179 -437222
1558298284181 -437224
1558298286991 -440034
1558298286994 -440037
1558298286994 -440037
1558298290592 -443634
1558298290626 -443668
1558298293300 -446342
1558298293301 -446343
1558298295226 -448268
1558298295226 -448268
1558298295238 -448280
1558298295239 -448281
1558298299602 -452644
1558298299606 -452648
1558298299607 -452649
1558298301468 -454510
1558298303203 -456245
1558298303247 -456289
1558298307874 -460916
1558298307875 -460917
1558298307877 -460919
1558298307878 -460920
1558298307879 -460919
1558298309585 -462625
1558298311465 -464503
1558298311466 -463725
1558298313134 -465393
1558298317753 -470011
1558298317766 -470024
1558298317784 -470042
1558298319481 -471739
1558298321382 -473640
1558298321385 -473643
1558298323015 -475273
1558298323015 -475273
1558298327393 -479651
1558298327429 -479687
1558298329151 -481409
1558298329156 -481414
1558298330969 -483227
1558298330970 -483228
1558298330971 -483229
1558298332616 -484874
1558298332618 -484876
1558298334310 -486568
1558298334310 -486568
1558298335971 -488229
1558298337821 -490078
1558298339412 -491669
1558298339413 -491670
1558298339417 -491674
1558298343884 -496141
1558298345731 -497988
1558298345769 -498026
1558298345806 -498063
1558298345848 -498105
1558298347717 -499974
1558298347718 -499975
1558298349542 -501799
1558298349543 -501800
1558298349544 -501801
1558298351382 -503639
1558298351383 -503640
1558298353181 -505438
1558298355021 -507278
1558298358542 -510799
1558298360528 -512785
1558298360588 -512845
1558298364227 -516483
1558298366039 -518295
1558298367747 -520003
1558298367932 -520188
1558298369737 -521993
1558298369800 -522056
1558298372389 -524645
1558298372390 -524646
1558298376275 -528531
1558298377941 -530197
1558298379294 -531550
1558298380287 -532543
1558298380287 -532543
1558298381763 -534019
1558298381794 -534050
1558298385934 -538190
1558298385940 -538195
