1558297850771 -6507
1558297857727 -35206
1558297859566 -15302
1558297862173 -39651
1558297862496 -18232
1558297865428 -21164
1558297865931 -43409
1558297866429 -22165
1558297868253 -23989
1558297872133 -27869
1558297872133 -27869
1558297876035 -31771
1558297893429 -49134
1558297895444 -51149
1558297897338 -53043
1558297905289 -60994
1558297907114 -62817
1558297915767 -71470
1558297918963 -96258
1558297935522 -91225
1558297935522 -91225
1558297940547 -96250
1558297943941 -99644
1558297946874 -102577
1558297978002 -132910
1558297988593 -143501
1558297988596 -143504
1558297994457 -149365
1558297994460 -149368
1558298007494 -161468
1558298008363 -162337
1558298009163 -163136
1558298009178 -163151
1558298013783 -167756
1558298033201 -210496
1558298036826 -190797
1558298044719 -198690
1558298052491 -205146
1558298062467 -239761
1558298068259 -220913
1558298073579 -226233
1558298076081 -228735
1558298082231 -259525
1558298099802 -252456
1558298103691 -280985
1558298122843 -274722
1558298123021 -274900
1558298127575 -279454
1558298137187 -276147
1558298140120 -279079
1558298156580 -277341
1558298165864 -286620
1558298167202 -344496
1558298169864 -277080
1558298170869 -348163
1558298173571 -350865
1558298176499 -353793
1558298179181 -356475
1558298181658 -358952
1558298183799 -361093
1558298183803 -361097
1558298193036 -370330
1558298193840 -371134
1558298198415 -375709
1558298198416 -375710
1558298200164 -377458
1558298205414 -382708
1558298205415 -382709
1558298207169 -384463
1558298208922 -386216
1558298208982 -386275
1558298210713 -388006
1558298214050 -391343
1558298214053 -391346
1558298217494 -394787
1558298219019 -396312
1558298223988 -401281
1558298223989 -401282
1558298226520 -403813
1558298227447 -404718
1558298235306 -412577
1558298237211 -414482
1558298237211 -414482
1558298239035 -416306
1558298241008 -418279
1558298244816 -422086
1558298250641 -427911
1558298252531 -429801
1558298252534 -429804
1558298254399 -431669
1558298254401 -431671
1558298255394 -432664
1558298260985 -438231
1558298262737 -439983
1558298264585 -441831
1558298266504 -443750
1558298273866 -451112
1558298274849 -452094
1558298274850 -452095
1558298274890 -452135
1558298276719 -453964
1558298285340 -462585
1558298285341 -462586
1558298287067 -464312
1558298290665 -467191
1558298290666 -467191
1558298291690 -468212
1558298293326 -469845
1558298293332 -469848
1558298296879 -473322
1558298296882 -473317
1558298299539 -475964
1558298299540 -475957
1558298299541 -475955
1558298301430 -477841
1558298301431 -477839
1558298301433 -477835
1558298303168 -479550
1558298306774 -483069
1558298311297 -487557
1558298311298 -487554
1558298311301 -487553
1558298312991 -489237
1558298312992 -489234
1558298316613 -492834
1558298319248 -495469
1558298332434 -508572
1558298334261 -510388
1558298339306 -515366
1558298342782 -518842
