1558297846572 -1830
1558297847529 -3191
1558297850486 -5744
1558297860514 -16175
1558297864464 -20125
1558297870072 -25733
1558297872779 -28036
1558297876871 -32531
1558297877846 -33506
1558297879602 -34859
1558297882701 -38361
1558297885654 -40375
1558297889390 -44640
1558297889514 -44235
1558297892471 -47192
1558297898999 -54249
1558297901976 -56696
1558297906837 -61557
1558297911690 -66410
1558297916417 -71667
1558297917571 -71633
1558297920298 -74360
1558297927139 -81201
1558297932024 -86086
1558297932055 -85831
1558297937890 -91952
1558297945696 -99472
1558297950468 -104243
1558297954381 -108156
1558297957652 -111713
1558297961188 -115249
1558297961594 -119938
1558297964131 -117878
1558297968192 -121289
1558297969026 -122123
1558297969086 -122833
1558297969867 -123614
1558297973735 -126832
1558297976729 -130475
1558297980049 -133146
1558297981624 -135370
1558297987405 -141150
1558297991557 -144653
1558297996087 -149832
1558298000321 -153417
1558298001521 -155266
1558298003912 -157657
1558298022568 -180912
1558298025222 -177983
1558298033078 -184829
1558298034027 -186787
1558298037598 -189348
1558298037598 -189538
1558298038907 -190657
1558298040700 -192640
1558298042691 -194441
1558298042691 -194441
1558298044640 -196390
1558298050515 -202264
1558298053786 -205535
1558298059104 -211044
1558298064872 -216811
1558298074989 -226928
1558298074989 -226928
1558298075830 -226386
1558298085508 -236063
1558298086940 -245283
1558298091839 -243496
1558298092223 -243880
1558298092557 -243112
1558298093324 -244981
1558298093324 -243879
1558298103917 -255574
1558298108848 -259403
1558298113576 -264131
1558298116459 -268115
1558298118476 -269031
1558298123493 -274047
1558298123493 -274047
1558298125262 -276918
1558298131258 -277859
1558298135942 -282540
1558298145067 -276193
1558298146622 -297891
1558298148632 -279758
1558298153035 -304304
1558298166164 -283594
1558298167473 -325492
1558298168008 -285007
1558298170979 -328998
1558298170997 -329016
1558298173640 -331659
1558298179246 -337265
1558298181703 -339722
1558298181704 -339723
1558298181706 -339725
1558298185848 -343867
1558298185857 -343876
1558298188084 -346103
1558298190278 -348297
1558298190279 -348298
1558298190280 -348299
1558298192974 -350993
1558298193882 -351900
1558298196551 -354569
1558298198299 -356317
1558298198300 -356318
1558298200058 -358076
1558298200059 -358077
1558298201816 -359834
1558298203601 -361619
1558298205326 -363344
1558298205327 -363345
1558298207091 -365109
1558298207091 -365109
1558298208851 -366869
1558298208853 -366871
1558298210639 -368657
1558298210640 -368658
1558298212319 -370337
1558298212320 -370338
1558298212320 -370338
1558298213979 -371997
1558298213980 -371998
1558298215712 -373730
1558298215715 -373733
1558298217406 -375424
1558298217409 -375427
1558298217410 -375428
1558298217411 -375429
1558298219164 -377182
1558298220816 -378834
1558298220834 -378852
1558298223181 -381199
1558298223186 -381204
1558298224063 -382081
1558298224063 -382081
1558298227362 -385380
1558298230462 -388480
1558298231475 -389493
1558298231477 -389495
1558298235370 -393388
1558298237249 -395267
1558298239064 -397081
1558298239065 -397082
1558298239066 -397083
1558298241049 -399066
1558298241051 -399068
1558298242997 -401014
1558298244823 -402840
1558298244883 -402900
1558298246790 -404807
1558298248768 -406785
1558298248769 -406786
1558298250698 -408715
1558298252582 -409348
1558298254460 -411226
1558298254461 -411227
1558298254468 -411234
1558298256369 -413135
1558298256400 -413166
1558298259056 -415821
1558298260896 -417661
1558298262654 -419419
1558298264545 -421310
1558298264546 -421311
1558298264547 -421312
1558298268309 -425074
1558298270135 -426900
1558298270140 -426905
1558298271114 -427879
1558298273848 -430613
1558298274839 -431604
1558298274882 -431647
1558298276704 -433469
1558298280942 -437707
1558298280947 -437712
1558298282677 -439442
1558298285347 -442112
1558298287078 -443843
1558298288889 -445654
1558298288973 -445738
1558298289040 -445805
1558298291700 -448465
1558298293355 -450120
1558298296956 -453721
1558298296956 -453721
1558298299615 -456380
1558298299622 -456386
1558298301466 -458230
1558298301467 -458231
1558298303183 -459947
1558298304972 -461736
1558298304972 -461736
1558298304973 -461737
1558298309389 -466153
1558298311222 -467986
1558298311229 -467993
1558298312939 -469703
1558298312943 -469707
1558298316558 -473322
1558298316590 -473354
1558298316620 -473384
1558298319218 -475982
1558298321102 -477866
1558298321103 -477867
1558298321105 -477869
1558298321106 -477870
1558298328870 -485634
1558298328876 -485640
1558298329708 -486472
1558298332258 -489022
1558298334109 -490873
1558298334111 -490875
1558298335732 -492496
1558298337575 -492284
1558298339170 -493879
1558298339171 -493880
1558298341051 -495760
1558298342486 -497195
1558298342640 -497349
1558298342744 -497453
1558298346536 -501245
1558298349296 -504005
1558298350025 -504734
1558298350030 -504739
1558298353700 -508409
1558298353702 -508411
1558298356420 -511129
1558298357363 -512072
1558298357364 -512073
1558298357365 -512074
1558298360042 -514751
1558298361963 -516671
1558298363771 -518479
1558298367422 -522130
1558298369291 -523999
1558298369399 -524107
1558298376655 -531363
1558298379106 -533814
1558298379203 -533911
1558298381421 -536129
