1558297843604 -4421749
1558297843722 -643
1558297847031 -3952
1558297847987 -4908
1558297849842 -4858
1558297859530 -16451
1558297860851 -15865
1558297861496 -18417
1558297865226 -22147
1558297865711 -20725
1558297866240 -23161
1558297869512 -24526
1558297871378 -26392
1558297886920 -41934
1558297891787 -46801
1558297894565 -51480
1558297896471 -51485
1558297897327 -54241
1558297897328 -54242
1558297899305 -56219
1558297899305 -56219
1558297911035 -67945
1558297914760 -71670
1558297923778 -77654
1558297926499 -83405
1558297927481 -84387
1558297932294 -86170
1558297936231 -93135
1558297937085 -93989
1558297949583 -102347
1558297954446 -107210
1558297955410 -108174
1558297958075 -114974
1558297961367 -118266
1558297964961 -117724
1558297966906 -119669
1558297970164 -127061
1558297972117 -129014
1558297975359 -132255
1558297975899 -128662
1558297977004 -133900
1558297978964 -135860
1558297980751 -133514
1558297985319 -138082
1558297987677 -144571
1558297991804 -144565
1558297995889 -148649
1558297998352 -155245
1558297999935 -156828
1558298003672 -161033
1558298011880 -168771
1558298014894 -166688
1558298016767 -173635
1558298020768 -172562
1558298021998 -173792
1558298027786 -179579
1558298038087 -194953
1558298041048 -197913
1558298043163 -194148
1558298044820 -195805
1558298050385 -207746
1558298053457 -210291
1558298053457 -210291
1558298061464 -212448
1558298067955 -225316
1558298068105 -225466
1558298074382 -231070
1558298075257 -231945
1558298076037 -227020
1558298079820 -236507
1558298085636 -236026
1558298085726 -242412
1558298085900 -243261
1558298094330 -244720
1558298095303 -245693
1558298095463 -252145
1558298095464 -252146
1558298099213 -249603
1558298103123 -259641
1558298105832 -256221
1558298110225 -266743
1558298110968 -267486
1558298111662 -259190
1558298116807 -273325
1558298116807 -273325
1558298116809 -273327
1558298117492 -265019
1558298124897 -282258
1558298130902 -269783
1558298132666 -289184
1558298134269 -290787
1558298143281 -299798
1558298144263 -266020
1558298145634 -267390
1558298146946 -303463
1558298153237 -309754
1558298155613 -312130
1558298158937 -280691
1558298165099 -321616
1558298166067 -271483
1558298168290 -324807
1558298174062 -331423
1558298176955 -334316
1558298176959 -334320
1558298179605 -336966
1558298179606 -336967
1558298179607 -336968
1558298179608 -336969
1558298182083 -339444
1558298182084 -339445
1558298184963 -342324
1558298187235 -344596
1558298189512 -346873
1558298189513 -346874
1558298191420 -348781
1558298191421 -348782
1558298193091 -350452
1558298194943 -352304
1558298194943 -352304
1558298196750 -354111
1558298198506 -355867
1558298200285 -357646
1558298200286 -357647
1558298200288 -357649
1558298200289 -357650
1558298203823 -361184
1558298203850 -361211
1558298203851 -361212
1558298205651 -363012
1558298205652 -363013
1558298207380 -364741
1558298207381 -364742
1558298210021 -367382
1558298210022 -367383
1558298210045 -367406
1558298210943 -368304
1558298213398 -370759
1558298213398 -370759
1558298213399 -370760
1558298213402 -370763
1558298213403 -370764
1558298215075 -372436
1558298215101 -372462
1558298215122 -372483
1558298216850 -374211
1558298218552 -375913
1558298218553 -375914
1558298218554 -375915
1558298218555 -375916
1558298220262 -377623
1558298220319 -377680
1558298222021 -379382
1558298223607 -380968
1558298225387 -382748
1558298225388 -382749
1558298226952 -384313
1558298228911 -386272
1558298230851 -388212
1558298230852 -388213
1558298230857 -388218
1558298232799 -390009
1558298234839 -392049
1558298236786 -393996
1558298236787 -393997
1558298238398 -395608
1558298238399 -395609
1558298242364 -399574
1558298242365 -399575
1558298243325 -400535
1558298245229 -402439
1558298245251 -402461
1558298245283 -402493
1558298247173 -404383
1558298250095 -407304
1558298250099 -407308
1558298250100 -407309
1558298252970 -410179
1558298252971 -410180
1558298252972 -410181
1558298254853 -412062
1558298254902 -412111
1558298256810 -414019
1558298256811 -414020
1558298256812 -414020
1558298256813 -414021
1558298258671 -415879
1558298258672 -415880
1558298260541 -417749
1558298262369 -419577
1558298262371 -419579
1558298264234 -421442
1558298266084 -423292
1558298267125 -424333
1558298267126 -424334
1558298267127 -424335
1558298269881 -427089
1558298269881 -427089
1558298270886 -428094
1558298274571 -431779
1558298276505 -433713
1558298276505 -433713
1558298276506 -433714
1558298278316 -435524
1558298278317 -435525
1558298280698 -437906
1558298280699 -437907
1558298282233 -439440
1558298282234 -439441
1558298283981 -441188
1558298286785 -443992
1558298286786 -443993
1558298288508 -445715
1558298288658 -445865
1558298290368 -447575
1558298290402 -447609
1558298292324 -449531
1558298292324 -449531
1558298294992 -452199
1558298294993 -452200
1558298294994 -452201
1558298294995 -452202
1558298296711 -453918
1558298296712 -453919
1558298298602 -455809
1558298300263 -457470
1558298301245 -458452
1558298302989 -460196
1558298303044 -460251
1558298303095 -460302
1558298304945 -462152
1558298306690 -463895
1558298311239 -468444
1558298311239 -468444
1558298312957 -470162
1558298312958 -470163
1558298312960 -470165
1558298312961 -470166
1558298314769 -471974
1558298314910 -472114
1558298315037 -472241
1558298316601 -473805
1558298316625 -473829
1558298316650 -473854
1558298319257 -476461
1558298319258 -476462
1558298319259 -476463
1558298321146 -478350
1558298321147 -478351
1558298322803 -480007
1558298324467 -481671
1558298324640 -481844
1558298326246 -483450
1558298328953 -486157
1558298330762 -487966
1558298335696 -490340
1558298335777 -490421
1558298335851 -490495
1558298337571 -492214
1558298337590 -492233
1558298342531 -497174
1558298342678 -497321
1558298345452 -500095
1558298345499 -500142
1558298347503 -502146
1558298347504 -502147
1558298351167 -505810
1558298352968 -507611
1558298354809 -509452
1558298356659 -511302
1558298356660 -511303
1558298356667 -511310
1558298360411 -515054
1558298362198 -516841
1558298362208 -516851
1558298364028 -518671
1558298365821 -520464
1558298365822 -520465
1558298367833 -522476
1558298371341 -525984
1558298371356 -525999
1558298373724 -528367
1558298373726 -528369
1558298376070 -530713
1558298377626 -532269
1558298377627 -532270
1558298377628 -532271
1558298377629 -532272
1558298379119 -533762
1558298379217 -533860
1558298381551 -536194
1558298383973 -538616
1558298383976 -538619
1558298383977 -538620
1558298385737 -540380
1558298387260 -541903
1558298387261 -541904
1558298387261 -541904
