1558297852705 -10444
1558297854657 -10393
1558297856610 -12346
1558297871870 -29609
1558297872128 -27864
1558297875064 -30800
1558297881023 -36759
1558297881023 -36759
1558297883822 -39558
1558297885808 -41544
1558297889691 -45396
1558297894682 -50387
1558297896368 -52073
1558297899002 -55907
1558297901253 -56958
1558297906181 -61886
1558297920643 -76346
1558297923623 -80527
1558297925212 -82116
1558297932048 -88952
1558297936057 -92961
1558297939705 -95563
1558297939705 -95563
1558297948498 -104356
1558297949474 -105332
1558297956764 -114091
1558297961547 -116456
1558297965940 -121797
1558297970826 -126683
1558297972779 -128636
1558297975924 -131781
1558297983884 -138792
1558297993319 -146500
1558297994118 -147299
1558297996072 -149253
1558298000293 -154267
1558298001333 -154513
1558298003895 -157075
1558298004224 -158198
1558298005204 -159178
1558298008302 -162276
1558298010575 -163755
1558298015899 -169872
1558298020136 -173315
1558298024262 -177441
1558298028170 -181349
1558298032410 -186382
1558298036848 -190819
1558298038482 -192453
1558298046185 -200155
1558298047673 -205000
1558298049509 -201700
1558298049843 -202498
1558298050487 -202678
1558298052551 -205206
1558298052741 -204932
1558298053390 -206045
1558298057666 -210321
1558298065749 -217939
1558298066570 -219224
1558298071192 -223846
1558298074389 -227043
1558298076725 -228913
1558298077703 -229891
1558298084931 -237585
1558298088629 -241283
1558298093589 -246243
1558298094498 -247152
1558298103294 -255174
1558298103294 -255174
1558298109920 -260104
1558298111592 -261776
1558298115500 -265683
1558298115500 -265683
1558298116817 -268696
1558298116817 -268696
1558298122887 -274766
1558298131734 -281917
1558298131880 -282063
1558298132602 -271563
1558298133475 -272435
1558298135238 -274198
1558298137457 -294782
1558298139141 -278100
1558298144028 -282987
1558298145281 -284240
1558298146634 -296255
1558298146638 -296259
1558298149897 -270661
1558298152257 -273021
1558298153154 -302775
1558298162446 -283204
1558298168312 -275528
1558298173329 -330654
1558298185666 -342991
1558298185667 -342992
1558298187920 -345245
1558298190197 -347522
1558298193687 -349740
1558298196419 -352472
1558298198155 -354208
1558298198156 -354209
1558298203488 -359541
1558298203489 -359542
1558298205165 -361218
1558298208714 -364767
1558298210552 -366605
1558298212212 -368265
1558298215605 -371658
1558298220756 -376809
1558298231314 -387363
1558298237066 -393115
1558298244800 -400849
1558298248597 -404646
1558298248598 -404647
1558298252457 -407873
1558298255331 -410747
1558298258134 -413550
1558298259067 -414483
1558298259075 -414491
1558298260951 -416367
1558298262714 -418130
1558298264705 -420121
1558298266441 -421857
1558298274974 -430389
1558298279400 -434815
1558298287035 -442450
1558298290658 -446073
1558298293329 -448744
1558298293338 -448753
1558298293339 -448754
1558298296943 -452358
1558298299607 -455022
1558298301459 -456874
1558298305145 -460560
1558298307858 -463273
1558298309565 -464980
1558298311435 -466850
1558298315834 -471249
1558298317736 -471408
1558298321340 -475012
1558298322972 -476644
1558298322973 -476645
1558298324784 -478456
1558298326420 -480092
1558298327387 -481059
1558298330767 -484439
1558298332418 -486090
1558298332419 -486091
1558298334272 -487944
1558298334273 -487945
1558298337787 -491459
1558298341984 -495656
1558298347687 -501359
1558298349511 -503183
1558298351349 -505021
1558298351350 -505022
1558298353153 -506825
1558298353154 -506826
1558298354996 -508668
1558298356836 -510508
1558298358530 -512202
1558298366008 -519679
1558298367735 -521406
1558298369703 -523374
1558298376080 -529727
