1558297846020 -869
1558297852894 -7743
1558297860589 -15438
1558297869227 -24075
1558297873127 -27975
1558297875087 -29935
1558297881124 -35972
1558297885055 -39903
1558297886790 -41638
1558297887769 -42617
1558297891789 -50302
1558297893742 -52255
1558297898636 -57149
1558297905631 -64143
1558297909392 -67904
1558297911162 -69674
1558297914097 -72609
1558297917290 -75802
1558297926828 -85340
1558297930098 -88610
1558297931452 -85581
1558297932702 -91214
1558297934391 -88502
1558297934952 -93427
1558297936418 -94893
1558297938372 -96847
1558297939281 -93392
1558297942322 -100797
1558297942322 -100797
1558297943278 -101753
1558297944555 -103030
1558297949873 -103984
1558297952052 -110526
1558297956718 -110827
1558297964379 -118488
1558297965357 -119466
1558297966334 -120443
1558297967973 -126444
1558297971445 -129916
1558297974680 -126116
1558297978072 -129508
1558297980417 -138872
1558297983631 -139758
1558297988483 -144610
1558297992119 -150477
1558298000675 -152109
1558298002399 -153833
1558298008544 -166901
1558298008602 -160035
1558298010196 -168553
1558298014742 -173099
1558298015362 -173719
1558298018007 -176364
1558298019706 -178063
1558298020362 -171190
1558298024857 -183214
1558298026642 -177470
1558298026810 -185167
1558298026811 -185168
1558298029415 -187772
1558298029968 -180796
1558298030082 -188439
1558298032344 -188471
1558298041310 -199666
1558298046492 -204848
1558298047213 -205569
1558298049127 -207483
1558298051080 -209436
1558298051081 -209437
1558298055808 -213913
1558298056786 -214891
1558298056801 -207627
1558298059574 -210400
1558298065253 -223358
1558298066746 -224849
1558298066746 -224849
1558298085941 -244043
1558298091494 -240867
1558298092983 -242356
1558298094733 -252834
1558298095596 -244969
1558298095705 -253806
1558298103196 -259323
1558298105372 -254745
1558298109627 -267670
1558298112057 -259199
1558298123894 -281936
1558298124696 -282738
1558298131439 -278579
1558298131986 -290028
1558298134384 -271655
1558298134457 -292499
1558298136411 -294453
1558298137388 -295430
1558298140265 -296391
1558298141230 -278500
1558298143219 -280489
1558298147099 -284368
1558298148973 -307014
1558298155735 -281597
1558298161604 -287465
1558298165905 -291766
1558298166559 -324473
1558298168448 -281614
1558298173740 -329866
1558298176700 -332826
1558298181827 -337953
1558298181833 -337959
1558298189371 -345497
1558298193082 -349208
1558298196606 -352732
1558298198391 -354517
1558298200130 -356256
1558298203674 -359800
1558298203675 -359801
1558298210790 -366916
1558298210792 -366918
1558298217637 -373763
1558298221861 -377987
1558298223469 -379595
1558298225238 -381364
1558298226784 -382910
1558298228758 -384884
1558298236633 -389638
1558298243156 -396161
1558298245062 -398067
1558298246999 -400004
1558298247000 -400005
1558298254621 -407626
1558298263154 -416158
1558298266939 -419943
1558298270670 -423674
1558298270675 -423679
1558298272570 -425574
1558298276299 -429303
1558298278128 -431132
1558298278131 -431135
1558298279892 -432894
1558298283800 -436802
1558298285781 -438783
1558298287426 -440428
1558298290204 -443206
1558298292114 -445116
1558298293789 -446791
1558298300072 -453074
1558298304727 -457068
1558298314641 -466982
1558298320962 -473303
1558298322638 -472726
1558298324377 -474465
1558298324378 -474466
1558298326062 -476150
1558298328018 -478106
1558298328028 -478116
1558298337354 -487442
1558298337388 -487476
1558298342410 -492498
1558298342411 -492499
1558298344447 -494535
1558298352773 -502861
1558298353725 -503813
1558298371179 -521267
1558298375279 -525367
1558298377593 -527681
1558298377594 -527682
1558298378830 -528918
