1558297843101 -3629
1558297844125 -4653
1558297846049 -6577
1558297848070 -8598
1558297860458 -20985
1558297861424 -21951
1558297862388 -22915
1558297885502 -45761
1558297889146 -49405
1558297901658 -61916
1558297901658 -61916
1558297901658 -61916
1558297912241 -72769
1558297913084 -73342
1558297915022 -75280
1558297922739 -82997
1558297933379 -93515
1558297935420 -95556
1558297935420 -95556
1558297943041 -103569
1558297953675 -113579
1558297959477 -120005
1558297964119 -123892
1558297966836 -126609
1558297969727 -129500
1558297970940 -131468
1558297971292 -131820
1558297976544 -136317
1558297981235 -141007
1558297983301 -143829
1558297986446 -146218
1558298001663 -161433
1558298001663 -161433
1558298008349 -168118
1558298016729 -176362
1558298027367 -186999
1558298030002 -189634
1558298030473 -190105
1558298042725 -202352
1558298048555 -208181
1558298049527 -209153
1558298057140 -216766
1558298059520 -220048
1558298060053 -219679
1558298067007 -226607
1558298067836 -227436
1558298069778 -229378
1558298074436 -234036
1558298075562 -235162
1558298075562 -235162
1558298083688 -243288
1558298091509 -251109
1558298093138 -252738
1558298105395 -264994
1558298109628 -259253
1558298111226 -260850
1558298114728 -275256
1558298136188 -296716
1558298146027 -281763
1558298154747 -278686
1558298156569 -280508
1558298159485 -283423
1558298163142 -323669
1558298178757 -339284
1558298181293 -341820
1558298183470 -343997
1558298185307 -345834
1558298185311 -345838
1558298189807 -350334
1558298191680 -352207
1558298191684 -352211
1558298193470 -353997
1558298193471 -353998
1558298193488 -354015
1558298195386 -355913
1558298198891 -359418
1558298198897 -359424
1558298200649 -361176
1558298203256 -363783
1558298204933 -365460
1558298206735 -367262
1558298206747 -367274
1558298208487 -369014
1558298208495 -369022
1558298210317 -370844
1558298213642 -374169
1558298213653 -374180
1558298215383 -375910
1558298215384 -375911
1558298217093 -377620
1558298218802 -379329
1558298218803 -379330
1558298218811 -379338
1558298222197 -382456
1558298222204 -382463
1558298223786 -384045
1558298223790 -384049
1558298223791 -384050
1558298225579 -385838
1558298230824 -391083
1558298230825 -391084
1558298232891 -393150
1558298239458 -399717
1558298242427 -402686
1558298242430 -402689
1558298242430 -402689
1558298243479 -403738
1558298245299 -405558
1558298246265 -406524
1558298247200 -407459
1558298247201 -407459
1558298250128 -410386
1558298252973 -413231
1558298256791 -417049
1558298256792 -417050
1558298258644 -418902
1558298260494 -420752
1558298260495 -420753
1558298262307 -422565
1558298263274 -423532
1558298266018 -426276
1558298267034 -427292
1558298268897 -429155
1558298268898 -429156
1558298268898 -429156
1558298268905 -429163
1558298270746 -431004
1558298270747 -431005
1558298270755 -431013
1558298272646 -432904
1558298276172 -436430
1558298276173 -436431
1558298278000 -438258
1558298279712 -439970
1558298281288 -441546
1558298281289 -441547
1558298287406 -447664
1558298287407 -447665
1558298288544 -448802
1558298290211 -450469
1558298292048 -452306
1558298293715 -453973
1558298293716 -453974
1558298296481 -456739
1558298296482 -456740
1558298298311 -458569
1558298298317 -458575
1558298298318 -458576
1558298299977 -460235
1558298299978 -460236
1558298301857 -462115
1558298306361 -466619
1558298309910 -470047
1558298312603 -472740
1558298312607 -472744
1558298314348 -474485
1558298314499 -474636
1558298316182 -476319
1558298316227 -476363
1558298316267 -476403
1558298316296 -476432
1558298318097 -478233
1558298318098 -478234
1558298319822 -479958
1558298319822 -479958
1558298319825 -479961
1558298319826 -479962
1558298322444 -482580
1558298329274 -489410
1558298331086 -491222
1558298332722 -492858
1558298332725 -492861
1558298332726 -492862
1558298335326 -495462
1558298336171 -496306
1558298338719 -498854
1558298340508 -500643
1558298342187 -502322
1558298342189 -502324
1558298343958 -504093
1558298344044 -504179
1558298349699 -509834
1558298349700 -509835
1558298351551 -511686
1558298351552 -511687
1558298353335 -513470
1558298355174 -515309
1558298355179 -515083
1558298356989 -516893
1558298356991 -516895
1558298358656 -518560
1558298360694 -520598
1558298364312 -524215
1558298367689 -527592
1558298367878 -527781
1558298369677 -529580
1558298373770 -533673
1558298373771 -533674
