1558297993966 -150015
1558298069372 -225421
1558298087591 -243640
1558298111247 -267296
1558298111250 -267299
1558298168383 -324432
1558298171721 -327770
1558298175534 -331583
1558298183204 -339253
1558298189759 -345808
1558298195188 -351236
1558298200505 -356553
1558298200506 -356554
1558298202327 -358375
1558298202327 -358375
1558298206648 -362696
1558298210244 -366292
1558298217079 -373127
1558298217080 -373128
1558298217090 -373138
1558298218810 -374858
1558298220526 -376574
1558298222225 -378273
1558298223833 -379881
1558298223834 -379882
1558298225624 -381672
1558298225628 -381676
1558298231107 -387155
1558298237045 -390084
1558298240628 -393667
1558298242636 -395675
1558298243522 -396561
1558298244547 -397586
1558298244614 -397653
1558298247460 -400499
1558298254154 -407193
1558298255189 -408228
1558298258911 -411950
1558298262592 -415631
1558298264487 -417526
1558298266355 -419394
1558298268283 -421322
1558298271121 -424160
1558298273857 -426896
1558298273974 -427013
1558298274868 -427907
1558298274903 -427942
1558298276751 -429790
1558298279353 -432392
1558298281003 -434040
1558298283496 -436533
1558298285264 -438301
1558298290662 -443699
1558298296952 -449989
1558298296958 -449995
1558298296959 -449996
1558298299638 -452675
1558298301735 -454772
1558298303229 -456266
1558298306017 -459034
1558298307904 -460921
1558298309618 -462635
1558298309620 -462637
1558298309621 -462638
1558298311505 -464522
1558298311506 -464523
1558298313164 -466181
1558298315944 -468251
1558298319518 -471822
1558298321426 -473730
1558298323046 -475350
1558298323047 -475351
1558298323048 -475352
1558298327472 -479776
1558298329199 -481503
1558298331008 -483312
1558298332653 -484957
1558298337847 -490151
1558298337855 -490159
1558298339443 -491747
1558298342050 -494354
1558298342051 -494354
1558298343900 -496203
1558298343983 -496286
1558298345817 -498120
1558298351419 -503722
1558298353220 -505523
1558298356902 -509205
1558298356902 -509205
1558298360649 -512952
1558298360724 -513027
1558298362500 -514803
1558298362501 -514804
1558298362502 -514805
1558298366094 -518397
1558298367964 -520267
1558298369843 -522146
1558298370764 -523067
1558298373975 -526278
1558298373975 -526278
