1558297925391 -86169
1558297941856 -102634
1558297970079 -130546
1558298170267 -330731
1558298173044 -333508
1558298176040 -336504
1558298176041 -336505
1558298176042 -336506
1558298178767 -339231
1558298178771 -339235
1558298183490 -343954
1558298183491 -343955
1558298183493 -343957
1558298185350 -345814
1558298185350 -345814
1558298185353 -345817
1558298187556 -348020
1558298187610 -348074
1558298187657 -348121
1558298189860 -350323
1558298191725 -352188
1558298193514 -353977
1558298197173 -357636
1558298200684 -361147
1558298200684 -361147
1558298200685 -361148
1558298205009 -365472
1558298206826 -367287
1558298208573 -369034
1558298208575 -369036
1558298210412 -370873
1558298210415 -370876
1558298210416 -370877
1558298212083 -372544
1558298212084 -372545
1558298213758 -374219
1558298213759 -374220
1558298215482 -375943
1558298215483 -375944
1558298215484 -375945
1558298217204 -377665
1558298217205 -377666
1558298217206 -377667
1558298218952 -379413
1558298218953 -379414
1558298220641 -381102
1558298222329 -382790
1558298222330 -382791
1558298225795 -386256
1558298227234 -387695
1558298227250 -387711
1558298227268 -387729
1558298229209 -389670
1558298231023 -391484
1558298231029 -391490
1558298232983 -393444
1558298233044 -393505
1558298235012 -395473
1558298236915 -397376
1558298240704 -401165
1558298240705 -401166
1558298240714 -401175
1558298242683 -403144
1558298242688 -403149
1558298246474 -406935
1558298246500 -406961
1558298247491 -407952
1558298250408 -410869
1558298250410 -410871
1558298251377 -411838
1558298251377 -411838
1558298254169 -414630
1558298254178 -414639
1558298257096 -417557
1558298257098 -417559
1558298258913 -419374
1558298262577 -423038
1558298262578 -423039
1558298262580 -423041
1558298264467 -424928
1558298266299 -426760
1558298266349 -426810
1558298270094 -430555
1558298271078 -431539
1558298278335 -438795
1558298278339 -438799
1558298280715 -441175
1558298280719 -441179
1558298280721 -441181
1558298282409 -442869
1558298282411 -442871
1558298284128 -444588
1558298284129 -444589
1558298284130 -444590
1558298286924 -447384
1558298286927 -447387
1558298288780 -449240
1558298293228 -453544
1558298295140 -455456
1558298296828 -457144
1558298299489 -459804
1558298299491 -459806
1558298301363 -461678
1558298301364 -461679
1558298303130 -463445
1558298306770 -467085
1558298309456 -469771
1558298309457 -469772
1558298309457 -469772
1558298309458 -469773
1558298309459 -469774
1558298311315 -471630
1558298311317 -471632
1558298313017 -473332
1558298313018 -473333
1558298314887 -475202
1558298315017 -475332
1558298315851 -476166
1558298316679 -476994
1558298317637 -477952
1558298319319 -479634
1558298321211 -481526
1558298321214 -481529
1558298321215 -481530
1558298322853 -483168
1558298322856 -483171
1558298324416 -484731
1558298324590 -484905
1558298328850 -489165
1558298328851 -489166
1558298328858 -489173
1558298329705 -490020
1558298332245 -492560
1558298334106 -494421
1558298335703 -496018
1558298337568 -497883
1558298337610 -497925
1558298341064 -501379
1558298341069 -501384
1558298342489 -502804
1558298342642 -502957
1558298345464 -505779
1558298347472 -507787
1558298347473 -507788
1558298349303 -509618
1558298349307 -509622
1558298351127 -511442
1558298351129 -511444
1558298352930 -513245
1558298352931 -513246
1558298356595 -516910
1558298356598 -516913
1558298358427 -518742
1558298360165 -520480
1558298360268 -520583
