1558297845673 -2382
1558297845694 -2403
1558297849210 -5917
1558297849210 -5917
1558297850243 -7189
1558297854706 -11842
1558297855668 -12802
1558297862470 -19604
1558297862658 -19604
1558297865394 -22528
1558297865576 -22522
1558297867384 -24330
1558297869143 -24276
1558297869301 -26247
1558297869326 -26031
1558297870298 -27003
1558297875177 -29929
1558297877133 -31885
1558297877134 -31886
1558297885173 -39924
1558297887683 -42814
1558297889640 -44771
1558297889692 -46625
1558297897515 -52266
1558297900336 -54444
1558297901421 -56172
1558297901421 -56172
1558297904357 -59108
1558297907291 -61946
1558297910969 -67901
1558297912829 -69761
1558297914713 -68791
1558297916558 -73490
1558297918000 -72655
1558297919466 -76398
1558297921406 -78338
1558297922377 -79309
1558297923933 -78585
1558297924415 -80883
1558297927233 -83701
1558297934996 -89646
1558297935572 -87680
1558297936481 -91131
1558297938434 -93084
1558297938978 -91086
1558297940827 -97294
1558297944938 -101405
1558297946500 -102967
1558297947763 -99871
1558297948741 -100849
1558297949424 -105891
1558297953248 -104603
1558297953481 -109948
1558297953481 -109948
1558297956559 -108667
1558297961120 -115867
1558297967897 -119251
1558297972678 -127424
1558297972678 -127424
1558297973310 -124664
1558297974725 -126832
1558297975922 -130668
1558297977892 -129999
1558297978552 -133298
1558297979800 -134546
1558297981199 -132553
1558297981519 -136265
1558297985750 -140496
1558297986466 -141212
1558297988799 -140153
1558297992412 -147157
1558297994026 -148091
1558297994665 -145768
1558297996304 -146777
1558297998253 -148726
1558298001470 -151942
1558298002522 -153625
1558298008040 -162104
1558298008951 -159423
1558298009023 -159495
1558298009340 -160442
1558298010795 -161267
1558298012436 -166500
1558298013921 -167985
1558298015646 -169710
1558298020412 -171514
1558298023177 -177241
1558298025134 -179198
1558298025800 -176902
1558298027386 -184476
1558298032649 -183751
1558298033770 -187833
1558298046358 -195539
1558298046718 -200095
1558298047760 -196941
1558298048737 -197918
1558298064756 -214061
1558298064756 -218132
1558298065812 -219188
1558298065812 -219188
1558298066243 -219619
1558298067200 -216367
1558298068795 -222171
1558298073342 -222647
1558298073342 -222647
1558298073706 -226146
1558298074340 -223507
1558298075749 -228189
1558298076334 -225639
1558298076906 -226073
1558298079551 -231991
1558298082757 -231924
1558298082757 -231924
1558298083819 -236259
1558298086518 -235498
1558298087496 -236476
1558298087496 -236476
1558298087905 -237210
1558298088168 -240608
1558298091332 -240637
1558298094031 -246471
1558298096289 -245268
1558298103808 -256246
1558298104623 -246568
1558298108238 -250181
1558298109559 -258390
1558298115133 -256287
1558298115365 -257305
1558298117087 -258241
1558298118599 -267428
1558298120196 -269025
1558298120404 -262342
1558298120978 -269807
1558298122439 -263592
1558298124461 -264249
1558298124913 -266065
1558298125130 -267064
1558298133027 -259693
1558298135120 -274907
1558298136446 -293536
1558298138670 -265335
1558298138670 -265335
1558298143197 -269862
1558298145197 -277967
1558298145617 -268483
1558298145617 -268377
1558298152974 -285740
1558298154045 -286810
1558298154638 -287403
1558298155001 -277866
1558298155003 -277867
1558298155118 -277877
1558298155508 -288273
1558298155709 -312797
1558298156955 -279819
1558298156955 -279819
1558298157931 -280795
1558298158035 -280793
1558298158910 -281774
1558298160377 -284345
1558298160868 -283732
1558298162331 -286299
1558298165770 -289737
1558298178866 -335954
1558298183588 -340676
1558298185594 -342682
1558298185595 -342683
1558298185606 -342694
1558298185607 -342695
1558298187849 -344937
1558298187885 -344973
1558298190107 -347195
1558298197264 -352430
1558298197283 -352449
1558298199869 -355035
1558298201561 -356727
1558298203416 -358582
1558298203430 -358596
1558298206936 -362102
1558298206937 -362103
1558298208723 -363888
1558298210540 -365705
1558298212236 -367401
1558298213898 -369063
1558298213909 -369074
1558298215650 -370815
1558298215658 -370823
1558298217372 -372537
1558298220822 -375987
1558298224090 -379255
1558298224094 -379259
1558298225785 -380950
1558298233332 -388497
1558298235348 -390513
1558298235354 -390519
1558298237142 -392307
1558298238983 -394148
1558298240944 -396109
1558298240957 -396122
1558298242942 -398107
1558298244761 -399926
1558298246707 -401872
1558298250664 -405829
1558298250666 -405831
1558298252569 -407734
1558298254463 -409628
1558298256424 -411589
1558298256425 -411590
1558298256444 -411609
1558298259182 -413154
1558298259185 -413157
1558298259186 -413158
1558298261956 -415928
1558298262850 -416822
1558298264786 -418758
1558298268571 -422543
1558298268579 -422551
1558298270395 -424367
1558298272327 -426299
1558298272328 -426300
1558298274181 -428153
1558298274182 -428154
1558298277888 -431859
1558298277889 -431860
1558298283582 -437553
1558298287264 -441235
1558298289963 -443934
1558298291878 -445849
1558298293561 -447532
1558298299850 -453821
1558298299851 -453822
1558298306248 -460219
1558298308151 -462122
1558298309853 -463824
1558298309853 -463824
1558298314326 -468297
1558298316091 -470062
1558298316145 -470116
1558298318056 -472027
1558298318062 -472033
1558298318063 -472034
1558298322433 -476404
1558298324233 -478204
1558298325898 -478172
1558298331132 -483406
1558298332773 -485047
1558298334472 -486746
1558298338818 -491091
1558298340617 -492890
1558298340619 -492892
1558298346104 -498377
1558298349829 -502102
1558298349830 -502103
1558298349831 -502104
1558298349833 -502106
1558298351692 -503965
1558298353506 -505779
1558298356220 -508493
1558298363629 -515902
1558298363630 -515903
1558298364552 -516825
1558298364554 -516827
1558298367239 -519512
1558298368226 -520499
1558298370918 -523191
1558298370957 -523230
1558298375043 -527311
