1558297844406 -1507
1558297849104 -6205
1558297849104 -6205
1558297852069 -9170
1558297852951 -10052
1558297860525 -17624
1558297861497 -18596
1558297864513 -21612
1558297866188 -23287
1558297874924 -31370
1558297878811 -35257
1558297883675 -40121
1558297891299 -47745
1558297894421 -49582
1558297900173 -55334
1558297904012 -59173
1558297910100 -65260
1558297913621 -68781
1558297937873 -91885
1558297942762 -96773
1558297946675 -100686
1558297960355 -114364
1558297962817 -116826
1558297965089 -119098
1558297972331 -127094
1558297975202 -129211
1558297985793 -137969
1558297993372 -145548
1558298011679 -163855
1558298019464 -171619
1558298020424 -172579
1558298020780 -172935
1558298020780 -172935
1558298026343 -178498
1558298026344 -178499
1558298027205 -181968
1558298030081 -182234
1558298042802 -194955
1558298047704 -202467
1558298050626 -202779
1558298060137 -214900
1558298062198 -214350
1558298082766 -233214
1558298083305 -233753
1558298085570 -236017
1558298099346 -249793
1558298107847 -258294
1558298137984 -287379
1558298137984 -287379
1558298138350 -293113
1558298138967 -288362
1558298154051 -303234
1558298155494 -304677
1558298162337 -292214
1558298176375 -331138
1558298179105 -333868
1558298192916 -347679
1558298192977 -347740
1558298194758 -349521
1558298194761 -349524
1558298200010 -354773
1558298201756 -356519
1558298207081 -361844
1558298208857 -363620
1558298210664 -365427
1558298212345 -367108
1558298212346 -367109
1558298214015 -368777
1558298214016 -368778
1558298215783 -370545
1558298215783 -370545
1558298215785 -370547
1558298215786 -370548
1558298217483 -372245
1558298220014 -374776
1558298220051 -374813
1558298220928 -375690
1558298223313 -378075
1558298227514 -382276
1558298230507 -385269
1558298231524 -386286
1558298231529 -386291
1558298235477 -390200
1558298235478 -390201
1558298241042 -395765
1558298243007 -397730
1558298244981 -399704
1558298246807 -401530
1558298246817 -401540
1558298248819 -403541
1558298248823 -403545
1558298248823 -403545
1558298250753 -405475
1558298254536 -409258
1558298254650 -409372
1558298258355 -413077
1558298264911 -419633
1558298268654 -423376
1558298270481 -425203
1558298272398 -427120
1558298274178 -428900
1558298274248 -428970
1558298275223 -429945
1558298277966 -432688
1558298279692 -434414
1558298281274 -435996
1558298281274 -435991
1558298285608 -440325
1558298285610 -440327
1558298291960 -446677
1558298291964 -446681
1558298293636 -448353
1558298296408 -451125
1558298298245 -452962
1558298301816 -456533
1558298301889 -456606
1558298304575 -459292
1558298304592 -459309
1558298306338 -461054
1558298312602 -467318
1558298314509 -469225
1558298318123 -472839
1558298318124 -472840
1558298319865 -474581
1558298324289 -479005
1558298324291 -479007
1558298325952 -480668
1558298329464 -484180
1558298331292 -486008
1558298331293 -486009
1558298332928 -487644
1558298334491 -489207
1558298335374 -490090
1558298338867 -493583
1558298344299 -499015
1558298346159 -500875
1558298346174 -500890
1558298348079 -502795
1558298349885 -504601
1558298352602 -507318
1558298356252 -510968
1558298357215 -511931
1558298360076 -514792
1558298360077 -514793
1558298364572 -519288
1558298367273 -521989
1558298368191 -522907
1558298368297 -523013
1558298370950 -525666
1558298376574 -530828
1558298378772 -533026
1558298380550 -534804
