1558297846603 -3658
1558297848544 -5599
1558297850407 -6953
1558297854361 -11416
1558297856324 -13379
1558297857306 -14361
1558297858131 -14676
1558297861224 -18279
1558297862009 -18554
1558297869870 -26925
1558297872620 -29165
1558297872620 -29165
1558297872620 -29165
1558297878446 -34664
1558297879640 -36694
1558297880292 -36510
1558297882235 -38453
1558297882567 -39621
1558297884506 -41560
1558297886123 -42341
1558297887444 -42582
1558297888633 -43771
1558297891791 -48009
1558297891794 -48012
1558297893735 -49953
1558297895171 -50309
1558297902461 -58678
1558297912677 -67815
1558297913657 -68795
1558297918451 -73589
1558297919770 -75482
1558297921338 -76476
1558297935569 -91280
1558297937928 -91799
1558297942651 -96522
1558297942899 -98610
1558297950664 -106375
1558297950664 -106375
1558297951449 -105319
1558297954385 -108255
1558297954548 -110258
1558297955518 -111228
1558297962036 -115906
1558297964163 -119873
1558297966041 -121751
1558297969049 -122919
1558297971814 -125684
1558297971863 -127573
1558297975869 -129739
1558297975962 -129832
1558297976744 -132454
1558297978659 -133159
1558297978850 -136599
1558297980807 -135307
1558297981618 -136118
1558297985669 -140169
1558297988265 -142765
1558297992575 -147075
1558298003883 -158382
1558298015707 -167304
1558298016415 -170914
1558298025183 -182932
1558298027205 -177879
1558298028180 -178854
1558298034815 -188966
1558298037158 -191309
1558298039690 -193840
1558298041645 -195795
1558298042382 -200131
1558298052556 -206706
1558298052556 -203228
1558298052995 -203667
1558298053230 -203902
1558298053979 -204651
1558298055337 -209487
1558298057120 -211270
1558298057182 -207854
1558298057182 -207854
1558298057958 -215707
1558298059064 -212154
1558298063041 -213713
1558298063043 -213715
1558298066464 -217136
1558298066995 -220085
1558298069813 -222903
1558298074235 -223664
1558298075756 -228846
1558298075856 -225284
1558298076725 -226153
1558298076898 -234647
1558298077601 -235350
1558298078677 -228105
1558298079656 -229084
1558298083976 -237065
1558298085458 -234886
1558298086261 -239350
1558298093204 -246293
1558298093271 -246360
1558298093352 -242780
1558298094999 -252748
1558298104669 -244456
1558298104758 -254174
1558298109436 -249223
1558298110009 -249796
1558298110641 -250428
1558298113275 -271024
1558298113362 -271111
1558298113450 -253236
1558298123517 -267972
1558298125177 -255321
1558298130574 -260717
1558298130574 -275026
1558298131347 -275799
1558298131857 -276308
1558298133985 -278435
1558298152458 -283551
1558298153546 -269353
1558298153950 -285042
1558298162407 -320156
1558298166838 -266319
1558298172890 -330638
1558298178656 -336404
1558298178657 -336405
1558298181196 -338944
1558298183395 -341143
1558298183396 -341144
1558298185420 -343168
1558298187707 -345455
1558298189952 -347700
1558298191609 -349357
1558298191619 -349367
1558298193427 -351175
1558298195346 -353094
1558298197095 -354843
1558298200616 -358363
1558298203225 -360972
1558298204925 -362672
1558298206724 -364471
1558298206725 -364472
1558298208488 -366235
1558298210332 -368079
1558298210333 -368080
1558298211999 -369746
1558298213677 -371424
1558298215402 -373149
1558298217133 -374880
1558298217134 -374881
1558298218866 -376613
1558298220565 -378312
1558298220596 -378343
1558298222264 -380011
1558298223858 -381605
1558298225640 -383387
1558298227165 -384912
1558298227194 -384941
1558298229153 -386900
1558298231104 -388851
1558298231110 -388857
1558298231115 -388862
1558298238641 -396388
1558298240596 -398343
1558298240613 -398360
1558298240614 -398361
1558298240631 -398378
1558298242600 -400347
1558298242611 -400358
1558298242612 -400359
1558298244509 -402256
1558298246418 -404165
1558298247398 -405145
1558298247404 -405151
1558298250323 -408070
1558298250327 -408074
1558298251289 -409036
1558298254109 -411856
1558298254118 -411865
1558298255135 -412882
1558298257018 -414765
1558298258844 -416591
1558298258845 -416592
1558298260724 -418471
1558298260726 -418466
1558298260727 -418339
1558298262528 -420140
1558298262529 -420140
1558298264409 -422020
1558298266237 -423848
1558298266275 -423886
1558298266276 -423887
1558298266326 -423937
1558298266367 -423978
1558298268205 -425816
1558298268206 -425817
1558298271048 -428486
1558298272931 -430369
1558298272932 -430370
1558298276657 -434095
1558298276658 -433495
1558298279261 -436098
1558298286928 -443765
1558298286930 -443767
1558298288789 -445626
1558298288885 -445722
1558298288966 -445803
1558298290531 -447368
1558298295159 -451996
1558298296847 -453683
1558298299526 -456362
1558298301424 -458260
1558298301425 -458261
1558298301429 -458265
1558298303166 -460002
1558298305093 -461929
1558298305093 -461929
1558298305094 -461930
1558298309527 -466363
1558298309528 -466364
1558298309529 -466365
1558298311393 -468229
1558298311394 -468230
1558298313085 -469921
1558298313089 -469925
1558298315842 -472678
1558298315973 -472809
1558298319424 -476260
1558298321330 -478166
1558298321331 -478167
1558298324690 -481526
1558298326449 -483285
1558298329105 -485941
1558298330760 -487596
1558298334261 -491097
1558298334262 -491098
1558298335930 -492766
1558298335989 -492825
1558298336043 -492879
1558298337755 -494591
1558298337771 -494607
1558298339362 -496198
1558298341973 -498809
1558298341974 -498810
1558298342729 -499565
1558298345692 -502528
1558298345729 -502565
1558298347680 -504516
1558298349510 -506346
1558298351344 -508180
1558298353146 -509982
1558298353147 -509983
1558298358529 -515365
1558298360552 -516459
1558298362388 -518295
1558298362388 -518295
1558298362389 -518296
1558298362396 -518303
1558298366003 -521910
1558298367916 -523823
1558298367917 -523824
1558298372346 -528253
