1558297845823 -3572
1558297852665 -10414
1558297856481 -14230
1558297856485 -14234
1558297873831 -31578
1558297881673 -39420
1558297883543 -41290
1558297886458 -44205
1558297888586 -46333
1558297891173 -48920
1558297894169 -51916
1558297896031 -53778
1558297900107 -57854
1558297922215 -79051
1558297936015 -92851
1558297939657 -96493
1558297944871 -101707
1558297948462 -105298
1558297960332 -117387
1558297960391 -117446
1558297960418 -117473
1558297960477 -117532
1558297963363 -119270
1558297965231 -122286
1558297965901 -121807
1558297977644 -133550
1558297992656 -148562
1558297993250 -149156
1558297994160 -151215
1558297994229 -151284
1558297996058 -151964
1558297998012 -153918
1558298001381 -157284
1558298005070 -162125
1558298005140 -162195
1558298016433 -172336
1558298020450 -176353
1558298027194 -183097
1558298030634 -186537
1558298034860 -190762
1558298035489 -192544
1558298046903 -200079
1558298047572 -200748
1558298048578 -201754
1558298056033 -213088
1558298057189 -210365
1558298065031 -218207
1558298066471 -219647
1558298067089 -220265
1558298069861 -226916
1558298076753 -229929
1558298083392 -236567
1558298085485 -238660
1558298087844 -244899
1558298088334 -241509
1558298090948 -243136
1558298110057 -262244
1558298110746 -262933
1558298115556 -267743
1558298121145 -268433
1558298125337 -272623
1558298127297 -274583
1558298130957 -278242
1558298133217 -280501
1558298143363 -279071
1558298152617 -288324
1558298154641 -290348
1558298154641 -290348
1558298154641 -290348
1558298158393 -282591
1558298159370 -283567
1558298175579 -332634
1558298178398 -335453
1558298183238 -340293
1558298185264 -342319
1558298187485 -344540
1558298187541 -344596
1558298187593 -344648
1558298191682 -348737
1558298191683 -348738
1558298191689 -348744
1558298195211 -352266
1558298195211 -352266
1558298196985 -354040
1558298196986 -354041
1558298198760 -355815
1558298208440 -365494
1558298211943 -368997
1558298213620 -370674
1558298213621 -370675
1558298215356 -372410
1558298215366 -372420
1558298217085 -374139
1558298218828 -375882
1558298218841 -375895
1558298222239 -379293
1558298223844 -380898
1558298225636 -382690
1558298229157 -386211
1558298229158 -386212
1558298231113 -388167
1558298231119 -388173
1558298233073 -388211
1558298235123 -390261
1558298238667 -393805
1558298238668 -393806
1558298242652 -397790
1558298243445 -398583
1558298246466 -401604
1558298251343 -406481
1558298254157 -409295
1558298255127 -410265
1558298257093 -412231
1558298257097 -412235
1558298258919 -414057
1558298260815 -415953
1558298262595 -417733
1558298262599 -417737
1558298264492 -419630
1558298266325 -421463
1558298273969 -429107
1558298274871 -430009
1558298276744 -431882
1558298280995 -436133
1558298285259 -440397
1558298287022 -442160
1558298288958 -444096
1558298289029 -444167
1558298290616 -445754
1558298290655 -445793
1558298293336 -448474
1558298295259 -450397
1558298299627 -454765
1558298301619 -456757
1558298303218 -458356
1558298303260 -458398
1558298306005 -461143
1558298307891 -463029
1558298309601 -464739
1558298317777 -472914
1558298319491 -474628
1558298319493 -474630
1558298323031 -476902
1558298325646 -479517
1558298327457 -481328
1558298330980 -484851
1558298334492 -488363
1558298335917 -489788
1558298335980 -489851
1558298337824 -491695
1558298345783 -499654
1558298345820 -499691
1558298347737 -501608
1558298347737 -501608
1558298347738 -501609
1558298347739 -501610
1558298351391 -505261
1558298353196 -507066
1558298356865 -510735
1558298358554 -512424
1558298358739 -512609
1558298360680 -514550
1558298362463 -516333
1558298366061 -519931
1558298367942 -521812
1558298377840 -531710
