1558297848244 -2813
1558297858880 -13448
1558297862793 -17361
1558297866827 -21395
1558297869578 -24146
1558297873391 -27959
1558297874369 -28937
1558297890978 -45394
1558297891950 -46366
1558297912315 -66730
1558297913310 -67725
1558297915239 -69654
1558297916058 -70473
1558297920951 -75366
1558297927810 -82198
1558297935769 -90157
1558297936597 -90985
1558297937564 -91952
1558297945417 -99804
1558297959899 -114286
1558297964625 -115818
1558297980526 -131718
1558297984145 -135337
1558297985563 -136755
1558297987352 -138543
1558298000569 -151759
1558298000802 -157128
1558298001818 -153008
1558298004028 -159688
1558298008688 -159878
1558298010752 -166412
1558298011068 -166728
1558298011364 -167024
1558298025765 -181425
1558298026203 -181863
1558298031727 -182785
1558298031737 -182795
1558298038617 -189675
1558298042079 -197739
1558298042452 -198112
1558298054424 -203673
1558298058339 -213999
1558298060713 -209962
1558298076141 -231801
1558298076883 -232543
1558298080256 -229504
1558298092926 -242159
1558298095417 -251077
1558298095755 -251415
1558298099722 -248955
1558298100437 -249670
1558298114137 -263370
1558298117061 -266294
1558298132841 -278801
1558298134473 -290133
1558298134483 -290143
1558298134516 -280476
1558298144078 -290037
1558298144685 -275162
1558298145493 -275970
1558298150017 -305677
1558298150042 -305702
1558298152468 -282943
1558298154911 -285385
1558298162624 -318284
1558298162636 -318296
1558298165608 -281478
1558298167579 -283448
1558298170169 -325829
1558298175962 -331622
1558298175962 -331622
1558298178713 -334373
1558298178718 -334378
1558298178719 -334379
1558298181250 -336909
1558298183424 -339083
1558298183425 -339084
1558298183426 -339085
1558298183436 -339095
1558298185449 -341108
1558298187723 -343382
1558298189973 -345632
1558298191884 -347543
1558298191884 -347543
1558298191913 -347572
1558298193651 -349310
1558298193697 -349356
1558298195549 -351208
1558298198884 -354543
1558298200642 -356301
1558298203260 -358919
1558298203267 -358926
1558298204950 -360609
1558298206770 -362429
1558298206771 -362430
1558298210346 -366005
1558298210346 -366005
1558298210352 -366011
1558298210353 -366012
1558298210364 -366023
1558298212033 -367692
1558298213703 -369362
1558298215425 -371084
1558298215429 -371088
1558298223868 -378591
1558298223869 -378592
1558298225658 -380381
1558298227206 -381929
1558298229162 -383885
1558298229163 -383886
1558298229164 -383887
1558298229165 -383888
1558298231116 -385839
1558298231117 -385840
1558298231118 -385841
1558298231123 -385846
1558298233065 -387787
1558298233066 -387788
1558298233132 -387854
1558298237039 -391761
1558298238831 -393553
1558298238852 -393574
1558298240822 -395544
1558298242620 -397342
1558298242621 -397343
1558298243438 -398160
1558298244512 -399234
1558298246409 -401131
1558298247402 -402124
1558298247405 -402127
1558298250324 -405046
1558298250328 -405050
1558298254107 -408829
1558298254108 -408830
1558298254117 -408839
1558298254117 -408839
1558298257020 -411742
1558298258841 -413563
1558298258842 -413564
1558298260728 -415450
1558298262522 -417244
1558298262525 -417247
1558298264401 -419123
1558298266199 -420921
1558298266243 -420965
1558298268189 -422911
1558298268190 -422912
1558298270010 -424732
1558298270010 -424732
1558298272898 -427620
1558298272899 -427621
1558298274705 -429427
1558298274749 -429471
1558298276618 -431340
1558298276619 -431341
1558298278419 -433140
1558298278422 -433143
1558298280837 -435558
1558298280854 -434915
1558298282576 -436637
1558298282594 -436655
1558298286861 -440922
1558298286862 -440923
1558298286863 -440924
1558298286864 -440925
1558298288731 -442792
1558298290467 -444527
1558298290493 -444553
1558298293181 -447241
1558298293181 -447241
1558298295082 -449142
1558298296785 -450845
1558298298706 -452766
1558298298712 -452772
1558298298713 -452773
1558298301331 -455391
1558298301333 -455393
1558298303062 -457122
1558298305018 -459078
1558298306751 -460811
1558298306752 -460812
1558298309445 -463505
1558298311307 -465367
1558298313008 -467068
1558298313010 -467070
1558298313011 -467071
1558298314897 -468957
1558298315028 -469088
1558298316683 -470743
1558298319338 -473398
1558298321238 -475298
1558298324655 -478715
1558298324765 -478825
1558298325577 -479637
1558298326315 -480375
1558298326357 -480417
1558298326400 -480460
1558298326442 -480502
1558298329024 -483084
1558298330833 -484893
1558298330835 -484895
1558298332484 -486544
1558298334323 -488383
1558298335769 -489829
1558298335846 -489906
1558298335915 -489975
1558298339269 -493329
1558298339275 -493335
1558298341880 -495940
1558298341886 -495946
1558298345566 -499625
1558298347565 -501624
1558298347580 -501639
1558298349407 -503466
1558298349413 -503472
1558298349414 -503473
1558298351242 -505301
1558298353044 -507103
1558298354891 -508950
1558298354892 -508951
1558298358483 -512542
1558298358676 -512735
1558298360394 -514453
1558298360463 -514522
1558298362278 -516337
1558298362284 -516343
1558298364095 -518154
1558298364095 -518154
1558298364096 -518155
1558298365889 -519948
1558298365890 -519949
1558298365891 -519950
1558298369586 -523645
1558298369661 -523720
1558298369735 -523794
1558298369799 -523858
1558298372243 -526302
1558298372244 -526303
1558298372261 -526320
1558298373778 -527837
1558298373779 -527838
1558298376131 -530190
1558298376133 -530192
1558298377841 -531900
1558298377843 -531902
1558298379311 -533370
1558298380212 -534271
1558298381596 -535655
1558298381647 -535706
1558298381690 -535749
1558298381729 -535788
1558298388105 -542164
1558298388108 -542167
1558298388109 -542168
1558298391882 -545941
1558298391942 -546001
1558298392003 -546062
1558298392065 -546124
