1558297843802 -1576
1558297849306 -5847
1558297850322 -6863
1558297851905 -9678
1558297852304 -8845
1558297855067 -11608
1558297856040 -12581
1558297858958 -15499
1558297863246 -21001
1558297868905 -26659
1558297869851 -27605
1558297875627 -33381
1558297876292 -32832
1558297877264 -33804
1558297881504 -39257
1558297881504 -39257
1558297889171 -46924
1558297889171 -46924
1558297891673 -47899
1558297892647 -48873
1558297892647 -48872
1558297892853 -50605
1558297897698 -55258
1558297900588 -58147
1558297902507 -60066
1558297904312 -60537
1558297907224 -63449
1558297912082 -68307
1558297912082 -68307
1558297915810 -72035
1558297915871 -73392
1558297917938 -74163
1558297919739 -77260
1558297923839 -80063
1558297924610 -80834
1558297924661 -82181
1558297929906 -86130
1558297929906 -86130
1558297936271 -91975
1558297937929 -95448
1558297942761 -100280
1558297949667 -105371
1558297951453 -108809
1558297958601 -114305
1558297961332 -117035
1558297969935 -125638
1558297970608 -127963
1558297970911 -126614
1558297976470 -133825
1558297986271 -143625
1558297989762 -147116
1558297989762 -147116
1558297995061 -149555
1558297996525 -153879
1558297998973 -153466
1558298002106 -156599
1558298006802 -164156
1558298007331 -164685
1558298008090 -162583
1558298011813 -168194
1558298012503 -166996
1558298014207 -170588
1558298014974 -171355
1558298028149 -182641
1558298033024 -189401
1558298038285 -194662
1558298041761 -198138
1558298049504 -203658
1558298054587 -210115
1558298057145 -212672
1558298057145 -212672
1558298058116 -213643
1558298059089 -214616
1558298061075 -215229
1558298066236 -220390
1558298077703 -230792
1558298083019 -236108
1558298083882 -236970
1558298086347 -239435
1558298086767 -243795
1558298087324 -240412
1558298099474 -240911
1558298100380 -253468
1558298104771 -257859
1558298107769 -249204
1558298110717 -263805
1558298121928 -274695
1558298122838 -275605
1558298124839 -260372
1558298125651 -261184
1558298133139 -285906
1558298134967 -287734
1558298135932 -288699
1558298138848 -291615
1558298144310 -297077
1558298155339 -291170
1558298155628 -276977
1558298156584 -277933
1558298160122 -317150
1558298177073 -334101
1558298185057 -342085
1558298185058 -342086
1558298191504 -348532
1558298193156 -350184
1558298193191 -350219
1558298198612 -355640
1558298202192 -359220
1558298203909 -360937
1558298203926 -360954
1558298207463 -364491
1558298210106 -367134
1558298213464 -370492
1558298215168 -372196
1558298216915 -372098
1558298216916 -372099
1558298216917 -372100
1558298220358 -375541
1558298220403 -375586
1558298222080 -377263
1558298227037 -382220
1558298232847 -388030
1558298232960 -388143
1558298234966 -390149
1558298238491 -393674
1558298238496 -393679
1558298242477 -397660
1558298243377 -398560
1558298243507 -398690
1558298244541 -399724
1558298246245 -401428
1558298247297 -402480
1558298250232 -405415
1558298253108 -408291
1558298254991 -410174
1558298256968 -412150
1558298260671 -415853
1558298262466 -417648
1558298262467 -417649
1558298262468 -417650
1558298266240 -421422
1558298268163 -423345
1558298269996 -425178
1558298271006 -426188
1558298271007 -426189
1558298278435 -433617
1558298278437 -433619
1558298280883 -436065
1558298282344 -437526
1558298284073 -439255
1558298286877 -442059
1558298286878 -442060
1558298295110 -450292
1558298296800 -451982
1558298296801 -451983
1558298296802 -451984
1558298301353 -456535
1558298303128 -456939
1558298305043 -458854
1558298306779 -460590
1558298313034 -466845
1558298313035 -466846
1558298315022 -468833
1558298319360 -473171
1558298322907 -476718
1558298324763 -478574
1558298325576 -479387
1558298326351 -480162
1558298326392 -480203
1558298329046 -482857
1558298330861 -484672
1558298332351 -486162
1558298334194 -488005
1558298334196 -488007
1558298339304 -493115
1558298339305 -493116
1558298349435 -503246
1558298349436 -503247
1558298349436 -503247
1558298349437 -503248
1558298349438 -503249
1558298351265 -505075
1558298354928 -508738
1558298358690 -512500
1558298362306 -516116
1558298364121 -517931
1558298364122 -517932
1558298365920 -519730
1558298367697 -521507
1558298367887 -521697
1558298368055 -521865
1558298372284 -526094
1558298372284 -526094
1558298373816 -527626
1558298373817 -527627
1558298376166 -529976
1558298377728 -531538
