1558297842209 -20221
1558297843170 -21182
1558297844138 -22149
1558297844481 -2819
1558297844494 -2832
1558297849032 -27024
1558297853739 -31730
1558297854440 -12389
1558297858531 -36481
1558297859302 -17251
1558297860431 -38369
1558297860431 -38277
1558297860946 -19280
1558297861266 -19215
1558297861390 -39236
1558297862884 -21216
1558297866210 -44056
1558297867003 -24952
1558297869065 -46910
1558297869713 -26571
1558297870812 -28761
1558297872542 -30874
1558297873722 -31671
1558297873873 -51718
1558297874387 -32719
1558297875560 -32418
1558297875660 -33609
1558297877306 -35637
1558297878580 -36529
1558297879409 -36265
1558297879541 -37490
1558297881431 -38287
1558297884269 -41125
1558297885385 -42241
1558297886210 -43066
1558297886361 -44121
1558297888354 -66033
1558297890083 -47843
1558297890910 -47766
1558297892668 -50998
1558297893089 -70767
1558297893643 -51972
1558297895112 -72790
1558297895906 -53666
1558297898492 -56821
1558297898840 -76517
1558297902708 -60468
1558297902711 -60471
1558297904513 -61137
1558297906311 -64639
1558297907234 -65562
1558297907478 -85154
1558297907567 -65327
1558297912090 -70418
1558297915179 -72938
1558297916789 -75117
1558297917922 -76249
1558297918032 -74653
1558297918824 -96105
1558297919907 -74764
1558297922629 -80956
1558297923868 -101149
1558297925592 -102873
1558297926511 -84801
1558297926756 -81612
1558297926756 -81612
1558297928793 -86552
1558297929922 -84777
1558297930858 -88469
1558297930858 -88469
1558297941116 -118396
1558297941348 -96202
1558297941870 -100159
1558297942243 -96786
1558297942324 -99139
1558297945085 -122365
1558297945085 -103374
1558297946231 -103046
1558297951046 -105588
1558297953620 -130900
1558297954499 -112788
1558297955462 -113751
1558297956001 -112816
1558297956912 -111454
1558297956985 -113800
1558297957915 -116204
1558297958026 -112568
1558297958263 -115078
1558297958667 -116956
1558297960182 -137462
1558297961591 -120036
1558297961691 -118506
1558297962679 -139915
1558297965626 -122441
1558297965815 -143015
1558297968105 -145293
1558297968308 -126596
1558297969540 -126355
1558297974640 -129178
1558297975664 -152809
1558297976685 -134804
1558297977274 -131812
1558297978373 -155491
1558297981555 -139674
1558297983139 -137669
1558297983202 -160305
1558297985494 -141445
1558297985494 -143613
1558297986313 -142264
1558297989122 -147241
1558297989126 -147245
1558297989821 -141369
1558297992979 -148930
1558297995690 -147238
1558297996567 -173594
1558297997707 -153657
1558298003514 -155062
1558298003975 -162301
1558298006786 -183350
1558298011291 -169189
1558298012020 -188584
1558298012268 -170166
1558298013920 -165467
1558298015832 -192396
1558298018073 -174023
1558298022479 -199026
1558298027812 -178709
1558298029290 -205836
1558298030630 -207176
1558298031581 -189478
1558298032534 -183431
1558298033554 -186695
1558298034498 -185395
1558298038727 -189623
1558298038963 -215509
1558298039694 -216240
1558298042200 -200092
1558298042349 -195490
1558298046480 -197376
1558298048392 -224801
1558298048997 -206888
1558298052894 -210785
1558298056597 -214488
1558298056856 -209995
1558298057837 -210976
1558298060764 -213903
1558298064783 -222586
1558298064783 -215679
1558298065445 -216341
1558298065909 -219047
1558298066793 -242904
1558298066837 -242944
1558298067323 -224870
1558298068526 -238580
1558298069496 -239549
1558298069533 -220429
1558298070465 -240518
1558298071492 -222388
1558298073943 -224838
1558298076385 -225747
1558298077056 -234603
1558298077387 -229610
1558298078332 -227694
1558298078846 -236393
1558298080182 -250230
1558298080802 -238349
1558298083810 -253850
1558298084169 -254209
1558298084644 -236867
1558298085010 -255049
1558298086971 -236333
1558298088615 -246161
1558298088924 -238286
1558298094472 -251926
1558298094830 -247022
1558298094830 -247022
1558298100257 -249618
1558298103339 -265449
1558298104407 -253768
1558298107845 -265298
1558298108296 -256549
1558298108297 -258480
1558298112267 -262450
1558298112878 -270331
1558298115801 -277902
1558298121461 -283560
1558298123687 -285784
1558298124541 -286638
1558298125924 -260018
1558298130988 -293081
1558298130988 -293081
1558298133429 -290881
1558298133670 -267763
1558298139091 -296543
1558298141039 -298491
1558298143756 -301208
1558298144131 -282503
1558298146299 -272500
1558298148283 -286653
1558298149234 -275435
1558298152595 -278795
1558298154176 -280376
1558298154941 -281141
1558298155915 -282115
1558298155944 -272510
1558298161415 -318108
1558298162394 -319087
1558298165378 -322071
1558298167953 -326278
1558298174025 -332350
1558298176900 -335225
1558298179547 -337872
1558298187167 -345492
1558298194894 -353219
1558298196696 -355021
1558298198473 -356798
1558298200215 -358540
1558298203724 -362049
1558298203770 -362095
1558298205539 -363864
1558298205547 -363872
1558298207295 -365620
1558298207296 -365621
1558298209065 -367390
1558298210847 -369172
1558298214204 -372529
1558298216732 -375057
1558298220198 -378523
1558298220235 -378560
1558298223481 -381806
1558298225240 -383565
1558298226815 -385140
1558298228747 -387072
1558298232655 -390980
1558298234640 -392965
1558298234664 -392989
1558298235463 -393788
1558298239165 -397488
1558298239168 -397491
1558298241164 -399487
1558298243119 -401442
1558298252750 -411073
1558298254789 -413111
1558298260282 -418604
1558298263064 -421386
1558298264910 -423232
1558298266804 -425126
1558298266826 -425148
1558298268713 -427035
1558298270547 -428869
1558298276163 -434485
1558298279573 -437895
1558298279574 -437896
1558298279575 -437897
1558298279576 -437898
1558298283663 -441985
1558298285623 -443945
1558298285624 -443946
1558298290056 -448274
1558298291963 -450181
1558298293630 -451848
1558298293631 -451849
1558298293632 -451850
1558298296392 -454610
1558298296393 -454611
1558298296396 -454614
1558298299912 -458130
1558298304533 -462751
1558298306306 -464524
1558298306315 -464533
1558298308208 -466426
1558298308209 -466427
1558298312566 -470783
1558298314335 -472552
1558298318068 -476285
1558298319786 -478003
1558298319789 -478006
1558298322408 -480625
1558298324214 -482431
1558298327699 -485916
1558298329276 -487493
1558298331092 -489309
1558298332735 -490952
1558298334447 -492664
1558298338749 -496965
1558298338750 -496966
1558298340544 -498760
1558298340545 -498761
1558298344162 -502378
1558298347931 -506147
1558298351607 -509823
1558298351608 -509824
1558298353407 -511623
1558298353408 -511624
1558298353408 -511624
1558298358855 -517071
1558298359845 -518061
1558298359927 -518143
1558298360031 -518247
1558298363513 -521729
1558298368053 -526207
1558298370852 -529006
1558298372543 -530697
1558298373915 -532069
1558298376262 -534416
1558298376263 -534417
1558298377931 -536085
1558298381940 -540094
