1558297844658 -1677
1558297847838 -4857
1558297847906 -4925
1558297849886 -6905
1558297851949 -8968
1558297852713 -9732
1558297858490 -15508
1558297862356 -19374
1558297863306 -20324
1558297866276 -23294
1558297873845 -30863
1558297876758 -33776
1558297882586 -39603
1558297883545 -40562
1558297886459 -43476
1558297890361 -47378
1558297890361 -47378
1558297913506 -70522
1558297916247 -73263
1558297917406 -74422
1558297917525 -74541
1558297918308 -75324
1558297925978 -81837
1558297926932 -82791
1558297935916 -91775
1558297938597 -94455
1558297941407 -97265
1558297943311 -99169
1558297947191 -103049
1558297947195 -103053
1558297950118 -105976
1558297950118 -105976
1558297952067 -107925
1558297958222 -114080
1558297959898 -115756
1558297960866 -115112
1558297964622 -118868
1558297965599 -119845
1558297968714 -122960
1558297968773 -123019
1558297971466 -125711
1558297972433 -126678
1558297972433 -126678
1558297972433 -126678
1558297972439 -126684
1558297976419 -130664
1558297976969 -135297
1558297976980 -135303
1558297977336 -131581
1558297979919 -134164
1558297979919 -134164
1558297981292 -135537
1558297982207 -136452
1558297985722 -139967
1558297989868 -144113
1558297993005 -147250
1558298001793 -156038
1558298002587 -156832
1558298007093 -161264
1558298007726 -161897
1558298012187 -166358
1558298013921 -168092
1558298015369 -169540
1558298018051 -172222
1558298020329 -174500
1558298022943 -177113
1558298024896 -179066
1558298027825 -181995
1558298029108 -183209
1558298030938 -184030
1558298037268 -190360
1558298046448 -199539
1558298046513 -199604
1558298048184 -201275
1558298050144 -203235
1558298051110 -204201
1558298051112 -204203
1558298057787 -210878
1558298057974 -216281
1558298059752 -212843
1558298061705 -214796
1558298064823 -217914
1558298066098 -219189
1558298073389 -226479
1558298077347 -230113
1558298080274 -233040
1558298086020 -238786
1558298086022 -238788
1558298087000 -239766
1558298093005 -245770
1558298095798 -248563
1558298100296 -253061
1558298108247 -261012
1558298109013 -261770
1558298110508 -262485
1558298114044 -272350
1558298114074 -272380
1558298114079 -272385
1558298114153 -272459
1558298115183 -267160
1558298116163 -268140
1558298117139 -269116
1558298120550 -272495
1558298120740 -272685
1558298122477 -274422
1558298124959 -276904
1558298125935 -277880
1558298130399 -282344
1558298130399 -282344
1558298131424 -283369
1558298133019 -284964
1558298133019 -284964
1558298137573 -289517
1558298138549 -290493
1558298142894 -294838
1558298142894 -294838
1558298144358 -296302
1558298144877 -296821
1558298148327 -300271
1558298150281 -285947
1558298153732 -289397
1558298156158 -314464
1558298157941 -293606
1558298159895 -295559
1558298160872 -296536
1558298160872 -296536
1558298167710 -288999
1558298173506 -331759
1558298176385 -334623
1558298179300 -337537
1558298185899 -344136
1558298185900 -344137
1558298185901 -344138
1558298191291 -349528
1558298191291 -349528
1558298191292 -349529
1558298193121 -351358
1558298194933 -353170
1558298196727 -354964
1558298196728 -354965
1558298196729 -354966
1558298196730 -354967
1558298198634 -356871
1558298198635 -356872
1558298198644 -356881
1558298198644 -356881
1558298200363 -358600
1558298202155 -360392
1558298203864 -362101
1558298203888 -362092
1558298205675 -363879
1558298207378 -365582
1558298210133 -368336
1558298210136 -368339
1558298211781 -369984
1558298211782 -369985
1558298213451 -371654
1558298215163 -373366
1558298216889 -375092
1558298218591 -376794
1558298223712 -381915
1558298225500 -383703
1558298227193 -385396
1558298227194 -385397
1558298229131 -387334
1558298231067 -389270
1558298233085 -391288
1558298233148 -391351
1558298233207 -391410
1558298235042 -393244
1558298236908 -395110
1558298236909 -395111
1558298236910 -395112
1558298236911 -395113
1558298238891 -397093
1558298240845 -399047
1558298240860 -399062
1558298242831 -401033
1558298244719 -402921
1558298246546 -404748
1558298246591 -404793
1558298248685 -406887
1558298248686 -406888
1558298250621 -408823
1558298252508 -410710
1558298252509 -410711
1558298254389 -412591
1558298255399 -413601
1558298256346 -414548
1558298258168 -416370
1558298258169 -416371
1558298259193 -417395
1558298259193 -417395
1558298259194 -417396
1558298261932 -420107
1558298261933 -420108
1558298262815 -420907
1558298264629 -422721
1558298264630 -422722
1558298264749 -422841
1558298266593 -424685
1558298268613 -426705
1558298268614 -426706
1558298270421 -428513
1558298275121 -433213
1558298277989 -436080
1558298277990 -436081
1558298279690 -437781
1558298279691 -437782
1558298281262 -439353
1558298285696 -443787
1558298285697 -443788
1558298285698 -443789
1558298287379 -445470
1558298290106 -448197
1558298292122 -450213
1558298293775 -451866
1558298296525 -454616
1558298298368 -456459
1558298298370 -456461
1558298300153 -458244
1558298302916 -461007
1558298302917 -461008
1558298302985 -461076
1558298304782 -462873
1558298306499 -464590
1558298306499 -464590
1558298308398 -466488
1558298308400 -466490
1558298310027 -468117
1558298314685 -472771
1558298316529 -474584
1558298316562 -474616
1558298321026 -479080
1558298324741 -482795
1558298326241 -484295
1558298326294 -484348
1558298328907 -486961
1558298328908 -486962
1558298329738 -487792
1558298332272 -490326
1558298332276 -490330
1558298332277 -490331
1558298332278 -490332
1558298332282 -490336
1558298334124 -492178
1558298335928 -493982
1558298337748 -495802
1558298337749 -495803
1558298339324 -497378
1558298339325 -497379
1558298339327 -497381
1558298342796 -500850
1558298345557 -503610
1558298347707 -505760
1558298349518 -507571
1558298351337 -509390
1558298351339 -509392
1558298351340 -509393
1558298353114 -511167
1558298354943 -512996
1558298356770 -514823
1558298356771 -514824
1558298358581 -516634
1558298360597 -518650
1558298360663 -518716
1558298360743 -518796
1558298362411 -520464
1558298364194 -522247
1558298364195 -522248
1558298364196 -522249
1558298364197 -522250
1558298365988 -524041
1558298365990 -524043
1558298365991 -524044
1558298367712 -525765
1558298367895 -525948
1558298372427 -530480
1558298373935 -531987
1558298373937 -531989
1558298376266 -534318
1558298380399 -538451
1558298382823 -540875
1558298386739 -544791
1558298388404 -546456
1558298388405 -546457
1558298389714 -547766
1558298390669 -548721
1558298390744 -548796
1558298392328 -550380
1558298392357 -550409
