1558297844875 -1886
1558297847586 -5530
1558297849066 -9721
1558297850453 -8397
1558297851442 -9386
1558297853812 -14466
1558297861281 -18939
1558297862243 -19901
1558297865263 -25916
1558297869214 -29867
1558297870132 -26608
1558297870844 -28501
1558297872053 -28529
1558297875509 -32349
1558297876402 -33242
1558297876947 -37599
1558297877909 -38561
1558297877917 -38569
1558297880291 -37129
1558297881005 -37480
1558297881399 -38237
1558297881809 -42460
1558297885712 -46363
1558297886655 -47251
1558297887359 -44807
1558297887455 -48051
1558297888553 -46001
1558297889545 -46020
1558297889848 -46686
1558297891112 -48560
1558297891407 -52003
1558297894872 -51517
1558297896177 -52652
1558297897189 -57785
1558297898140 -53133
1558297898881 -56328
1558297900001 -57448
1558297900805 -58252
1558297902054 -57044
1558297903028 -58018
1558297905280 -65875
1558297906638 -64085
1558297908309 -64952
1558297908574 -66021
1558297908873 -63863
1558297909280 -65922
1558297910137 -65127
1558297912465 -69912
1558297916460 -77052
1558297919102 -74961
1558297922294 -82884
1558297926307 -80606
1558297926661 -81493
1558297926887 -82746
1558297926887 -82746
1558297928109 -88324
1558297928260 -82559
1558297931552 -86383
1558297933697 -89556
1558297935076 -90935
1558297935076 -95290
1558297936187 -90485
1558297936438 -91268
1558297936690 -96904
1558297939208 -94038
1558297939608 -99822
1558297940343 -94641
1558297940532 -96387
1558297941785 -96083
1558297942288 -98143
1558297942296 -98151
1558297945278 -100107
1558297946055 -100884
1558297947396 -107609
1558297949082 -104937
1558297949341 -109554
1558297950051 -105906
1558297950952 -105781
1558297951567 -105865
1558297953118 -108973
1558297953596 -113808
1558297956127 -116339
1558297956816 -111383
1558297956851 -112705
1558297958087 -112654
1558297958852 -113419
1558297962657 -118511
1558297963459 -117757
1558297963459 -117757
1558297965447 -121301
1558297965461 -120027
1558297967923 -123777
1558297968312 -122609
1558297968690 -124544
1558297969990 -125402
1558297970295 -126149
1558297970959 -122821
1558297973282 -127848
1558297973891 -125753
1558297974592 -129158
1558297978783 -130621
1558297979703 -139869
1558297981714 -133552
1558297985536 -145701
1558297986145 -140711
1558297986145 -141734
1558297989817 -149982
1558297990321 -145733
1558297990560 -146148
1558297992193 -146758
1558297992686 -148274
1558297992828 -148416
1558297994671 -154836
1558297995239 -147076
1558297995240 -147077
1558297995605 -150170
1558297996216 -148053
1558297996616 -156781
1558297998173 -150010
1558297999923 -154488
1558298000201 -160365
1558298001739 -161903
1558298003427 -154937
1558298006982 -167146
1558298008381 -159890
1558298009748 -161583
1558298010722 -162557
1558298012007 -171841
1558298012009 -171843
1558298014458 -165967
1558298015763 -167598
1558298016863 -176697
1558298016953 -168462
1558298017745 -171136
1558298019406 -179240
1558298022640 -176031
1558298025756 -177265
1558298030657 -184048
1558298031656 -183165
1558298032256 -192090
1558298033227 -193061
1558298034202 -194036
1558298037881 -190840
1558298038429 -191388
1558298039050 -189750
1558298044706 -204539
1558298045087 -195787
1558298053268 -206226
1558298053496 -204196
1558298054999 -205934
1558298056386 -216215
1558298056542 -209500
1558298056542 -209500
1558298057706 -208641
1558298060456 -213414
1558298061244 -221034
1558298062215 -212914
1558298065493 -225283
1558298067185 -217884
1558298067185 -217884
1558298067340 -220298
1558298067340 -220298
1558298067344 -220302
1558298068306 -223718
1558298068437 -223849
1558298069260 -222218
1558298071399 -222334
1558298072991 -225949
1558298073526 -226484
1558298073683 -224382
1558298075936 -225317
1558298077270 -228204
1558298077620 -237407
1558298078249 -229183
1558298079855 -232813
1558298080036 -230970
1558298080628 -230009
1558298081014 -231948
1558298083250 -243037
1558298085181 -236115
1558298086704 -236404
1558298092058 -241758
1558298092601 -241704
1558298092823 -242523
1558298093044 -243978
1558298094311 -243413
1558298096490 -246189
1558298097132 -256918
1558298099212 -248554
1558298099212 -248911
1558298099212 -248314
1558298100132 -249474
1558298100579 -249681
1558298102358 -252057
1558298105310 -252781
1558298105522 -260934
1558298108775 -268561
1558298108775 -249845
1558298109597 -257067
1558298109971 -269757
1558298110348 -257818
1558298111168 -258638
1558298112147 -259617
1558298112959 -262658
1558298115083 -262552
1558298116633 -257697
1558298117037 -264506
1558298118014 -255862
1558298118489 -278109
1558298120600 -268388
1558298123092 -260939
1558298125538 -280949
1558298126648 -264370
1558298130801 -290421
1558298131007 -268728
1558298131852 -291472
1558298132006 -269852
1558298132661 -270382
1558298134476 -272321
1558298138004 -261105
1558298139202 -276922
1558298139961 -263062
1558298140811 -300431
1558298142895 -273211
1558298144291 -303911
1558298149474 -309093
1558298152619 -275718
1558298152619 -275718
1558298152619 -278832
1558298153194 -312813
1558298155845 -273549
1558298157459 -280558
1558298160139 -315550
1558298161182 -320801
1558298161712 -279415
1558298162508 -276131
1558298164923 -288021
1558298166314 -270054
1558298166420 -280042
1558298174188 -329599
1558298174194 -329605
1558298177072 -332483
1558298183046 -338457
1558298193317 -348728
1558298193345 -348756
1558298196845 -352256
1558298196849 -352260
1558298198621 -354032
1558298198633 -354044
1558298200387 -355798
1558298206510 -361921
1558298207466 -362877
1558298207467 -362878
1558298213469 -368880
1558298215189 -370600
1558298216928 -372339
1558298218645 -374056
1558298220382 -375793
1558298222093 -377504
1558298232967 -388378
1558298233023 -388434
1558298234957 -388572
1558298234958 -388573
1558298239499 -393114
1558298239500 -393115
1558298239517 -393132
1558298242490 -396105
1558298242500 -396115
1558298243519 -397134
1558298253124 -406739
1558298256981 -410596
1558298260692 -414306
1558298266251 -419865
1558298268179 -421793
1558298270012 -423626
1558298272910 -426524
1558298274726 -428340
1558298276635 -430249
1558298282631 -436245
1558298284094 -437708
1558298286901 -440515
1558298295127 -448741
1558298296824 -450438
1558298296825 -450439
1558298296828 -450442
1558298296829 -450443
1558298303147 -456761
1558298303200 -456814
1558298306791 -460405
1558298306793 -460407
1558298309499 -463113
1558298315825 -469439
1558298317650 -471264
1558298326374 -479952
1558298326415 -479993
1558298329076 -482654
1558298330884 -484462
1558298330887 -484465
1558298334216 -487794
1558298334220 -487798
1558298334221 -487799
1558298335956 -489534
1558298337718 -491296
1558298343907 -497485
1558298345640 -499218
1558298347638 -501216
1558298349465 -503043
1558298349467 -503045
1558298353097 -506675
1558298353104 -506682
1558298360457 -514035
1558298360518 -514096
1558298360576 -514154
1558298362355 -515933
1558298364160 -517738
1558298365963 -519541
1558298369729 -523307
1558298369796 -523372
1558298376193 -529769
1558298379318 -532894
