1558297840825 -1599
1558297847926 -8700
1558297854204 -32891
1558297855608 -34292
1558297856827 -35509
1558297860697 -39374
1558297862642 -41315
1558297862849 -41522
1558297865027 -25442
1558297865312 -43984
1558297867849 -46517
1558297867953 -28368
1558297875455 -54119
1558297880470 -40884
1558297888039 -48387
1558297889860 -68200
1558297891896 -52244
1558297891896 -52244
1558297893754 -72035
1558297900507 -78777
1558297913951 -74299
1558297916853 -77201
1558297916854 -77202
1558297918782 -79130
1558297919755 -80103
1558297921700 -82048
1558297936979 -97022
1558297940354 -100397
1558297940956 -100999
1558297957589 -117632
1558297958231 -118274
1558297959082 -119125
1558297964037 -124080
1558297965951 -144204
1558297965987 -144240
1558297966745 -126788
1558297966746 -126788
1558297969643 -129685
1558297969643 -129685
1558297969643 -129685
1558297975726 -135768
1558297996111 -174361
1558298011813 -171784
1558298014393 -174364
1558298017603 -177574
1558298026264 -204505
1558298034828 -194511
1558298039662 -199345
1558298042723 -220843
1558298043513 -203196
1558298045077 -204760
1558298062683 -222365
1558298066682 -226364
1558298099641 -259302
1558298101384 -261044
1558298108074 -267734
1558298115789 -275449
1558298116666 -294785
1558298116666 -294785
1558298116731 -294850
1558298116787 -294906
1558298120763 -280355
1558298120763 -280355
1558298122185 -281777
1558298122726 -282318
1558298134157 -293749
1558298138395 -316514
1558298148551 -280173
1558298154495 -286116
1558298156291 -287912
1558298156752 -334763
1558298158224 -289845
1558298167141 -345151
1558298170825 -348835
1558298170833 -348843
1558298176703 -354713
1558298179291 -357301
1558298181995 -360005
1558298184885 -362895
1558298186056 -364065
1558298191422 -369431
1558298193263 -371272
1558298195262 -373271
1558298203240 -381248
1558298208584 -386591
1558298208585 -386592
1558298208586 -386593
1558298210579 -388586
1558298212269 -390266
1558298214023 -391995
1558298214024 -391996
1558298214026 -391998
1558298215776 -393748
1558298215777 -393749
1558298217463 -395434
1558298217464 -395435
1558298220068 -398039
1558298220982 -398953
1558298220983 -398954
1558298223348 -401300
1558298223349 -401301
1558298223350 -401301
1558298225241 -403192
1558298230757 -408708
1558298230759 -408607
1558298232744 -410592
1558298232745 -410593
1558298234877 -412725
1558298234891 -412739
1558298234903 -412751
1558298238566 -416414
1558298238577 -416425
1558298238578 -416426
1558298240671 -418518
1558298240686 -418533
1558298242653 -420500
1558298244648 -422495
1558298244733 -422580
1558298244798 -422645
1558298246559 -424406
1558298254374 -431950
1558298254382 -431958
1558298258278 -435854
1558298259324 -436900
1558298262966 -440541
1558298262968 -440543
1558298265855 -443430
1558298265913 -443488
1558298266851 -444426
1558298266856 -444431
1558298268727 -446302
1558298268729 -446292
1558298270696 -447974
1558298276262 -453540
1558298276263 -453541
1558298278077 -455355
1558298278078 -455356
1558298279794 -457072
1558298279795 -457073
1558298282101 -459379
1558298285822 -463100
1558298285834 -463112
1558298288557 -465835
1558298290361 -467639
1558298290391 -467669
1558298292278 -469556
1558298292279 -469557
1558298292280 -469558
1558298294925 -472203
1558298294926 -472204
1558298300138 -477416
1558298300143 -477421
1558298300144 -477422
1558298304759 -482037
1558298304761 -482039
1558298306492 -483770
1558298310016 -487293
1558298312895 -490172
1558298312898 -490175
1558298316479 -493756
1558298316523 -493800
1558298316554 -493831
1558298319151 -496428
1558298321020 -498297
1558298322654 -499931
1558298322659 -499936
1558298324555 -501832
1558298324694 -501971
1558298326033 -503310
1558298326092 -503369
1558298326093 -503370
1558298327952 -505229
1558298327955 -505232
1558298329601 -506878
1558298329602 -506879
1558298332140 -509417
1558298333995 -511272
