1558297842919 -597
1558297846928 -4606
1558297851538 -10613
1558297853390 -12465
1558297864888 -23962
1558297867801 -26875
1558297882819 -40494
1558297891493 -49168
1558297891934 -50995
1558297894175 -53236
1558297896340 -53999
1558297897767 -56825
1558297900311 -57969
1558297901656 -60713
1558297905397 -63055
1558297906196 -63854
1558297907099 -64757
1558297911982 -69313
1558297943107 -102097
1558297953794 -111124
1558297954766 -113755
1558297954766 -113755
1558297959559 -116835
1558297960436 -119425
1558297964317 -121592
1558297966244 -123519
1558297967880 -125155
1558297968554 -127543
1558297970150 -129139
1558297970155 -127430
1558297971120 -130109
1558297980867 -139853
1558297983595 -142581
1558297985449 -142722
1558297986690 -145676
1558297989425 -148411
1558297989425 -148411
1558297990534 -147806
1558297993537 -150809
1558297993557 -150829
1558298000918 -158190
1558298013569 -168094
1558298015861 -170386
1558298018411 -177391
1558298020700 -179679
1558298022300 -181244
1558298025569 -180094
1558298025660 -183375
1558298031147 -190091
1558298037035 -191560
1558298037805 -192330
1558298038836 -197779
1558298039239 -193764
1558298042998 -197522
1558298043512 -202342
1558298044876 -203705
1558298045500 -200024
1558298050817 -205263
1558298050817 -205263
1558298052800 -207246
1558298054259 -213084
1558298054329 -213154
1558298054828 -209274
1558298055104 -213928
1558298061409 -215854
1558298065082 -219527
1558298071529 -230342
1558298073151 -231964
1558298073718 -228163
1558298073718 -232531
1558298076068 -230490
1558298076223 -235034
1558298077199 -236010
1558298081110 -239917
1558298083266 -242072
1558298083587 -238009
1558298083587 -242393
1558298084169 -238591
1558298088620 -243041
1558298095412 -253127
1558298095753 -253468
1558298099915 -254335
1558298104407 -263138
1558298108036 -266766
1558298114847 -269267
1558298118093 -276813
1558298121513 -280231
1558298121513 -280231
1558298122904 -277324
1558298124774 -283490
1558298126576 -277764
1558298131404 -282592
1558298132135 -290848
1558298134263 -285450
1558298135372 -293087
1558298139439 -298149
1558298143410 -294597
1558298143840 -302549
1558298148073 -306780
1558298154821 -306008
1558298170275 -327988
1558298176065 -333778
1558298178793 -336506
1558298183519 -341231
1558298183519 -341231
1558298183520 -341232
1558298185554 -343266
1558298187816 -345528
1558298191797 -349509
1558298191798 -349510
1558298191808 -349520
1558298193603 -351315
1558298195502 -353214
1558298197256 -354968
1558298197256 -354968
1558298199830 -357542
1558298199849 -357561
1558298199849 -357561
1558298201554 -359266
1558298201555 -359266
1558298203414 -361125
1558298203418 -361129
1558298205107 -362818
1558298205116 -362827
1558298206914 -364625
1558298208681 -366392
1558298208682 -366393
1558298210532 -368243
1558298212207 -369918
1558298212222 -369933
1558298213874 -371585
1558298213884 -371595
1558298215636 -373347
1558298217341 -375051
1558298217352 -374976
1558298220787 -378411
1558298220799 -378423
1558298223170 -380794
1558298223173 -380797
1558298224064 -381688
1558298224065 -381689
1558298227385 -385009
1558298229369 -386993
1558298229370 -386994
1558298231373 -388997
1558298233333 -390957
1558298235312 -392936
1558298237115 -394739
1558298238927 -396551
1558298240898 -398522
1558298242901 -400524
1558298246698 -404321
1558298248677 -406300
1558298248678 -406301
1558298250634 -408257
1558298252541 -410164
1558298254427 -412050
1558298258226 -415849
1558298259156 -416779
1558298259157 -416780
1558298261042 -418665
1558298261043 -418666
1558298264635 -422257
1558298264760 -422382
1558298266610 -424232
1558298266624 -424246
1558298268526 -426148
1558298268527 -426149
1558298272282 -429904
1558298274072 -431694
1558298274073 -431695
1558298274137 -431759
1558298275129 -432751
1558298275136 -432758
1558298277846 -435468
1558298279584 -437206
1558298281068 -438690
1558298281073 -438695
1558298285471 -443093
1558298287215 -444837
1558298287216 -444838
1558298289111 -446733
1558298293510 -451130
1558298295450 -453070
1558298295451 -453071
1558298298099 -455719
1558298298102 -455722
1558298298103 -455723
1558298299804 -457424
1558298299804 -457424
1558298299805 -457425
1558298301728 -459348
1558298301812 -459432
1558298303430 -461050
1558298306208 -463828
1558298306210 -463830
1558298308109 -465729
1558298311717 -469337
1558298313331 -470951
1558298317993 -475356
1558298319740 -477103
1558298322370 -479733
1558298325855 -483218
1558298325919 -483282
1558298329380 -486743
1558298331069 -488432
1558298331074 -488437
1558298332724 -490087
1558298338752 -496114
1558298338753 -496115
1558298342231 -499593
1558298344113 -501475
1558298344194 -501556
1558298349768 -507130
1558298353453 -510815
1558298353454 -510816
1558298355286 -512648
1558298355289 -512651
1558298355290 -512652
1558298357119 -514481
1558298357120 -514482
1558298358902 -516264
1558298364496 -521858
1558298367168 -524530
1558298367169 -524531
1558298368118 -525480
1558298370841 -528203
1558298370887 -528249
1558298372621 -529983
1558298374962 -532324
1558298374962 -532324
1558298376355 -533717
1558298376357 -533719
1558298377989 -535351
1558298378795 -536157
1558298382859 -540221
1558298384424 -541786
1558298384425 -541787
