1558298087892 -244268
1558298126693 -283069
1558298168352 -324728
1558298171631 -328007
1558298180873 -337248
1558298180893 -337268
1558298180906 -337281
1558298183143 -339518
1558298183144 -339519
1558298185159 -341534
1558298185160 -341535
1558298185164 -341539
1558298187365 -343740
1558298187422 -343797
1558298189689 -346064
1558298189689 -346064
1558298191578 -347953
1558298193393 -349768
1558298193393 -349768
1558298195109 -351484
1558298196878 -353253
1558298196879 -353254
1558298196879 -353254
1558298198652 -355027
1558298202217 -358592
1558298203929 -360304
1558298206518 -362893
1558298207469 -363844
1558298213447 -369822
1558298215150 -371525
1558298215157 -371532
1558298215167 -371542
1558298216902 -373277
1558298218616 -374991
1558298218617 -374992
1558298220325 -376700
1558298220343 -376718
1558298220362 -376737
1558298222058 -377587
1558298222059 -377588
1558298223652 -379181
1558298225438 -380967
1558298228935 -384464
1558298232924 -388453
1558298234856 -390385
1558298234873 -390402
1558298236800 -392329
1558298238587 -394116
1558298239386 -394915
1558298242352 -397881
1558298242353 -397882
1558298242354 -397883
1558298242354 -397883
1558298243325 -398854
1558298243325 -398854
1558298245209 -400738
1558298254883 -410411
1558298254948 -410476
1558298256766 -412294
1558298256767 -412295
1558298260479 -416007
1558298260480 -416008
1558298262284 -417812
1558298263262 -418790
1558298265984 -421512
1558298266039 -421567
1558298266039 -421567
1558298267035 -422563
1558298276372 -431900
1558298278199 -433727
1558298278201 -433729
1558298282269 -437797
1558298283840 -439368
1558298283848 -439376
1558298285808 -441336
1558298292140 -447668
1558298292141 -447010
1558298293816 -448685
1558298293816 -448685
1558298296570 -451439
1558298300095 -454964
1558298302817 -457686
1558298302894 -457763
1558298302962 -457831
1558298304768 -459637
1558298304769 -459638
1558298308432 -463301
1558298312791 -467659
1558298314662 -469530
1558298321000 -475868
1558298326117 -480985
1558298328821 -483689
1558298328822 -483690
1558298329683 -484551
1558298329685 -484553
1558298333939 -488807
1558298335537 -490405
1558298335636 -490504
1558298335711 -490579
1558298340909 -495777
1558298342430 -497298
1558298342587 -497455
1558298346419 -501287
1558298350096 -503888
1558298350100 -503892
1558298352831 -506623
1558298354674 -508466
1558298356509 -510301
1558298356510 -510302
1558298358357 -512149
1558298360213 -514005
1558298360296 -514088
1558298360366 -514158
1558298363872 -517664
1558298363873 -517665
1558298363877 -517669
1558298363878 -517670
1558298365688 -519480
1558298365689 -519481
1558298369371 -523163
1558298369468 -523260
1558298371266 -525058
1558298373615 -527407
1558298373621 -527413
1558298377638 -531430
1558298377642 -531434
1558298378983 -532775
1558298379090 -532882
1558298381392 -535184
1558298381443 -535235
