1558297846900 -8659
1558297847937 -9696
1558297849737 -7537
1558297849737 -11495
1558297857364 -15163
1558297861221 -19020
1558297862172 -19971
1558297883267 -40770
1558297889128 -46612
1558297889152 -50743
1558297890839 -48323
1558297891852 -53443
1558297893772 -55363
1558297895669 -53153
1558297896629 -54113
1558297898600 -60191
1558297900526 -62117
1558297901487 -63078
1558297902422 -59905
1558297905501 -62984
1558297906341 -67932
1558297908216 -65699
1558297909206 -70797
1558297911138 -72728
1558297915789 -73271
1558297917413 -79003
1558297919683 -81270
1558297926435 -88022
1558297927395 -88982
1558297928337 -85683
1558297929301 -86647
1558297930414 -92001
1558297935503 -97089
1558297936193 -97779
1558297942661 -100007
1558297943814 -105347
1558297946703 -108236
1558297948633 -110166
1558297949445 -110978
1558297954266 -111611
1558297955227 -116759
1558297956190 -113535
1558297959913 -117258
1558297960054 -121586
1558297961985 -123517
1558297965845 -127377
1558297967891 -125236
1558297968771 -126116
1558297971507 -128852
1558297971643 -133175
1558297976404 -133558
1558297977282 -134436
1558297979634 -136788
1558297982105 -143601
1558297983077 -140230
1558297985550 -142703
1558297992961 -154457
1558297997552 -159048
1558298002304 -159106
1558298007775 -169173
1558298009944 -171341
1558298010770 -167571
1558298010770 -167571
1558298011437 -170451
1558298017535 -174336
1558298025260 -182061
1558298027193 -183994
1558298029140 -190513
1558298032136 -193508
1558298035035 -196407
1558298044855 -206121
1558298059022 -220255
1558298066809 -223008
1558298073139 -229337
1558298077343 -233541
1558298078262 -239494
1558298081178 -242345
1558298082739 -243906
1558298084397 -240264
1558298085103 -240970
1558298085203 -246370
1558298085931 -241798
1558298086033 -247200
1558298087006 -248173
1558298088777 -249944
1558298093028 -248895
1558298093028 -248895
1558298096616 -252483
1558298098897 -254764
1558298100769 -261936
1558298103363 -264530
1558298103370 -264537
1558298115896 -270068
1558298116867 -271039
1558298121464 -268759
1558298128372 -275663
1558298132628 -271406
1558298134250 -273027
1558298139002 -298326
1558298140030 -278806
1558298143987 -282763
1558298143987 -303294
1558298146834 -278984
1558298148642 -280792
1558298149608 -281758
1558298160199 -302707
1558298165098 -282756
1558298169977 -328991
1558298178559 -337573
1558298181139 -340153
1558298183364 -342378
1558298183364 -342378
1558298185387 -344401
1558298185390 -344404
1558298189903 -348917
1558298189904 -348918
1558298191811 -350825
1558298193573 -352587
1558298193617 -352631
1558298197265 -356279
1558298199841 -358855
1558298199861 -358875
1558298201572 -360586
1558298203416 -362430
1558298203438 -362452
1558298205123 -364137
1558298205146 -364160
1558298206929 -365943
1558298208706 -367720
1558298208731 -367745
1558298208732 -367746
1558298210537 -369551
1558298212249 -371263
1558298212250 -371264
1558298217181 -376195
1558298225793 -384807
1558298225794 -384808
1558298231184 -390174
1558298231185 -390175
1558298233151 -392141
1558298237123 -396113
1558298237133 -396123
1558298238944 -397934
1558298240932 -399922
1558298242917 -401907
1558298242921 -401911
1558298244820 -403810
1558298248692 -407682
1558298254441 -413431
1558298256390 -415380
1558298256391 -415381
1558298256423 -415413
1558298260948 -419938
1558298260956 -419946
1558298260957 -419947
1558298262710 -421700
1558298266465 -425455
1558298268408 -427397
1558298270242 -429231
1558298272155 -431144
1558298274989 -433978
1558298275023 -434012
1558298287226 -446215
1558298289935 -448924
1558298289997 -448986
1558298291843 -450832
1558298295470 -454459
1558298295471 -454460
1558298295472 -454461
1558298298126 -457115
1558298298127 -457116
1558298307998 -466987
1558298309699 -468688
1558298309700 -468689
1558298317856 -476845
1558298319605 -478594
1558298319606 -478595
1558298319607 -478596
1558298321505 -480494
1558298323110 -482083
1558298325660 -484633
1558298327593 -486566
1558298332740 -491713
1558298334454 -493427
1558298338767 -497740
1558298340580 -499553
1558298344144 -503117
1558298346074 -505047
1558298347980 -506953
1558298347983 -506956
1558298353323 -512295
1558298355174 -514146
1558298356992 -515964
1558298358635 -517607
1558298358811 -517783
1558298360664 -519636
1558298363449 -522421
1558298366191 -525163
1558298370778 -529750
1558298376378 -535350
