1558297848117 -5075
1558297849212 -3917
1558297850025 -6983
1558297851121 -5826
1558297852127 -9085
1558297855769 -12727
1558297858679 -15637
1558297869203 -26160
1558297873271 -27948
1558297877933 -34890
1558297884879 -41836
1558297886860 -41537
1558297887834 -42511
1558297894683 -48830
1558297898356 -52502
1558297899336 -53482
1558297901055 -56290
1558297907110 -61255
1558297908834 -64069
1558297909051 -63196
1558297910871 -66106
1558297913901 -68046
1558297915475 -70710
1558297920339 -74253
1558297923626 -77540
1558297924508 -78652
1558297929289 -81744
1558297930270 -84184
1558297932052 -85966
1558297934006 -87920
1558297946613 -99067
1558297947530 -101443
1558297949483 -103396
1558297960701 -116552
1558297960719 -116570
1558297964074 -116528
1558297964907 -117361
1558297964907 -117361
1558297964971 -117311
1558297965880 -118334
1558297971246 -127097
1558297978649 -130938
1558297978650 -130939
1558297989029 -141060
1558297989242 -141531
1558297990001 -142032
1558297992393 -144424
1558297993886 -145917
1558297994858 -146889
1558297996802 -148833
1558298010238 -162267
1558298010239 -162268
1558298011210 -163239
1558298014018 -166047
1558298021920 -173948
1558298022307 -172600
1558298023831 -175859
1558298024262 -174555
1558298026746 -178750
1558298030457 -180750
1558298030911 -182915
1558298033547 -185551
1558298034355 -186359
1558298034849 -185142
1558298038553 -190557
1558298046279 -198283
1558298047958 -199962
1558298048905 -204756
1558298055732 -207736
1558298059459 -211463
1558298060803 -216654
1558298063018 -213310
1558298069175 -221178
1558298073201 -223954
1558298073364 -222830
1558298073364 -222830
1558298075246 -225999
1558298075855 -225321
1558298083217 -232683
1558298083899 -233365
1558298090973 -240439
1558298091890 -242642
1558298097056 -246522
1558298097193 -247945
1558298102641 -258492
1558298102923 -252389
1558298102948 -258799
1558298103739 -253204
1558298104803 -255555
1558298107734 -258486
1558298111607 -262327
1558298113558 -264278
1558298114527 -265247
1558298115494 -266214
1558298116909 -272760
1558298118397 -258736
1558298120428 -260766
1558298130486 -270820
1558298130694 -272076
1558298133135 -274517
1558298137702 -269280
1558298137799 -264670
1558298139329 -295180
1558298140717 -267588
1558298147407 -278983
1558298149547 -276416
1558298157340 -313191
1558298167093 -322944
1558298173540 -329391
1558298173541 -329392
1558298176492 -332343
1558298176493 -332344
1558298179200 -335051
1558298181699 -337550
1558298189245 -345096
1558298193834 -349685
1558298193835 -349686
1558298198276 -354127
1558298200050 -355901
1558298201817 -357668
1558298201818 -357669
1558298203611 -359462
1558298203611 -359462
1558298203613 -359464
1558298203613 -359464
1558298205365 -361216
1558298205366 -361217
1558298205367 -361218
1558298208910 -364761
1558298210710 -366561
1558298210711 -366562
1558298212392 -368243
1558298212393 -368244
1558298216618 -372469
1558298220990 -376840
1558298223378 -379228
1558298223379 -379229
1558298226736 -382586
1558298226776 -382626
1558298228634 -384484
1558298228635 -384485
1558298230574 -386424
1558298230577 -386427
1558298239117 -394945
1558298239118 -394946
1558298239120 -394948
1558298241123 -396951
1558298241124 -396952
1558298245031 -400859
1558298246908 -402735
1558298248911 -404738
1558298250848 -406675
1558298252746 -408573
1558298252747 -408574
1558298256581 -412408
1558298260294 -416121
1558298262132 -417959
1558298263081 -418908
1558298265939 -421766
1558298268751 -424576
1558298270584 -426409
1558298272490 -428315
1558298272490 -428315
1558298274324 -430149
1558298274447 -430272
1558298276221 -432046
1558298278055 -433880
1558298278058 -433883
1558298279786 -435611
1558298279787 -435612
1558298279788 -435613
1558298283727 -439552
1558298288527 -444352
1558298290144 -445969
1558298298343 -454168
1558298300019 -455844
1558298302710 -458535
1558298306434 -462259
1558298306437 -462262
1558298312690 -468515
1558298316340 -472165
1558298320891 -476716
1558298322551 -478376
1558298322552 -478377
1558298327927 -483752
1558298329595 -485420
1558298329596 -485421
1558298332159 -487984
1558298335415 -491239
1558298335504 -491328
1558298340760 -496584
1558298342368 -498192
1558298342528 -498352
1558298344398 -500222
1558298344399 -500223
1558298349963 -505787
1558298349964 -505788
1558298352686 -508510
1558298352691 -508515
1558298353647 -509471
1558298356375 -512199
1558298357333 -510575
1558298360018 -513260
1558298360120 -513362
1558298361936 -515178
1558298363762 -517004
1558298365583 -518825
1558298367417 -520659
1558298369345 -522587
1558298369438 -522680
1558298371095 -524337
1558298371138 -524380
1558298371139 -524381
