1558297845915 -2116
1558297846087 -662
1558297849082 -3657
1558297852100 -6675
1558297854468 -13474
1558297859808 -16009
1558297862741 -18941
1558297869144 -28149
1558297873333 -29533
1558297874203 -28777
1558297886923 -41497
1558297887506 -46498
1558297888771 -47763
1558297889942 -42865
1558297891453 -50445
1558297898495 -52878
1558297902483 -55404
1558297903006 -61998
1558297905432 -64424
1558297908859 -67851
1558297912756 -71748
1558297913170 -67552
1558297913170 -67552
1558297915136 -69518
1558297916108 -70490
1558297919915 -72835
1558297921870 -74790
1558297921870 -74790
1558297922846 -75766
1558297927252 -86243
1558297931595 -85977
1558297931647 -84041
1558297933555 -87937
1558297937511 -89905
1558297941331 -93724
1558297941916 -100866
1558297942244 -94636
1558297945870 -104820
1558297946163 -98555
1558297948064 -99260
1558297951975 -103171
1558297953259 -104455
1558297954936 -107328
1558297956896 -109287
1558297958177 -109373
1558297959350 -118299
1558297960323 -119272
1558297963348 -114543
1558297966184 -125133
1558297968454 -127403
1558297969190 -128139
1558297969190 -128139
1558297971069 -130018
1558297975196 -134145
1558297976043 -134992
1558297976381 -128772
1558297976381 -128772
1558297977746 -136695
1558297980140 -139089
1558297987872 -137927
1558297992672 -151621
1558297996635 -146689
1558297997130 -156079
1558297998587 -148641
1558297998600 -149628
1558298003009 -161957
1558298004472 -155500
1558298005450 -156478
1558298005450 -156478
1558298005453 -156481
1558298008968 -167910
1558298016991 -167044
1558298020163 -171190
1558298022860 -172912
1558298022899 -173925
1558298023362 -182304
1558298026809 -177835
1558298030229 -181255
1558298030229 -181255
1558298030351 -181377
1558298030965 -181991
1558298030965 -181017
1558298033612 -183315
1558298039434 -188685
1558298052358 -211223
1558298053414 -202664
1558298059746 -208996
1558298060340 -219197
1558298064702 -214403
1558298065995 -215696
1558298066726 -215976
1558298070415 -220116
1558298072910 -222611
1558298074323 -224024
1558298074323 -233172
1558298076281 -225982
1558298082873 -232574
1558298083226 -242044
1558298088524 -247339
1558298091349 -240366
1558298091835 -250644
1558298110080 -268878
1558298110379 -259503
1558298116024 -265147
1558298122263 -271386
1558298123881 -273004
1558298124355 -283144
1558298124959 -273975
1558298130766 -289553
1558298136385 -268875
1558298137510 -274836
1558298138490 -275816
1558298138869 -297649
1558298142900 -275388
1558298142900 -275388
1558298143126 -280452
1558298144125 -302901
1558298149249 -286574
1558298153538 -312310
1558298155803 -281200
1558298155938 -293262
1558298156722 -314077
1558298157895 -295218
1558298160399 -256434
1558298161810 -299133
1558298162355 -258390
1558298163159 -259193
1558298166028 -284559
1558298169850 -288381
1558298170647 -328002
1558298170673 -289204
1558298170675 -328029
1558298173418 -330772
1558298191961 -347970
1558298196439 -352448
1558298199931 -355940
1558298201665 -357674
1558298206982 -362991
1558298210542 -366549
1558298212227 -368234
1558298222455 -378462
1558298224024 -380031
1558298224025 -380032
1558298224026 -380033
1558298225761 -381768
1558298227352 -383359
1558298229342 -385348
1558298231313 -387319
1558298231316 -387322
1558298231317 -387323
1558298233263 -389269
1558298237057 -393062
1558298238870 -394875
1558298238884 -394889
1558298240847 -396852
1558298252462 -408467
1558298254339 -410344
1558298255308 -410763
1558298255357 -410812
1558298259076 -414531
1558298260950 -416405
1558298262719 -418174
1558298262720 -418175
1558298264825 -420280
1558298268389 -423844
1558298268396 -423851
1558298271216 -426671
1558298273906 -429361
1558298274015 -429470
1558298274948 -430403
1558298279406 -434861
1558298279408 -434863
1558298282637 -438092
1558298285280 -440735
1558298285287 -440742
1558298295261 -450714
1558298296939 -452392
1558298296946 -452399
1558298299621 -455074
1558298313127 -466684
1558298321378 -474935
1558298323004 -476561
1558298323005 -476562
1558298323007 -476564
1558298327387 -480944
1558298330817 -484374
1558298332462 -486019
1558298332465 -486022
1558298334304 -487861
1558298334304 -487861
1558298334305 -487862
1558298335891 -489448
1558298337801 -491358
1558298339406 -492963
1558298339409 -492966
1558298342013 -495570
1558298343880 -497437
1558298349540 -503096
1558298362429 -515985
1558298362431 -515981
1558298364225 -516978
1558298366032 -518785
1558298367930 -520683
1558298372396 -525149
1558298373922 -526674
1558298376105 -528857
1558298380181 -532933
1558298381760 -534512
1558298381793 -534545
1558298385928 -538680
1558298385935 -538687
