1558297837749 -3304135
1558297838190 -13275
1558297838763 -13848
1558297839020 -14104
1558297839324 -14408
1558297839699 -14783
1558297840385 -15469
1558297841794 -246
1558297844255 -39
1558297845466 -3806
1558297848520 -23604
1558297849162 -1953
1558297849549 -24633
1558297850968 -6752
1558297852967 -5758
1558297853222 -11562
1558297853846 -6637
1558297856204 -31284
1558297857159 -32239
1558297857159 -32239
1558297858128 -33208
1558297858789 -14573
1558297861990 -37070
1558297865852 -40932
1558297866729 -22512
1558297868747 -43827
1558297871498 -46577
1558297872572 -47651
1558297873433 -48512
1558297874192 -26983
1558297875442 -50521
1558297877315 -35654
1558297878330 -53409
1558297880438 -55523
1558297881995 -40334
1558297882112 -57189
1558297883074 -58151
1558297883973 -36745
1558297884040 -59117
1558297886701 -61785
1558297887001 -62085
1558297887830 -46166
1558297887899 -62974
1558297887968 -43751
1558297888893 -47229
1558297889924 -43175
1558297891762 -66836
1558297891762 -66836
1558297893658 -51994
1558297897543 -55879
1558297898482 -51253
1558297899332 -74398
1558297899720 -52971
1558297901418 -54189
1558297901501 -54752
1558297905616 -58387
1558297906139 -81204
1558297906346 -59117
1558297909032 -67173
1558297909244 -62015
1558297910411 -63661
1558297912845 -87906
1558297915747 -90808
1558297917853 -92913
1558297918939 -72189
1558297919728 -77869
1558297921380 -96430
1558297921380 -96428
1558297922646 -80787
1558297925384 -83525
1558297926205 -101252
1558297926205 -101252
1558297927335 -85476
1558297929274 -87415
1558297929981 -83231
1558297930441 -88582
1558297931097 -106139
1558297931240 -89381
1558297932010 -107052
1558297932562 -85333
1558297934130 -92271
1558297935279 -110318
1558297935723 -87838
1558297936012 -111051
1558297936012 -111051
1558297936552 -88667
1558297937456 -90049
1558297939341 -91456
1558297941444 -94036
1558297942262 -94377
1558297943430 -118468
1558297947067 -99659
1558297947735 -105733
1558297948051 -100643
1558297949032 -101592
1558297949094 -101207
1558297950979 -103539
1558297952028 -104141
1558297953363 -105923
1558297954110 -129145
1558297955344 -113342
1558297956952 -131984
1558297958959 -133990
1558297959252 -117250
1558297959856 -134887
1558297960817 -135848
1558297961743 -114302
1558297962671 -120669
1558297964687 -117246
1558297965478 -140508
1558297965553 -117665
1558297966445 -141475
1558297967804 -142834
1558297967804 -142833
1558297969077 -127074
1558297969478 -121589
1558297970304 -145333
1558297970304 -145333
1558297972339 -124898
1558297972667 -130664
1558297974621 -149649
1558297975609 -128168
1558297976395 -126648
1558297977222 -129781
1558297977287 -127540
1558297977527 -135524
1558297978030 -153057
1558297980369 -155396
1558297981446 -139443
1558297982378 -140375
1558297983152 -133405
1558297985434 -160460
1558297986413 -136665
1558297989187 -147184
1558297989836 -140088
1558297991466 -144025
1558297991926 -149923
1558297992178 -142430
1558297992651 -167673
1558297992651 -167673
1558297992920 -145478
1558297994284 -169306
1558297995248 -170270
1558297995248 -170269
1558297995707 -145959
1558297996787 -154632
1558297997661 -147913
1558297998145 -173166
1558297998145 -173166
1558297999923 -174944
1558298001886 -159731
1558298002105 -177006
1558298006826 -181725
1558298007174 -182072
1558298008533 -158472
1558298008888 -183785
1558298009411 -167255
1558298009412 -167256
1558298010382 -168226
1558298011501 -186397
1558298011501 -186397
1558298014494 -164432
1558298014860 -189748
1558298014860 -189748
1558298017301 -192187
1558298020604 -195483
1558298021097 -178941
1558298021262 -171512
1558298023093 -197970
1558298027708 -185551
1558298029449 -187292
1558298029449 -204317
1558298030214 -205082
1558298030214 -180151
1558298031628 -189471
1558298031783 -206650
1558298033535 -191377
1558298033535 -191377
1558298034603 -184540
1558298037027 -186963
1558298037210 -187146
1558298038116 -212980
1558298038117 -212980
1558298039438 -189028
1558298039454 -189044
1558298042274 -200116
1558298045457 -203299
1558298046533 -196122
1558298049166 -198755
1558298049983 -224692
1558298050160 -199749
1558298054266 -204202
1558298054882 -229590
1558298058498 -233204
1558298058779 -208368
1558298058896 -208832
1558298059589 -217358
1558298060735 -210324
1558298061398 -236103
1558298064902 -239600
1558298068155 -242851
1558298069121 -243817
1558298069121 -243816
1558298069136 -226904
1558298069136 -226904
1558298071495 -220680
1558298072953 -222138
1558298072953 -222116
1558298073760 -222923
1558298074632 -232400
1558298074632 -249325
1558298075230 -249923
1558298075230 -249923
1558298076842 -251529
1558298078339 -227502
1558298079826 -237594
1558298082494 -257178
1558298083441 -241209
1558298084007 -258513
1558298087910 -237747
1558298090751 -239913
1558298092648 -241810
1558298095031 -269533
1558298095814 -244976
1558298098830 -248667
1558298101072 -275570
1558298105519 -279996
1558298105519 -279996
1558298108758 -257920
1558298109068 -283543
1558298112283 -261444
1558298115239 -289708
1558298115446 -273095
1558298116211 -290679
1558298121379 -295843
1558298121743 -296206
1558298122710 -280359
1558298123223 -297686
1558298123942 -266201
1558298125157 -282806
1558298125926 -295183
1558298127868 -297124
1558298131857 -289506
1558298132288 -277743
1558298132288 -274544
1558298133777 -279232
1558298134919 -292568
1558298134938 -292587
1558298136456 -305706
1558298138578 -284032
1558298139371 -308620
1558298139424 -269101
1558298144079 -301727
1558298144079 -301727
1558298144820 -277731
1558298147385 -280296
1558298149206 -278882
1558298154276 -311066
1558298154276 -311066
1558298154371 -270761
1558298155126 -311916
1558298157075 -313864
1558298157847 -274237
1558298161882 -283589
1558298164853 -267331
1558298171504 -346584
1558298185009 -360089
1558298185010 -360090
1558298185011 -360091
1558298189525 -364605
1558298193209 -368289
1558298193235 -368315
1558298195106 -370186
1558298195106 -370186
1558298195107 -370187
1558298196874 -371954
1558298196875 -371955
1558298198484 -373564
1558298200250 -375329
1558298200253 -375332
1558298202046 -377125
1558298203776 -378855
1558298203792 -378871
1558298205557 -380636
1558298207305 -382384
1558298207306 -382385
1558298207311 -382390
1558298207312 -382391
1558298209085 -384164
1558298209086 -384165
1558298210829 -385908
1558298210830 -385909
1558298210835 -385914
1558298213275 -388354
1558298213282 -388361
1558298214128 -389207
1558298214128 -389207
1558298216705 -391784
1558298216709 -391788
1558298217618 -392697
1558298217620 -392699
1558298221814 -396891
1558298223422 -398499
1558298223423 -398500
1558298223425 -398502
1558298226755 -401832
1558298226801 -401876
1558298228646 -403721
1558298230577 -405652
1558298230579 -405654
1558298231584 -406659
1558298235516 -410591
1558298235519 -410593
1558298237369 -412443
1558298237370 -412444
1558298243013 -418087
1558298244894 -419968
1558298244895 -419969
1558298244953 -420027
1558298246794 -421868
1558298246801 -421875
1558298248795 -423868
1558298250730 -425803
1558298250731 -425804
1558298252618 -427691
1558298252619 -427689
1558298256453 -431519
1558298258293 -433359
1558298259200 -434266
1558298259201 -434267
1558298261959 -437025
1558298261960 -437025
1558298261961 -437026
1558298262833 -437898
1558298264638 -439703
1558298266614 -441679
1558298268509 -443574
1558298268510 -443574
1558298268511 -443575
1558298270335 -445399
1558298270335 -445399
1558298272237 -447301
1558298272238 -447302
1558298272240 -447303
1558298275065 -450127
1558298275084 -450146
1558298277788 -452850
1558298277789 -452850
1558298277790 -452851
1558298279497 -454558
1558298279500 -454561
1558298283592 -458653
1558298283592 -458653
1558298287120 -462180
1558298288981 -464041
1558298289047 -464107
1558298289110 -464170
1558298289979 -465039
1558298291722 -466782
1558298291743 -466803
1558298295333 -470386
1558298295334 -470386
1558298296999 -472049
1558298297003 -472051
1558298299655 -474703
1558298299656 -474704
1558298299658 -474706
1558298299659 -474707
1558298301491 -476539
1558298301492 -476540
1558298301640 -476687
1558298301744 -476791
1558298303243 -478290
1558298303284 -478331
1558298306017 -481064
1558298307894 -482941
1558298307895 -482942
1558298309591 -484637
1558298311456 -486502
1558298313114 -488160
1558298313115 -488161
1558298313117 -488163
1558298315058 -490102
1558298315889 -490932
1558298315955 -490998
1558298316010 -491053
1558298319430 -494472
1558298319437 -494479
1558298321316 -496358
1558298321316 -496358
1558298321324 -496366
1558298321325 -496367
1558298321326 -496368
1558298322941 -497980
1558298322946 -497985
1558298322947 -497986
1558298325566 -500605
1558298326407 -501446
1558298329049 -504088
1558298329049 -504088
