1558297849186 -7625
1558297849343 -7777
1558297849388 -7819
1558297850516 -8940
1558297851319 -9617
1558297856660 -15067
1558297857578 -15983
1558297857974 -16272
1558297859885 -18183
1558297866643 -25017
1558297872720 -31093
1558297873310 -31607
1558297874266 -32503
1558297874606 -32979
1558297879234 -37471
1558297879682 -38055
1558297881065 -39438
1558297884015 -42252
1558297888932 -47168
1558297889781 -48017
1558297890732 -48968
1558297891690 -49926
1558297897852 -55862
1558297898801 -56811
1558297900150 -58160
1558297906107 -64116
1558297908155 -66390
1558297909120 -67355
1558297911051 -69060
1558297913083 -71092
1558297915845 -73453
1558297924325 -82323
1558297927206 -85204
1558297929190 -86796
1558297930414 -88412
1558297933047 -90653
1558297934012 -91618
1558297943406 -100164
1558297944750 -101508
1558297945581 -103068
1558297946404 -103891
1558297956051 -113538
1558297958196 -114953
1558297959871 -116628
1558297959926 -115727
1558297963963 -120720
1558297965762 -122519
1558297968654 -124454
1558297971325 -127122
1558297972629 -129385
1558297975727 -130434
1558297978083 -133880
1558297984173 -138880
1558297986963 -142758
1558297987248 -141955
1558297989795 -144502
1558297993431 -149226
1558298000684 -155390
1558298004254 -158960
1558298004946 -160590
1558298005224 -159930
1558298009768 -165412
1558298021376 -174640
1558298022155 -175419
1558298027011 -180274
1558298027235 -181940
1558298029109 -183814
1558298033997 -188701
1558298034284 -188873
1558298034714 -189303
1558298034966 -189670
1558298035492 -190081
1558298045233 -196426
1558298045953 -197146
1558298047278 -200541
1558298057918 -209110
1558298058881 -210073
1558298059687 -210879
1558298068436 -221697
1558298068436 -221697
1558298069407 -222668
1558298073375 -224567
1558298079118 -232378
1558298084847 -234097
1558298085059 -238319
1558298088668 -241928
1558298090264 -243524
1558298091030 -240280
1558298092583 -241833
1558298095195 -244445
1558298096158 -245408
1558298099946 -253188
1558298104555 -259143
1558298108520 -257770
1558298109890 -259139
1558298113744 -266986
1558298121059 -270308
1558298121341 -266783
1558298122702 -268139
1558298124895 -279483
1558298127824 -276765
1558298133686 -282627
1558298136904 -268067
1558298143747 -274909
1558298145400 -294340
1558298151585 -282746
1558298154072 -303012
1558298154767 -280065
1558298159647 -314234
1558298179594 -334181
1558298182076 -336663
1558298182077 -336664
1558298187230 -341817
1558298193224 -347811
1558298193255 -347842
1558298193280 -347867
1558298200288 -354874
1558298203822 -358408
1558298207382 -361968
1558298216854 -371439
1558298216855 -371440
1558298218560 -373145
1558298220282 -374867
1558298223607 -378191
1558298225388 -379972
1558298225390 -379974
1558298228909 -383493
1558298230848 -385432
1558298234851 -389435
1558298240558 -395142
1558298242367 -396951
1558298247175 -401446
1558298250106 -404377
1558298250108 -404379
1558298250109 -404380
1558298251113 -405384
1558298252989 -407260
1558298260548 -414819
1558298264231 -418501
1558298266198 -420468
1558298269885 -424155
1558298270886 -425156
1558298272789 -427059
1558298274599 -428869
1558298278327 -432597
1558298280710 -434980
1558298282417 -436687
1558298284141 -438411
1558298284145 -438415
1558298286794 -441064
1558298290361 -444630
1558298290393 -444662
1558298296719 -450988
1558298296721 -450990
1558298298625 -452894
1558298298626 -452895
1558298303001 -457270
1558298304955 -459224
1558298311250 -465519
1558298314785 -469053
1558298314936 -469204
1558298316612 -470880
1558298319270 -473538
1558298321166 -475434
1558298330775 -485043
1558298330779 -485047
1558298330780 -485047
1558298334277 -486587
1558298334278 -486588
1558298334281 -486591
1558298335662 -487972
1558298335737 -488047
1558298335819 -488129
1558298341093 -493403
1558298341096 -493406
1558298342564 -494874
1558298342697 -495007
1558298345503 -497813
1558298345556 -497866
1558298349345 -501655
1558298351178 -503488
1558298351179 -503489
1558298352983 -505293
1558298354839 -507149
1558298356682 -508992
1558298358460 -510770
1558298358653 -510963
1558298360343 -512653
1558298360420 -512730
1558298362232 -514542
1558298364049 -516359
1558298364050 -516360
1558298364052 -516362
1558298365853 -518163
1558298365856 -518166
1558298367841 -520149
1558298368029 -520337
1558298369505 -521813
1558298369659 -521967
1558298371389 -523697
