1558297851428 -8538
1558297857225 -14335
1558297859179 -16289
1558297859179 -16289
1558297864169 -21279
1558297871722 -28831
1558297873677 -30786
1558297875632 -32741
1558297883458 -40567
1558297896998 -51956
1558297936044 -90049
1558297939647 -93652
1558297940831 -94836
1558297950422 -108719
1558297964888 -123185
1558297968980 -122983
1558297985789 -139791
1558297990150 -144152
1558298009533 -161027
1558298010504 -161998
1558298017340 -168834
1558298021413 -172907
1558298042583 -194077
1558298042583 -194077
1558298043560 -195054
1558298048450 -199944
1558298054005 -205496
1558298055555 -213852
1558298055580 -213877
1558298065863 -217354
1558298080533 -231288
1558298087200 -237955
1558298099018 -249772
1558298100529 -251283
1558298101870 -252624
1558298104628 -255382
1558298113408 -264162
1558298114384 -265138
1558298114385 -265139
1558298115363 -266117
1558298122617 -265135
1558298137693 -270810
1558298139656 -272773
1558298152215 -272633
1558298152398 -272816
1558298153163 -273581
1558298167837 -326133
1558298171226 -329522
1558298171226 -329522
1558298173956 -332252
1558298176842 -335138
1558298179500 -337796
1558298179500 -337796
1558298181960 -340256
1558298181963 -340259
1558298184870 -343166
1558298189424 -347720
1558298189434 -347730
1558298193117 -351411
1558298194991 -353285
1558298194992 -353286
1558298196781 -355075
1558298200313 -358607
1558298200315 -358609
1558298202115 -360409
1558298202117 -360411
1558298202118 -360412
1558298203816 -362110
1558298205656 -363950
1558298205657 -363951
1558298207383 -365677
1558298207384 -365678
1558298207384 -365678
1558298207385 -365679
1558298210039 -368333
1558298210935 -369229
1558298214142 -372436
1558298216674 -374968
1558298216679 -374972
1558298220142 -378435
1558298223415 -381708
1558298223416 -381709
1558298223418 -381711
1558298226762 -385055
1558298226806 -385099
1558298228680 -386973
1558298228681 -386974
1558298228686 -386979
1558298230594 -388887
1558298232608 -390901
1558298234593 -392886
1558298237408 -395701
1558298239282 -397399
1558298243208 -401325
1558298243209 -401326
1558298243211 -401328
1558298245108 -403225
1558298247049 -405166
1558298247057 -405174
1558298249040 -407157
1558298250975 -409092
1558298254635 -412752
1558298256673 -414790
1558298258387 -416504
1558298258387 -416504
1558298258402 -416519
1558298259308 -417425
1558298259309 -417426
1558298262062 -420178
1558298262986 -421102
1558298264840 -422956
1558298264913 -423029
1558298265860 -423976
1558298266754 -424870
1558298268653 -426769
1558298268656 -426772
1558298268657 -426773
1558298270477 -428593
1558298272392 -430508
1558298274164 -432280
1558298277949 -436065
1558298281248 -439364
1558298283731 -441847
1558298285704 -443820
1558298285705 -443821
1558298288518 -446634
1558298292028 -450144
1558298292029 -450145
1558298293703 -451819
1558298296461 -454577
1558298296463 -454579
1558298298291 -456407
1558298298292 -456408
1558298302719 -460835
1558298302791 -460907
1558298304613 -462729
1558298304628 -462744
1558298306213 -464329
1558298306214 -464330
1558298306215 -464331
1558298308112 -466228
1558298311713 -469829
1558298311714 -469830
1558298314581 -472697
1558298314582 -472698
1558298316065 -474181
1558298317971 -476087
1558298317972 -476088
1558298317973 -476089
1558298319714 -477830
1558298319715 -477831
1558298323185 -481301
1558298325813 -483929
1558298327626 -485742
1558298327627 -485743
1558298327667 -485783
1558298329334 -487450
1558298329335 -487451
1558298329336 -487452
1558298331179 -489295
1558298334479 -492595
1558298335433 -493549
1558298335529 -493645
1558298336278 -494394
1558298342297 -500203
1558298344263 -502169
1558298346115 -504021
1558298348020 -505926
1558298349803 -507709
1558298357001 -514907
1558298358710 -516616
1558298358854 -516760
1558298360659 -518565
1558298360735 -518641
1558298360793 -518699
1558298364356 -522259
1558298364364 -522267
1558298364364 -522267
1558298364368 -522271
1558298369811 -527713
1558298370741 -528643
1558298370795 -528697
1558298372486 -530388
1558298373993 -531895
1558298373994 -531896
