1558297856059 -34137
1558297860103 -38181
1558297860416 -38494
1558297865775 -43852
1558297867603 -45680
1558297876184 -54260
1558297890784 -68859
1558297922498 -100501
1558297938233 -116236
1558297938273 -116276
1558297955758 -133760
1558298103870 -281819
1558298171457 -349211
1558298174113 -351867
1558298178315 -356069
1558298178316 -356070
1558298185282 -363036
1558298191831 -369584
1558298191832 -369585
1558298193551 -371304
1558298193577 -371330
1558298199957 -377710
1558298199968 -377721
1558298201670 -379423
1558298201682 -379435
1558298201683 -379436
1558298205201 -382900
1558298206938 -384637
1558298206959 -384658
1558298208671 -386369
1558298208679 -386377
1558298210488 -388186
1558298213801 -391499
1558298213805 -391503
1558298217227 -394925
1558298217228 -394926
1558298217229 -394927
1558298220644 -398342
1558298220656 -398353
1558298220669 -398366
1558298223903 -401600
1558298223904 -401601
1558298227205 -404902
1558298227221 -404918
1558298227231 -404928
1558298229175 -406872
1558298229176 -406873
1558298231127 -408824
1558298231128 -408825
1558298235214 -412910
1558298238948 -416644
1558298240894 -418590
1558298240907 -418603
1558298242873 -420560
1558298246626 -424112
1558298246648 -424134
1558298250565 -428051
1558298250566 -428052
1558298254319 -431805
1558298255254 -432740
1558298255314 -432800
1558298255392 -432878
1558298259004 -436490
1558298259005 -436490
1558298259006 -436491
1558298260861 -438346
1558298264493 -441978
1558298264494 -441979
1558298268257 -445742
1558298268258 -445743
1558298270070 -447555
1558298271065 -448550
1558298272939 -450424
1558298276637 -454121
1558298278430 -455914
1558298280839 -458323
1558298280840 -458324
1558298280859 -458343
1558298282566 -460050
1558298284172 -461656
1558298284173 -461657
1558298284174 -461658
1558298286962 -464446
1558298286963 -464447
1558298286964 -464448
1558298290533 -468017
1558298290558 -468042
1558298290578 -468062
1558298293231 -470715
1558298293232 -470716
1558298296803 -474287
1558298296805 -474289
1558298298721 -476204
1558298298724 -476207
1558298303034 -480517
1558298303087 -480570
1558298306702 -484185
1558298306709 -484192
1558298306710 -484193
1558298309376 -486859
1558298319177 -496432
1558298319177 -496432
1558298321067 -498322
1558298321068 -498323
1558298324395 -501650
1558298324703 -501958
1558298326188 -503443
1558298328029 -505283
1558298329636 -506890
1558298332182 -509436
1558298334034 -511288
1558298334044 -511298
1558298335772 -513026
1558298337470 -514724
1558298337499 -514753
1558298339087 -516341
1558298339098 -516352
1558298340913 -518167
1558298340923 -518177
1558298344383 -521637
1558298349113 -526367
1558298349984 -527238
1558298349985 -527239
1558298352697 -529951
1558298352706 -529722
1558298353628 -530161
1558298356323 -532852
1558298356325 -532853
1558298356333 -532860
1558298357265 -533788
1558298360970 -537484
1558298360989 -537432
1558298363675 -540111
1558298363676 -540107
1558298363678 -540107
1558298363679 -540102
1558298364584 -541002
1558298364585 -540995
