1558297843818 -3310368
1558297843818 -3310367
1558297843818 -3310367
1558297982985 -140044
1558298043002 -200061
1558298166428 -323485
1558298173165 -330222
1558298173187 -330244
1558298173188 -330245
1558298178861 -335918
1558298181414 -338471
1558298181425 -338482
1558298183570 -340627
1558298185589 -342646
1558298185593 -342650
1558298187831 -344888
1558298191801 -348858
1558298193564 -350621
1558298193598 -350655
1558298193599 -350656
1558298193634 -350691
1558298195498 -352555
1558298195509 -351971
1558298197242 -353704
1558298197248 -353710
1558298201511 -357973
1558298203364 -359826
1558298205053 -361515
1558298206858 -363320
1558298208626 -365088
1558298208627 -365089
1558298210457 -366919
1558298210458 -366920
1558298210462 -366924
1558298212131 -368593
1558298212132 -368594
1558298213807 -370269
1558298213808 -370270
1558298215530 -371992
1558298217259 -373721
1558298218980 -375442
1558298223963 -380425
1558298226510 -382972
1558298226582 -383044
1558298227294 -383756
1558298231243 -387705
1558298233257 -389719
1558298233313 -389775
1558298235211 -391673
1558298236976 -393438
1558298238787 -395249
1558298238793 -395255
1558298240759 -397221
1558298242753 -399215
1558298242754 -399215
1558298242757 -399218
1558298244605 -401066
1558298248519 -404980
1558298250464 -406925
1558298252380 -408841
1558298252386 -408847
1558298254233 -410694
1558298254243 -410704
1558298255214 -411675
1558298258042 -414503
1558298258995 -415456
1558298258996 -415457
1558298260872 -417333
1558298260874 -417335
1558298262641 -419102
1558298270151 -426612
1558298270151 -426612
1558298270154 -426615
1558298270155 -426616
1558298273975 -430436
1558298276747 -433208
1558298276748 -433209
1558298279340 -435801
1558298280811 -437266
1558298282509 -437513
1558298282557 -437561
1558298284194 -439198
1558298287003 -442006
1558298287004 -442007
1558298288822 -443825
1558298288914 -443917
1558298288986 -443989
1558298289050 -444053
1558298290643 -445646
1558298293324 -448327
1558298293325 -448328
1558298295255 -450258
1558298295262 -450265
1558298295262 -450265
1558298296937 -451940
1558298296945 -451948
1558298299616 -454619
1558298299623 -454626
1558298301473 -456476
1558298301617 -456620
1558298303173 -458176
1558298303266 -458269
1558298306004 -461007
1558298307889 -462892
1558298309599 -464602
1558298309600 -464603
1558298311482 -466485
1558298311483 -466486
1558298313155 -468158
1558298319496 -474499
1558298321411 -476414
1558298321412 -476415
1558298323036 -478039
1558298327418 -482421
1558298327455 -482458
1558298329180 -484183
1558298329181 -484184
1558298330843 -485846
1558298330846 -485849
1558298332487 -487490
1558298335378 -489669
1558298335991 -490282
1558298336046 -490337
1558298337835 -492126
1558298337839 -492130
1558298339432 -493723
1558298342039 -496330
1558298342040 -496331
1558298342041 -496332
1558298342043 -496334
1558298342837 -497128
1558298343906 -498197
1558298343992 -498283
1558298345738 -500029
1558298345779 -500070
1558298345812 -500103
1558298347743 -502034
1558298349564 -503855
1558298349565 -503856
1558298351410 -505701
1558298353208 -507499
1558298355049 -509339
1558298355050 -509340
1558298358746 -513036
1558298358881 -513171
1558298362483 -516773
1558298362486 -516776
1558298364267 -518557
1558298364268 -518558
1558298364269 -518559
1558298367951 -522241
1558298369775 -524065
1558298373959 -528249
1558298373959 -528249
