1558297840786 -3307506
1558297840789 -3307509
1558297840806 -3307523
1558297840806 -3305096
1558297840806 -3305096
1558297840806 -3305096
1558297840806 -3305096
1558297840806 -3305096
1558297840806 -3305096
1558297840806 -3307523
1558297841805 -3592
1558297842767 -4553
1558297844860 -1031
1558297845417 -1588
1558297845656 -7442
1558297845656 -7442
1558297849381 -5551
1558297849511 -4036
1558297849587 -11373
1558297849642 -11428
1558297854351 -16136
1558297854839 -9364
1558297857245 -19030
1558297858283 -20068
1558297859957 -16127
1558297860650 -15175
1558297860950 -22735
1558297861619 -16144
1558297863560 -18084
1558297863847 -20017
1558297865778 -27562
