1558297847228 -3040
1558297847228 -3040
1558297847421 -3591
1558297850241 -6053
1558297853064 -8876
1558297853216 -9386
1558297855529 -16192
1558297860751 -16562
1558297861728 -17539
1558297864388 -25051
1558297870513 -26683
1558297872315 -28126
1558297872529 -28699
1558297872556 -28726
1558297878391 -33744
1558297886037 -41389
1558297886378 -46967
1558297891193 -51782
1558297892677 -48027
1558297893655 -49005
1558297896592 -52383
1558297898508 -53858
1558297899703 -55053
1558297901425 -56775
1558297906512 -67074
1558297906512 -67074
1558297907277 -61045
1558297908255 -62023
1558297913238 -73800
1558297914122 -67890
1558297914939 -68707
1558297919829 -73597
1558297919898 -75687
1558297922999 -83227
1558297924935 -85163
1558297925692 -79460
1558297925761 -81550
1558297926671 -80439
1558297927626 -87854
1558297928628 -82396
1558297929916 -83684
1558297931563 -85331
1558297935129 -88896
1558297940588 -94355
1558297940588 -94355
1558297943204 -96486
1558297944745 -98027
1558297947116 -100398
1558297949983 -102535
1558297950966 -103518
1558297953745 -113970
1558297954005 -107287
1558297954501 -114726
1558297959776 -112328
1558297965508 -118789
1558297968382 -128541
1558297970816 -130975
1558297971773 -131932
1558297973698 -133857
1558297974595 -127147
1558297975425 -127977
1558297975425 -128684
1558297975492 -128044
1558297981175 -133726
1558297981396 -141553
1558297985787 -145944
1558297986645 -139196
1558297988770 -141321
1558297993845 -153689
1558297994677 -147933
1558297996729 -156573
1558298001767 -155023
1558298004400 -164244
1558298005394 -155512
1558298008467 -158585
1558298008571 -158689
1558298009348 -161452
1558298012112 -164216
1558298014635 -174479
1558298015249 -165366
1558298016016 -175860
1558298016968 -167085
1558298020038 -172142
1558298022482 -182325
1558298023840 -175943
1558298027725 -177842
1558298029120 -188963
1558298032620 -182737
1558298034430 -186533
1558298035385 -185497
1558298037912 -190014
1558298038703 -190805
1558298039348 -189460
1558298041273 -193375
1558298046356 -198458
1558298048118 -200219
1558298054439 -214223
1558298058936 -218720
1558298059894 -219678
1558298060663 -210933
1558298064496 -214766
1558298065972 -216242
1558298069552 -229335
1558298070522 -230305
1558298071412 -221524
1558298077288 -227558
1558298083200 -232702
1558298084473 -233975
1558298085926 -235428
1558298088853 -238355
1558298090287 -239789
1558298091173 -250795
1558298091173 -240675
1558298091338 -250959
1558298092098 -251719
1558298094503 -254124
1558298094503 -254124
1558298094724 -244226
1558298096678 -246946
1558298098849 -258470
1558298099226 -249494
1558298100542 -260163
1558298100815 -250317
1558298101647 -251149
1558298103526 -253793
1558298105345 -255612
1558298116552 -275712
1558298122631 -262322
1558298123142 -272718
1558298125080 -264771
1558298130528 -279533
1558298131621 -264003
1558298136693 -276382
1558298143109 -292684
1558298143109 -275490
1558298143472 -293047
1558298144936 -294511
1558298145532 -268758
1558298147310 -296885
1558298147324 -279704
1558298148290 -297865
1558298152008 -284388
1558298154987 -287366
1558298156928 -306502
1558298156937 -289316
1558298157747 -280971
1558298157748 -280972
1558298159860 -309434
1558298159871 -282571
1558298162791 -312365
1558298170867 -328365
1558298173588 -331086
1558298179225 -336723
1558298181709 -339207
1558298183899 -341397
1558298188111 -345609
1558298189249 -346747
1558298190331 -347829
1558298190332 -347830
1558298192063 -349561
1558298192064 -349562
1558298192065 -349563
1558298196511 -354009
1558298198252 -355750
1558298200027 -357525
1558298201769 -359267
1558298201770 -359268
1558298201771 -359269
1558298203574 -361072
1558298205316 -362814
1558298205317 -362815
1558298205318 -362816
1558298207093 -364591
1558298207094 -364592
1558298207097 -364595
1558298208872 -366369
1558298210665 -368162
1558298210666 -368163
1558298212344 -369841
1558298212344 -369841
1558298214010 -371507
1558298214012 -371509
1558298215778 -373275
1558298217474 -374971
1558298217475 -374972
1558298217476 -374973
1558298219995 -377492
1558298220034 -377531
1558298220078 -377575
1558298220907 -378404
1558298220908 -378405
1558298223288 -380785
1558298223288 -380785
1558298224167 -381664
1558298224167 -381664
1558298226614 -384111
1558298226614 -384111
1558298226656 -384153
1558298227473 -384970
1558298227476 -384973
1558298230463 -387960
1558298230464 -387961
1558298234455 -390300
1558298234492 -390337
1558298235426 -391271
1558298239012 -394857
1558298240981 -396826
1558298240984 -396829
1558298242964 -398809
1558298244867 -400712
1558298246723 -402568
1558298246741 -402586
1558298250672 -406516
1558298250673 -406517
1558298252566 -408410
1558298254452 -410296
1558298254454 -410298
1558298258232 -414076
1558298261047 -416891
1558298262810 -418654
1558298262811 -418655
1558298262812 -418656
1558298264751 -420595
1558298264751 -420595
1558298266595 -422439
1558298268502 -424346
1558298274066 -429910
1558298274127 -429971
1558298275089 -430933
1558298277806 -433650
1558298279511 -435355
1558298279512 -435356
1558298281012 -436856
1558298281012 -436856
1558298283497 -439341
1558298287151 -442995
1558298289019 -444863
1558298291771 -447615
1558298293432 -449276
1558298295370 -451214
1558298295371 -451215
1558298297058 -452902
1558298301525 -457369
1558298303325 -459168
1558298306105 -461948
1558298307997 -463840
1558298307999 -463842
1558298308000 -463843
1558298309694 -465537
1558298311582 -467425
1558298313226 -469069
1558298313228 -469071
1558298316050 -471893
1558298317848 -473691
1558298319568 -475411
1558298323084 -478712
1558298323087 -478715
1558298325602 -481196
1558298329218 -484812
1558298330871 -486465
1558298332508 -488102
1558298332509 -488103
1558298332510 -488104
1558298334336 -489930
1558298334503 -490097
1558298339436 -495030
1558298339437 -495031
1558298339439 -495033
1558298339440 -495034
1558298342036 -497630
1558298342037 -497631
1558298349547 -505140
1558298349550 -505143
1558298351378 -506971
1558298351378 -506971
1558298351379 -506972
1558298353170 -508763
1558298355003 -510596
1558298355004 -510597
1558298355005 -510598
1558298356840 -512433
1558298356841 -512434
1558298360497 -516089
1558298360555 -516147
1558298362384 -517976
1558298362385 -517977
1558298365992 -521584
1558298365993 -519381
1558298367723 -521111
1558298367911 -521299
1558298372345 -525733
1558298373861 -527249
1558298376063 -529451
1558298377769 -531157
1558298381678 -535066
