1558297851146 -6530
1558297851495 -6879
1558297853792 -31497
1558297855690 -33395
1558297858556 -36261
1558297858994 -14378
1558297860467 -38171
1558297865272 -42746
1558297865797 -21181
1558297868178 -45652
1558297870518 -25902
1558297874398 -29782
1558297881331 -36714
1558297881665 -59137
1558297883511 -60983
1558297884475 -61947
1558297889039 -44422
1558297890219 -67691
1558297893664 -49020
1558297896579 -51935
1558297896965 -74436
1558297897552 -52908
1558297897938 -75390
1558297897947 -75203
1558297898887 -76143
1558297899962 -77218
1558297903661 -80917
1558297907345 -84601
1558297909257 -86513
1558297911174 -88430
1558297915021 -92276
1558297917270 -94525
1558297922673 -78027
1558297927525 -82878
1558297933253 -110495
1558297933381 -88734
1558297936318 -91671
1558297938057 -93410
1558297942849 -120073
1558297950416 -108770
1558297950683 -106036
1558297955330 -132494
1558297961213 -114570
1558297961213 -114570
1558297963435 -140551
1558297965893 -124247
1558297968107 -145194
1558297968107 -145194
1558297969963 -123320
1558297973426 -150482
1558297980287 -157242
1558297981641 -134997
1558297983566 -136922
1558297987487 -140829
1558297989242 -142584
1558297989806 -166740
1558297990207 -143549
1558297994563 -152917
1558298002117 -155458
1558298003820 -157161
1558298007560 -184421
1558298008719 -162060
1558298009489 -162830
1558298009489 -162830
1558298010459 -163800
1558298012405 -165746
1558298018238 -171579
1558298020314 -197150
1558298020448 -197284
1558298023092 -176433
1558298025481 -183835
1558298026977 -180318
1558298029683 -183023
1558298030248 -183588
1558298037918 -191258
1558298042190 -200544
1558298049233 -225971
1558298051175 -227907
1558298054285 -207503
1558298057753 -210971
1558298058563 -216917
1558298058953 -235363
1558298060670 -213887
1558298062835 -239194
1558298062835 -239193
1558298068442 -221659
1558298070451 -246750
1558298070452 -246736
1558298076285 -252495
1558298077982 -236336
1558298083076 -259222
1558298083311 -259445
1558298085777 -238994
1558298086969 -256794
1558298088686 -241903
1558298090821 -260642
1558298091010 -244227
1558298092852 -246069
1558298094518 -247735
1558298094589 -264407
1558298095560 -265378
1558298098571 -268388
1558298105279 -275084
1558298108638 -270100
1558298109555 -271016
1558298114767 -263676
1558298115805 -277263
1558298116711 -265620
1558298120450 -269359
1558298125518 -280356
1558298126273 -275177
1558298126492 -281330
1558298127464 -282302
1558298127467 -282305
1558298131868 -280769
1558298132420 -281321
1558298136018 -284916
1558298136479 -294832
1558298145173 -294071
1558298153062 -301960
1558298157219 -315572
1558298157246 -315599
1558298167002 -325355
1558298167010 -325363
1558298167015 -325368
1558298170998 -329351
1558298171014 -329367
1558298176556 -334909
1558298179502 -337855
1558298186028 -344381
1558298189365 -347718
1558298191218 -349571
1558298194913 -353266
1558298196704 -355056
1558298200194 -358546
1558298201973 -360325
1558298205464 -363816
1558298210731 -369083
1558298212408 -370760
1558298216610 -374962
1558298220162 -378514
1558298221856 -380207
1558298228651 -387002
1558298228652 -386891
1558298230573 -388812
1558298235492 -393731
1558298235493 -393732
1558298243111 -401349
1558298246911 -405149
1558298248887 -407125
1558298250804 -408388
1558298256537 -414121
1558298258378 -415962
1558298266580 -424163
1558298268475 -426058
1558298277733 -435315
1558298279446 -437028
1558298281070 -438652
1558298283537 -441119
1558298293456 -451037
1558298293457 -451038
1558298295399 -452980
1558298299726 -455493
1558298299727 -455494
1558298299727 -455494
1558298301532 -457299
1558298303324 -459091
1558298303354 -459121
1558298306100 -461867
1558298307988 -463755
1558298311564 -467331
1558298313210 -468977
1558298317664 -473431
1558298328990 -484755
1558298328991 -484756
1558298330798 -486563
1558298332436 -488201
1558298337743 -493508
1558298339330 -495095
1558298345593 -501358
1558298347588 -503351
1558298349415 -505178
1558298351224 -506987
1558298353020 -508783
1558298354858 -510621
1558298358454 -514217
1558298358648 -514411
1558298360322 -516085
1558298360400 -516163
1558298362167 -517930
1558298362179 -517942
1558298365786 -521549
1558298371126 -526889
1558298375191 -530861
1558298376678 -532348
1558298379046 -534716
