1558297848387 -4175
1558297848431 -4219
1558297861556 -17344
1558297875076 -30863
1558297877030 -32817
1558297877997 -33784
1558297885834 -41621
1558297894593 -50377
1558297894645 -50429
1558297900380 -55093
1558297911090 -65803
1558297912059 -66772
1558297915807 -70519
1558297921698 -76410
1558297928525 -83237
1558297937326 -92038
1558297947883 -105187
1558297953871 -107980
1558297956601 -113905
1558297960631 -114740
1558297964383 -118492
1558297970954 -128258
1558297976222 -130331
1558297976222 -130331
1558297977093 -131202
1558297983710 -141014
1558297988672 -142781
1558297998159 -155463
1558298012311 -169615
1558298016864 -169331
1558298021036 -173503
1558298024689 -177156
1558298037122 -189124
1558298038526 -190528
1558298060112 -217416
1558298070331 -222332
1558298077175 -229176
1558298077175 -229176
1558298077178 -229179
1558298090669 -242669
1558298092914 -244914
1558298095589 -247589
1558298114007 -266007
1558298116940 -268940
1558298120085 -272085
1558298120275 -272275
1558298123827 -274580
1558298128671 -260406
1558298137389 -294693
1558298141220 -272951
1558298150024 -281753
1558298152578 -284307
1558298156249 -313551
1558298160620 -277563
1558298166613 -323915
1558298178938 -336240
1558298178939 -336241
1558298181482 -338784
1558298185684 -342986
1558298187936 -345238
1558298187978 -345280
1558298190162 -347464
1558298197313 -353407
1558298197335 -353429
1558298199885 -355979
1558298205126 -361220
1558298205156 -361250
1558298206925 -363019
1558298212173 -368267
1558298212174 -368268
1558298217296 -373389
1558298217304 -373397
1558298219004 -375097
1558298219112 -375205
1558298220740 -376833
1558298220741 -376834
1558298222423 -378516
1558298224003 -380096
1558298225749 -381842
1558298225750 -381843
1558298226535 -382628
1558298227333 -383426
1558298229312 -385405
1558298231307 -387400
1558298238826 -394919
1558298238843 -394936
1558298242798 -398891
1558298244621 -400714
1558298246597 -402690
1558298246598 -402691
1558298250509 -406602
1558298254272 -410365
1558298254296 -410389
1558298255256 -411349
1558298258089 -414182
1558298258102 -414195
1558298259050 -415143
1558298259057 -415150
1558298260927 -417020
1558298262688 -418781
1558298264690 -420783
1558298268348 -424441
1558298270187 -426279
1558298271175 -427267
1558298273883 -429975
1558298276769 -432854
1558298279372 -434748
1558298279372 -434748
1558298280842 -436218
1558298280843 -436219
1558298282571 -437947
1558298284211 -439587
1558298288860 -444236
1558298288939 -444315
1558298290591 -445967
1558298290624 -446000
1558298293291 -448667
1558298293294 -448670
1558298293299 -448675
1558298295205 -450581
1558298296897 -452273
1558298299576 -454952
1558298299577 -454953
1558298301583 -456959
1558298303211 -458587
1558298305112 -460486
1558298305117 -460491
1558298307824 -463198
1558298307825 -463199
1558298307826 -463200
1558298307828 -463202
1558298309538 -464912
1558298309540 -464914
1558298315855 -471229
1558298315919 -471293
1558298317669 -473043
1558298321293 -476667
1558298321299 -476673
1558298322933 -478307
1558298326364 -481738
1558298329052 -484425
1558298330697 -486070
1558298330698 -486071
1558298330707 -486080
1558298330708 -486081
1558298332342 -487715
1558298334178 -489550
1558298335787 -491159
1558298335859 -491231
1558298339281 -494653
1558298339284 -494656
1558298342712 -498084
1558298347557 -502929
1558298354857 -508576
1558298360432 -514151
1558298362257 -515976
1558298367848 -521567
1558298369640 -523359
1558298373756 -527475
1558298375346 -529065
1558298375352 -529071
1558298377664 -531383
