1558297972614 -129514
1558298167070 -323969
1558298167077 -323976
1558298173533 -330432
1558298173533 -330432
1558298176471 -333370
1558298181645 -338544
1558298185797 -342696
1558298190066 -346965
1558298193801 -350700
1558298196493 -353392
1558298199985 -356884
1558298199994 -356893
1558298201712 -358611
1558298203536 -360435
1558298203543 -360442
1558298205273 -362172
1558298205274 -362173
1558298207034 -363933
1558298208808 -365706
1558298210612 -367510
1558298210616 -367514
1558298210625 -367523
1558298213963 -370861
1558298213964 -370862
1558298215715 -372613
1558298219066 -375964
1558298220870 -377768
1558298220871 -377769
1558298220883 -377781
1558298224121 -381019
1558298224121 -381019
1558298226599 -383497
1558298227427 -384325
1558298230405 -387303
1558298233163 -390061
1558298233219 -390117
1558298235182 -392080
1558298238951 -395848
1558298240899 -397796
1558298240912 -397809
1558298242895 -399792
1558298242896 -399793
1558298244692 -401589
1558298244767 -401664
1558298244824 -401721
1558298250612 -407509
1558298254393 -411290
1558298258194 -415091
1558298259120 -416017
1558298262770 -419667
1558298264608 -421505
1558298264609 -421506
1558298266543 -423439
1558298268463 -425359
1558298270289 -427185
1558298270291 -427187
1558298270292 -427188
1558298274050 -430946
1558298274114 -431010
1558298276698 -433594
1558298279300 -436196
1558298280951 -437847
1558298280956 -437852
1558298285364 -442255
1558298287100 -443991
1558298291704 -448594
1558298293389 -450159
1558298293389 -450159
1558298295322 -452092
1558298295323 -452021
1558298301494 -457691
1558298301643 -457840
1558298307919 -464116
1558298307920 -464117
1558298311504 -467701
1558298313156 -469353
1558298313156 -469353
1558298315865 -472061
1558298319481 -475677
1558298323003 -479199
1558298323004 -479200
1558298324588 -480784
1558298324720 -480916
1558298326273 -482469
1558298330785 -486981
1558298332422 -488618
1558298334268 -490464
1558298335851 -492047
1558298335986 -492182
1558298337747 -493943
1558298339350 -495546
1558298341957 -498153
1558298342759 -498955
1558298342850 -499046
1558298343910 -500106
1558298347632 -503828
1558298347633 -503829
1558298351273 -507469
1558298353076 -508807
1558298354923 -510654
1558298356772 -512503
1558298358496 -514227
1558298362294 -518025
1558298362295 -518026
1558298365886 -521617
