1558297911513 -72290
1558297956348 -117125
1558297970346 -131123
1558297970978 -131755
1558297982972 -143749
1558297997165 -157942
1558298026404 -186855
1558298026668 -187119
1558298096728 -257179
1558298114888 -275339
1558298176121 -336571
1558298181389 -341839
1558298181389 -341839
1558298183539 -343989
1558298185393 -345843
1558298185397 -345847
1558298185398 -345848
1558298187660 -348110
1558298189899 -350349
1558298189900 -350350
1558298189901 -350351
1558298191769 -352219
1558298197211 -357661
1558298198957 -359407
1558298200717 -361167
1558298205031 -365481
1558298206840 -367290
1558298210430 -370880
1558298210431 -370881
1558298215496 -375946
1558298215497 -375947
1558298215497 -375947
1558298217226 -377676
1558298220661 -381111
1558298223934 -384384
1558298223935 -384385
1558298227257 -387707
1558298227272 -387722
1558298233071 -393521
1558298233072 -393522
1558298235039 -395489
1558298236925 -397375
1558298236926 -397376
1558298238731 -399181
1558298238738 -399188
1558298238739 -399189
1558298244563 -404859
1558298244641 -404937
1558298244724 -405020
1558298247492 -407616
1558298250413 -410537
1558298250414 -410538
1558298254170 -414294
1558298254180 -414304
1558298255202 -415326
1558298257095 -417219
1558298257095 -417219
1558298258912 -419036
1558298260800 -420924
1558298260802 -420926
1558298262571 -422695
1558298262572 -422696
1558298262573 -422697
1558298262576 -422700
1558298264463 -424587
1558298264463 -424587
1558298266289 -426413
1558298268251 -428375
1558298268252 -428376
1558298268253 -428377
1558298270079 -430203
1558298271077 -431201
1558298273954 -434078
1558298274668 -434792
1558298276515 -436639
1558298278323 -438447
1558298280696 -440820
1558298284121 -444245
1558298284122 -444246
1558298286917 -447040
1558298286918 -447041
1558298288764 -448887
1558298290509 -450632
1558298293213 -453336
1558298293214 -453337
1558298295117 -455240
1558298296806 -456929
1558298296807 -456930
1558298301349 -461472
1558298303074 -463197
1558298305023 -465146
1558298306754 -466877
1558298306755 -466878
1558298306758 -466881
1558298311291 -471414
1558298316656 -476779
1558298319285 -479408
1558298319286 -479409
1558298322820 -482943
1558298324569 -484692
1558298326080 -486203
1558298326139 -486262
1558298328040 -488163
1558298329665 -489788
1558298329666 -489789
1558298329667 -489790
1558298332211 -492334
1558298335673 -495796
1558298335752 -495671
1558298337554 -497473
1558298341027 -500946
1558298349257 -509176
1558298351088 -511007
1558298351091 -511010
1558298352891 -512810
1558298352895 -512814
1558298354729 -514647
1558298354731 -514649
1558298356555 -516473
1558298358587 -518505
1558298358774 -518692
1558298362084 -522002
1558298365712 -525630
1558298365714 -525632
1558298367553 -527471
1558298367562 -527480
1558298369231 -529149
1558298369343 -529261
1558298371041 -530959
1558298373448 -533366
1558298373449 -533367
1558298373451 -533369
1558298375128 -535045
1558298376612 -536529
1558298376612 -536529
1558298376614 -536531
1558298378947 -538864
1558298381396 -541313
