1558297846473 -24439
1558297846492 -1977
1558297846492 -3964
1558297846492 -3964
1558297846500 -3972
1558297848379 -3864
1558297849898 -7248
1558297855613 -12963
1558297859497 -16847
1558297860976 -16461
1558297862370 -40119
1558297864269 -42018
1558297864891 -20376
1558297868638 -24123
1558297870991 -28341
1558297871962 -29312
1558297872808 -50556
1558297873769 -51517
1558297875541 -31026
1558297875677 -53424
1558297875845 -33194
1558297877788 -35137
1558297879732 -37081
1558297880705 -38054
1558297883306 -38790
1558297886534 -43856
1558297888606 -45928
1558297891944 -45474
1558297892151 -69410
1558297892239 -49561
1558297893180 -50502
1558297899041 -56363
1558297900751 -54280
1558297903526 -80785
1558297907382 -84640
1558297909307 -86565
1558297912447 -69768
1558297913413 -70734
1558297915106 -92364
1558297917432 -70961
1558297917578 -74899
1558297919244 -76565
1558297921184 -78505
1558297922104 -75633
1558297922155 -79476
1558297925039 -78536
1558297925069 -82390
1558297928952 -85738
1558297932314 -109568
1558297935444 -112697
1558297936257 -113510
1558297940797 -94292
1558297941536 -95031
1558297942938 -120191
1558297945587 -99082
1558297947253 -104038
1558297952966 -129486
1558297953384 -110168
1558297956163 -109658
1558297957590 -111085
1558297957717 -111212
1558297963312 -139810
1558297964113 -140611
1558297966533 -122998
1558297969691 -123186
1558297973603 -127098
1558297980423 -136887
1558297986005 -162502
1558297986607 -140101
1558297987275 -140769
1558297987275 -140769
1558297988107 -141601
1558297994015 -150400
1558297995719 -171955
1558298001139 -153042
1558298001239 -153142
1558298001947 -153849
1558298005707 -157609
1558298008788 -160690
1558298014517 -190574
1558298015341 -191398
1558298015852 -172315
1558298019492 -174792
1558298021033 -197089
1558298023146 -175026
1558298028028 -179908
1558298030587 -185886
1558298034177 -210233
1558298035142 -211198
1558298038295 -193594
1558298038911 -190791
1558298046859 -222744
1558298052452 -228337
1558298053326 -229211
1558298054631 -230516
1558298055424 -231309
1558298060949 -211422
1558298061078 -236666
1558298062265 -215986
1558298065120 -218841
1558298065120 -215593
1558298065656 -241244
1558298067793 -218266
1558298069748 -220221
1558298073186 -223659
1558298075768 -246163
1558298076644 -247039
1558298079528 -230001
1558298080502 -230975
1558298082764 -236485
1558298082764 -233237
1558298082764 -236485
1558298084138 -237859
1558298084521 -249721
1558298085633 -239354
1558298088159 -238607
1558298090778 -244498
1558298090778 -255974
1558298090778 -244498
1558298092329 -257523
1558298094356 -248076
1558298098562 -252282
1558298098979 -264166
1558298103665 -268848
1558298114725 -268311
1558298118304 -265086
1558298120433 -285609
1558298120645 -285821
1558298124877 -290048
1558298131415 -262733
1558298133209 -264527
1558298133865 -265183
1558298134175 -286455
1558298134831 -266148
1558298135115 -287395
1558298136756 -268073
1558298140941 -293221
1558298154670 -306949
1558298158091 -276702
1558298165683 -317962
1558298166046 -274093
1558298168593 -324978
1558298171821 -328206
1558298183291 -339676
1558298187521 -343906
1558298193492 -349877
1558298200509 -356894
1558298204033 -360417
1558298213564 -369948
1558298220469 -376853
1558298220497 -376881
1558298222150 -378534
1558298227078 -382602
1558298232943 -388467
1558298236896 -392420
1558298253068 -408556
1558298256885 -412373
1558298256889 -412377
1558298262398 -417886
1558298262401 -417889
1558298264264 -419752
1558298272783 -428271
1558298276483 -431970
1558298292247 -447734
1558298302964 -458451
1558298304839 -460326
1558298306591 -462078
1558298316504 -471991
1558298319127 -474218
1558298322689 -477780
1558298324391 -479482
1558298332212 -487303
1558298340832 -495922
1558298342549 -497639
1558298344384 -499474
1558298352718 -507808
1558298353659 -508749
1558298365554 -520644
1558298365555 -520645
1558298367376 -522466
1558298369384 -524474
1558298381290 -536380
1558298383001 -536772
1558298388516 -542287
1558298390901 -544672
1558298393243 -547014
