1558297858310 -14476
1558297875865 -32031
1558297880619 -36785
1558297883534 -39700
1558297887449 -43615
1558297899190 -54740
1558297930316 -85866
1558297931137 -86687
1558297932065 -87615
1558297933043 -88593
1558297936959 -92509
1558297940523 -96047
1558297942822 -98346
1558297943799 -99323
1558297956346 -111869
1558297961222 -116744
1558297966106 -121628
1558297966106 -121628
1558297967084 -122606
1558297971969 -127491
1558297980871 -136392
1558297985207 -140728
1558297989391 -144912
1558297995257 -150778
1558297996233 -151754
1558298001405 -156926
1558298002041 -157562
1558298002041 -157562
1558298008311 -161858
1558298014066 -167613
1558298015738 -169285
1558298015768 -169315
1558298020935 -174482
1558298028173 -181720
1558298032081 -185628
1558298034037 -187584
1558298040284 -195294
1558298048548 -203558
1558298049512 -202600
1558298070855 -223942
1558298078673 -231760
1558298086498 -239585
1558298127228 -278706
1558298130117 -281595
1558298137039 -288517
1558298139951 -291429
1558298140928 -292406
1558298145906 -297383
1558298152435 -303912
1558298159171 -314181
1558298165241 -316718
1558298165241 -316718
1558298171261 -326271
1558298176873 -331883
1558298179526 -334536
1558298189475 -344484
1558298193177 -348186
1558298193212 -348221
1558298196723 -351732
1558298200256 -355265
1558298209991 -365000
1558298218512 -373521
1558298223574 -378583
1558298225339 -380348
1558298228862 -383871
1558298228868 -383877
1558298243289 -397163
1558298243289 -397163
1558298245219 -399093
1558298247144 -401018
1558298247145 -401019
1558298249124 -402998
1558298249125 -402999
1558298256769 -410643
1558298258629 -412502
1558298262312 -416185
1558298262313 -416186
1558298272741 -426613
1558298274542 -428414
1558298274600 -428472
1558298280674 -434546
1558298284098 -437970
1558298288491 -442363
1558298290341 -444213
1558298290370 -444241
1558298292267 -446138
1558298294939 -448810
1558298294941 -448812
1558298296680 -450551
1558298300224 -454095
1558298300229 -454100
1558298304903 -458774
1558298304908 -458779
1558298309339 -463210
1558298311178 -465049
1558298316552 -470423
1558298321123 -474993
1558298322769 -476639
1558298324623 -478493
1558298324738 -478608
1558298326211 -480081
1558298330721 -484591
1558298332372 -486242
1558298341029 -493797
1558298342477 -495245
1558298342634 -495402
1558298345490 -498258
1558298346529 -499297
1558298346530 -499298
1558298351127 -503894
1558298352932 -505699
1558298354776 -507543
1558298354777 -507544
1558298356609 -509376
1558298356610 -509377
1558298360284 -513051
1558298360358 -513125
1558298363982 -516749
1558298381457 -534224
