1558297844976 -22548
1558297844991 -22563
1558297845924 -23496
1558297845925 -23497
1558297847413 -3946
1558297852582 -8970
1558297852633 -30204
1558297857358 -13746
1558297861223 -38513
1558297861232 -17620
1558297865111 -21499
1558297867863 -24251
1558297871742 -28130
1558297873596 -50885
1558297873596 -50885
1558297880362 -57651
1558297882291 -59580
1558297882439 -37926
1558297888504 -65793
1558297890021 -67310
1558297890209 -45695
1558297894333 -71600
1558297896619 -73886
1558297897587 -74854
1558297905781 -61267
1558297907604 -63090
1558297909553 -65038
1558297910462 -87728
1558297911108 -88374
1558297920617 -97883
1558297921582 -98116
1558297922106 -77591
1558297923694 -100219
1558297927966 -83451
1558297927967 -83452
1558297938725 -94210
1558297939538 -95022
1558297941862 -118020
1558297943451 -98935
1558297946383 -101867
1558297947387 -102871
1558297952794 -108130
1558297956161 -111496
1558297958449 -113784
1558297961055 -116390
1558297961993 -137948
1558297968936 -122561
1558297970038 -125787
1558297978259 -154087
1558297993627 -169454
1558297995985 -151734
1558298000545 -152795
1558298002307 -177895
1558298007639 -159889
1558298007978 -160228
1558298010564 -166313
1558298010779 -166528
1558298010946 -186533
1558298016575 -192162
1558298016575 -192162
1558298021423 -173664
1558298023342 -198904
1558298024121 -176361
1558298029705 -205240
1558298031936 -184176
1558298032041 -207576
1558298033007 -208541
1558298036983 -212517
1558298038855 -191095
1558298042085 -197833
1558298043464 -218998
1558298047422 -199661
1558298049259 -224793
1558298049259 -224793
1558298053016 -205255
1558298054386 -229920
1558298058991 -210453
1558298059965 -211427
1558298064652 -240112
1558298069487 -244946
1558298074079 -225540
1558298075377 -250826
1558298079206 -254642
1558298079521 -230982
1558298084073 -235534
1558298084180 -258065
1558298084449 -235910
1558298085082 -258965
1558298091601 -243062
1558298099719 -251180
1558298109006 -260466
1558298109513 -260973
1558298109513 -260973
1558298110983 -284845
1558298111447 -262735
1558298120671 -294530
1558298121623 -272910
1558298123348 -274635
1558298123348 -274635
1558298127489 -301340
1558298128622 -284369
1558298132352 -283639
1558298133012 -284299
1558298136106 -293346
1558298137708 -288995
1558298138034 -295274
1558298144327 -278239
1558298153650 -287561
1558298156113 -290023
1558298165058 -281625
1558298166855 -283422
1558298170135 -325882
1558298175910 -331657
1558298178662 -334409
1558298181198 -336945
1558298187705 -343451
1558298189947 -345693
1558298191853 -347599
1558298191873 -347619
1558298193597 -349342
1558298193632 -349377
1558298197101 -352846
1558298198848 -354593
1558298198849 -354594
1558298200613 -356358
1558298200614 -356359
1558298203229 -358974
1558298206728 -362473
1558298206741 -362486
1558298208485 -364230
1558298210321 -366008
1558298211996 -367683
1558298213660 -369347
1558298213669 -369356
1558298217118 -372804
1558298217128 -372814
1558298222250 -377936
1558298223842 -379528
1558298223843 -379529
1558298225627 -381313
1558298227178 -382864
1558298231084 -386770
1558298231084 -386770
1558298233022 -388708
1558298236970 -392656
1558298240579 -396265
1558298240593 -396275
1558298242592 -398274
1558298242593 -398275
1558298243425 -399107
1558298244501 -400183
1558298244565 -400247
1558298254093 -409775
1558298254102 -409784
1558298255102 -410784
1558298258830 -414512
1558298258830 -414512
1558298260704 -416386
1558298260708 -416390
1558298260708 -416390
1558298268157 -423839
1558298270998 -426680
1558298271000 -426682
1558298272883 -428565
1558298272884 -428566
1558298274679 -430361
1558298278400 -434082
1558298278401 -434083
1558298278402 -434084
1558298280783 -436465
1558298280791 -436473
1558298280792 -436474
1558298282463 -438145
1558298282464 -438146
1558298284038 -439720
1558298284040 -439722
1558298288674 -444356
1558298288751 -444433
1558298288841 -444523
1558298290396 -446078
1558298290426 -446108
1558298296739 -449898
1558298298648 -451807
1558298298649 -451808
1558298301269 -454428
1558298301270 -454429
1558298301273 -454432
1558298303011 -456170
1558298303069 -456228
1558298306716 -459875
1558298309404 -462563
1558298311259 -464418
1558298311260 -464419
1558298312974 -466133
1558298314862 -468021
1558298315003 -468162
1558298316584 -469743
1558298319267 -472426
1558298322814 -475973
1558298322814 -475973
1558298326260 -479419
1558298334097 -487254
1558298334098 -487255
1558298335659 -488816
1558298337616 -490773
1558298339201 -492358
1558298342545 -495702
1558298342688 -495845
1558298343801 -496958
1558298345554 -498711
1558298347507 -500664
1558298347508 -500665
1558298351169 -504326
1558298352970 -506127
1558298354817 -507974
1558298356661 -509818
1558298358645 -511802
1558298360408 -513565
1558298362196 -515353
1558298365823 -518980
1558298365824 -518981
1558298369568 -522725
1558298369634 -522791
1558298369713 -522870
1558298371372 -524529
1558298376073 -529230
1558298376076 -529233
1558298376077 -529234
1558298377779 -530935
1558298379216 -532335
1558298379296 -532415
1558298381550 -534669
1558298381593 -534712
1558298383971 -537090
1558298385738 -538857
1558298389440 -542559
1558298391809 -544928
1558298391946 -545065
