1558298172889 -330619
1558298183393 -341123
1558298187668 -345398
1558298189931 -347661
1558298191602 -349332
1558298191603 -349333
1558298193409 -351137
1558298195328 -353056
1558298198838 -356566
1558298200604 -358332
1558298200610 -358338
1558298203213 -360941
1558298204909 -362637
1558298204923 -362651
1558298206715 -364443
1558298208480 -366208
1558298208483 -366211
1558298210315 -368043
1558298215400 -373128
1558298215408 -373136
1558298217135 -374862
1558298220573 -378300
1558298220602 -378329
1558298222280 -380007
1558298223878 -381605
1558298225668 -383395
1558298225669 -383396
1558298227199 -384926
1558298229179 -386906
1558298229180 -386907
1558298231142 -388869
1558298231143 -388870
1558298233103 -390830
1558298235141 -392868
1558298236897 -394624
1558298240669 -398281
1558298242671 -400110
1558298244546 -401985
1558298244613 -402052
1558298244698 -402137
1558298246468 -403419
1558298246498 -403449
1558298251374 -408325
1558298254190 -411141
1558298254200 -411151
1558298254201 -411152
1558298257122 -414073
1558298258950 -415901
1558298258951 -415902
1558298258957 -415908
1558298258957 -415908
1558298262628 -419579
1558298266366 -423317
1558298270164 -427115
1558298274904 -431855
1558298276788 -433739
1558298276795 -433746
1558298279396 -436347
1558298279402 -436353
1558298280885 -437836
1558298282632 -439583
1558298282640 -439591
1558298285295 -442246
1558298285296 -442247
1558298285306 -442257
1558298287057 -444008
1558298291693 -448644
1558298291720 -448671
1558298295300 -452251
1558298296979 -453930
1558298296985 -453936
1558298299648 -456599
1558298299649 -456600
1558298301641 -458592
1558298301745 -458695
1558298301825 -458775
1558298303293 -460243
1558298306041 -462991
1558298306042 -462992
1558298306042 -462992
1558298307937 -464887
1558298307938 -464888
1558298309648 -466596
1558298317792 -474740
1558298317809 -474757
1558298319537 -476485
1558298319538 -476486
1558298319538 -476486
1558298321446 -478394
1558298321448 -478396
1558298323062 -480010
1558298323063 -480011
1558298327450 -484398
1558298327494 -484442
1558298327570 -484518
1558298329212 -486160
1558298330866 -487814
1558298335966 -492914
1558298338586 -495534
1558298342065 -499012
1558298342066 -499013
1558298342067 -499014
1558298343802 -500749
1558298345844 -502791
1558298345884 -502831
1558298347774 -504721
1558298351451 -507130
1558298358568 -514247
1558298360590 -516269
1558298364301 -519980
1558298366109 -521788
1558298369860 -525539
1558298372466 -528145
1558298373981 -529660
1558298373982 -529661
1558298376168 -531847
