1558297846776 -4681
1558297850577 -8482
1558297851564 -9469
1558297855356 -13260
1558297862117 -20020
1558297862117 -20020
1558297868728 -25609
1558297871635 -28516
1558297876497 -33377
1558297889952 -46830
1558297892860 -49454
1558297897722 -54316
1558297917291 -73870
1558297922864 -77758
1558297930015 -84908
1558297931683 -86576
1558297933633 -88526
1558297940499 -95392
1558297943259 -98150
1558297964578 -121722
1558297966563 -121048
1558297969696 -126840
1558297969992 -127136
1558297978297 -132781
1558297984157 -138641
1558297987106 -141590
1558297996711 -151195
1558298008530 -160197
1558298009257 -160924
1558298010760 -167904
1558298012197 -163864
1558298014492 -166159
1558298021272 -172938
1558298022013 -173679
1558298024910 -176576
1558298026862 -178528
1558298032571 -184237
1558298039481 -191147
1558298045073 -196739
1558298050182 -200955
1558298056862 -207635
1558298059796 -210568
1558298060773 -211545
1558298062728 -213500
1558298071531 -222303
1558298075588 -226360
1558298088979 -239751
1558298113780 -270924
1558298115223 -258561
1558298118163 -261501
1558298120501 -263839
1558298127776 -271112
1558298139548 -272674
1558298150025 -307169
1558298154397 -281617
1558298156017 -283237
1558298156999 -284219
1558298157976 -285195
1558298158949 -286168
1558298166042 -274155
1558298170185 -327329
1558298172948 -330092
1558298172966 -330110
1558298178723 -335867
1558298178725 -335869
1558298181255 -338399
1558298183427 -340571
1558298185449 -342593
1558298187684 -344828
1558298189974 -347118
1558298193652 -350795
1558298193697 -350840
1558298195364 -352507
1558298195372 -352515
1558298197119 -354262
1558298197128 -354271
1558298198883 -356026
1558298198889 -356032
1558298198890 -356033
1558298200647 -357790
1558298200648 -357791
1558298203257 -360400
1558298203265 -360408
1558298204949 -362092
1558298206766 -363909
1558298210347 -367490
1558298210355 -367498
1558298210356 -367499
1558298213705 -370848
1558298215432 -372575
1558298215433 -372576
1558298218893 -376036
1558298220607 -377750
1558298220607 -377750
1558298220618 -377761
1558298222279 -379422
1558298222283 -379426
1558298223874 -381017
1558298225664 -382807
1558298225666 -382809
1558298227181 -384324
1558298231130 -388273
1558298231131 -388274
1558298235122 -392218
1558298238851 -395947
1558298244520 -401616
1558298246388 -403484
1558298246429 -403525
1558298246469 -403565
1558298247409 -404505
1558298250341 -407437
1558298255045 -412141
1558298255106 -412202
1558298258862 -415958
1558298260742 -417838
1558298264412 -421508
1558298264413 -421509
1558298266274 -423370
1558298268203 -425299
1558298270033 -427129
1558298270038 -427134
1558298271033 -428129
1558298271035 -428131
1558298272920 -430016
1558298272922 -430017
1558298272924 -430019
1558298274734 -431829
1558298276633 -433728
1558298276634 -433729
1558298278446 -435541
1558298280879 -437974
1558298280880 -437975
1558298282618 -439713
1558298282619 -439714
1558298282629 -439724
1558298284081 -441176
1558298284086 -441181
1558298286889 -443984
1558298286889 -443984
1558298290499 -447594
1558298296812 -453907
1558298298733 -455828
1558298298738 -455833
1558298298739 -455834
1558298301370 -458465
1558298303127 -460127
1558298303177 -459674
1558298303224 -459549
1558298303269 -459594
1558298306786 -462647
1558298306788 -462649
1558298309488 -465349
1558298309489 -465350
1558298311340 -467201
1558298313043 -468904
1558298314974 -470835
1558298315061 -470922
1558298321271 -477132
1558298321276 -477137
1558298326408 -482269
1558298327415 -483276
1558298329066 -484927
1558298330877 -486738
1558298332518 -488378
1558298334207 -490067
1558298335887 -491747
1558298335962 -491822
1558298339320 -494315
1558298339321 -494316
1558298339321 -494316
1558298339322 -494317
1558298342724 -497719
1558298345671 -500666
1558298349460 -504455
1558298349460 -504455
1558298354947 -509942
1558298358698 -513693
1558298362326 -517321
1558298362341 -517336
1558298362342 -517337
1558298364147 -519141
1558298364148 -519142
1558298365949 -520943
1558298365950 -520944
1558298367891 -522885
1558298369641 -524635
1558298373843 -528837
1558298373845 -528839
1558298373846 -528840
1558298376183 -531177
1558298377885 -532879
1558298379220 -534214
1558298379304 -534298
1558298380203 -535197
1558298385849 -540843
1558298385852 -540846
1558298389628 -544622
1558298395909 -550903
1558298397439 -552433
1558298397442 -552436
1558298400069 -555063
1558298400072 -555066
1558298403060 -558054
1558298405651 -560645
1558298407056 -562050
1558298407065 -562059
1558298408465 -563459
1558298408471 -563465
