1558297853904 -6593
1558297858657 -15505
1558297858789 -11478
1558297859644 -16492
1558297862699 -15387
1558297863540 -20387
1558297868578 -21266
1558297873283 -25970
1558297874260 -26947
1558297885000 -41847
1558297889896 -42498
1558297890870 -43472
1558297893809 -46411
1558297893809 -46411
1558297897386 -54230
1558297899733 -52335
1558297901456 -54056
1558297908144 -64987
1558297912198 -64798
1558297913846 -70688
1558297914153 -66753
1558297921681 -78522
1558297921693 -78534
1558297926688 -76597
1558297929971 -86811
1558297930727 -80636
1558297931443 -88283
1558297935636 -85545
1558297942023 -98863
1558297946912 -103752
1558297955842 -105749
1558297958068 -107975
1558297958756 -115595
1558297961707 -111613
1558297961707 -111613
1558297964353 -121191
1558297964356 -121194
1558297971187 -128021
1558297977162 -127037
1558297982048 -131923
1558297986872 -143690
1558297987714 -144532
1558297988626 -145444
1558297990674 -140549
1558297993638 -143513
1558297994492 -151310
1558297995554 -145429
1558298001625 -158442
1558298002448 -152322
1558298004346 -154220
1558298005323 -155197
1558298008515 -158389
1558298009776 -165878
1558298010342 -166444
1558298011924 -168687
1558298015927 -172690
1558298016883 -166756
1558298016884 -166757
1558298019567 -176325
1558298021831 -178589
1558298022669 -179427
1558298024697 -173766
1558298029215 -185973
1558298029583 -186341
1558298029717 -178786
1558298030851 -187609
1558298031435 -188193
1558298035212 -191970
1558298037591 -194349
1558298038420 -195178
1558298042050 -198808
1558298043029 -199783
1558298047983 -197049
1558298052500 -209254
1558298056552 -213306
1558298061443 -218197
1558298061508 -210574
1558298064643 -213709
1558298065733 -222487
1558298070393 -226495
1558298075402 -224468
1558298077143 -226209
1558298082601 -231667
1558298085746 -242290
1558298088705 -237701
1558298091168 -240164
1558298092215 -241211
1558298094570 -243566
1558298104137 -260681
1558298104138 -260682
1558298106089 -262632
1558298108242 -257237
1558298108793 -265336
1558298109209 -258204
1558298109459 -266002
1558298110303 -266846
1558298111990 -260985
1558298114888 -271290
1558298116874 -265869
1558298117851 -266846
1558298120964 -269959
1558298124667 -281069
1558298125670 -274665
1558298126460 -282862
1558298130624 -287026
1558298136236 -292638
1558298137235 -279327
1558298140163 -269811
1558298143187 -272835
1558298144625 -274272
1558298152526 -282172
1558298153439 -283085
1558298166376 -278433
1558298170282 -282339
1558298178414 -334515
1558298185247 -341348
1558298185255 -341356
1558298189767 -345868
1558298189773 -345874
1558298191645 -347746
1558298195156 -351257
1558298196923 -353024
1558298198699 -354800
1558298200448 -356549
1558298202248 -358349
1558298202249 -358350
1558298203967 -360068
1558298208289 -364390
1558298210146 -366247
1558298210147 -366248
1558298211803 -367904
1558298220409 -376510
1558298223696 -379797
1558298228990 -385091
1558298228990 -385091
1558298230925 -387026
1558298232834 -388935
1558298232949 -389050
1558298236852 -392543
1558298236853 -392544
1558298242404 -398095
1558298243468 -399159
1558298245278 -400969
1558298247192 -402883
1558298252996 -408687
1558298252996 -408687
1558298254930 -410621
1558298256808 -412499
1558298258659 -414350
1558298258660 -414351
1558298258661 -414352
1558298260528 -416219
1558298262352 -418043
1558298269852 -425543
1558298270825 -426516
1558298278240 -433931
1558298282311 -438002
1558298282312 -438003
1558298283884 -439575
1558298285879 -441570
1558298285880 -441571
1558298288605 -444296
1558298292188 -447879
1558298293849 -449540
1558298296598 -452289
1558298296601 -452292
1558298298465 -454156
1558298300115 -455806
1558298302781 -458472
1558298302848 -458539
1558298306501 -462192
1558298306501 -462192
1558298312750 -468441
1558298312750 -468441
1558298314413 -470104
1558298314570 -470261
1558298318273 -473964
1558298318274 -473965
1558298318276 -473967
1558298322601 -478292
1558298322602 -478293
1558298324533 -480199
1558298327951 -483617
1558298337282 -492947
1558298338935 -494600
1558298340744 -496409
1558298340745 -496410
1558298346230 -501895
1558298349028 -504693
1558298349029 -504694
1558298349923 -505588
1558298353585 -509250
1558298360009 -515673
1558298360979 -516643
1558298360980 -516644
1558298367326 -522990
1558298369238 -524902
1558298371006 -526670
1558298372748 -528412
1558298372749 -528413
1558298372750 -528414
1558298375087 -530751
1558298376583 -532247
1558298378027 -533691
1558298380433 -536097
1558298380504 -536168
1558298382940 -538604
