1558297856912 -13074
1558297857888 -14050
1558297872480 -28642
1558297876299 -32461
1558297876300 -32462
1558297879227 -35389
1558297895678 -48644
1558297895678 -48644
1558297901546 -54512
1558297905607 -58572
1558297907418 -60383
1558297924040 -77004
1558297927769 -80732
1558297931687 -84650
1558297932668 -85631
1558297961000 -116744
1558297962976 -115331
1558297980480 -130539
1558297991446 -141505
1558298000107 -150165
1558298013541 -163598
1558298017063 -167120
1558298029309 -179365
1558298039440 -189141
1558298053605 -203305
1558298054198 -203898
1558298054267 -203967
1558298055086 -204786
1558298062687 -212387
1558298074629 -224329
1558298075524 -225224
1558298084325 -233448
1558298095803 -244926
1558298099347 -248470
1558298100901 -250024
1558298104614 -253737
1558298115197 -264319
1558298120349 -269471
1558298122369 -271491
1558298123226 -272348
1558298130807 -279929
1558298132271 -281393
1558298133738 -282860
1558298155988 -281613
1558298162829 -288453
1558298179044 -334786
1558298181561 -337303
1558298185721 -341462
1558298187951 -343692
1558298190206 -345947
1558298193707 -349448
1558298199912 -355652
1558298199929 -355669
1558298201643 -357383
1558298201655 -357395
1558298201656 -357396
1558298203474 -359214
1558298203490 -359230
1558298203491 -359231
1558298205196 -360936
1558298205211 -360951
1558298206986 -362726
1558298206996 -362736
1558298208770 -364510
1558298212241 -367981
1558298213899 -369639
1558298215625 -371365
1558298215638 -371378
1558298217353 -373041
1558298219129 -374816
1558298220779 -376466
1558298223151 -378838
1558298224037 -379724
1558298224045 -379732
1558298224046 -379733
1558298227373 -383060
1558298229343 -385030
1558298229350 -385037
1558298231322 -387009
1558298231326 -387013
1558298233264 -388951
1558298233318 -389005
1558298235276 -390963
1558298235279 -390966
1558298237198 -392885
1558298238874 -394561
1558298238887 -394574
1558298238892 -394579
1558298240840 -396527
1558298240841 -396528
1558298244749 -400436
1558298246607 -402294
1558298246631 -402318
1558298246651 -402338
1558298248609 -404296
1558298248610 -404297
1558298248620 -404307
1558298248624 -404311
1558298250571 -406258
1558298252473 -408160
1558298252474 -408161
1558298252482 -408169
1558298254358 -410045
1558298258165 -411351
1558298259080 -412266
1558298260968 -414154
1558298262738 -415924
1558298266479 -419665
1558298268429 -421615
1558298270261 -423447
1558298273929 -427115
1558298275017 -428203
1558298277744 -430930
1558298277745 -430931
1558298277746 -430932
1558298279467 -432653
1558298287128 -440314
1558298288999 -442185
1558298289065 -442251
1558298289926 -443112
1558298289990 -443176
1558298293429 -446615
1558298295364 -448550
1558298295365 -448551
1558298297051 -450237
1558298299714 -452900
1558298306121 -459307
1558298309715 -462901
1558298311614 -464800
1558298315980 -469166
1558298317891 -471077
1558298319630 -472816
1558298321526 -474712
1558298323132 -476317
1558298323136 -476321
1558298323137 -476322
1558298331119 -484304
1558298331120 -484305
1558298332600 -485762
1558298334379 -487541
1558298339549 -492711
1558298344013 -497175
1558298344096 -497258
1558298345945 -499107
1558298347870 -501032
1558298347871 -501033
1558298347872 -501034
1558298349692 -502854
1558298349693 -502855
1558298351557 -504719
1558298351558 -504720
1558298351559 -504721
1558298357029 -510189
1558298357030 -510190
1558298357031 -510191
1558298358798 -511958
1558298359884 -513044
1558298360641 -513801
1558298360719 -513879
1558298363481 -516641
1558298363483 -516643
1558298364437 -517597
1558298367093 -520253
1558298367859 -521019
1558298372546 -525706
1558298372548 -525708
1558298374876 -528036
1558298374877 -528037
1558298376401 -529561
1558298377937 -531097
