1558297988022 -144489
1558297998332 -154799
1558298031830 -188297
1558298060892 -217358
1558298116935 -273401
1558298139307 -295773
1558298157229 -313695
1558298170769 -327235
1558298170770 -327236
1558298170771 -327237
1558298176460 -332926
1558298181641 -338107
1558298181642 -338108
1558298181643 -338109
1558298183796 -340262
1558298183801 -340267
1558298185789 -342255
1558298188026 -344492
1558298190263 -346729
1558298190264 -346730
1558298192975 -349441
1558298193795 -350261
1558298196470 -352936
1558298198213 -354679
1558298198221 -354687
1558298198222 -354688
1558298199992 -356458
1558298199999 -356465
1558298201709 -358175
1558298201710 -358176
1558298201726 -358192
1558298201736 -358202
1558298203541 -360007
1558298205272 -361738
1558298207035 -363501
1558298207043 -363509
1558298207044 -363510
1558298208804 -365270
1558298208805 -365271
1558298210612 -367078
1558298210618 -367084
1558298210619 -367085
1558298210627 -367093
1558298210628 -367094
1558298212299 -368765
1558298215713 -372178
1558298215716 -372181
1558298217423 -373888
1558298219179 -375644
1558298219180 -375645
1558298220012 -376477
1558298220873 -377338
1558298220885 -377350
1558298223241 -379706
1558298223242 -379707
1558298223246 -379711
1558298223247 -379712
1558298224116 -380581
1558298224116 -380581
1558298224120 -380585
1558298226539 -383004
1558298227426 -383891
1558298231417 -386420
1558298233363 -388366
1558298234441 -389444
1558298234481 -389484
1558298235344 -390347
1558298235348 -390351
1558298237246 -392249
1558298237247 -392250
1558298238959 -393961
1558298238976 -393978
1558298240929 -395931
1558298240930 -395932
1558298240950 -395952
1558298240951 -395953
1558298242934 -397936
1558298242938 -397940
1558298244770 -399772
1558298244893 -399895
1558298246700 -401702
1558298246720 -401722
1558298248709 -403711
1558298248711 -403713
1558298252555 -407557
1558298252560 -407562
1558298252560 -407562
1558298254449 -409451
1558298254450 -409452
1558298256376 -411378
1558298256406 -411408
1558298258244 -413246
1558298258246 -413248
1558298259175 -414177
1558298261941 -416943
1558298262834 -417836
1558298264774 -419776
1558298266632 -421634
1558298266659 -421661
1558298270380 -425379
1558298272300 -427299
1558298272304 -427303
1558298274151 -429150
1558298275133 -430132
1558298275141 -430140
1558298277858 -432857
1558298279599 -434598
1558298279601 -434600
1558298281201 -436200
1558298283561 -438559
1558298285488 -440486
1558298285489 -440487
1558298287232 -442230
1558298287232 -442230
1558298289943 -444941
1558298290004 -445002
1558298291847 -446845
1558298293526 -448524
1558298293529 -448527
1558298295474 -450472
1558298295475 -450473
1558298295477 -450475
1558298298130 -453128
1558298298131 -453129
1558298299824 -454822
1558298299825 -454823
1558298301580 -456578
1558298303455 -458453
1558298303455 -458453
1558298303483 -458481
1558298303483 -458481
1558298306221 -461219
1558298306222 -461220
1558298308124 -463122
1558298309819 -464817
1558298309820 -464818
1558298311732 -466730
1558298311732 -466730
1558298311734 -466732
1558298316099 -471097
1558298316156 -471154
1558298318019 -473017
1558298318021 -473019
1558298318022 -473020
1558298319769 -474727
1558298319769 -474114
1558298322391 -476736
1558298322392 -476737
1558298322392 -476736
1558298322393 -476737
1558298324195 -478539
1558298324196 -478540
1558298324197 -478541
1558298324198 -478542
1558298325870 -480214
1558298325871 -480215
1558298325932 -480276
1558298327705 -482049
1558298327722 -482066
1558298329397 -483741
1558298329397 -483741
1558298329400 -483744
1558298332743 -487087
1558298336184 -490528
1558298338768 -493112
1558298338769 -493113
1558298340583 -494927
1558298342256 -496600
1558298344080 -498423
1558298346068 -500411
1558298346081 -500424
1558298347989 -502332
1558298347990 -502333
1558298347991 -502334
1558298349786 -504129
1558298349787 -504130
1558298351654 -505997
1558298351655 -505998
1558298351656 -505999
1558298351657 -506000
1558298353465 -507808
1558298353466 -507809
1558298355304 -509647
1558298357134 -511476
1558298358919 -513261
1558298363583 -517925
1558298363584 -517926
1558298363585 -517927
1558298364509 -518851
1558298367188 -521530
1558298367189 -521531
1558298367190 -521532
1558298367192 -521534
1558298374994 -529336
1558298376505 -530847
1558298378809 -533151
1558298380422 -534764
1558298380567 -534909
1558298382868 -537210
1558298386801 -538542
1558298386801 -538542
