1558297852428 -3318962
1558297852459 -3318993
1558298088736 -242485
1558298170973 -324722
1558298179292 -333041
1558298183955 -337704
1558298185947 -339696
1558298189321 -343070
1558298189339 -343088
1558298194923 -348672
1558298201872 -355621
1558298203654 -357403
1558298205401 -359150
1558298208937 -362686
1558298210746 -364495
1558298214090 -367839
1558298216650 -370399
1558298216651 -370400
1558298216652 -370401
1558298220129 -373877
1558298223419 -377167
1558298223420 -377168
1558298225190 -378938
1558298225191 -378939
1558298226735 -380483
1558298230614 -384362
1558298234638 -388386
1558298239352 -392230
1558298243116 -395994
1558298246948 -399826
1558298246948 -399826
1558298246954 -399832
1558298248947 -401825
1558298250882 -403760
1558298252765 -405643
1558298256605 -409483
1558298256606 -409484
1558298258463 -411341
1558298258464 -411342
1558298260310 -413187
1558298260310 -413187
1558298260312 -413189
1558298262144 -415021
1558298265901 -418778
1558298265955 -418832
1558298266874 -419751
1558298266881 -419758
1558298268765 -421642
1558298274304 -427181
1558298274429 -427306
1558298278071 -430948
1558298278072 -430949
1558298279807 -432684
1558298282138 -435015
1558298285901 -438777
1558298288532 -441408
1558298290148 -443024
1558298290180 -443056
1558298292053 -444929
1558298293728 -446604
1558298293731 -446607
1558298308337 -461213
1558298309976 -462852
1558298309979 -462855
1558298312681 -465557
1558298312681 -465556
1558298314386 -467261
1558298316293 -469168
1558298327905 -480780
1558298337263 -490136
1558298338919 -490643
1558298338920 -490644
1558298338920 -490644
1558298340729 -492453
1558298340730 -492454
1558298344338 -496062
1558298346236 -497960
1558298353608 -505332
1558298357297 -509021
1558298359980 -511703
1558298360088 -511811
1558298365547 -517270
1558298367377 -519100
1558298367379 -519102
1558298367380 -519103
1558298376640 -528362
1558298376641 -528363
1558298379105 -530827
1558298383030 -534752
1558298383031 -534753
1558298384585 -536307
1558298386954 -538676
1558298386955 -538677
1558298388528 -540250
1558298397048 -548770
