1558297909517 -70364
1558297909633 -70480
1558297954845 -115691
1558298172843 -333689
1558298175828 -336674
1558298175836 -336682
1558298178606 -339452
1558298178616 -339462
1558298185158 -346004
1558298187373 -348219
1558298187374 -348220
1558298187427 -348273
1558298195307 -356153
1558298197060 -357906
1558298197070 -357916
1558298197071 -357917
1558298198820 -359666
1558298198829 -359675
1558298203189 -364035
1558298203193 -364039
1558298204124 -364970
1558298206691 -367537
1558298208453 -369299
1558298208454 -369300
1558298208463 -369309
1558298210278 -371124
1558298210279 -371125
1558298211962 -372808
1558298213625 -374471
1558298215365 -376211
1558298217077 -377923
1558298217087 -377933
1558298217088 -377933
1558298220514 -381359
1558298220543 -381388
1558298225433 -386211
1558298226984 -387762
1558298227006 -387784
1558298227030 -387808
1558298230866 -391644
1558298230868 -391646
1558298232995 -393773
1558298234867 -395335
1558298240551 -401019
1558298242543 -403011
1558298243408 -403876
1558298243540 -404008
1558298247360 -407828
1558298250281 -410749
1558298250281 -410749
1558298253137 -413605
1558298255006 -415474
1558298258790 -419258
1558298260660 -421128
1558298262460 -422927
1558298264327 -424794
1558298264330 -424797
1558298264331 -424798
1558298266154 -426621
1558298267211 -427678
1558298269949 -430416
1558298269950 -430417
1558298270759 -431226
1558298272655 -433122
1558298272657 -433124
1558298274431 -434898
1558298276366 -436833
1558298276367 -436834
1558298276370 -436837
1558298280602 -441069
1558298280610 -441077
1558298280611 -441078
1558298286791 -447258
1558298288682 -449149
1558298290376 -450843
1558298290411 -450878
1558298292297 -452764
1558298296690 -457157
1558298298571 -459038
1558298298572 -459039
1558298298578 -459045
1558298300228 -460695
1558298306628 -467095
1558298306636 -467103
1558298309307 -469774
1558298309308 -469775
1558298311148 -471615
1558298314682 -474977
1558298314808 -475103
1558298316506 -476801
1558298318215 -478321
1558298322529 -482635
1558298327872 -487978
1558298332091 -492197
1558298337433 -497539
1558298339042 -499148
1558298340882 -500988
1558298340890 -500996
1558298346353 -506459
1558298349124 -509230
1558298352750 -512856
1558298356424 -516530
1558298361968 -522074
1558298363774 -523880
1558298367249 -527355
1558298370975 -531081
1558298370998 -531104
1558298372692 -532798
1558298375037 -535143
1558298375038 -535144
1558298376542 -536648
1558298378691 -538797
1558298378692 -538798
1558298378872 -538978
