1558298068308 -221643
1558298106130 -259465
1558298160634 -313969
1558298168268 -321603
1558298171638 -324973
1558298171639 -324974
1558298171679 -325014
1558298171679 -325014
1558298174302 -327637
1558298174303 -327638
1558298183117 -336452
1558298185127 -338462
1558298185130 -338465
1558298189681 -343016
1558298191579 -344914
1558298198666 -352001
1558298200421 -353756
1558298202232 -355567
1558298203953 -357288
1558298206540 -359875
1558298206541 -359876
1558298210138 -363473
1558298210139 -363474
1558298211800 -365135
1558298213496 -366831
1558298215198 -368533
1558298215204 -368539
1558298216952 -370287
1558298216953 -370287
1558298220393 -373727
1558298220394 -373728
1558298223721 -377055
1558298223724 -377058
1558298227042 -380376
1558298227091 -380425
1558298230984 -384318
1558298230985 -384319
1558298238707 -391920
1558298238714 -391927
1558298240676 -393889
1558298240688 -393901
1558298242670 -395883
1558298246296 -399509
1558298246339 -399552
1558298250281 -403494
1558298251225 -404438
1558298256947 -410160
1558298256957 -410170
1558298262464 -415677
1558298264347 -417560
1558298266175 -419388
1558298266227 -419440
1558298269986 -423199
1558298270999 -424212
1558298278416 -431629
1558298278417 -431630
1558298280841 -434054
1558298282573 -435786
1558298282588 -435799
1558298284215 -437426
1558298287020 -440231
1558298288724 -441935
1558298290465 -443676
1558298290493 -443704
1558298290516 -443727
1558298293180 -446391
1558298298702 -451912
1558298298703 -451913
1558298298704 -451914
1558298301328 -454538
1558298303057 -456267
1558298303104 -456314
1558298305013 -458223
1558298309434 -462644
1558298311292 -464502
1558298312999 -466209
1558298316644 -469854
1558298316667 -469877
1558298319302 -472512
1558298319303 -472513
1558298321196 -474406
1558298321197 -474407
1558298322848 -476058
1558298322848 -476058
1558298324519 -477729
1558298328995 -482205
1558298328996 -482206
1558298328998 -482208
1558298332452 -485662
1558298334299 -485622
1558298334299 -485622
1558298345513 -496836
1558298345570 -496893
1558298347527 -498850
1558298349361 -500684
1558298349362 -500685
1558298351194 -502517
1558298353003 -504326
1558298354845 -506168
1558298354846 -506169
1558298354848 -506171
1558298356688 -508011
1558298358463 -509786
1558298358655 -509978
1558298360291 -511614
1558298364044 -515367
1558298364045 -515368
1558298364047 -515370
1558298364048 -515371
1558298365851 -517174
1558298369537 -520860
1558298369611 -520934
1558298369686 -521009
1558298369762 -521085
1558298371358 -522681
1558298376071 -527394
1558298377775 -529098
1558298380140 -531463
1558298381714 -533037
1558298383964 -535287
1558298383965 -535288
1558298387247 -538570
1558298387248 -538571
1558298389462 -540785
1558298389570 -540893
