1558298039880 -194717
1558298041813 -196650
1558298042363 -197200
1558298042861 -197698
1558298057879 -212716
1558298076220 -231057
1558298113593 -268430
1558298113601 -268438
1558298172973 -327810
1558298172995 -327832
1558298183461 -338298
1558298183461 -338298
1558298193768 -348605
1558298196447 -351284
1558298197179 -352016
1558298197180 -352017
1558298198947 -353784
1558298198948 -353785
1558298203340 -358177
1558298205036 -359873
1558298205037 -359874
1558298205038 -359875
1558298206850 -361687
1558298210464 -365301
1558298212137 -366974
1558298212138 -366975
1558298213821 -368658
1558298213822 -368659
1558298215558 -370395
1558298217283 -372120
1558298217284 -372121
1558298219000 -373837
1558298219107 -373944
1558298219108 -373945
1558298222435 -377272
1558298225762 -380599
1558298227357 -382193
1558298233322 -388156
1558298235286 -390120
1558298235287 -390121
1558298237207 -392041
1558298241031 -395865
1558298241031 -395865
1558298242863 -397697
1558298242864 -397698
1558298242865 -397699
1558298244787 -399621
1558298248647 -403481
1558298250613 -405447
1558298250614 -405447
1558298252510 -407343
1558298258207 -413040
1558298258208 -413041
1558298259146 -413979
1558298259147 -413980
1558298261028 -415861
1558298264625 -419458
1558298264745 -419578
1558298264842 -419675
1558298266587 -421420
1558298266602 -421435
1558298268497 -423330
1558298268498 -423331
1558298272248 -427081
1558298274087 -428920
1558298275095 -429928
1558298281173 -436006
1558298281174 -436007
1558298281174 -436007
1558298283657 -438490
1558298285619 -440452
1558298289955 -444788
1558298291808 -446641
1558298293481 -448314
1558298293482 -448315
1558298293483 -448316
1558298293484 -448317
1558298299775 -454608
1558298299778 -454611
1558298301699 -456532
1558298303408 -458241
1558298303431 -458264
1558298306186 -461019
1558298306187 -461020
1558298308082 -462915
1558298309788 -464621
1558298314418 -469251
1558298316058 -470891
1558298316102 -470935
1558298317967 -472800
1558298317967 -472800
1558298317968 -472801
1558298317969 -472802
1558298319717 -474548
1558298319717 -473775
1558298319720 -473778
1558298322356 -476414
1558298322357 -476415
1558298323198 -477256
1558298324148 -478206
1558298327651 -481709
1558298329361 -483419
1558298331198 -485256
1558298338744 -492802
1558298344027 -498085
1558298346015 -500054
1558298347946 -501985
1558298355273 -509312
1558298355274 -509313
1558298367157 -521196
1558298368047 -522085
1558298368155 -522193
1558298372609 -526647
1558298372610 -526648
1558298374940 -528978
1558298374943 -528981
1558298376480 -530518
1558298376481 -530519
1558298376482 -530520
1558298376482 -530520
1558298378850 -532888
1558298380532 -534570
