1558297977876 -134154
1558298080434 -236712
1558298103223 -259501
1558298170995 -327273
1558298176656 -332934
1558298181812 -338090
1558298185980 -342258
1558298185980 -342257
1558298191240 -347517
1558298191244 -347521
1558298193069 -349346
1558298194763 -351040
1558298194764 -351041
1558298196597 -352874
1558298196600 -352877
1558298198389 -354666
1558298198420 -354697
1558298200126 -356403
1558298200127 -356404
1558298200128 -356405
1558298201912 -358189
1558298203673 -359950
1558298205452 -361729
1558298207229 -363506
1558298208988 -365265
1558298214164 -370441
1558298216706 -372983
1558298216706 -372983
1558298216710 -372987
1558298217635 -373912
1558298220187 -376464
1558298221865 -378142
1558298221870 -378147
1558298221871 -378148
1558298223471 -379748
1558298223472 -379749
1558298226828 -383105
1558298226863 -383140
1558298228761 -385038
1558298230668 -386945
1558298232690 -388939
1558298236643 -392892
1558298236644 -392893
1558298236651 -392900
1558298238405 -394654
1558298239213 -395462
1558298239214 -395463
1558298241228 -397477
1558298243176 -399424
1558298245072 -401320
1558298247020 -403268
1558298249006 -405254
1558298249007 -405255
1558298249010 -405258
1558298250932 -407180
1558298250933 -407181
1558298252830 -409078
1558298256681 -412929
1558298258522 -414770
1558298258523 -414771
1558298258524 -414772
1558298260388 -416636
1558298260390 -416638
1558298262210 -418458
1558298262211 -418459
1558298262213 -418461
1558298265871 -422119
1558298265936 -422184
1558298265989 -422237
1558298266047 -422295
1558298266965 -423212
1558298268843 -425090
1558298272601 -428848
1558298272602 -428849
1558298274404 -430651
1558298274466 -430713
1558298276352 -432599
1558298278172 -434419
1558298278178 -434425
1558298282260 -438507
1558298282262 -438509
1558298283837 -440084
1558298283843 -440090
1558298285818 -442064
1558298285824 -442070
1558298288584 -441499
1558298290235 -443150
1558298292158 -445072
1558298292165 -445079
1558298293836 -446750
1558298296588 -449502
1558298298455 -451369
1558298300111 -453025
1558298300120 -453034
1558298302823 -455737
1558298304786 -457700
1558298304786 -457700
1558298304796 -457710
1558298306536 -459450
1558298310096 -463010
1558298310097 -463011
1558298311076 -463990
1558298312798 -465712
1558298312799 -465713
1558298312808 -465722
1558298314616 -467529
1558298316421 -469334
1558298319139 -472052
1558298319147 -472060
1558298321039 -473952
1558298322687 -475600
1558298324406 -477319
1558298324578 -477491
1558298324717 -477630
1558298326167 -479080
1558298326217 -479130
1558298328843 -481756
1558298328852 -481765
1558298329704 -482617
1558298329706 -482619
1558298332260 -485173
1558298335557 -488470
1558298339082 -491995
1558298340946 -493859
1558298340947 -493859
1558298340959 -493871
1558298342446 -495358
1558298342604 -495516
1558298345420 -498332
1558298346449 -499361
1558298346455 -499367
1558298349219 -502131
1558298349220 -502132
1558298354703 -507615
1558298354707 -507619
1558298358390 -511302
1558298358390 -511302
1558298360117 -513029
1558298360226 -513138
1558298362075 -514987
1558298362093 -515004
1558298363902 -516813
1558298363903 -516812
1558298363904 -516305
1558298365724 -518125
1558298367571 -519972
1558298367572 -519973
1558298367579 -519980
1558298369490 -521891
1558298371247 -523648
1558298373647 -526048
1558298375348 -527749
1558298375358 -527759
1558298377671 -530072
1558298377676 -530077
