1558297846437 -2839
1558297852517 -10446
1558297856285 -34315
1558297859343 -37373
1558297859659 -16061
1558297859667 -16069
1558297860688 -38718
1558297861901 -39931
1558297862105 -20031
1558297862972 -41001
1558297865570 -43599
1558297868729 -25587
1558297868732 -25590
1558297871967 -49996
1558297873520 -51548
1558297873578 -30436
1558297874190 -52218
1558297875560 -32418
1558297876800 -54828
1558297877961 -34362
1558297878916 -35317
1558297879005 -57033
1558297879120 -57148
1558297879895 -36296
1558297887642 -44043
1558297889008 -67036
1558297889172 -46028
1558297891531 -46849
1558297896124 -74152
1558297896740 -53364
1558297898693 -55317
1558297899338 -77365
1558297902570 -59194
1558297902886 -80913
1558297903030 -58347
1558297903575 -81602
1558297904513 -61137
1558297904513 -61137
1558297905594 -62218
1558297908853 -64170
1558297910155 -65472
1558297913100 -69721
1558297915050 -71671
1558297915500 -70817
1558297915500 -70817
1558297919291 -97318
1558297919311 -97338
1558297922855 -77712
1558297923984 -78840
1558297923984 -78840
1558297927732 -82588
1558297930328 -85644
1558297932623 -87478
1558297933065 -88381
1558297937950 -93266
1558297938926 -94242
1558297940848 -96164
1558297945722 -100891
1558297949098 -103640
1558297953591 -107357
1558297955936 -110478
1558297959310 -113076
1558297959855 -114393
1558297960268 -114034
1558297965976 -119741
1558297968306 -122071
1558297969476 -124014
1558297973368 -127906
1558297973795 -127560
1558297976748 -130513
1558297976917 -154885
1558297976930 -154898
1558297978249 -132787
1558297979803 -134341
1558297983139 -137676
1558297984116 -135664
1558297991733 -143281
1558297993862 -171830
1558297993880 -171848
1558297994009 -171977
1558297996112 -149645
1558297998629 -150177
1558297999042 -151433
1558298002564 -154112
1558298002950 -155341
1558298007419 -159810
1558298015709 -168099
1558298019237 -171627
1558298027219 -179608
1558298027219 -179608
1558298030024 -180921
1558298034491 -185388
1558298034877 -187097
1558298037076 -187973
1558298037485 -189705
1558298038297 -190517
1558298039421 -190317
1558298045232 -196128
1558298046229 -198449
1558298046807 -199027
1558298047260 -198156
1558298049538 -201757
1558298052608 -203504
1558298056495 -234442
1558298058770 -209666
1558298065717 -217936
1558298067101 -219320
1558298074476 -225907
1558298077708 -229139
1558298080644 -232075
1558298081101 -230463
1558298083126 -234557
1558298085992 -235354
1558298086970 -236332
1558298087335 -230443
1558298087755 -265702
1558298091079 -234185
1558298094177 -237282
1558298095770 -245131
1558298100439 -243541
1558298100439 -243541
1558298110004 -241721
1558298110421 -258672
1558298112229 -260479
1558298114539 -246255
1558298115516 -247232
1558298116140 -264389
1558298118449 -250165
1558298121047 -252762
1558298130728 -264822
1558298130728 -264822
1558298133232 -252260
1558298134940 -253967
1558298146299 -272501
1558298149057 -326817
1558298153492 -279692
1558298155308 -265389
1558298156892 -283092
1558298157269 -267349
1558298158846 -285045
1558298160201 -270281
1558298161555 -339314
1558298163127 -273206
1558298175937 -353696
1558298183528 -361218
1558298185546 -363236
1558298187766 -365456
1558298187767 -365457
1558298187768 -365458
1558298187808 -365498
1558298187844 -365534
1558298190030 -367720
1558298190031 -367720
1558298190031 -367720
1558298191958 -369647
1558298191975 -369664
1558298193704 -371393
1558298193727 -371416
1558298193751 -371440
1558298196513 -374202
1558298196514 -374203
1558298196515 -374204
1558298198248 -375937
1558298198250 -375939
1558298200016 -377705
1558298200019 -377708
1558298201750 -379439
1558298203547 -381236
1558298203551 -381239
1558298205389 -383077
1558298207141 -384829
1558298207142 -384830
1558298208905 -386593
1558298208906 -386594
1558298208907 -386595
1558298210682 -388370
1558298210683 -388371
1558298213254 -390942
1558298214104 -391792
1558298214148 -391836
1558298216662 -394350
1558298216664 -394352
1558298217569 -395256
1558298217570 -395257
1558298220067 -397754
1558298220987 -398674
1558298220988 -398675
1558298220989 -398676
1558298223516 -401203
1558298223517 -401204
1558298223520 -401207
1558298225261 -402948
1558298225262 -402949
1558298225266 -402953
1558298226786 -404333
1558298228729 -406276
1558298228730 -406276
1558298228731 -406277
1558298230625 -408171
1558298230627 -408173
1558298230628 -408174
1558298232617 -410163
1558298232619 -410165
1558298232622 -410168
1558298234756 -412302
1558298234775 -412321
1558298238427 -415973
1558298238428 -415974
1558298238429 -415975
1558298238430 -415976
1558298239392 -416938
1558298242533 -420079
1558298242533 -420079
1558298242545 -420091
1558298243529 -421074
1558298243530 -421075
1558298246249 -423794
1558298246295 -423840
1558298246338 -423883
1558298246372 -423917
1558298247273 -424818
1558298247275 -424820
1558298247276 -424821
1558298250165 -427710
1558298250165 -427710
1558298250166 -427711
1558298250167 -427712
1558298251149 -428694
1558298251150 -428695
1558298251151 -428696
1558298254112 -431657
1558298254123 -431668
1558298254123 -431668
1558298255072 -432617
1558298255118 -432663
1558298255119 -432664
1558298256999 -434544
1558298257002 -434546
1558298257003 -434547
1558298260818 -438362
1558298260818 -438362
1558298262574 -440118
1558298264446 -441990
1558298264448 -441992
1558298266245 -443789
1558298268222 -445766
1558298270210 -447754
1558298273872 -451415
1558298273872 -451415
1558298273874 -451417
1558298273986 -451529
1558298274853 -452396
1558298276720 -454263
1558298279461 -457004
1558298279463 -457006
1558298279464 -457007
1558298281076 -458619
1558298281077 -458528
1558298283530 -460980
1558298283531 -460981
1558298283531 -460981
1558298283532 -460982
1558298285442 -462756
1558298285442 -462756
1558298287169 -464483
1558298287170 -464484
1558298287171 -464485
1558298290059 -467373
1558298291903 -469217
1558298291906 -469220
1558298293557 -470871
1558298293558 -470872
1558298295469 -472783
1558298298100 -475414
1558298298101 -475415
1558298299780 -477094
1558298299781 -477095
1558298301817 -479131
1558298301890 -479204
1558298302748 -480062
1558298304543 -481857
1558298304565 -481879
1558298306304 -483618
1558298306307 -483621
1558298306308 -483622
1558298308164 -485478
1558298308176 -485490
1558298309944 -487258
1558298312631 -489945
1558298312632 -489946
1558298312633 -489947
1558298314359 -491673
1558298314516 -491830
1558298316245 -493559
1558298319832 -497146
1558298319833 -497147
1558298322532 -499846
1558298324320 -501634
1558298324321 -501635
1558298324490 -501804
1558298324657 -501971
1558298325904 -503218
1558298325968 -503282
1558298327824 -505138
1558298327825 -505139
1558298327826 -505140
1558298331298 -508612
1558298331300 -508614
1558298334040 -511354
1558298334047 -511361
1558298334048 -511361
1558298335607 -512920
1558298335692 -513005
1558298335774 -513087
1558298337469 -514782
1558298337498 -514811
1558298339091 -516404
1558298339098 -516411
1558298339100 -516413
1558298340928 -518241
1558298340929 -518242
1558298340940 -518253
1558298340941 -518254
1558298342427 -519740
1558298342584 -519897
1558298344401 -521714
1558298344463 -521776
1558298345414 -522727
1558298346366 -523679
1558298346371 -523684
1558298349123 -526436
1558298349125 -526438
1558298350019 -527332
1558298352720 -530033
1558298352722 -530035
1558298353664 -530977
1558298353664 -530977
1558298357190 -534503
1558298357191 -534429
1558298357193 -534431
1558298359850 -537087
1558298359934 -537171
1558298360869 -538106
1558298360933 -538146
1558298363573 -540786
1558298363574 -540787
