1558298061288 -216366
1558298061312 -216390
1558298061320 -216398
1558298068054 -223131
1558298146845 -301922
1558298174063 -329120
1558298176962 -332019
1558298176963 -332020
1558298176964 -332021
1558298182941 -337998
1558298184964 -340021
1558298184965 -340022
1558298184966 -340023
1558298184967 -340024
1558298189516 -344573
1558298191426 -346483
1558298198513 -353570
1558298198529 -353586
1558298200295 -355352
1558298202098 -357155
1558298203828 -358885
1558298203855 -358912
1558298205653 -360710
1558298205655 -360712
1558298207388 -362445
1558298207391 -362448
1558298210024 -365081
1558298210050 -365107
1558298211707 -366764
1558298211709 -366766
1558298213410 -368467
1558298215127 -370184
1558298216857 -371914
1558298216858 -371915
1558298218566 -373623
1558298220287 -375344
1558298223609 -378664
1558298225392 -380447
1558298226919 -381974
1558298226951 -382006
1558298226982 -382037
1558298228911 -383966
1558298230850 -385905
1558298230853 -385908
1558298232909 -387964
1558298232983 -388038
1558298232984 -388039
1558298234838 -389893
1558298236791 -391846
1558298236798 -391853
1558298236799 -391854
1558298238597 -393652
1558298242368 -397423
1558298242370 -397425
1558298243329 -398384
1558298245227 -400282
1558298247176 -402231
1558298250102 -405157
1558298250104 -405159
1558298251108 -406163
1558298252968 -408023
1558298252969 -408024
1558298252969 -408024
1558298252977 -408032
1558298254927 -409982
1558298255004 -410059
1558298256819 -411874
1558298256822 -411877
1558298256824 -411879
1558298258669 -413723
1558298258670 -413724
1558298258676 -413730
1558298260542 -415596
1558298264227 -418062
1558298266083 -419918
1558298267117 -420952
1558298267118 -420953
1558298267119 -420954
1558298269878 -423713
1558298270888 -424723
1558298270888 -424723
1558298270890 -424725
1558298272788 -426623
1558298272791 -426626
1558298274598 -428433
1558298276508 -430343
1558298278323 -432158
1558298280713 -434548
1558298280714 -434549
1558298280718 -434553
1558298282415 -436250
1558298282415 -436250
1558298284139 -437974
1558298286789 -440624
1558298286789 -440624
1558298288599 -442434
1558298290390 -444225
1558298290421 -444256
1558298292325 -446160
1558298292326 -446161
1558298294999 -448834
1558298295000 -448835
1558298295002 -448837
1558298296718 -450553
1558298296720 -450555
1558298296721 -450556
1558298298614 -452449
1558298298621 -452456
1558298301249 -455084
1558298301251 -455086
1558298303048 -456883
1558298304946 -458781
1558298306691 -460526
1558298309383 -463218
1558298309384 -463219
1558298309385 -463220
1558298311241 -465076
1558298311246 -465081
1558298312959 -466794
1558298312959 -466794
1558298312962 -466797
1558298316603 -470438
1558298316651 -470486
1558298321143 -474978
1558298321144 -474979
1558298322796 -476631
1558298322798 -476633
1558298322799 -476634
1558298324466 -478301
1558298324639 -478474
1558298324750 -478585
1558298326243 -480078
1558298326339 -480174
1558298326381 -480216
1558298328948 -482783
1558298328949 -482784
1558298328952 -482787
1558298330749 -484584
1558298330750 -484585
1558298330753 -484588
1558298332409 -486244
1558298332410 -486245
1558298334254 -488089
1558298334255 -488090
1558298335694 -489529
1558298337564 -491399
1558298337577 -491412
1558298337578 -491413
1558298337600 -491435
1558298339184 -493019
1558298341073 -494908
1558298341075 -494910
1558298345519 -499354
1558298347499 -501334
1558298349326 -503161
1558298349327 -503162
1558298349328 -503163
1558298351157 -504992
1558298351158 -504993
1558298352955 -506790
1558298352956 -506786
1558298352957 -505760
1558298352958 -505761
1558298356641 -509444
1558298356642 -509445
1558298358450 -511253
1558298358640 -511443
1558298360370 -513173
1558298362184 -514987
1558298362194 -514997
1558298364014 -516817
1558298364015 -516818
1558298364016 -516818
1558298365815 -518617
1558298365817 -518619
1558298367642 -520444
1558298367643 -520445
1558298367826 -520628
1558298367827 -520629
1558298369519 -522321
1558298369596 -522398
1558298369670 -522472
1558298369746 -522548
1558298371357 -524159
1558298373719 -526521
1558298373720 -526522
1558298376065 -528867
1558298377772 -530574
1558298377772 -530574
1558298379338 -532140
1558298380245 -533047
1558298381586 -534388
