1558297847097 -1869
1558297849002 -3774
1558297849002 -3774
1558297856740 -11512
1558297862586 -17358
1558297869267 -24039
1558297872196 -26968
1558297885039 -39811
1558297890748 -44916
1558297896450 -50617
1558297898411 -52578
1558297908182 -62349
1558297910359 -64526
1558297915843 -70010
1558297941230 -92573
1558297946959 -98301
1558297953074 -104416
1558297954778 -106120
1558297960398 -116177
1558297960456 -116235
1558297963254 -114595
1558297968557 -119898
1558297970254 -121595
1558297978076 -129416
1558297979911 -131251
1558297980288 -131628
1558297992935 -143841
1558298000219 -151124
1558298017094 -172873
1558298042108 -191456
1558298052559 -201906
1558298065800 -215147
1558298071259 -220605
1558298084099 -233433
1558298084959 -234293
1558298092006 -241339
1558298100223 -249556
1558298102719 -258498
1558298117850 -267079
1558298125676 -274904
1558298139193 -285286
1558298149941 -282872
1558298152970 -285901
1558298153525 -286456
1558298157600 -313379
1558298160528 -293457
1558298161506 -284804
1558298167180 -322959
1558298173612 -329391
1558298173613 -329392
1558298176562 -332341
1558298176562 -332341
1558298176576 -332355
1558298176576 -332355
1558298181757 -337536
1558298183939 -339718
1558298185935 -341714
1558298185936 -341715
1558298189317 -345096
1558298191198 -346977
1558298191203 -346982
1558298193036 -348815
1558298196557 -352336
1558298198322 -354101
1558298201870 -357649
1558298201871 -357650
1558298205398 -361177
1558298207180 -362959
1558298207183 -362962
1558298207184 -362963
1558298208935 -364714
1558298208992 -364770
1558298210747 -366525
1558298212429 -368207
1558298214129 -369907
1558298216655 -372433
1558298217581 -373359
1558298220104 -375882
1558298223430 -379208
1558298225196 -380974
1558298225197 -380975
1558298225198 -380976
1558298226740 -382518
1558298226782 -382560
1558298226822 -382600
1558298226859 -382637
1558298226888 -382666
1558298230630 -386408
1558298232644 -385899
1558298234647 -387902
1558298235605 -388860
1558298239171 -392426
1558298239172 -392427
1558298241178 -394433
1558298243129 -396384
1558298245086 -398341
1558298248961 -402216
1558298252780 -406035
1558298254604 -407859
1558298256635 -409890
1558298258494 -411749
1558298262170 -415425
1558298263124 -416379
1558298266917 -420172
1558298268796 -422051
1558298270648 -423903
1558298274361 -427616
1558298276280 -429535
1558298283782 -437036
1558298283782 -437036
1558298283783 -437037
1558298285763 -439017
1558298285764 -439018
1558298285765 -439019
1558298288552 -441806
1558298290187 -443441
1558298292100 -445354
1558298292101 -445355
1558298293770 -447024
1558298293771 -447025
1558298293771 -447025
1558298296541 -449795
1558298298393 -451647
1558298298394 -451648
1558298304700 -457954
1558298304701 -457955
1558298306470 -459724
1558298308382 -461636
1558298308383 -461637
1558298310032 -463286
1558298312730 -465984
1558298314604 -467858
1558298316374 -469628
1558298316375 -469629
1558298318268 -471522
1558298318268 -471522
1558298318270 -471524
1558298320946 -474200
1558298322614 -474724
1558298324360 -476470
1558298326104 -478214
1558298326157 -478267
1558298332197 -484307
1558298332197 -484307
1558298332959 -485069
1558298335492 -487602
1558298337340 -489450
1558298337341 -489451
1558298339009 -491119
1558298340851 -492961
1558298340851 -492961
1558298340852 -492962
1558298342405 -494515
1558298346354 -498463
1558298346361 -498470
1558298349134 -501243
1558298349135 -501244
1558298350049 -502158
1558298352769 -504878
1558298353727 -505836
1558298356462 -508571
1558298358323 -510432
1558298360114 -512223
1558298362017 -514126
1558298362034 -514143
1558298363835 -515944
1558298363836 -515945
1558298365665 -517774
1558298367496 -519605
1558298367501 -519610
1558298369435 -521543
1558298371178 -523286
1558298371212 -523320
1558298371240 -523348
1558298371267 -523375
1558298373576 -525684
1558298373576 -525684
1558298373581 -525689
1558298375289 -527397
1558298378987 -531095
1558298379092 -531200
1558298379193 -531301
1558298379280 -531388
1558298381359 -533467
1558298381410 -533518
1558298383133 -535240
