1558297847617 -5915
1558297848701 -6407
1558297848744 -6450
1558297854145 -7632
1558297854378 -12673
1558297854444 -12150
1558297855188 -8675
1558297856018 -13245
1558297860274 -17980
1558297862221 -19926
1558297864886 -18373
1558297867021 -25315
1558297869863 -27264
1558297869896 -28189
1558297870880 -29173
1558297872484 -29709
1558297872630 -26117
1558297873516 -27003
1558297874695 -32096
1558297876720 -35013
1558297877241 -34465
1558297877699 -35992
1558297878465 -31951
1558297878479 -31965
1558297881278 -38502
1558297883432 -40831
1558297884527 -42819
1558297885138 -42362
1558297885493 -42892
1558297885569 -43861
1558297886226 -39699
1558297889180 -42653
1558297894538 -52790
1558297895554 -52777
1558297897493 -54716
1558297898461 -55684
1558297900757 -56725
1558297901971 -60223
1558297904617 -58089
1558297906019 -64270
1558297906583 -62550
1558297907838 -66089
1558297908818 -67069
1558297910600 -66567
1558297912413 -68380
1558297913224 -69191
1558297914193 -70160
1558297918515 -76765
1558297918532 -76782
1558297924087 -79627
1558297924441 -82691
1558297924896 -80435
1558297925270 -83520
1558297928442 -83505
1558297928772 -84311
1558297931804 -85270
1558297935520 -90583
1558297937668 -90769
1558297937670 -90771
1558297937823 -96072
1558297937824 -96073
1558297940227 -98476
1558297940896 -99145
1558297940896 -93997
1558297941115 -96176
1558297946102 -101639
1558297951173 -104272
1558297952887 -105986
1558297953963 -107429
1558297955644 -110703
1558297957568 -110667
1558297957981 -113040
1558297957981 -113040
1558297960590 -114056
1558297960593 -114059
1558297960937 -114035
1558297961349 -116408
1558297963664 -117129
1558297966998 -125092
1558297967982 -122212
1558297969044 -127138
1558297969112 -127205
1558297972868 -130961
1558297973295 -126760
1558297973836 -131929
1558297977385 -128824
1558297979795 -131234
1558297980522 -131961
1558297981666 -139758
1558297983247 -134682
1558297983615 -141707
1558297985407 -139637
1558297985703 -137138
1558297987367 -138802
1558297988951 -140386
1558297990293 -148385
1558297995790 -147225
1558298001346 -159397
1558298001523 -155752
1558298002202 -160253
1558298002311 -156540
1558298003231 -157460
1558298004412 -157286
1558298005388 -158262
1558298005388 -158262
1558298005553 -156988
1558298005555 -156990
1558298009466 -160899
1558298010673 -168723
1558298015397 -168271
1558298017730 -169701
1558298019671 -177721
1558298019988 -171421
1558298021198 -173168
1558298021608 -179657
1558298024937 -176370
1558298025339 -183388
1558298026892 -178325
1558298027711 -180585
1558298030853 -182823
1558298030950 -182383
1558298033741 -185144
1558298034717 -186120
1558298037954 -189907
1558298037954 -189907
1558298038378 -196427
1558298039477 -190880
1558298041788 -199837
1558298046327 -198280
1558298049206 -200608
1558298050583 -208494
1558298052815 -204217
1558298056719 -206429
1558298059465 -211417
1558298059465 -211417
1558298064577 -214287
1558298066012 -217414
1558298066142 -215852
1558298069976 -227886
1558298073347 -225299
1558298074530 -232440
1558298074810 -226212
1558298076278 -225988
1558298077060 -229012
1558298077261 -226971
1558298077377 -228779
1558298078036 -229988
1558298079333 -230735
1558298079333 -230735
1558298082948 -233527
1558298085092 -236494
1558298086986 -229909
1558298088630 -239209
1558298088817 -238402
1558298090576 -248484
1558298091393 -234315
1558298092880 -243459
1558298093732 -243316
1558298095478 -246057
1558298095779 -238700
1558298096213 -253987
1558298108628 -258201
1558298109515 -254734
1558298109515 -259088
1558298110973 -256191
1558298112119 -261692
1558298113650 -271423
1558298114074 -263647
1558298116585 -274358
1558298118078 -243579
1558298120402 -258889
1558298121502 -259989
1558298122750 -280523
1558298122978 -260048
1558298123896 -262382
1558298124826 -263312
1558298124916 -250416
1558298125629 -262699
1558298130850 -267919
1558298132613 -290386
1558298132952 -258356
1558298133335 -291108
1558298134529 -259933
1558298139410 -264813
1558298140388 -265791
1558298141108 -264775
1558298142990 -266657
1558298146728 -304041
1558298147954 -271620
1558298149140 -279813
1558298149181 -260850
1558298149664 -306977
1558298153484 -265153
1558298154181 -274288
1558298154660 -311973
1558298155758 -313098
1558298158756 -278862
1558298161690 -281795
1558298166596 -264891
1558298169837 -268132
1558298173224 -330564
1558298173238 -330578
1558298176156 -333496
1558298176156 -333496
1558298178873 -336213
1558298183579 -340919
1558298183596 -340936
1558298185597 -342937
1558298190102 -347442
1558298193573 -350912
1558298193613 -350952
1558298193613 -350952
1558298195505 -352844
1558298199802 -357141
1558298201523 -358862
1558298201529 -358868
1558298203370 -360709
1558298203371 -360710
1558298203374 -360713
1558298208623 -365962
1558298210452 -367791
1558298210454 -367793
1558298212120 -369459
1558298217242 -374581
1558298217243 -374582
1558298217244 -374583
1558298217246 -374585
1558298218976 -376315
1558298220684 -378023
1558298220695 -378034
1558298222366 -379705
1558298223951 -381290
1558298223951 -381290
1558298225720 -383059
1558298226501 -383840
1558298227294 -384633
1558298229257 -386596
1558298231210 -388549
1558298231211 -388537
1558298233179 -390505
1558298233236 -390562
1558298237139 -394465
1558298240737 -398063
1558298240747 -398073
1558298240747 -398073
1558298244676 -402002
1558298244756 -402082
1558298246508 -403834
1558298246537 -403863
1558298248491 -405817
1558298250446 -407772
1558298252361 -409687
1558298254215 -411541
1558298255178 -412504
1558298255223 -412549
1558298258021 -415347
1558298258022 -415348
1558298258968 -416294
1558298258969 -416295
1558298258974 -416300
1558298258975 -416301
1558298260845 -418171
1558298260845 -418171
1558298260849 -418175
1558298262622 -419948
1558298264516 -421842
1558298264517 -421843
1558298264519 -421845
1558298264520 -421846
1558298266294 -423620
1558298266342 -423668
1558298270126 -427452
1558298271115 -428441
1558298271116 -428442
1558298274841 -432167
1558298274841 -432167
1558298276726 -434052
1558298276727 -434053
1558298280973 -438298
1558298282445 -439770
1558298282446 -439771
1558298284155 -441480
1558298284156 -441481
1558298284158 -441483
1558298286961 -444286
1558298288823 -446148
1558298290541 -447866
1558298290562 -447887
1558298290589 -447914
1558298293257 -450582
1558298296849 -454174
1558298299518 -456843
1558298299519 -456844
1558298301410 -458735
1558298303121 -460028
1558298303168 -459969
1558298305072 -461873
1558298306796 -463597
1558298306797 -463598
1558298306798 -463599
1558298309492 -466293
1558298309492 -466293
1558298309493 -466294
1558298311339 -468140
1558298313037 -469838
1558298313037 -469838
1558298314946 -471746
1558298317625 -474425
1558298319350 -476150
1558298322889 -479689
1558298324710 -481510
1558298324808 -481608
1558298326355 -483155
1558298330823 -487623
1558298332283 -489083
1558298332284 -489084
1558298334130 -490930
1558298334131 -490931
1558298334132 -490932
1558298335727 -492527
1558298339215 -496015
1558298342534 -499334
1558298342682 -499482
1558298345537 -502337
1558298347497 -504297
1558298347498 -504298
1558298351143 -507943
1558298351144 -507944
1558298354787 -511587
1558298356612 -513412
1558298356614 -513414
1558298358436 -515236
1558298358622 -515422
1558298358623 -515423
1558298358803 -515603
1558298360281 -517081
1558298360354 -517154
1558298360429 -517229
