1558297851634 -5128
1558297852366 -5859
1558297858962 -12455
1558297867707 -21200
1558297879232 -32723
1558297881347 -34838
1558297885203 -38694
1558297885203 -38694
1558297887024 -40515
1558297903360 -56851
1558297905457 -58948
1558297907236 -60727
1558297912095 -65586
1558297915981 -69472
1558297917968 -71459
1558297917968 -71459
1558297930634 -83731
1558297941142 -94238
1558297941903 -94999
1558297941903 -94999
1558297945123 -98219
1558297945857 -98949
1558297947729 -100821
1558297955515 -108607
1558297958596 -110040
1558297969939 -121383
1558297972854 -124298
1558297973813 -125257
1558297975983 -127427
1558297988227 -139671
1558297997953 -149396
1558297998918 -150361
1558298016253 -167401
1558298019806 -170953
1558298027919 -179066
1558298032777 -183924
1558298034722 -185869
1558298037876 -189022
1558298046659 -197805
1558298047258 -198404
1558298051078 -202224
1558298066748 -217036
1558298069386 -219674
1558298074778 -225065
1558298076186 -226473
1558298079104 -229391
1558298079104 -229391
1558298093574 -243861
1558298093607 -243894
1558298096427 -246714
1558298110887 -261174
1558298117648 -263549
1558298128353 -274252
1558298134081 -279979
1558298137921 -264536
1558298142955 -269569
1558298145941 -272555
1558298154093 -280706
1558298154093 -280706
1558298154466 -281079
1558298161117 -287686
1558298165576 -292144
1558298178772 -339296
1558298181309 -341833
1558298181309 -341833
1558298183487 -344011
1558298185342 -345866
1558298187619 -348143
1558298193479 -354002
1558298193495 -354018
1558298193495 -354018
1558298195395 -355918
1558298197138 -357661
1558298198902 -359425
1558298200651 -361174
1558298200651 -361173
1558298204944 -365466
1558298204955 -365477
1558298206744 -367266
1558298208499 -369021
1558298210316 -370838
1558298213652 -374174
1558298213652 -374174
1558298215367 -375889
1558298215380 -375902
1558298217084 -377606
1558298218814 -379336
1558298220505 -381027
1558298220535 -381057
1558298225580 -386102
1558298227116 -387638
1558298227145 -387667
1558298229070 -389592
1558298229078 -389600
1558298230826 -391348
1558298232978 -393500
1558298232979 -393501
1558298236738 -397260
1558298238503 -399025
1558298239462 -399984
1558298242431 -402953
1558298243483 -404005
1558298245264 -405786
1558298245304 -405826
1558298247208 -407730
1558298250132 -410654
1558298251129 -411651
1558298251131 -411653
1558298252990 -413512
1558298254837 -415359
1558298256794 -417316
1558298258648 -419170
1558298262309 -422831
1558298263279 -423801
1558298263280 -423802
1558298265997 -426519
1558298266057 -426579
1558298268910 -429432
1558298270754 -431276
1558298270761 -431283
1558298272650 -433172
1558298276181 -436451
1558298279713 -439983
1558298283785 -444055
1558298290138 -450408
1558298292059 -452329
1558298292062 -452332
1558298293723 -453993
1558298299982 -460252
1558298299985 -460255
1558298306366 -466636
1558298308267 -468537
1558298308268 -468538
1558298312611 -472881
1558298314510 -474780
1558298316234 -476504
1558298319831 -480101
1558298323149 -483419
1558298329280 -489549
1558298331093 -491362
1558298340517 -500786
1558298342190 -502459
1558298342190 -502459
1558298344057 -504326
1558298344131 -504400
1558298345979 -506248
1558298347891 -508160
1558298347892 -508161
1558298349701 -509970
1558298349702 -509971
1558298351562 -511831
1558298353345 -513614
1558298355183 -515452
1558298355184 -515453
1558298355185 -515454
1558298356993 -517262
1558298356994 -517263
1558298356997 -517266
