1558297849712 -4667
1558297850104 -5059
1558297850544 -5499
1558297851129 -6756
1558297851636 -6591
1558297855970 -11597
1558297856360 -11314
1558297856946 -12573
1558297862190 -17144
1558297863170 -18124
1558297873682 -28636
1558297874652 -29606
1558297874654 -29608
1558297883201 -38827
1558297887286 -42240
1558297890202 -44114
1558297895873 -49785
1558297899881 -53291
1558297901613 -55023
1558297904548 -57958
1558297906503 -59913
1558297906560 -60471
1558297911423 -65334
1558297915153 -68563
1558297919063 -72472
1558297922981 -76390
1558297924884 -78794
1558297925855 -79765
1558297926894 -80303
1558297931777 -85186
1558297931777 -85186
1558297935812 -89721
1558297935812 -89721
1558297937497 -91406
1558297939467 -92197
1558297941483 -93443
1558297952828 -104786
1558297954822 -107551
1558297954822 -107551
1558297956766 -109495
1558297960651 -113380
1558297965682 -117639
1558297973669 -129042
1558297976119 -128847
1558297981367 -133323
1558297982303 -134259
1558297982845 -135572
1558297985657 -137613
1558297987623 -140350
1558297988009 -138384
1558297989486 -142213
1558297990459 -142290
1558297992615 -144446
1558297993422 -145253
1558297995831 -146205
1558297998235 -150065
1558297998765 -149139
1558298000472 -150845
1558298007530 -157903
1558298009054 -160860
1558298009527 -159900
1558298009896 -161702
1558298014371 -166177
1558298015062 -166867
1558298015775 -167579
1558298018164 -168536
1558298019569 -169941
1558298026255 -178059
1558298031265 -183068
1558298036986 -188789
1558298048322 -197850
1558298053102 -202630
1558298053931 -204878
1558298054456 -203984
1558298054456 -203984
1558298056220 -207167
1558298060921 -211868
1558298065020 -214548
1558298065206 -214734
1558298067040 -216556
1558298072895 -223841
1558298073533 -224479
1558298079457 -228973
1558298086950 -242322
1558298087119 -236635
1558298090918 -240434
1558298094950 -244466
1558298096901 -246417
1558298100836 -251254
1558298108419 -257607
1558298110383 -260801
1558298115025 -265443
1558298117944 -268362
1558298120293 -267834
1558298122320 -272738
1558298124747 -275165
1558298127064 -258539
1558298142883 -274355
1558298144666 -276138
1558298148456 -279927
1558298149454 -280925
1558298159030 -278621
1558298160066 -315438
1558298167240 -278934
1558298168109 -323481
1558298168113 -323485
1558298169851 -289441
1558298171493 -326865
1558298177059 -332431
1558298177060 -332432
1558298183028 -338400
1558298185053 -340425
1558298185056 -340428
1558298187297 -342669
1558298187375 -342747
1558298191502 -346874
1558298193309 -348681
1558298196835 -352207
1558298196835 -352207
1558298196836 -352208
1558298200374 -355746
1558298202186 -357558
1558298205736 -361108
1558298207462 -362834
1558298210099 -365471
1558298211764 -367136
1558298213458 -368830
1558298216918 -370540
1558298216919 -370541
1558298218639 -372261
1558298218640 -372262
1558298218641 -372263
1558298220357 -373979
1558298223681 -377303
1558298225495 -379117
1558298227010 -380632
1558298229001 -382623
1558298230939 -384561
1558298230944 -384566
1558298230945 -384567
1558298232850 -386472
1558298232851 -386473
1558298234951 -388573
1558298234962 -388584
1558298238704 -392326
1558298239487 -393109
1558298242482 -396104
1558298243380 -397002
1558298246305 -399927
1558298247304 -400926
1558298251227 -404849
1558298251240 -404862
1558298251241 -404863
1558298253120 -406742
1558298253121 -406743
1558298255000 -408622
1558298255069 -408691
1558298255070 -408692
1558298256962 -410584
1558298258804 -412426
1558298258807 -412429
1558298260675 -414297
1558298260676 -414298
1558298264368 -417990
1558298266159 -419779
1558298268168 -421788
1558298270001 -423621
1558298272904 -426524
1558298274762 -428382
1558298276627 -430247
1558298278441 -432061
1558298278443 -432063
1558298280881 -434501
1558298280896 -434516
1558298284082 -437702
1558298286886 -440506
1558298286886 -440506
1558298286887 -440507
1558298288842 -442462
1558298290497 -444117
1558298293205 -446825
1558298293206 -446825
1558298295119 -448738
1558298298732 -450528
1558298301365 -453161
1558298301366 -453162
1558298301368 -453164
1558298301369 -453165
1558298305055 -456851
1558298309482 -461278
1558298311334 -463130
1558298313039 -464834
1558298313041 -464836
1558298314971 -466766
1558298315053 -466848
1558298317648 -469443
1558298319374 -471169
1558298322919 -474714
1558298322921 -474716
1558298329054 -480849
1558298330869 -482664
1558298332514 -484309
1558298335806 -487601
1558298335880 -487675
1558298335953 -487748
1558298337694 -489489
1558298337708 -489503
1558298339314 -491108
1558298339314 -491108
1558298339316 -491110
1558298342748 -494542
1558298343900 -495694
1558298345629 -497423
1558298345711 -497505
1558298347623 -499417
1558298349448 -501242
1558298349450 -501244
1558298351288 -503082
1558298353093 -504887
1558298354946 -506740
1558298354949 -506743
1558298356792 -508586
1558298356795 -508589
1558298362350 -514143
1558298364151 -515944
1558298365955 -517748
1558298369648 -521441
1558298369788 -521581
1558298369852 -521645
