1558298017170 -173325
1558298032270 -188425
1558298049093 -205248
1558298080678 -236833
1558298157991 -314146
1558298167421 -323576
1558298171024 -327179
1558298173729 -329884
1558298179337 -335492
1558298185992 -342146
1558298191246 -347400
1558298193068 -349222
1558298193104 -349258
1558298194777 -350931
1558298194777 -350931
1558298196607 -352761
1558298196607 -352761
1558298200134 -356288
1558298200139 -356293
1558298200142 -356296
1558298201923 -358077
1558298203680 -359834
1558298203729 -359883
1558298205475 -361629
1558298205483 -361637
1558298207244 -363398
1558298209013 -365167
1558298209038 -365192
1558298209039 -365193
1558298210796 -366950
1558298213255 -369409
1558298213256 -369410
1558298213262 -369416
1558298216714 -372868
1558298216717 -372871
1558298217639 -373793
1558298217640 -373794
1558298221873 -378027
1558298221874 -378028
1558298221879 -378033
1558298223485 -379639
1558298225248 -381402
1558298225250 -381404
1558298226794 -382948
1558298226833 -382987
1558298226867 -383021
1558298228769 -384923
1558298228770 -384924
1558298228771 -384925
1558298230669 -386823
1558298232691 -388845
1558298232695 -388849
1558298234683 -390818
1558298236654 -392789
1558298238403 -394538
1558298239224 -395359
1558298241231 -397366
1558298241235 -397370
1558298243173 -399308
1558298243174 -399309
1558298243176 -399311
1558298245113 -401248
1558298245154 -401289
1558298247016 -403151
1558298247017 -403152
1558298247021 -403156
1558298250937 -407072
1558298252831 -408966
1558298252832 -408967
1558298252836 -408971
1558298252837 -408972
1558298254637 -410772
1558298254638 -410773
1558298254758 -410893
1558298254815 -410950
1558298256683 -412818
1558298258535 -414670
1558298260395 -416530
1558298263183 -419318
1558298265921 -422056
1558298266027 -422162
1558298266964 -423097
1558298268841 -424974
1558298268842 -424975
1558298268846 -424979
1558298270695 -426828
1558298270697 -426830
1558298270698 -426831
1558298270699 -426832
1558298272604 -428737
1558298272608 -428741
1558298272609 -428742
1558298276333 -432466
1558298276334 -432467
1558298276340 -432473
1558298278169 -434302
1558298278170 -434303
1558298278171 -434304
1558298278177 -434310
1558298279926 -436059
1558298280598 -436731
1558298282259 -438392
1558298282268 -438401
1558298287439 -443572
1558298290204 -446337
1558298290270 -446403
1558298293832 -449965
1558298293833 -449966
1558298298447 -454580
1558298300098 -456231
1558298300104 -456237
1558298302826 -458959
1558298302967 -459100
1558298304791 -460924
1558298304791 -460924
1558298306532 -462665
1558298310095 -466228
1558298310095 -466228
1558298311074 -467207
1558298312804 -468937
1558298314611 -470744
1558298314612 -470745
1558298314715 -470848
1558298316484 -472617
1558298316485 -472618
1558298316527 -472660
1558298319123 -475256
1558298319137 -475270
1558298321047 -477180
1558298322680 -478813
1558298322693 -478826
1558298324575 -480708
1558298324712 -480845
1558298324809 -480942
1558298328832 -484965
1558298328842 -484975
1558298329694 -485827
1558298329696 -485829
1558298332247 -488380
1558298332251 -488384
1558298335640 -491773
1558298335716 -491849
1558298337420 -493553
1558298337455 -493588
1558298342433 -498566
1558298342591 -498724
1558298342718 -498851
1558298344490 -500622
1558298346425 -502557
1558298346432 -502564
1558298349185 -505317
1558298349190 -505322
1558298350110 -506242
1558298352829 -508961
1558298352835 -508967
1558298354675 -510807
1558298354676 -510808
1558298354679 -510811
1558298356513 -512645
1558298360161 -513170
1558298360162 -513171
1558298360267 -513276
1558298362054 -515063
1558298363879 -516888
1558298365697 -518706
1558298367539 -520548
1558298367541 -520550
1558298369318 -522327
1558298369418 -522427
1558298369419 -522428
1558298369501 -522510
1558298371255 -524264
1558298371256 -524265
1558298373622 -526631
1558298373629 -526638
1558298373630 -526639
