1558298050615 -207159
1558298085758 -242302
1558298086140 -242684
1558298171210 -327754
1558298176818 -333362
1558298181921 -338465
1558298181929 -338473
1558298186049 -342593
1558298186050 -342594
1558298186050 -342594
1558298189410 -345954
1558298191293 -347837
1558298194803 -351347
1558298196638 -353182
1558298201897 -358441
1558298201904 -358447
1558298203716 -360259
1558298212428 -368971
1558298217559 -374102
1558298217560 -374103
1558298220075 -376618
1558298223384 -379606
1558298225152 -381374
1558298226692 -382914
1558298228624 -384846
1558298228626 -384848
1558298231575 -387797
1558298231576 -387798
1558298234560 -390782
1558298235514 -391736
1558298237375 -393597
1558298241066 -397288
1558298243025 -399247
1558298243026 -399248
1558298248828 -405050
1558298248828 -405050
1558298248829 -405051
1558298252644 -408866
1558298254530 -410752
1558298254531 -410753
1558298256476 -412698
1558298256489 -412711
1558298258332 -414553
1558298259252 -415473
1558298259253 -415474
1558298262012 -418233
1558298262921 -419142
1558298264738 -420959
1558298264838 -421059
1558298266692 -422913
1558298270419 -426640
1558298272350 -428571
1558298275156 -431377
1558298277888 -434109
1558298283556 -439777
1558298285475 -441696
1558298287217 -443438
1558298289108 -445329
1558298291812 -448033
1558298293490 -449711
1558298297106 -453327
1558298299769 -455990
1558298303389 -459610
1558298303409 -459630
1558298306168 -462389
1558298308057 -464278
1558298319648 -475356
1558298319648 -475356
1558298319649 -475357
1558298321530 -477238
1558298325663 -481371
1558298325821 -481529
1558298332570 -488278
1558298336003 -491711
1558298342093 -497801
1558298342812 -498520
1558298345865 -501573
1558298345902 -501610
1558298347781 -503489
1558298349593 -505301
1558298351436 -507144
1558298353225 -508933
1558298355065 -510773
1558298355066 -510774
1558298356888 -512596
1558298356892 -512600
1558298360615 -516322
1558298362460 -518167
1558298362461 -518168
1558298367742 -523449
1558298367925 -523632
1558298372384 -528091
1558298373892 -529599
1558298376249 -531956
1558298377776 -533483
1558298379283 -534990
1558298381821 -537528
1558298384106 -539813
1558298385864 -541571
