1558297847443 -3976
1558297851603 -7991
1558297858400 -16044
1558297860244 -16632
1558297863196 -20840
1558297872767 -30232
1558297877611 -35075
1558297884388 -39875
1558297884418 -41882
1558297890211 -45697
1558297891072 -48536
1558297900758 -56244
1558297904663 -62126
1558297906608 -64071
1558297906612 -64075
1558297906624 -62110
1558297913254 -69094
1558297915253 -70738
1558297918218 -74057
1558297922016 -77855
1558297922972 -78811
1558297924121 -79960
1558297926988 -82473
1558297930192 -86031
1558297932707 -88546
1558297937379 -93218
1558297938352 -93982
1558297947106 -102736
1558297950012 -105642
1558297963082 -118711
1558297966700 -124033
1558297966866 -124199
1558297969334 -124963
1558297970669 -124294
1558297983394 -137019
1558297987016 -140366
1558297996478 -149827
1558297996479 -149828
1558298002405 -155754
1558298007785 -161132
1558298009102 -162449
1558298021245 -174235
1558298026633 -179623
1558298034708 -186948
1558298034708 -186948
1558298038800 -191040
1558298039596 -191836
1558298042115 -195103
1558298042526 -194766
1558298045102 -197342
1558298049375 -201614
1558298050349 -202588
1558298052661 -204900
1558298053726 -205965
1558298060534 -213522
1558298060942 -212404
1558298062488 -215476
1558298066263 -217725
1558298066263 -217725
1558298068765 -220227
1558298073974 -226961
1558298076865 -234198
1558298079932 -232919
1558298082776 -234237
1558298084479 -237466
1558298084949 -237936
1558298090603 -243566
1558298091856 -243317
1558298100651 -253614
1558298104216 -257179
1558298108928 -260388
1558298113020 -247882
1558298113406 -264694
1558298114387 -265675
1558298114975 -249836
1558298116932 -251793
1558298121854 -273141
1558298124167 -275454
1558298126705 -261559
1558298133033 -267885
1558298148476 -282387
1558298149227 -306560
1558298154827 -282026
1558298159049 -275617
1558298160024 -276592
1558298160604 -276814
1558298161976 -278544
1558298164864 -281431
1558298165516 -282083
1558298181129 -338461
1558298185377 -342709
1558298189877 -347209
1558298189878 -347210
1558298195292 -352624
1558298197064 -354396
1558298197065 -354397
1558298197079 -354411
1558298197087 -354419
1558298200583 -357915
1558298200592 -357924
1558298203185 -360517
1558298204098 -361430
1558298204115 -361447
1558298206698 -364030
1558298208452 -365784
1558298211960 -369292
1558298211961 -369293
1558298215351 -372683
1558298215361 -372693
1558298215362 -372694
1558298217083 -374415
1558298218800 -376132
1558298218801 -376133
1558298220509 -377841
1558298220539 -377871
1558298223809 -381141
1558298223817 -381149
1558298225594 -382926
1558298229110 -386441
1558298231056 -388387
1558298231062 -388393
1558298231063 -388394
1558298232991 -390322
1558298233058 -390389
1558298235049 -392380
1558298235060 -392391
1558298236943 -394274
1558298236945 -394276
1558298240570 -397901
1558298242563 -399894
1558298242576 -399907
1558298243415 -400746
1558298243545 -400876
1558298247380 -404688
1558298250276 -407584
1558298253133 -410288
1558298255087 -412242
1558298256976 -414131
1558298256980 -414135
1558298258813 -415968
1558298258819 -415974
1558298260672 -417827
1558298262466 -419620
1558298264346 -421500
1558298266225 -423379
1558298266264 -423418
1558298267227 -424381
1558298269973 -427127
1558298270985 -428139
1558298272869 -430023
1558298274633 -431787
1558298276576 -433730
1558298278375 -435529
1558298280761 -437915
1558298280764 -437918
1558298282449 -439603
1558298282450 -439604
1558298284011 -441165
1558298284011 -441165
1558298284012 -441166
1558298286827 -443981
1558298286828 -443982
1558298286830 -443984
1558298288734 -445888
1558298290460 -447614
1558298293121 -450275
1558298295003 -452147
1558298296713 -453839
1558298298596 -455721
1558298298603 -455728
1558298300249 -457374
1558298303045 -459281
1558298304918 -460605
1558298306663 -462350
1558298309355 -465042
1558298311192 -466879
1558298312923 -468610
1558298314781 -470468
1558298314933 -470620
1558298316515 -472202
1558298321100 -476787
1558298324436 -480123
1558298324612 -480299
1558298326170 -481857
1558298326219 -481906
1558298326270 -481957
1558298326319 -482006
1558298328898 -484585
1558298332296 -487983
1558298332297 -487984
1558298332301 -487988
1558298334018 -489705
1558298335584 -491270
1558298340954 -496640
1558298340963 -496649
1558298342446 -498132
1558298344499 -500185
1558298346429 -502115
1558298349186 -504872
1558298350086 -505772
1558298352798 -508484
1558298352799 -508485
1558298352804 -508490
1558298353753 -509439
1558298356480 -512166
1558298358333 -514019
1558298360214 -515900
1558298365641 -521327
1558298365642 -521327
1558298367462 -523147
1558298367466 -523151
1558298369301 -524986
1558298369404 -525089
1558298371156 -526841
1558298371181 -526866
1558298375221 -530906
1558298375222 -530907
1558298378882 -534567
1558298378997 -534682
