1558297849152 -1881
1558297849389 -6470
1558297854215 -11296
1558297855220 -12301
1558297856172 -13253
1558297859734 -12462
1558297862667 -15395
1558297865604 -18332
1558297877176 -29904
1558297878319 -31047
1558297885478 -42558
1558297888981 -41707
1558297892832 -45558
1558297895603 -48329
1558297895608 -48334
1558297896963 -54028
1558297897919 -54984
1558297903768 -60833
1558297913565 -70629
1558297917481 -74545
1558297921195 -78259
1558297926719 -79444
1558297929875 -82474
1558297929964 -82563
1558297931612 -84211
1558297931956 -89020
1558297949409 -104519
1558297953133 -105732
1558297954290 -109400
1558297959817 -112416
1558297960150 -115260
1558297960793 -113391
1558297963202 -115800
1558297971376 -121308
1558297975878 -130988
1558297977594 -132704
1558297978222 -128153
1558297981526 -135426
1558297986404 -136335
1558297988181 -142081
1558297989785 -139716
1558297992987 -142917
1558297996629 -146559
1558298004456 -154369
1558298005435 -155348
1558298008652 -158565
1558298011303 -161215
1558298015290 -165202
1558298018324 -172224
1558298020031 -173931
1558298021172 -171083
1558298021445 -175344
1558298021542 -175441
1558298024016 -179920
1558298025128 -181032
1558298025169 -176756
1558298025761 -181664
1558298026420 -182323
1558298037658 -187531
1558298039385 -189258
1558298042258 -192102
1558298048395 -204298
1558298050421 -202006
1558298055946 -205790
1558298057105 -208690
1558298059058 -210642
1558298059765 -215668
1558298061649 -211492
1558298061649 -211492
1558298066271 -217855
1558298067062 -218646
1558298068496 -218339
1558298072920 -224478
1558298082719 -234277
1558298084164 -234007
1558298092710 -244268
1558298093251 -244809
1558298095075 -246633
1558298095710 -244793
1558298096686 -245769
1558298100637 -252195
1558298105667 -257224
1558298115098 -264180
1558298115248 -271151
1558298117053 -266135
1558298117053 -266135
1558298117054 -266136
1558298118031 -267113
1558298124245 -259273
1558298124246 -259274
1558298126206 -261234
1558298127806 -276888
1558298130613 -265641
1558298131383 -266410
1558298132165 -267191
1558298133309 -268335
1558298134882 -269908
1558298134901 -269927
1558298144477 -287598
1558298145634 -288755
1558298151588 -286611
1558298152642 -282264
1558298153532 -283153
1558298153895 -279189
1558298155784 -311687
1558298157807 -287427
1558298158146 -283439
1558298159121 -284414
1558298170463 -326366
1558298173238 -329141
1558298176185 -332088
1558298176186 -332089
1558298176214 -332117
1558298178887 -334790
1558298181445 -337348
1558298181452 -337355
1558298181453 -337356
1558298183601 -339504
1558298183613 -339516
1558298187858 -343761
1558298187890 -343793
1558298190128 -346031
1558298193806 -349709
1558298195525 -351428
1558298197260 -353163
1558298197277 -353180
1558298197293 -353196
1558298199821 -355724
1558298199831 -355734
1558298199832 -355735
1558298201548 -357451
1558298201549 -357452
1558298203394 -359296
1558298210479 -366381
1558298212145 -368047
1558298212145 -368047
1558298213820 -369722
1558298213823 -369725
1558298215551 -371453
1558298218990 -374892
1558298219094 -374996
1558298219095 -374997
1558298220710 -376612
1558298220711 -376613
1558298220725 -376627
1558298220725 -376627
1558298222401 -378303
1558298222402 -378304
1558298223972 -379874
1558298223973 -379875
1558298223974 -379876
1558298225731 -381633
1558298225732 -381634
1558298227316 -383218
1558298227346 -383248
1558298229290 -385192
1558298229291 -385193
1558298231256 -387158
1558298231257 -387159
1558298233274 -389176
1558298233328 -389230
1558298235231 -391133
1558298235237 -391139
1558298237176 -393078
1558298237183 -393085
1558298238990 -394892
1558298238991 -394893
1558298240785 -396687
1558298240801 -396703
1558298244654 -398868
1558298244735 -398949
1558298246583 -400797
1558298246615 -400829
1558298248536 -402750
1558298248543 -402757
1558298250484 -404698
1558298250485 -404698
1558298250486 -404699
1558298250490 -404703
1558298250491 -404704
1558298252405 -406618
1558298252406 -406619
1558298252409 -406622
1558298254270 -408483
1558298254294 -408507
1558298255301 -409514
1558298258072 -412285
1558298258079 -412292
1558298259025 -413238
1558298259026 -413239
1558298260894 -415107
1558298260895 -415108
1558298260898 -415111
1558298262667 -416880
1558298262668 -416881
1558298264558 -418771
1558298264679 -418892
1558298264679 -418892
1558298266393 -420606
1558298266451 -420664
1558298268335 -422548
1558298268339 -422552
1558298268343 -422556
1558298270170 -424383
1558298271158 -425371
1558298271159 -425372
1558298271163 -425375
1558298271164 -425376
1558298273878 -428090
1558298273993 -428205
1558298273994 -428206
1558298274895 -429107
1558298274896 -429107
1558298274940 -429151
1558298276768 -430979
1558298276768 -430979
1558298279368 -433579
1558298281008 -435219
1558298281009 -435220
1558298283494 -437705
1558298283495 -437706
1558298284213 -438424
1558298285261 -439472
1558298287012 -441223
1558298288768 -442979
1558298288948 -443159
1558298290632 -444843
1558298293302 -447513
1558298295214 -449425
1558298295215 -449426
1558298296910 -451121
1558298299581 -453792
1558298299585 -453796
1558298303143 -457354
1558298303194 -457405
1558298305127 -459338
1558298307831 -462042
1558298307832 -462043
1558298307833 -462044
1558298309550 -463761
1558298311410 -465621
1558298311421 -465632
1558298313096 -467307
1558298313101 -467312
1558298317707 -471918
1558298317734 -471945
1558298319429 -473640
1558298319436 -473647
1558298319439 -473650
1558298321340 -475551
1558298322972 -477183
1558298322972 -477183
1558298325551 -479762
1558298325633 -479844
1558298325796 -480007
1558298329107 -483318
1558298330927 -485138
1558298332571 -486782
1558298332572 -486783
1558298334269 -488480
1558298335863 -490073
1558298335936 -490146
1558298337761 -491971
1558298337777 -491987
1558298339368 -493578
1558298339368 -493578
1558298341982 -496192
1558298341985 -496195
1558298342790 -497000
1558298345738 -499948
1558298347685 -501895
1558298347686 -501896
1558298347688 -501898
1558298349512 -503722
1558298349513 -503723
1558298349514 -503724
1558298351348 -505558
1558298351352 -505562
1558298353155 -507365
1558298354997 -509207
1558298358861 -513071
1558298360531 -514741
1558298362398 -516608
1558298366010 -518914
1558298366011 -518915
1558298367739 -520643
1558298367919 -520823
1558298369706 -522610
1558298372359 -525263
1558298373902 -526806
1558298376259 -529163
1558298377930 -530834
1558298378747 -531651
1558298379229 -532133
1558298381778 -534682
1558298381812 -534716
1558298384147 -537051
1558298384148 -537052
1558298385911 -538815
1558298385912 -538816
1558298388208 -541112
1558298392078 -544982
