1558297902625 -64354
1558297938313 -100042
1558297966817 -128546
1558297966961 -128690
1558297978692 -140420
1558297978734 -140462
1558298076160 -237886
1558298094551 -256277
1558298128290 -290016
1558298149255 -310980
1558298180865 -342590
1558298180866 -342591
1558298180880 -342605
1558298183126 -344851
1558298183126 -344851
1558298185129 -346851
1558298185132 -346854
1558298189677 -351399
1558298189679 -351401
1558298191574 -353296
1558298191577 -353299
1558298193428 -355150
1558298195303 -357025
1558298197057 -358779
1558298197068 -358790
1558298198828 -360550
1558298200585 -362307
1558298203187 -364909
1558298203191 -364913
1558298204111 -365833
1558298204126 -365848
1558298206690 -368412
1558298206701 -368423
1558298208450 -370172
1558298208461 -370183
1558298210276 -371998
1558298210286 -372008
1558298213623 -375343
1558298215353 -377073
1558298215363 -377083
1558298217081 -378801
1558298218812 -380532
1558298220539 -382259
1558298223650 -385370
1558298223651 -385371
1558298225434 -387154
1558298228933 -390653
1558298228934 -390654
1558298232922 -394555
1558298232923 -394556
1558298234851 -396484
1558298234863 -396496
1558298238593 -400226
1558298240550 -402183
1558298242537 -404170
1558298243541 -405174
1558298246313 -407946
1558298246392 -408025
1558298247364 -408997
1558298250277 -411910
1558298251250 -412883
1558298251261 -412894
1558298253122 -414755
1558298255007 -416640
1558298256961 -418593
1558298256969 -418601
1558298258792 -420424
1558298258794 -420426
1558298260660 -422292
1558298260661 -422293
1558298260662 -422294
1558298260666 -422298
1558298264332 -425964
1558298264338 -425970
1558298266161 -427792
1558298266215 -427846
1558298266259 -427890
1558298267209 -428840
1558298267210 -428841
1558298267215 -428846
1558298268915 -430546
1558298272658 -434289
1558298272664 -434295
1558298272665 -434296
1558298274511 -436142
1558298276377 -438008
1558298276389 -438020
1558298276389 -438020
1558298278198 -439827
1558298280612 -442185
1558298283997 -445570
1558298286795 -448368
1558298286797 -448370
1558298288586 -450159
1558298290415 -451988
1558298290415 -451988
1558298292300 -453873
1558298292301 -453874
1558298292302 -453875
1558298296696 -458269
1558298298577 -460150
1558298300231 -461804
1558298302945 -464518
1558298304898 -466471
1558298304899 -466472
1558298304905 -466478
1558298306639 -468212
1558298306644 -468217
1558298306644 -468217
1558298311161 -472734
1558298312893 -474466
1558298312893 -474466
1558298314649 -476222
1558298314758 -476331
1558298318228 -479801
1558298318229 -479801
1558298320886 -482458
1558298322544 -484116
1558298325978 -487550
1558298326023 -487595
1558298326082 -487654
1558298329556 -491128
1558298332108 -493680
1558298332109 -493681
1558298339056 -500627
1558298339056 -500627
1558298339064 -500634
