1558297989890 -146423
1558297994835 -151229
1558298056707 -213101
1558298088517 -244911
1558298088811 -245205
1558298093800 -250194
1558298148713 -305107
1558298161276 -317670
1558298168497 -324891
1558298171785 -328179
1558298171805 -328199
1558298178409 -334803
1558298183241 -339635
1558298183241 -339635
1558298183242 -339636
1558298185244 -341638
1558298189747 -346141
1558298189747 -346141
1558298191642 -348036
1558298193445 -349839
1558298193446 -349840
1558298195146 -351540
1558298195147 -351541
1558298196919 -353312
1558298196922 -353315
1558298198698 -355091
1558298200449 -356842
1558298200451 -356844
1558298202246 -358639
1558298202250 -358643
1558298203963 -360356
1558298206555 -362948
1558298206556 -362949
1558298208291 -364684
1558298210151 -366544
1558298210152 -366545
1558298210153 -366546
1558298211805 -368198
1558298213502 -369895
1558298213507 -369900
1558298215206 -371599
1558298215213 -371606
1558298215214 -371607
1558298216946 -373339
1558298216947 -373340
1558298218671 -375064
1558298220377 -376770
1558298223695 -379021
1558298227009 -382335
1558298227036 -382362
1558298228984 -384310
1558298228985 -384311
1558298228986 -384312
1558298230920 -386246
1558298230923 -386249
1558298234918 -390244
1558298236850 -392176
1558298238636 -393962
1558298238637 -393963
1558298238652 -393978
1558298238662 -393988
1558298239422 -394748
1558298242401 -397727
1558298243336 -398662
1558298243337 -398663
1558298243467 -398793
1558298245246 -400572
1558298245273 -400599
1558298246241 -401567
1558298246284 -401610
1558298247189 -402514
1558298250120 -405445
1558298250122 -405447
1558298250123 -405448
1558298251128 -406453
1558298252995 -408320
1558298252999 -408324
1558298254877 -410202
1558298254878 -410203
1558298256808 -412133
1558298258657 -413982
1558298258658 -413983
1558298260521 -415846
1558298260522 -415847
1558298260523 -415848
1558298260524 -415849
1558298262347 -417672
1558298262348 -417673
1558298262349 -417674
1558298262350 -417675
1558298264199 -419524
1558298266047 -421372
1558298267076 -422401
1558298267077 -422402
1558298267079 -422404
1558298269849 -425174
1558298269850 -425175
1558298269851 -425176
1558298270820 -426145
1558298270826 -426151
1558298270827 -426152
1558298272736 -428061
1558298274535 -429860
1558298274593 -429918
1558298276451 -431776
1558298276452 -431777
1558298278273 -433598
1558298280674 -435999
1558298282357 -437682
1558298282362 -437687
1558298282363 -437688
1558298283931 -439256
1558298283932 -439257
1558298286728 -442053
1558298288490 -443815
1558298288640 -443965
1558298290328 -445653
1558298292259 -447584
1558298292266 -447591
1558298294935 -450260
1558298294935 -450260
1558298294937 -450262
1558298296672 -451997
1558298298539 -453864
1558298300208 -455533
1558298304896 -460220
1558298304897 -460221
1558298306637 -461961
1558298309330 -464425
1558298309332 -464427
1558298311167 -466262
1558298311174 -466269
1558298316517 -471612
1558298319204 -474299
1558298319205 -474300
1558298319206 -474301
1558298319207 -474302
1558298324618 -479713
1558298324735 -479830
1558298326290 -481385
1558298328913 -484008
1558298330687 -485782
1558298330689 -485784
1558298335635 -490730
1558298337537 -492632
1558298337553 -492647
1558298339137 -494231
1558298339139 -494233
1558298341017 -496111
1558298342471 -497565
1558298342627 -497721
1558298346502 -501596
1558298346503 -501597
1558298349279 -504373
1558298349280 -504374
1558298351108 -506202
1558298351109 -506203
1558298354755 -508523
1558298354756 -508524
1558298354757 -508525
1558298356594 -510362
1558298358429 -512197
1558298358430 -512198
1558298360277 -514045
1558298360344 -514112
1558298360422 -514190
1558298363973 -517741
1558298367626 -521393
1558298369471 -523238
1558298371313 -525080
1558298371331 -525098
1558298377722 -531489
1558298379045 -532812
1558298379146 -532913
1558298381460 -535227
1558298381513 -535280
