1558298173139 -333090
1558298181318 -341269
1558298183501 -343452
1558298185356 -345307
1558298185357 -345308
1558298189858 -349809
1558298191714 -351665
1558298193496 -353446
1558298197157 -357107
1558298198914 -358864
1558298203281 -363231
1558298204968 -364918
1558298204976 -364926
1558298204977 -364927
1558298206785 -366735
1558298206786 -366736
1558298208522 -368472
1558298210371 -370321
1558298213690 -373640
1558298213699 -373649
1558298217125 -377070
1558298218855 -378800
1558298218868 -378813
1558298220550 -380495
1558298222249 -382194
1558298223831 -383776
1558298223835 -383780
1558298225609 -385554
1558298225609 -385554
1558298225610 -385555
1558298227145 -387090
1558298227163 -387108
1558298230864 -390809
1558298238574 -398519
1558298238575 -398520
1558298238582 -398527
1558298238583 -398528
1558298242512 -402456
1558298243511 -403455
1558298246243 -406187
1558298251164 -411107
1558298253039 -412982
1558298258698 -418641
1558298264203 -423947
1558298267074 -426818
1558298270813 -430557
1558298272719 -432463
1558298274295 -434039
1558298278038 -437782
1558298279767 -439511
1558298279769 -439513
1558298282076 -441820
1558298283858 -443602
1558298285806 -445549
1558298288566 -448309
1558298288683 -448426
1558298293769 -453512
1558298296530 -456273
1558298296531 -456274
1558298298380 -458123
1558298302747 -462490
1558298304663 -464406
1558298304671 -464414
1558298304676 -464419
1558298306422 -466165
1558298308320 -468063
1558298309953 -469696
1558298309954 -469697
1558298309955 -469698
1558298314371 -474113
1558298316278 -476020
1558298319877 -479619
1558298319878 -479620
1558298319879 -479621
1558298322475 -482217
1558298322476 -482218
1558298323189 -482931
1558298325811 -485553
1558298327641 -487383
1558298329322 -489064
1558298329323 -489065
1558298331164 -490906
1558298331165 -490907
1558298336244 -495986
1558298336284 -496026
1558298342247 -501988
1558298342247 -501988
1558298344021 -503762
1558298346034 -505775
1558298351616 -511357
1558298353425 -513166
1558298355242 -514983
1558298355243 -514984
1558298355244 -514985
1558298357074 -516815
1558298364417 -524070
1558298364418 -524071
