1558297902071 -63884
1558297920442 -82255
1558298024010 -185823
1558298039996 -201809
1558298168277 -330090
1558298174288 -336101
1558298176917 -338730
1558298182013 -343825
1558298182015 -343827
1558298187153 -348965
1558298189450 -351262
1558298189454 -351266
1558298191332 -353144
1558298193125 -354937
1558298193153 -354965
1558298193191 -355003
1558298193221 -355033
1558298194997 -356809
1558298196784 -358596
1558298198541 -360353
1558298200302 -362114
1558298200303 -362115
1558298202102 -363914
1558298203815 -365627
1558298203845 -365657
1558298205627 -367439
1558298205628 -367440
1558298205629 -367441
1558298207359 -369171
1558298215056 -376868
1558298216770 -378582
1558298216771 -378583
1558298216775 -378587
1558298218460 -380272
1558298218462 -380274
1558298220232 -382044
1558298220259 -382071
1558298221908 -383720
1558298225104 -386763
1558298225105 -386764
1558298225106 -386765
1558298227516 -389175
1558298230498 -392157
1558298230499 -392158
1558298231504 -393163
1558298234487 -396146
1558298234551 -396210
1558298234581 -396240
1558298239128 -400787
1558298241120 -402779
1558298243075 -404734
1558298250781 -412440
1558298252667 -414326
1558298254543 -416202
1558298254658 -416317
1558298254659 -416318
1558298254765 -416424
1558298254827 -416486
1558298258344 -420003
1558298258345 -420004
1558298259256 -420915
1558298262013 -423672
1558298262919 -424578
1558298268453 -430112
1558298268454 -430113
1558298270277 -431936
1558298272182 -433841
1558298274987 -436646
1558298274988 -436647
1558298275022 -436681
1558298275048 -436707
1558298279430 -441088
1558298281043 -442701
1558298283519 -445177
1558298287174 -448832
1558298287175 -448833
1558298287176 -448834
1558298289945 -451603
1558298291779 -453437
1558298293444 -455102
1558298293444 -455102
1558298295381 -457039
1558298295382 -457040
1558298295383 -457041
1558298297060 -458718
1558298297061 -458719
1558298297062 -458720
1558298297063 -458721
1558298297064 -458722
1558298299715 -461373
1558298299716 -461374
1558298301519 -463177
1558298301666 -463324
1558298303310 -464968
1558298303342 -465000
1558298306088 -467746
1558298307964 -469622
1558298307965 -469623
1558298309668 -471326
1558298309669 -471327
1558298309670 -471328
1558298313183 -474841
1558298314956 -476614
1558298315047 -476705
1558298315879 -477537
1558298317646 -479304
1558298319349 -481007
1558298321236 -482894
1558298322875 -484532
1558298325550 -487207
1558298326279 -487936
1558298328974 -490631
1558298328975 -490632
1558298332407 -494064
1558298332412 -494069
1558298332413 -494070
1558298335831 -497488
1558298335905 -497562
1558298337710 -499367
1558298337728 -499385
1558298341911 -503568
1558298341912 -503569
1558298345578 -507235
1558298345630 -507287
1558298345674 -507331
1558298347574 -509231
1558298349387 -511044
1558298349390 -511047
1558298351211 -512868
1558298351213 -512870
1558298353013 -514670
