1558297848500 -4823
1558297854289 -10611
1558297858262 -14584
1558297880539 -36861
1558297893108 -49053
1558297897989 -53934
1558297900901 -56846
1558297906760 -67935
1558297906960 -68135
1558297906999 -68174
1558297912636 -68581
1558297914597 -70542
1558297918815 -79990
1558297927146 -83091
1558297939698 -94147
1558297952761 -107210
1558297952952 -107401
1558297955351 -109800
1558297955353 -109802
1558297961215 -115664
1558297964155 -118604
1558297966924 -121372
1558297971810 -126258
1558297973767 -128215
1558297977679 -132127
1558297981614 -136028
1558297987563 -141977
1558297988277 -142691
1558297988279 -142693
1558298004043 -165218
1558298004899 -159312
1558298008896 -163309
1558298017454 -169642
1558298018285 -179460
1558298020722 -172910
1558298021465 -173653
1558298033690 -194865
1558298037441 -189629
1558298044764 -196952
1558298044989 -197177
1558298048587 -200774
1558298054643 -206830
1558298054644 -206831
1558298057389 -209576
1558298060161 -210672
1558298061136 -211647
1558298061137 -211648
1558298062119 -212630
1558298068099 -229274
1558298069938 -220448
1558298084851 -235361
1558298090547 -241057
1558298092559 -243069
1558298096186 -246696
1558298096188 -246698
1558298104988 -255495
1558298109567 -260074
1558298110781 -261288
1558298111669 -262176
1558298113629 -264136
1558298126342 -276848
1558298131930 -282432
1558298135059 -285213
1558298143798 -293952
1558298145945 -296099
1558298153279 -303433
1558298157322 -307476
1558298159277 -309431
1558298159277 -309431
1558298167920 -329095
1558298171319 -332494
1558298174004 -335179
1558298174004 -335179
1558298174005 -335180
1558298174006 -335181
1558298176878 -338053
1558298181747 -342922
1558298183921 -345096
1558298185913 -347088
1558298189261 -350436
1558298190373 -351548
1558298192956 -354131
1558298193015 -354190
1558298194864 -356039
1558298194867 -356042
1558298196678 -357853
1558298196683 -357858
1558298200204 -361378
1558298200204 -361378
1558298202000 -363174
1558298207270 -368444
1558298207270 -368444
1558298209042 -370216
1558298209074 -370248
1558298209107 -370281
1558298210815 -371989
1558298210822 -371996
1558298213267 -374441
1558298213271 -374445
1558298213272 -374446
1558298214121 -375295
1558298216711 -377885
1558298217629 -378803
1558298217634 -378808
1558298217635 -378809
1558298220131 -381305
1558298220180 -381354
1558298220216 -381390
1558298221845 -383019
1558298221848 -383022
1558298223448 -384618
1558298225074 -386244
1558298226644 -387814
1558298226695 -387865
1558298227495 -388665
1558298227496 -388666
1558298227498 -388668
1558298227498 -388668
1558298230479 -391649
1558298234484 -395654
1558298235436 -396606
1558298235437 -396607
1558298235438 -396608
1558298237305 -398475
1558298237306 -398476
1558298241139 -402309
1558298243098 -404268
1558298244997 -406166
1558298246906 -408075
1558298248904 -410073
1558298250825 -411994
1558298250826 -411995
1558298250827 -411996
1558298250830 -411999
1558298250831 -412000
1558298252724 -413893
1558298254569 -415738
1558298254688 -415857
1558298258416 -419551
1558298258417 -419552
1558298262087 -423222
1558298262088 -423223
1558298263033 -424168
1558298263034 -424169
1558298263034 -424169
1558298264893 -426028
1558298265840 -426975
1558298266786 -427921
1558298266796 -427931
1558298266805 -427940
1558298268682 -429817
1558298268684 -429819
1558298270352 -431487
1558298270357 -431492
1558298272265 -433400
1558298272266 -433401
1558298272268 -433403
1558298274132 -435267
1558298275109 -436244
1558298277826 -438961
1558298277827 -438962
1558298277828 -438963
1558298281162 -442297
1558298283643 -444778
1558298283646 -444781
1558298285600 -446735
1558298287324 -448458
1558298287324 -448458
1558298290026 -451160
1558298291931 -453065
1558298291933 -453067
1558298293608 -454742
1558298296357 -457491
1558298296358 -457492
1558298298211 -459345
1558298301756 -462890
1558298301835 -462969
1558298301914 -463048
1558298306255 -467389
1558298308145 -469279
1558298308146 -469280
1558298308152 -469286
1558298309841 -470975
1558298311742 -472876
1558298313341 -474475
1558298316137 -477271
1558298317860 -478994
1558298319581 -480715
1558298319582 -480716
1558298321486 -482620
1558298323088 -484222
1558298325617 -486751
1558298325781 -486915
1558298327483 -488617
1558298331024 -492158
1558298331025 -492159
1558298334421 -495555
1558298334574 -495708
1558298336150 -497284
1558298338705 -499839
