1558297843833 -2177
1558297847371 -5715
1558297849344 -7688
1558297850329 -8673
1558297852919 -10036
1558297858819 -16838
1558297860534 -17656
1558297860534 -17656
1558297862486 -19601
1558297862492 -19607
1558297867235 -23658
1558297867235 -24350
1558297868148 -25263
1558297868405 -26423
1558297869127 -25550
1558297871054 -27477
1558297871054 -27477
1558297871283 -29301
1558297872025 -28448
1558297877851 -34273
1558297881068 -37490
1558297886601 -43033
1558297893244 -49664
1558297893510 -51527
1558297896156 -52576
1558297898107 -53164
1558297903005 -58062
1558297903947 -60712
1558297903950 -60715
1558297906912 -61969
1558297910887 -65942
1558297916498 -73263
1558297917788 -72843
1558297918490 -73541
1558297918535 -73590
1558297921397 -76452
1558297922376 -77431
1558297926954 -83718
1558297928891 -85655
1558297930310 -85359
1558297930468 -85521
1558297931203 -86256
1558297934076 -89125
1558297935085 -91849
1558297937045 -91328
1558297938549 -95313
1558297938839 -93121
1558297943698 -97983
1558297944613 -99322
1558297945014 -99296
1558297945758 -100043
1558297946298 -101007
1558297948088 -102797
1558297948624 -102859
1558297950579 -104814
1558297950999 -105708
1558297956404 -110688
1558297957767 -112051
1558297958570 -112805
1558297958837 -113545
1558297960312 -114595
1558297963364 -117597
1558297964633 -119341
1558297965043 -119326
1558297966998 -121281
1558297969971 -124204
1558297969972 -124205
1558297973186 -127894
1558297975322 -130030
1558297975394 -130102
1558297975988 -130220
1558297976190 -130898
1558297979015 -133723
1558297980144 -134376
1558297981663 -133562
1558297981702 -135934
1558297981928 -136636
1558297982639 -134538
1558297983661 -137893
1558297985387 -137286
1558297990341 -142281
1558297991761 -143701
1558297994209 -146108
1558297994256 -146196
1558297996332 -147521
1558297998273 -149462
1558298001429 -153327
1558298002201 -154141
1558298007442 -158631
1558298008175 -159364
1558298013582 -165522
1558298019422 -171335
1558298020102 -170728
1558298020825 -172738
1558298022448 -174361
1558298026358 -178271
1558298029766 -180954
1558298029766 -181678
1558298031315 -180581
1558298036815 -187441
1558298040856 -190122
1558298041827 -191093
1558298042815 -194727
1558298045310 -197221
1558298048647 -199273
1558298050645 -202556
1558298052363 -201629
1558298053340 -205251
1558298053957 -204583
1558298054703 -205329
1558298056238 -205504
1558298057210 -206476
1558298060120 -209386
1558298060219 -210844
1558298060220 -210841
1558298061194 -210581
1558298063160 -212547
1558298065635 -215022
1558298065766 -215032
1558298065766 -216425
1558298066268 -215534
1558298068701 -217967
1558298070644 -219909
1558298070972 -220358
1558298073642 -223028
1558298074718 -223983
1558298075097 -224483
1558298076890 -227549
1558298077868 -228527
1558298078844 -229503
1558298086503 -237133
1558298087160 -236403
1558298092157 -241400
1558298092556 -241683
1558298093829 -243072
1558298095298 -245928
1558298096276 -246906
1558298097209 -246335
1558298099050 -247996
1558298103119 -253748
1558298108841 -257831
1558298113677 -262803
1558298123032 -260380
1558298134125 -283116
1558298137033 -277389
1558298139003 -279359
1558298143435 -283791
1558298145306 -274819
1558298152257 -284846
1558298153893 -286481
1558298154003 -302994
1558298154167 -283679
1558298155511 -288099
1558298155686 -285198
1558298156464 -305455
1558298158452 -280168
1558298160759 -316016
1558298162344 -284060
1558298162348 -284064
1558298164752 -286468
1558298189737 -344994
1558298196947 -352204
1558298198727 -353984
1558298202304 -357561
1558298231088 -386345
1558298235104 -390354
1558298238841 -394091
1558298240630 -395880
1558298246397 -401647
1558298247429 -402679
1558298250369 -405619
1558298251324 -406574
1558298257074 -412324
1558298260779 -416029
1558298262566 -417816
1558298268273 -423523
1558298270107 -425357
1558298271097 -426347
1558298271099 -426349
1558298274836 -430086
1558298276730 -431980
1558298282723 -437973
1558298284189 -439439
1558298288862 -444112
1558298290602 -445852
1558298309588 -463364
1558298313140 -466916
1558298315023 -468799
1558298319482 -473258
1558298327440 -481216
1558298329167 -482943
1558298330977 -484753
1558298335945 -489721
1558298339421 -493197
1558298343893 -497669
1558298349554 -503330
1558298358553 -512328
1558298362456 -516231
1558298367942 -521717
1558298373938 -527685
1558298373939 -527686
1558298376289 -530036
1558298380211 -533958
