1558298004211 -160751
1558298004689 -161229
1558298004895 -161435
1558298005467 -162007
1558298017419 -173959
1558298104417 -260956
1558298146245 -302784
1558298159157 -315696
1558298167817 -324356
1558298171221 -327760
1558298171232 -327771
1558298171234 -327773
1558298173945 -330484
1558298176836 -333375
1558298176837 -333376
1558298181960 -338499
1558298181963 -338502
1558298189420 -345959
1558298191307 -347846
1558298193115 -349654
1558298198372 -354911
1558298198402 -354941
1558298198403 -354942
1558298200157 -356696
1558298201942 -358480
1558298208955 -365493
1558298210762 -367300
1558298212445 -368983
1558298214093 -370631
1558298216656 -373194
1558298217573 -374111
1558298217573 -373801
1558298220087 -376314
1558298220119 -376346
1558298220173 -376400
1558298220208 -376435
1558298221011 -377238
1558298221791 -378018
1558298223402 -379629
1558298225164 -381391
1558298225165 -381392
1558298226707 -382934
1558298228638 -384865
1558298230572 -386799
1558298230576 -386803
1558298231587 -387814
1558298234579 -390806
1558298234599 -390826
1558298234620 -390847
1558298239091 -395318
1558298239092 -395319
1558298239096 -395323
1558298241084 -397311
1558298241085 -397312
1558298241086 -397313
1558298243049 -399276
1558298244953 -401180
1558298246854 -403081
1558298252666 -408893
1558298254547 -410774
1558298254548 -410775
1558298254663 -410890
1558298256508 -412735
1558298259285 -415512
1558298262032 -418259
1558298262033 -418260
1558298262035 -418262
1558298262965 -419192
1558298262965 -419192
1558298262969 -419196
1558298266717 -422944
1558298268624 -424851
1558298268625 -424852
1558298274150 -430376
1558298274216 -430442
1558298275183 -431409
1558298275184 -431410
1558298275191 -431417
1558298277931 -434157
1558298277932 -434158
1558298281233 -437459
1558298283594 -439820
1558298287263 -443489
1558298287272 -443498
1558298291860 -448086
1558298293531 -449757
1558298298122 -454348
1558298299812 -456038
1558298301719 -457945
1558298301800 -458026
1558298301871 -458097
1558298303423 -459649
1558298303452 -459678
1558298306196 -461898
1558298308087 -463789
1558298308088 -463790
1558298308090 -463792
1558298309787 -465489
1558298309787 -465489
1558298313314 -469016
1558298316021 -471723
1558298316073 -471775
1558298316122 -471824
1558298316173 -471875
1558298319690 -475392
1558298319693 -475395
1558298322319 -478021
1558298322320 -478022
1558298323169 -478871
1558298325646 -481348
1558298325723 -481425
1558298327604 -483306
1558298331153 -486855
1558298332625 -488327
1558298332625 -488327
1558298339539 -495241
1558298342141 -497843
1558298345925 -501627
1558298347842 -503544
1558298347843 -503545
1558298349648 -505350
1558298349649 -505351
1558298351512 -507214
1558298353284 -508986
1558298353285 -508987
1558298353290 -508992
1558298355123 -510825
1558298355125 -510827
1558298356944 -512646
1558298356945 -512647
1558298358579 -514281
1558298358764 -514466
1558298364295 -519996
1558298364296 -519997
1558298364299 -520000
1558298366098 -521799
1558298366099 -521800
1558298367771 -523472
1558298367961 -523662
1558298368096 -523797
1558298369777 -525478
1558298369839 -525540
1558298373947 -529648
1558298377837 -533538
1558298377838 -533539
1558298379298 -534999
1558298381764 -537465
1558298384168 -539869
1558298385930 -541631
1558298385937 -541638
1558298385938 -541639
