1558297845188 -37
1558297850794 -5643
1558297850794 -5643
1558297853707 -8556
1558297867400 -22248
1558297868298 -23146
1558297874102 -28950
1558297875081 -29929
1558297883857 -38705
1558297887769 -42617
1558297888888 -43736
1558297890702 -44832
1558297912055 -66184
1558297913105 -73931
1558297917928 -72057
1558297919728 -73857
1558297921835 -82661
1558297922663 -76792
1558297943026 -97137
1558297959652 -113761
1558297961606 -115715
1558297961607 -115716
1558297970246 -121682
1558297972205 -123641
1558297978476 -139302
1558297979759 -131195
1558297980349 -131785
1558297981982 -133418
1558297990629 -142064
1558297993616 -145051
1558297994530 -145965
1558298005285 -156719
1558298006831 -158265
1558298010468 -171294
1558298024541 -185367
1558298024824 -185650
1558298025145 -185971
1558298029456 -180284
1558298049963 -200789
1558298056907 -217733
1558298057193 -218019
1558298060553 -211379
1558298067412 -216786
1558298070335 -219708
1558298082928 -232301
1558298085816 -235189
1558298088748 -238121
1558298100761 -250134
1558298106195 -255568
1558298115968 -263110
1558298126723 -273863
1558298127268 -288093
1558298127279 -288104
1558298139277 -276547
1558298140254 -277524
1558298159648 -285510
1558298160625 -286487
1558298161245 -322070
1558298175564 -336389
1558298175565 -336390
1558298175570 -336395
1558298178374 -339199
1558298178378 -339203
1558298180652 -341477
1558298182971 -343796
1558298187240 -348065
1558298189517 -350342
1558298189518 -350343
1558298191417 -352242
1558298193214 -354039
1558298193239 -354064
1558298195100 -355925
1558298195101 -355926
1558298196872 -357697
1558298196872 -357697
1558298198645 -359470
1558298198649 -359474
1558298202177 -363002
1558298202178 -363003
1558298203873 -364698
1558298207427 -368252
1558298210066 -370891
1558298210076 -370901
1558298211731 -372556
1558298211732 -372557
1558298215081 -375906
1558298216846 -377671
1558298218533 -379358
1558298218534 -379359
1558298218535 -379360
1558298220289 -381114
1558298221982 -382807
1558298221984 -382809
1558298223572 -384397
1558298225176 -385999
1558298225180 -386003
1558298225180 -386003
1558298226728 -387551
1558298228639 -389462
1558298228641 -389464
1558298230570 -391392
1558298231581 -392403
1558298234565 -395387
1558298235506 -396328
1558298235508 -396330
1558298237365 -398187
1558298237366 -398188
1558298237367 -398189
1558298237368 -398190
1558298241214 -402036
1558298241218 -402040
1558298243145 -403967
1558298245090 -405912
1558298245137 -405959
1558298248950 -409772
1558298248951 -409773
1558298250878 -411700
1558298252757 -413579
1558298252759 -413581
1558298254579 -415401
1558298254580 -415402
1558298254707 -415529
1558298260271 -421093
1558298260273 -421095
1558298260274 -421096
1558298262107 -422929
1558298263037 -423859
1558298264888 -425710
1558298266768 -427590
1558298266769 -427591
1558298266776 -427598
1558298266788 -427610
1558298272236 -433058
1558298273948 -434769
1558298273949 -434770
1558298274063 -434884
1558298274124 -434945
1558298275085 -435860
1558298275097 -435872
1558298275110 -435885
1558298277791 -438566
1558298279501 -440276
1558298279502 -440277
1558298281139 -441914
1558298281141 -441916
1558298287243 -448018
1558298287244 -448019
1558298289957 -450732
1558298290012 -450787
1558298290064 -450839
1558298291827 -452602
1558298291828 -452603
1558298291830 -452256
1558298293508 -453934
1558298295437 -455863
1558298295438 -455864
1558298295440 -455866
1558298297114 -457540
1558298299771 -460197
1558298301552 -461978
1558298301691 -462117
1558298301776 -462202
1558298303376 -463802
1558298306151 -466577
1558298306153 -466579
1558298308039 -468465
1558298308040 -468466
1558298309732 -470158
1558298309733 -470159
1558298309736 -470162
1558298311626 -472052
1558298313265 -473691
1558298313267 -473693
1558298316025 -476451
1558298319427 -479850
1558298319434 -479857
1558298319435 -479858
1558298321323 -481746
1558298324754 -485177
1558298325568 -485991
1558298329045 -489468
1558298330855 -491278
1558298330856 -491279
1558298332494 -492917
1558298332496 -492919
1558298334325 -494748
1558298334496 -494919
1558298336029 -496452
1558298337800 -498223
1558298339393 -499816
1558298339394 -499817
1558298341999 -502421
1558298342766 -503188
1558298342854 -503276
1558298343915 -504337
1558298345689 -506111
1558298349479 -509901
1558298349480 -509902
1558298351296 -511718
1558298351297 -511719
1558298353092 -513514
1558298354926 -515348
1558298356767 -517189
1558298356768 -517190
1558298362274 -522696
1558298362279 -522701
1558298365720 -526142
1558298369466 -529789
1558298371211 -531534
1558298373592 -533915
1558298373599 -533922
