1558297983112 -140451
1558297997177 -154516
1558298097024 -254362
1558298170437 -327775
1558298176164 -333502
1558298176164 -333502
1558298176174 -333512
1558298178879 -336217
1558298181445 -338783
1558298181449 -338787
1558298185599 -342937
1558298187887 -345225
1558298190115 -347453
1558298193666 -351004
1558298195511 -352849
1558298197252 -354590
1558298203378 -360716
1558298203386 -360724
1558298205074 -362412
1558298206877 -364215
1558298208630 -365968
1558298208635 -365973
1558298208636 -365974
1558298212136 -369473
1558298215541 -372878
1558298217261 -374598
1558298220705 -378042
1558298220715 -378052
1558298222388 -379725
1558298222392 -379729
1558298222393 -379730
1558298223967 -381304
1558298227302 -384639
1558298229284 -386621
1558298231250 -388578
1558298233166 -390494
1558298235215 -392543
1558298240770 -398097
1558298242769 -400096
1558298244609 -401936
1558298250466 -407793
1558298252378 -409705
1558298254232 -411559
1558298254241 -411568
1558298254242 -411569
1558298258044 -415371
1558298258045 -415372
1558298258997 -416324
1558298260873 -418200
1558298260875 -418202
1558298262639 -419966
1558298264535 -421862
1558298264536 -421863
1558298266365 -423692
1558298266429 -423756
1558298266485 -423811
1558298268315 -425641
1558298268316 -425642
1558298271137 -428462
1558298273861 -431186
1558298274869 -432194
1558298274908 -432233
1558298279342 -436667
1558298279343 -436668
1558298279344 -436669
1558298279345 -436670
1558298280988 -438313
1558298280988 -438313
1558298280989 -438314
1558298282468 -439793
1558298286978 -444303
1558298288927 -446252
1558298290599 -447924
1558298293270 -450595
1558298295174 -452498
1558298295175 -452499
1558298299542 -456866
1558298305097 -461902
1558298311373 -468178
1558298313061 -469866
1558298313061 -469866
1558298313063 -469868
1558298314975 -471780
1558298317653 -474458
1558298319377 -476182
1558298321265 -478070
1558298321266 -478071
1558298322910 -479715
1558298324664 -481469
1558298324772 -481577
1558298326343 -483148
1558298329033 -485838
1558298329033 -485838
1558298329034 -485839
1558298330848 -487653
1558298330849 -487654
1558298332314 -489118
1558298334165 -490969
1558298335765 -492569
1558298339253 -496057
1558298341863 -498667
1558298342714 -499518
1558298345531 -502335
1558298345582 -502386
1558298347529 -504333
1558298347530 -504334
1558298349360 -506164
1558298351184 -507988
1558298352984 -509788
1558298354818 -511622
1558298354819 -511623
1558298354820 -511624
1558298356654 -513458
1558298356657 -513461
1558298358643 -515447
1558298360309 -517113
1558298360394 -517198
1558298360462 -517266
1558298362188 -518992
1558298365801 -522605
1558298367635 -524439
1558298369577 -526381
1558298375412 -532216
1558298377544 -534348
1558298377546 -534350
1558298377550 -534320
1558298381447 -538217
1558298383268 -539466
1558298385658 -541856
1558298385659 -541857
1558298387187 -543385
