1558297848426 -3275
1558297854575 -11594
1558297860392 -17410
1558297864562 -19410
1558297865249 -22267
1558297866427 -21275
1558297869966 -26984
1558297874818 -31836
1558297876763 -33781
1558297877024 -31872
1558297877029 -31877
1558297877726 -34744
1558297878703 -35721
1558297882590 -39607
1558297883857 -38705
1558297884511 -41528
1558297886457 -43474
1558297890352 -47369
1558297892170 -49187
1558297902279 -56409
1558297904232 -58362
1558297911089 -65218
1558297911552 -68568
1558297923046 -80062
1558297925971 -81830
1558297930941 -86800
1558297933412 -87541
1558297936372 -90483
1558297936372 -90483
1558297939443 -95301
1558297945191 -99302
1558297953846 -107955
1558297956719 -110828
1558297956954 -112812
1558297957930 -112039
1558297958192 -114050
1558297974642 -126078
1558297976419 -130664
1558297990630 -142065
1558297994532 -145967
1558297995729 -149974
1558297998446 -149880
1558298001235 -155480
1558298002596 -156841
1558298003553 -157797
1558298007605 -159039
1558298007888 -162059
1558298009230 -160663
1558298017668 -173133
1558298017838 -173303
1558298018209 -173674
1558298026851 -181021
1558298029312 -182404
1558298030896 -181723
1558298039427 -192518
1558298039427 -192518
1558298040365 -193456
1558298041337 -194428
1558298043292 -196383
1558298049963 -200789
1558298050144 -203235
1558298055098 -208189
1558298057668 -213133
1558298061537 -212363
1558298064693 -215519
1558298065132 -218223
1558298065953 -215327
1558298068374 -217748
1558298078152 -227525
1558298084137 -233510
1558298088748 -238121
1558298094330 -249795
1558298095799 -248564
1558298101718 -254483
1558298102438 -251811
1558298109940 -261917
1558298111081 -260453
1558298114011 -261153
1558298122573 -269714
1558298123221 -275166
1558298124769 -271909
1558298128294 -283759
1558298128379 -283844
1558298131476 -283421
1558298134639 -286584
1558298136346 -273616
1558298136593 -288538
1558298139528 -291472
1558298140504 -292448
1558298143445 -295389
1558298144211 -281481
1558298147100 -284369
1558298149054 -286323
1558298149570 -305035
1558298150034 -275897
1558298152352 -278215
1558298153535 -279397
1558298156960 -292625
1558298161853 -297517
1558298162128 -317593
1558298165328 -291189
1558298165821 -291682
1558298167710 -288999
1558298172858 -328323
1558298175815 -331280
1558298175815 -331280
1558298178602 -334067
1558298178604 -334069
1558298181156 -336621
1558298183368 -338833
1558298193539 -349004
1558298193562 -349027
1558298197082 -352547
1558298198827 -354292
1558298198833 -354298
1558298200594 -356059
1558298200597 -356062
1558298206705 -362170
1558298210294 -365759
1558298210295 -365760
1558298211962 -367427
1558298217097 -372561
1558298217109 -372573
1558298218823 -374287
1558298220523 -375987
1558298222222 -377686
1558298225606 -381070
1558298233025 -388274
1558298235054 -390303
1558298238760 -394009
1558298240563 -395812
1558298240564 -395813
1558298240578 -395827
1558298243417 -398666
1558298243547 -398796
1558298246327 -401576
1558298246363 -401612
1558298250287 -405536
1558298250294 -405543
1558298251268 -406517
1558298254082 -409331
1558298255036 -410285
1558298255098 -410347
1558298255150 -410399
1558298256990 -412239
1558298256994 -412243
1558298256995 -412244
1558298258823 -414072
1558298258825 -414074
1558298260689 -415938
1558298262477 -417726
1558298264354 -419603
1558298264355 -419603
1558298264359 -419607
1558298264360 -419608
1558298268143 -423391
1558298268144 -423392
1558298269982 -425230
1558298270990 -426238
1558298272877 -428125
1558298276587 -431835
1558298276589 -431837
1558298278394 -433642
1558298280780 -436028
1558298280783 -436031
1558298282455 -437703
1558298284033 -439281
1558298284036 -439284
1558298288670 -443918
1558298288747 -443995
1558298290446 -445694
1558298293129 -448377
1558298295013 -450261
1558298295015 -450263
1558298298612 -453860
1558298298613 -453861
1558298300261 -455509
1558298300262 -455510
1558298304926 -460174
1558298304931 -460179
1558298311198 -466446
1558298314773 -470021
1558298314916 -470164
1558298316547 -471795
1558298316585 -471833
1558298316618 -471866
1558298319215 -474463
1558298319216 -474464
1558298319217 -474465
1558298321110 -476356
1558298324439 -479685
1558298326183 -481429
1558298328904 -484150
1558298330661 -485907
1558298332308 -487554
1558298334041 -489287
1558298335681 -490927
1558298337476 -492722
1558298337506 -492752
1558298342452 -497698
1558298344464 -499710
1558298346443 -501689
1558298346444 -501690
1558298349195 -504441
1558298350116 -505362
1558298354665 -509911
1558298356484 -511730
1558298356487 -511733
1558298360127 -515373
1558298362027 -517273
1558298363839 -519085
1558298363839 -519085
1558298363844 -519090
1558298369422 -524668
1558298371227 -526473
1558298373557 -528803
1558298373563 -528809
1558298373564 -528810
1558298377533 -532779
1558298377541 -532787
