1558731235608 -1206000
1558731235608 -1205999
1558731235608 -1205987
1558731235608 -1167172
1558731235608 -1167170
1558731235608 -1167170
1558731235608 -1167165
1558731235608 -1167164
1558731235608 -1167163
1558731235608 -1167160
1558731235608 -1167159
1558731235608 -1167157
1558731235608 -1167157
1558731235608 -1167156
1558731235609 -1167151
1558731235609 -1167150
1558731235609 -1167150
1558731235609 -1167149
1558731235609 -1167147
1558731235609 -1167147
1558731235609 -1167146
1558731235609 -1167145
1558731235609 -1167141
1558731235609 -1167140
1558731235609 -1167136
1558731235610 -1167135
1558731235610 -1167133
1558731235610 -1167130
1558731235610 -1167130
1558731235610 -1167129
1558731235610 -1167124
1558731235610 -1167121
1558731235610 -1167121
1558731235610 -1167121
1558731235610 -1167118
1558731235610 -1167115
1558731235610 -1167114
1558731235610 -1167114
1558731235622 -1167125
1558731235622 -1167125
1558731235623 -1167125
1558731303495 -1234995
1558731303495 -1234995
1558731303495 -1234992
1558731303495 -1234991
1558731303495 -1234987
1558731303495 -1234975
1558731303495 -1234973
1558731303495 -1234973
1558731303495 -1234971
1558731303495 -1234964
1558731303495 -1234962
1558731303495 -1234962
1558731303495 -1234961
1558731303495 -1234911
1558731303495 -1234906
1558731303495 -1234906
1558731303495 -1234904
1558731303495 -1234903
1558731303495 -1234902
1558731303495 -1234900
1558731303495 -1234894
1558731303495 -1234892
1558731303495 -1234886
1558731303495 -1234881
1558731303495 -1234873
1558731303495 -1234870
1558731303495 -1234870
1558731303495 -1234868
1558731303495 -1234865
1558731303495 -1234863
1558731303495 -1234862
1558731303495 -1234858
1558731303495 -1234857
1558731303495 -1234852
1558731303495 -1234841
1558731303495 -1234839
1558731303495 -1234838
1558731303495 -1234830
1558731643013 -418856
1558731643013 -418856
1558731643013 -418856
1558731643013 -418856
1558731643013 -418868
1558731643013 -418868
1558731643013 -418865
1558731643013 -418864
1558731643013 -418864
1558731643013 -418864
1558731643013 -417121
1558731643013 -417121
1558731643013 -417121
1558731643013 -417120
1558731643013 -416868
1558731643013 -416864
1558731643013 -416864
1558731643013 -415666
1558731643013 -415665
1558731643013 -415475
1558731643177 -417304
1558731643177 -417304
1558731643177 -417304
1558731643177 -417304
1558731643177 -417304
1558731643177 -417304
1558731643177 -417303
1558731643177 -417303
1558731643177 -417303
1558731643177 -417014
1558731643177 -417014
1558731643177 -417013
1558731643177 -417010
1558731643177 -417010
1558731643177 -417010
1558731643177 -417010
1558731643177 -417010
1558731643177 -415845
1558731643177 -415632
1558731643177 -415631
1558731643177 -415631
1558731643177 -415630
1558731643177 -414590
1558731643177 -414590
1558731643177 -414588
1558731643177 -414587
1558731643177 -414587
1558731643177 -414380
1558731643177 -414380
1558731643177 -414380
1558731643177 -414380
1558731643177 -414378
1558731643177 -414377
1558731643177 -414377
1558731643177 -414377
1558731643177 -414377
1558731643177 -414377
1558731643178 -417301
1558731643178 -417301
1558731643178 -417300
1558731643178 -417018
1558731643178 -417018
1558731643178 -417016
1558731643178 -417016
1558731643178 -415841
1558731643178 -415841
1558731643178 -415841
1558731643178 -415841
1558731643178 -415841
1558731643178 -415669
1558731643178 -415668
1558731643178 -415668
1558731643178 -415667
1558731643178 -414540
1558731643178 -414540
1558731643178 -414540
1558731643178 -414539
1558731643178 -414539
1558731643178 -414539
1558731643178 -414539
1558731643178 -414539
1558731643178 -414539
1558731643178 -414539
1558731643178 -414427
1558731643178 -414427
1558731643178 -414423
1558731643178 -413591
1558731643178 -413591
1558731643178 -413589
1558731643178 -413589
1558731643178 -414582
1558731643178 -414580
1558731643178 -414580
1558731643178 -414389
1558731643178 -414389
1558731643178 -414389
1558731643178 -414388
1558731643178 -414388
1558731643178 -414388
1558731643178 -414387
1558731643178 -414386
1558731643178 -414386
1558731643178 -414386
1558731643178 -414384
1558731643178 -413626
1558731643178 -413626
1558731643178 -413623
1558731643178 -413623
1558731643178 -413453
1558731643178 -413452
1558731643178 -413452
1558731643178 -413256
1558731643178 -413255
1558731643178 -413255
1558731643178 -413073
1558731643178 -413073
1558731643178 -413073
1558731643178 -413073
1558731643178 -413073
1558731643178 -413073
1558731643178 -413073
1558731643178 -413072
1558731643178 -413072
1558731643178 -413045
1558731643178 -413045
1558731643178 -413045
1558731643178 -413045
1558731643178 -413045
1558731643178 -413044
1558731643178 -413044
1558731643178 -413044
1558731643178 -413044
1558731643178 -413044
1558731643178 -418609
1558731643178 -418609
1558731643178 -418609
1558731643178 -418609
1558731643178 -418608
1558731643178 -418608
1558731643178 -418608
1558731643178 -418608
1558731643178 -418608
1558731643178 -418608
1558731643178 -418259
1558731643178 -418259
1558731643178 -416591
1558731643178 -416591
1558731643178 -416589
1558731643178 -416589
1558731643178 -416585
1558731643178 -416314
1558731643178 -416314
1558731643178 -416313
1558731643178 -416313
1558731643178 -416313
1558731643178 -416313
1558731643178 -416313
1558731643178 -416313
1558731643178 -415169
1558731643178 -415168
1558731643178 -415168
1558731643178 -415167
1558731643178 -415167
1558731643178 -415025
1558731643178 -415025
1558731643178 -415024
1558731643178 -415024
1558731643178 -415024
1558731643178 -413994
1558731643380 -413832
1558731643380 -413832
1558731643380 -413832
1558731643380 -413832
1558731643380 -413832
1558731643380 -413832
1558731643380 -413650
1558731643380 -413650
1558731643380 -413650
1558731643380 -413650
1558731643380 -413650
1558731643380 -413650
1558731643380 -413650
1558731643380 -413649
1558731643380 -413649
1558731643380 -413649
1558731643380 -413649
1558731643380 -413649
1558731643380 -413649
1558731643380 -413446
1558731643380 -413446
1558731643380 -400475
1558731643380 -400475
1558731643380 -400473
1558731643380 -400470
1558731643380 -400443
1558731643380 -400443
1558731643380 -400443
1558731643380 -400442
1558731643380 -400442
1558731643380 -400442
1558731643380 -400442
1558731643380 -400442
1558731643380 -400442
1558731643380 -400398
1558731643380 -400398
1558731643380 -400395
1558731643380 -400394
1558731643380 -400386
1558731643380 -400386
1558731643380 -400384
1558731643380 -400382
1558731643380 -400381
1558731643380 -400381
1558731643380 -400318
1558731643380 -400318
1558731643380 -400315
1558731643380 -400310
1558731643380 -400310
1558731643380 -400306
1558731643380 -400226
1558731643380 -400226
1558731643380 -400225
1558731643380 -400223
1558731643380 -400221
1558731643380 -400215
1558731643380 -400215
1558731643380 -400214
1558731643380 -400214
1558731643380 -400211
1558731643380 -400211
1558731643380 -400211
1558731643380 -400209
1558731643380 -400206
1558731643380 -400204
1558731643380 -400202
1558731643380 -400202
1558731643709 -414120
1558731643709 -414120
1558731643709 -414061
1558731643709 -414061
1558731643709 -414061
1558731643709 -414060
1558731643709 -414060
1558731643709 -414060
1558731643709 -414060
1558731643709 -414060
1558731643709 -414060
1558731643709 -414060
1558731643709 -414060
1558731643709 -414060
1558731643709 -414060
1558731643709 -414060
1558731643709 -413765
1558731643709 -413765
1558731643709 -395620
1558731643709 -395619
1558731643709 -395619
1558731643709 -395618
1558731643709 -395618
1558731643709 -395618
1558731643709 -395616
1558731643709 -395610
1558731643709 -395610
1558731643709 -395607
1558731643709 -395606
1558731643709 -395601
1558731643709 -395595
1558731643709 -395591
1558731643709 -395590
1558731643709 -395588
1558731643709 -395587
1558731643709 -395587
1558731643709 -395582
1558731643709 -395579
1558731643709 -395579
1558731643709 -395576
1558731643709 -395575
1558731643709 -395571
1558731643709 -395571
1558731643709 -395571
1558731643709 -395571
1558731643709 -395570
1558731643709 -395565
1558731643709 -395564
1558731643709 -395564
1558731643709 -395558
1558731643709 -395555
1558731643709 -395495
1558731643709 -395493
1558731643709 -395492
1558731643709 -395492
1558731643709 -395491
1558731643709 -395489
1558731643709 -395488
1558731643709 -395483
1558731643709 -395479
1558731643709 -395416
1558731643709 -395415
1558731643709 -395415
1558731643709 -395415
1558731643709 -395411
1558731643709 -395411
1558731643709 -395411
1558731643709 -395406
1558731643709 -395404
1558731643709 -395403
1558731643709 -395328
1558731643709 -395327
1558731643709 -395325
1558731643709 -395325
1558731643709 -395323
1558731643709 -395322
1558731643709 -395322
1558731643709 -395318
1558731643709 -395318
1558731643709 -395308
1558731643709 -395240
1558731643709 -395239
1558731643709 -395239
1558731643709 -395238
1558731643709 -395237
1558731643709 -395236
1558731643709 -395236
1558731643709 -395236
1558731643709 -395224
1558731643709 -395222
1558731643709 -395222
1558731643709 -395218
1558731643709 -395215
1558731643709 -395214
1558731643709 -395213
1558731643709 -395213
1558731643709 -395212
1558731643709 -395205
1558731643709 -395202
1558731643709 -395202
1558731643709 -395201
1558731643709 -395201
1558731643709 -395107
1558731643709 -395107
1558731643709 -395107
1558731643709 -395105
1558731643709 -395105
1558731643709 -395104
1558731643709 -395104
1558731643709 -395104
1558731643709 -395103
1558731643709 -395103
1558731643709 -395103
1558731643709 -395102
1558731643709 -395102
1558731643709 -395101
1558731643709 -395019
1558731643709 -395019
1558731643709 -395019
1558731643709 -395017
1558731643709 -395017
1558731643709 -395017
1558731643709 -395017
1558731643709 -395016
1558731643709 -395015
1558731643709 -395014
1558731643709 -395011
1558731643709 -395011
1558731643709 -395010
1558731643709 -395010
1558731643709 -395009
1558731643709 -395005
1558731643709 -395005
1558731643709 -395003
1558731643709 -395003
1558731643709 -395002
1558731643709 -394998
1558731643709 -394993
1558731643709 -394957
1558731643709 -394957
1558731643709 -394952
1558731643709 -394950
1558731643709 -394940
1558731643709 -394940
1558731643709 -394940
1558731643709 -394939
1558731643709 -394939
1558731643709 -394843
1558731643709 -394843
1558731643709 -394843
1558731643709 -394842
1558731643709 -394840
1558731643709 -394840
1558731643709 -394839
1558731643709 -394837
1558731643709 -394836
1558731643709 -394833
1558731643709 -394831
1558731643709 -394831
1558731643709 -394828
1558731643709 -394827
1558731643709 -394826
1558731643709 -394825
1558731643709 -394799
1558731643709 -394796
1558731643709 -394796
1558731643709 -394784
1558731643709 -394780
1558731643709 -394778
1558731643709 -394775
1558731643709 -394770
1558731643709 -394761
1558731643709 -394760
1558731643709 -394759
1558731643709 -394752
1558731643709 -394751
1558731643709 -394748
1558731643709 -394747
1558731643709 -394746
1558731643709 -394685
1558731643709 -394684
1558731643709 -394680
1558731643709 -394679
1558731643709 -394672
1558731643709 -394669
1558731643889 -413755
1558731643889 -413755
1558731643889 -413746
1558731643889 -413746
1558731643889 -408544
1558731643889 -408544
1558731643889 -408544
1558731643889 -408543
1558731643889 -408536
1558731643889 -408536
1558731643889 -379331
1558731643889 -379331
1558731643889 -379331
1558731643889 -379327
1558731643889 -379325
1558731643889 -379323
1558731643889 -379321
1558731643889 -379320
1558731643889 -379317
1558731643889 -379311
1558731643889 -379311
1558731643889 -379309
1558731643889 -379304
1558731643889 -379303
1558731643889 -379302
1558731643889 -379299
1558731643889 -379298
1558731643889 -379296
1558731643889 -379294
1558731643889 -379293
1558731643889 -379293
1558731643889 -379289
1558731643889 -379289
1558731643889 -379282
1558731643889 -379281
1558731643889 -379281
1558731643889 -379281
1558731643889 -379274
1558731643889 -379273
1558731643889 -379272
1558731643889 -379272
1558731643889 -379269
1558731643889 -379243
1558731643889 -379242
1558731643889 -379235
1558731643889 -379228
1558731643889 -379228
1558731643889 -379227
1558731643889 -379227
1558731643889 -379226
1558731643889 -379225
1558731643889 -379224
1558731643889 -379223
1558731643889 -379220
1558731643889 -379216
1558731643889 -379216
1558731643889 -379215
1558731643889 -379135
1558731643889 -379134
1558731643889 -379126
1558731643889 -379125
1558731643889 -379125
1558731643889 -379124
1558731643889 -379123
1558731643889 -379123
1558731643889 -379121
1558731643889 -379121
1558731643889 -379120
1558731643889 -379119
1558731643889 -379117
1558731643889 -379112
1558731643889 -379111
1558731643889 -379108
1558731643889 -379105
1558731643889 -379000
1558731643889 -379000
1558731643889 -378998
1558731643889 -378998
1558731643889 -378997
1558731643889 -378996
1558731643889 -378994
1558731643889 -378993
1558731643889 -378983
1558731643889 -378982
1558731643889 -378982
1558731643889 -378972
1558731643889 -378964
1558731643889 -378962
1558731643889 -378957
1558731643889 -378956
1558731643889 -378946
1558731643889 -378941
1558731643889 -378871
1558731643889 -378869
1558731643889 -378866
1558731643889 -378863
1558731643889 -378862
1558731643889 -378860
1558731643889 -378858
1558731643889 -378853
1558731643889 -378852
1558731643889 -378851
1558731643889 -378848
1558731643889 -378848
1558731643889 -378847
1558731643889 -378846
1558731643889 -378844
1558731643889 -378844
1558731643889 -378842
1558731643889 -378840
1558731643889 -378839
1558731643889 -378839
1558731643889 -378837
1558731643889 -378837
1558731643889 -378836
1558731643889 -378835
1558731643889 -378832
1558731643889 -378739
1558731643889 -378739
1558731643889 -378736
1558731643889 -378735
1558731643889 -378735
1558731643889 -378734
1558731643889 -378723
1558731643889 -378722
1558731643889 -378721
1558731643889 -378715
1558731643889 -378713
1558731643889 -378709
1558731643889 -378707
1558731643889 -378705
1558731643889 -378607
1558731643889 -378607
1558731643889 -378607
1558731643889 -378607
1558731643889 -378606
1558731643889 -378605
1558731643889 -378599
1558731643889 -378597
1558731643889 -378588
1558731643889 -378587
1558731643889 -378587
1558731643889 -378587
1558731643889 -378586
1558731643889 -378579
1558731643889 -378475
1558731643889 -378464
1558731643889 -378448
1558731643889 -378446
1558731643889 -378444
1558731643889 -378442
1558731643889 -378442
1558731643889 -378441
1558731643889 -378441
1558731643889 -378440
1558731643889 -378440
1558731643889 -414704
1558731643889 -414704
1558731643889 -414704
1558731643889 -414704
1558731643889 -414704
1558731643889 -414616
1558731643889 -414615
1558731643889 -414615
1558731643889 -414615
1558731643889 -414615
1558731643889 -414615
1558731643889 -414038
1558731643889 -377982
1558731643889 -377975
1558731643889 -377966
1558731643889 -377966
1558731643889 -377964
1558731643889 -377963
1558731643889 -377959
1558731643889 -377958
1558731643889 -377950
1558731643889 -377946
1558731643889 -377940
1558731643889 -377939
1558731643889 -377936
1558731643889 -377933
1558731643889 -377932
1558731643889 -377931
1558731643889 -377931
1558731643889 -377927
1558731643889 -377873
1558731643889 -377872
1558731643889 -377866
1558731643889 -377864
1558731643889 -377863
1558731643889 -377795
1558731643889 -377793
1558731643889 -377787
1558731643889 -377708
1558731643889 -377708
1558731643889 -377706
1558731643889 -377704
1558731643889 -377704
1558731643889 -377704
1558731643889 -377703
1558731643889 -377702
1558731643889 -377618
1558731643889 -377617
1558731643889 -377616
1558731643889 -377614
1558731643889 -377613
1558731643889 -377613
1558731643889 -377613
1558731643889 -377612
1558731643889 -377528
1558731643889 -377528
1558731643889 -377525
1558731643889 -377524
1558731643889 -377523
1558731643889 -377519
1558731643889 -377518
1558731643889 -377516
1558731643889 -377515
1558731643889 -377514
1558731643889 -377512
1558731643889 -377511
1558731643889 -377511
1558731643889 -377507
1558731643889 -377502
1558731643889 -377499
1558731643889 -377498
1558731643889 -377498
1558731643889 -377498
1558731643889 -377399
1558731643889 -377398
1558731643889 -377396
1558731643889 -377394
1558731643889 -377393
1558731643889 -377392
1558731643889 -377391
1558731643889 -377389
1558731643889 -377388
1558731643889 -377385
1558731643889 -377384
1558731643889 -377382
1558731643889 -377381
1558731643889 -377381
1558731643889 -377381
1558731643889 -377377
1558731643889 -377375
1558731643889 -377374
1558731643889 -377371
1558731643889 -377370
1558731644141 -341004
1558731644141 -341001
1558731644141 -340980
1558731644141 -340685
1558731644141 -340685
1558731644141 -340685
1558731644141 -313979
1558731644141 -313975
1558731644141 -313974
1558731644141 -313974
1558731644141 -313971
1558731644141 -313967
1558731644141 -313964
1558731644141 -313960
1558731644141 -313947
1558731644141 -313944
1558731644141 -313943
1558731644141 -313943
1558731644141 -313942
1558731644141 -313941
1558731644141 -313940
1558731644141 -313940
1558731644141 -313939
1558731644141 -313935
1558731644141 -313934
1558731644141 -313934
1558731644141 -313934
1558731644141 -313933
1558731644141 -313930
1558731644141 -313929
1558731644141 -313928
1558731644141 -313926
1558731644141 -313924
1558731644141 -313924
1558731644141 -313923
1558731644141 -313918
1558731644141 -313916
1558731644141 -313915
1558731644141 -313914
1558731644141 -313912
1558731644141 -313911
1558731644141 -313911
1558731644141 -313903
1558731644141 -313902
1558731644141 -313896
1558731644141 -313895
1558731644141 -313894
1558731644141 -313893
1558731644141 -313893
1558731644141 -313889
1558731644141 -313887
1558731644141 -313796
1558731644141 -313795
1558731644141 -313793
1558731644141 -313791
1558731644141 -313789
1558731644141 -313789
1558731644141 -313789
1558731644141 -313788
1558731644141 -313787
1558731644141 -313786
1558731644141 -313782
1558731644141 -313781
1558731644141 -313781
1558731644141 -313774
1558731644141 -313773
1558731644141 -313772
1558731644141 -313771
1558731644141 -313673
1558731644141 -313670
1558731644141 -313667
1558731644141 -313665
1558731644141 -313663
1558731644141 -313662
1558731644141 -313662
1558731644141 -313661
1558731644141 -313659
1558731644141 -313655
1558731644141 -313655
1558731644141 -313655
1558731644141 -313651
1558731644141 -313650
1558731644141 -313649
1558731644141 -313648
1558731644141 -313647
1558731644141 -313645
1558731644141 -313643
1558731644141 -313643
1558731644141 -313643
1558731644141 -313590
1558731644141 -313590
1558731644141 -313589
1558731644141 -313586
1558731644141 -313586
1558731644141 -313585
1558731644141 -313585
1558731644141 -313585
1558731644141 -313582
1558731644141 -313579
1558731644141 -313579
1558731644141 -313578
1558731644141 -313578
1558731644141 -313577
1558731644141 -313575
1558731644141 -313573
1558731644141 -313570
1558731644141 -313568
1558731644141 -313566
1558731644141 -313566
1558731644141 -313565
1558731644141 -313501
1558731644141 -313498
1558731644141 -313495
1558731644141 -313493
1558731644141 -313492
1558731644141 -313492
1558731644141 -313489
1558731644141 -313488
1558731644141 -313485
1558731644141 -313485
1558731644141 -313485
1558731644141 -313482
1558731644141 -313482
1558731644141 -313479
1558731644141 -313475
1558731644141 -313473
1558731644141 -313472
1558731644141 -313414
1558731644141 -313414
1558731644141 -313413
1558731644141 -313412
1558731644141 -313412
1558731644141 -313410
1558731644141 -313407
1558731644141 -313400
1558731644141 -313398
1558731644141 -313397
1558731644141 -313395
1558731644141 -313392
1558731644141 -313390
1558731644141 -313386
1558731644141 -313384
1558731644141 -313382
1558731644141 -313382
1558731644141 -313325
1558731644141 -313323
1558731644141 -313321
1558731644141 -313320
1558731644141 -313319
1558731644141 -313318
1558731644141 -313315
1558731644141 -313314
1558731644141 -313314
1558731644141 -313314
1558731644141 -313310
1558731644189 -395143
1558731644189 -297021
1558731644189 -297021
1558731644189 -297020
1558731644189 -297019
1558731644190 -297018
1558731644190 -297016
1558731644190 -297016
1558731644190 -297016
1558731644190 -297014
1558731644190 -297013
1558731644190 -297013
1558731644190 -297012
1558731644190 -297012
1558731644190 -297012
1558731644190 -297001
1558731644190 -296995
1558731644190 -296995
1558731644190 -296994
1558731644190 -296994
1558731644190 -296994
1558731644190 -296992
1558731644190 -296984
1558731644190 -296982
1558731644190 -296980
1558731644190 -296980
1558731644190 -296980
1558731644190 -296979
1558731644190 -296974
1558731644190 -296974
1558731644190 -296973
1558731644190 -296963
1558731644190 -296959
1558731644190 -296958
1558731644190 -296956
1558731644190 -296955
1558731644190 -296954
1558731644190 -296952
1558731644190 -296950
1558731644190 -296948
1558731644190 -296948
1558731644190 -296944
1558731644190 -296943
1558731644190 -296941
1558731644190 -296938
1558731644190 -296937
1558731644190 -296936
1558731644190 -296935
1558731644382 -378929
1558731644382 -378929
1558731644382 -378928
1558731644382 -378927
1558731644382 -378926
1558731644382 -378924
1558731644382 -378924
1558731644382 -378920
1558731644382 -378920
1558731644382 -378918
1558731644382 -378917
1558731644382 -378916
1558731644382 -378881
1558731644382 -378880
1558731644382 -378880
1558731644382 -378880
1558731644382 -378880
1558731644382 -378879
1558731644382 -378879
1558731644382 -378879
1558731644382 -378878
1558731644382 -378878
1558731644382 -378877
1558731644382 -378877
1558731644382 -378876
1558731644382 -378870
1558731644382 -378870
1558731644382 -193051
1558731644382 -193051
1558731644382 -193045
1558731644382 -193039
1558731644382 -193036
1558731644382 -193033
1558731644382 -377862
1558731644382 -377862
1558731644382 -340728
1558731644382 -340726
1558731644382 -340726
1558731644382 -340725
1558731644382 -340725
1558731644382 -340724
1558731644382 -340672
1558731644382 -340672
1558731644382 -340672
1558731644382 -340672
1558731644382 -340672
1558731644382 -340672
1558731644382 -182527
1558731644382 -182525
1558731644382 -182515
1558731644382 -182511
1558731644382 -182509
1558731644382 -182507
1558731644382 -182506
1558731644382 -182504
1558731644382 -182504
1558731644382 -182503
1558731644382 -182499
1558731644382 -182498
1558731644382 -182497
1558731644382 -182495
1558731644382 -182490
1558731644382 -182488
1558731644382 -182487
1558731644382 -182485
1558731644382 -182484
1558731644382 -182483
1558731644382 -182483
1558731644382 -182479
1558731644382 -182479
1558731644382 -182477
1558731644382 -182476
1558731644382 -182469
1558731644382 -182467
1558731644382 -182465
1558731644382 -182462
1558731644382 -182456
1558731644382 -182453
1558731644382 -182450
1558731644382 -182449
1558731644382 -182448
1558731644382 -182445
1558731644382 -182444
1558731644382 -182438
1558731644382 -182431
1558731644382 -182431
1558731644382 -182427
1558731644382 -182426
1558731644382 -182425
1558731644382 -182424
1558731644382 -182421
1558731644382 -182419
1558731644382 -182418
1558731644382 -182414
1558731644382 -182414
1558731644382 -182408
1558731644382 -182407
1558731644382 -182402
1558731644382 -182299
1558731644382 -182298
1558731644382 -182297
1558731644382 -182297
1558731644382 -182277
1558731644382 -182277
1558731644382 -182277
1558731644382 -182277
1558731644382 -182277
1558731644382 -182277
1558731644382 -182276
1558731644382 -182272
1558731644382 -182269
1558731644382 -182268
1558731644382 -182268
1558731644382 -182267
1558731644382 -182203
1558731644382 -182201
1558731644382 -182199
1558731644382 -182199
1558731644382 -182198
1558731644382 -182197
1558731644382 -182196
1558731644382 -182191
1558731644382 -182190
1558731644382 -182188
1558731644382 -182188
1558731644382 -182122
1558731644382 -182120
1558731644382 -182120
1558731644382 -182117
1558731644382 -182115
1558731644382 -182115
1558731644382 -182114
1558731644382 -182113
1558731644382 -182112
1558731644382 -182108
1558731644382 -182105
1558731644382 -182105
1558731644382 -182100
1558731644382 -182100
1558731644382 -182097
1558731644382 -182096
1558731644382 -182091
1558731644382 -182037
1558731644382 -182036
1558731644382 -182036
1558731644382 -182032
1558731644382 -182030
