1558731645021 -420988
1558731645021 -420988
1558731645021 -420987
1558731645021 -420987
1558731645021 -420986
1558731645021 -419019
1558731645021 -419019
1558731645021 -419019
1558731645021 -419017
1558731645021 -419017
1558731645021 -419017
1558731645021 -418965
1558731645021 -418965
1558731645021 -418964
1558731645021 -418964
1558731645021 -418963
1558731645021 -418963
1558731645021 -418963
1558731645021 -418963
1558731645021 -417581
1558731645021 -417581
1558731645021 -417581
1558731645021 -417579
1558731645021 -417579
1558731645021 -417579
1558731645021 -417579
1558731645021 -417579
1558731645021 -417561
1558731645021 -417561
1558731645021 -417559
1558731645021 -416324
1558731645021 -416323
1558731645021 -416323
1558731645021 -416323
1558731645021 -416323
1558731645021 -416303
1558731645021 -416303
1558731645229 -420872
1558731645229 -420872
1558731645229 -419912
1558731645229 -419912
1558731645229 -419911
1558731645229 -418695
1558731645229 -418695
1558731645229 -418695
1558731645229 -418694
1558731645229 -418694
1558731645229 -418691
1558731645229 -418688
1558731645229 -418686
1558731645229 -418266
1558731645229 -418263
1558731645229 -418263
1558731645229 -418263
1558731645229 -418263
1558731645229 -418262
1558731645229 -418261
1558731645229 -417344
1558731645229 -417344
1558731645229 -417343
1558731645229 -417343
1558731645229 -417343
1558731645229 -417343
1558731645229 -417343
1558731645229 -417342
1558731645229 -416951
1558731645229 -416951
1558731645229 -416951
1558731645229 -416950
1558731645229 -416950
1558731645229 -416950
1558731645229 -416948
1558731645229 -416174
1558731645229 -416173
1558731645229 -416173
1558731645229 -416172
1558731645229 -419618
1558731645229 -419617
1558731645229 -419608
1558731645229 -419608
1558731645229 -419608
1558731645229 -419608
1558731645229 -419608
1558731645229 -419608
1558731645229 -419608
1558731645229 -418909
1558731645229 -418909
1558731645229 -418907
1558731645229 -418052
1558731645229 -418050
1558731645229 -417508
1558731645229 -417508
1558731645229 -417508
1558731645229 -417506
1558731645229 -417506
1558731645229 -417505
1558731645229 -416762
1558731645229 -416762
1558731645229 -416762
1558731645229 -416762
1558731645229 -416761
1558731645229 -416760
1558731645229 -416759
1558731645229 -416759
1558731645229 -416297
1558731645229 -416297
1558731645229 -416297
1558731645229 -416297
1558731645229 -416297
1558731645229 -416297
1558731645229 -416297
1558731645229 -416295
1558731645229 -416295
1558731645229 -415750
1558731645229 -415750
1558731645229 -415747
1558731645229 -415612
1558731645229 -415612
1558731645229 -415611
1558731645229 -415611
1558731645229 -415611
1558731645229 -415611
1558731645229 -415600
1558731645229 -415600
1558731645229 -415600
1558731645229 -415600
1558731645229 -415153
1558731645229 -415152
1558731645229 -415152
1558731645229 -415152
1558731645229 -415094
1558731645229 -415093
1558731645229 -415092
1558731645229 -415075
1558731645229 -415075
1558731645229 -415075
1558731645229 -415075
1558731645229 -415074
1558731645229 -415074
1558731645229 -415074
1558731645229 -415074
1558731645229 -415073
1558731645229 -415073
1558731645229 -415073
1558731645229 -415051
1558731645229 -415050
1558731645229 -415050
1558731645229 -415050
1558731645229 -415037
1558731645229 -415015
1558731645229 -415014
1558731645229 -415008
1558731645229 -414993
1558731645229 -414991
1558731645229 -414991
1558731645229 -414990
1558731645229 -414975
1558731645229 -414955
1558731645229 -414953
1558731645229 -414942
1558731645229 -414939
1558731645229 -414937
1558731645229 -414931
1558731645229 -414925
1558731645229 -414925
1558731645229 -414923
1558731645229 -414912
1558731645229 -414911
1558731645229 -414899
1558731645229 -414890
1558731645229 -414796
1558731645229 -414795
1558731645229 -414793
1558731645229 -414783
1558731645229 -414783
1558731645229 -414780
1558731645229 -414780
1558731645229 -414779
1558731645229 -414777
1558731645229 -414776
1558731645229 -414758
1558731645229 -414756
1558731645229 -414736
1558731645229 -414717
1558731645229 -414711
1558731645229 -414708
1558731645229 -414704
1558731645229 -414702
1558731645229 -414691
1558731645229 -414681
1558731645229 -414666
1558731645229 -414666
1558731645229 -414663
1558731645229 -414655
1558731645229 -414651
1558731645229 -414651
1558731645229 -414650
1558731645229 -414647
1558731645229 -414639
1558731645229 -414638
1558731645229 -414637
1558731645229 -414566
1558731645229 -414564
1558731645229 -414488
1558731645229 -414487
1558731645259 -414510
1558731645259 -414507
1558731645259 -414496
1558731645293 -414530
1558731645293 -414530
1558731645293 -414530
1558731645293 -414530
1558731645293 -414529
1558731645293 -414529
1558731645293 -414529
1558731645293 -414511
1558731645293 -414502
1558731645293 -414502
1558731645293 -414501
1558731645293 -414499
1558731645293 -414492
1558731645293 -414488
1558731645293 -414485
1558731645293 -414483
1558731645293 -414482
1558731645293 -414473
1558731645293 -414457
1558731645293 -414455
1558731645293 -414455
1558731645293 -414455
1558731645293 -414446
1558731645293 -414445
1558731645293 -414439
1558731645293 -414438
1558731645293 -414420
1558731645293 -414418
1558731645293 -414409
1558731645293 -414387
1558731645293 -414384
1558731645293 -414367
1558731645293 -414363
1558731645293 -414358
1558731645293 -414357
1558731645293 -414356
1558731645293 -414337
1558731645293 -414302
1558731645293 -414293
1558731645293 -414287
1558731645293 -414278
1558731645293 -414269
1558731645293 -414256
1558731645293 -414253
1558731645293 -414250
1558731645293 -414249
1558731645293 -414249
1558731645293 -414247
1558731645293 -414224
1558731645293 -414216
1558731645293 -414215
1558731645293 -414198
1558731645293 -414196
1558731645293 -414196
1558731645293 -414191
1558731645293 -414177
1558731645293 -414172
1558731645293 -414162
1558731645293 -414160
1558731645293 -414158
1558731645293 -414147
1558731645293 -414144
1558731645293 -414136
1558731645293 -414136
1558731645293 -414115
1558731645293 -414111
1558731645293 -414110
1558731645293 -414094
1558731645293 -414088
1558731645293 -414086
1558731645293 -414075
1558731645293 -414066
1558731645293 -409947
1558731645293 -409947
1558731645293 -409947
1558731645293 -409947
1558731645293 -409947
1558731645293 -409947
1558731645293 -409947
1558731645293 -409946
1558731645293 -409946
1558731645293 -409946
1558731645476 -416141
1558731645476 -416140
1558731645476 -415658
1558731645476 -415657
1558731645476 -415657
1558731645476 -415657
1558731645476 -415657
1558731645476 -415657
1558731645476 -392241
1558731645476 -392241
1558731645476 -392241
1558731645476 -392238
1558731645476 -392237
1558731645476 -392237
1558731645476 -392234
1558731645476 -392234
1558731645476 -392233
1558731645476 -392233
1558731645476 -392228
1558731645476 -392224
1558731645476 -392215
1558731645476 -392212
1558731645476 -392206
1558731645476 -392196
1558731645476 -392194
1558731645476 -392192
1558731645476 -392190
1558731645476 -392189
1558731645476 -392188
1558731645476 -392188
1558731645476 -392185
1558731645476 -392183
1558731645476 -392182
1558731645476 -392178
1558731645476 -392175
1558731645476 -392172
1558731645476 -392170
1558731645476 -392092
1558731645476 -392092
1558731645476 -392092
1558731645476 -392091
1558731645476 -392080
1558731645476 -392079
1558731645476 -392075
1558731645476 -392074
1558731645476 -392020
1558731645476 -392017
1558731645476 -392004
1558731645476 -391997
1558731645476 -391977
1558731645476 -391976
1558731645476 -391975
1558731645476 -391975
1558731645476 -391962
1558731645476 -391962
1558731645476 -391962
1558731645476 -391962
1558731645476 -391961
1558731645476 -391961
1558731645476 -391961
1558731645476 -391961
1558731645476 -391961
1558731645476 -391953
1558731645476 -391953
1558731645476 -391951
1558731645476 -391950
1558731645476 -391846
1558731645476 -391838
1558731645477 -391839
1558731645477 -391834
1558731645477 -391834
1558731645477 -391833
1558731645477 -391833
1558731645477 -391831
1558731645477 -391828
1558731645477 -391827
1558731645477 -391826
1558731645477 -391797
1558731645477 -391796
1558731645477 -391788
1558731645477 -391778
1558731645477 -391776
1558731645477 -391776
1558731645477 -391772
1558731645477 -391770
1558731645477 -391769
1558731645477 -391768
1558731645477 -391767
1558731645477 -391765
1558731645543 -416061
1558731645543 -416060
1558731645543 -415768
1558731645543 -415768
1558731645543 -415768
1558731645543 -415767
1558731645543 -415767
1558731645543 -415645
1558731645543 -380134
1558731645543 -380134
1558731645543 -380133
1558731645543 -380132
1558731645543 -380132
1558731645543 -380131
1558731645543 -380127
1558731645543 -380126
1558731645543 -380124
1558731645543 -380123
1558731645543 -380120
1558731645543 -380120
1558731645543 -380117
1558731645543 -380116
1558731645543 -380114
1558731645543 -380114
1558731645543 -380112
1558731645543 -380110
1558731645543 -380107
1558731645543 -380104
1558731645543 -380102
1558731645543 -380100
1558731645543 -380098
1558731645543 -380096
1558731645543 -380093
1558731645543 -380093
1558731645543 -380093
1558731645543 -380090
1558731645543 -380089
1558731645543 -380088
1558731645543 -380087
1558731645543 -380082
1558731645543 -380078
1558731645543 -380074
1558731645543 -380073
1558731645543 -380070
1558731645543 -380067
1558731645543 -380063
1558731645543 -380058
1558731645543 -380051
1558731645543 -380049
1558731645543 -380047
1558731645543 -380035
1558731645543 -380029
1558731645543 -380028
1558731645543 -380028
1558731645543 -379977
1558731645543 -379975
1558731645543 -379973
1558731645543 -379973
1558731645543 -379972
1558731645543 -379971
1558731645543 -379967
1558731645543 -379966
1558731645543 -379963
1558731645543 -379963
1558731645543 -379961
1558731645543 -379957
1558731645543 -379957
1558731645543 -379892
1558731645543 -379889
1558731645543 -379888
1558731645543 -379885
1558731645543 -379884
1558731645543 -379883
1558731645543 -379883
1558731645543 -379883
1558731645543 -379882
1558731645543 -379880
1558731645543 -379876
1558731645543 -379875
1558731645543 -379766
1558731645543 -379764
1558731645543 -379760
1558731645543 -379759
1558731645543 -379758
1558731645543 -379757
1558731645543 -379755
1558731645543 -379752
1558731645543 -379676
1558731645543 -379672
1558731645543 -379670
1558731645543 -379669
1558731645543 -379667
1558731645543 -379664
1558731645543 -379663
1558731645543 -379657
1558731645543 -379657
1558731645543 -379655
1558731645543 -379652
1558731645543 -379651
1558731645543 -379649
1558731645543 -379649
1558731645543 -379648
1558731645543 -379644
1558731645543 -379633
1558731645543 -379633
1558731645543 -379631
1558731645543 -379623
1558731645543 -379617
1558731645543 -379613
1558731645543 -379606
1558731645543 -379598
1558731645543 -379598
1558731645543 -379597
1558731645543 -379595
1558731645543 -379594
1558731645543 -379594
1558731645543 -379591
1558731645543 -379493
1558731645543 -379489
1558731645543 -379488
1558731645543 -379485
1558731645543 -379482
1558731645543 -379481
1558731645543 -379478
1558731645543 -379477
1558731645543 -379475
1558731645543 -379471
1558731645543 -379468
1558731645543 -379467
1558731645543 -379466
1558731645543 -379466
1558731645543 -379465
1558731645543 -379464
1558731645543 -379459
1558731645543 -379459
1558731645543 -379458
1558731645543 -379457
1558731645543 -379456
1558731645543 -379456
1558731645543 -379455
1558731645543 -379455
1558731645543 -379454
1558731645543 -379453
1558731645543 -379440
1558731645543 -379432
1558731645543 -379364
1558731645543 -379364
1558731645543 -379363
1558731645543 -379352
1558731645543 -379351
1558731645543 -379348
1558731645543 -379346
1558731645543 -379346
1558731645543 -379337
1558731645543 -379333
1558731645543 -379331
1558731645543 -379324
1558731645543 -379324
1558731645543 -379323
1558731645543 -379321
1558731645543 -379320
1558731645543 -379320
1558731645543 -379320
1558731645543 -379318
1558731645543 -379315
1558731645543 -379314
1558731645543 -379313
1558731645543 -379313
1558731645543 -379312
1558731645543 -379309
1558731645543 -379305
1558731645543 -379304
1558731645543 -379299
1558731645543 -379298
1558731645543 -379298
1558731645543 -379297
1558731645543 -379295
1558731645543 -379292
1558731645543 -341901
1558731645543 -341901
1558731645543 -341896
1558731645543 -341894
1558731645543 -341832
1558731645543 -410171
1558731645543 -410168
1558731645543 -375248
1558731645543 -375248
1558731645543 -375248
1558731645543 -375247
1558731645543 -375246
1558731645543 -375245
1558731645543 -375245
1558731645543 -375244
1558731645543 -375244
1558731645543 -375242
1558731645543 -375242
1558731645543 -375241
1558731645543 -375236
1558731645543 -375227
1558731645543 -375226
1558731645543 -375224
1558731645543 -375223
1558731645543 -375220
1558731645543 -375220
1558731645543 -375212
1558731645543 -375205
1558731645543 -375204
1558731645543 -375201
1558731645543 -375197
1558731645543 -375196
1558731645667 -391952
1558731645667 -391952
1558731645667 -342336
1558731645667 -342335
1558731645667 -342335
1558731645667 -342335
1558731645667 -342334
1558731645667 -342334
1558731645667 -342213
1558731645667 -264239
1558731645667 -264239
1558731645667 -264233
1558731645667 -264227
1558731645667 -264225
1558731645785 -264341
1558731645785 -264341
1558731645785 -264337
1558731645785 -264332
1558731645785 -264323
1558731645785 -264322
1558731645785 -264321
1558731645785 -264319
1558731645785 -264316
1558731645785 -264315
1558731645785 -264313
1558731645785 -264308
1558731645785 -264308
1558731645785 -264304
1558731645785 -264304
1558731645785 -264297
1558731645785 -264297
1558731645785 -264292
1558731645785 -264283
1558731645785 -264280
1558731645785 -264280
1558731645785 -264277
1558731645785 -264275
1558731645785 -264275
1558731645785 -264271
1558731645785 -264270
1558731645785 -264269
1558731645785 -264266
1558731645785 -264265
1558731645785 -264263
1558731645785 -264206
1558731645785 -264204
1558731645785 -264201
1558731645785 -264200
1558731645785 -264196
1558731645785 -264196
1558731645785 -264195
1558731645785 -264193
1558731645785 -264192
1558731645785 -264191
1558731645785 -264189
1558731645785 -264188
1558731645785 -264188
1558731645785 -264186
1558731645785 -264127
1558731645785 -264125
1558731645785 -264124
1558731645785 -264124
1558731645785 -264116
1558731645785 -264116
1558731645785 -264115
1558731645785 -264112
1558731645785 -264112
1558731645785 -264111
1558731645785 -264107
1558731645785 -264107
1558731645785 -264106
1558731645785 -264101
1558731645785 -264099
1558731645785 -264099
1558731645785 -264036
1558731645785 -264036
1558731645785 -264035
1558731645785 -264034
1558731645785 -264034
1558731645785 -264033
1558731645785 -264031
1558731645785 -264027
1558731645785 -264026
1558731645785 -264023
1558731645785 -264020
1558731645785 -264016
1558731645785 -264015
1558731645785 -264010
1558731645785 -263951
1558731645785 -263939
1558731645785 -263938
1558731645785 -263938
1558731645785 -263938
1558731645785 -263934
1558731645785 -263933
1558731645785 -263933
1558731645785 -263911
1558731645785 -263911
1558731645785 -263911
1558731645785 -263911
1558731645785 -263861
1558731645785 -263854
1558731645785 -263853
1558731645785 -263850
1558731645785 -263848
1558731645785 -263846
1558731645785 -263843
1558731645785 -342067
1558731645785 -189445
1558731645785 -189444
1558731645785 -189444
1558731645785 -189444
1558731645785 -189442
1558731645785 -189440
1558731645785 -189439
1558731645785 -189439
1558731645785 -189438
1558731645785 -189435
1558731645785 -189433
1558731645785 -189430
1558731645785 -189429
1558731645785 -189426
1558731645785 -189425
1558731645785 -189422
1558731645785 -189418
1558731645785 -189416
1558731645785 -189415
1558731645785 -189414
1558731645785 -189414
1558731645785 -189412
1558731645785 -189410
1558731645785 -189407
