1558731303291 -78937
1558731303291 -78086
1558731303291 -78086
1558731303291 -78086
1558731303291 -78086
1558731303291 -78085
1558731303291 -78085
1558731303291 -78085
1558731303291 -78085
1558731303291 -78085
1558731303291 -78085
1558731303291 -76713
1558731303291 -76710
1558731303291 -76425
1558731303291 -76422
1558731303291 -76422
1558731303291 -76422
1558731303291 -76422
1558731303291 -75304
1558731303291 -75301
1558731303291 -75301
1558731303291 -75118
1558731303291 -75118
1558731303291 -75118
1558731303291 -75117
1558731303291 -75117
1558731303291 -75117
1558731303291 -74130
1558731303291 -74130
1558731303291 -74130
1558731303291 -74130
1558731303291 -74130
1558731303291 -74130
1558731548397 -319235
1558731548397 -319235
1558731548397 -319115
1558731548397 -319114
1558731548397 -319114
1558731548397 -319114
1558731548397 -319114
1558731548397 -318552
1558731548397 -318551
1558731548397 -318551
1558731548397 -299509
1558731548397 -299508
1558731548397 -299508
1558731548397 -299507
1558731548397 -299507
1558731548397 -299507
1558731548397 -299488
1558731548397 -299488
1558731548397 -299488
1558731548397 -299476
1558731548397 -299476
1558731548397 -299476
1558731548397 -299476
1558731548397 -299476
1558731548397 -299469
1558731548397 -299467
1558731548397 -299466
1558731548397 -299460
1558731548397 -299458
1558731548397 -299450
1558731548397 -299448
1558731548397 -299383
1558731548397 -299383
1558731548397 -299382
1558731548397 -299303
1558731548397 -299301
1558731548397 -299300
1558731548397 -299300
1558731548397 -299299
1558731548397 -299299
1558731548397 -299299
1558731548397 -299298
1558731548397 -299297
1558731548397 -299295
1558731548397 -299294
1558731548397 -299293
1558731548397 -299292
1558731548397 -299290
1558731548397 -299288
1558731548397 -299276
1558731548397 -299275
1558731548397 -299273
1558731548397 -299269
1558731548397 -299267
1558731548397 -299261
1558731548397 -299260
1558731548397 -299259
1558731548397 -299257
1558731640564 -391338
1558731640564 -391337
1558731640564 -391336
1558731640564 -391335
1558731640564 -391335
1558731640564 -391333
1558731640564 -391332
1558731640564 -391331
1558731640564 -391331
1558731640564 -391329
1558731640564 -287154
1558731640564 -287154
1558731640564 -287154
1558731640564 -287154
1558731640564 -287152
1558731640564 -287152
1558731640564 -287151
1558731640564 -287150
1558731640564 -287136
1558731640564 -287129
1558731640564 -287129
1558731640564 -287128
1558731640564 -287125
1558731640564 -287124
1558731640564 -287123
1558731640564 -287118
1558731640564 -287114
1558731640564 -287114
1558731640564 -287114
1558731640564 -287113
1558731640679 -287227
1558731640679 -287227
1558731640679 -287227
1558731640679 -287225
1558731640679 -287224
1558731640679 -287223
1558731640679 -287222
1558731640679 -287216
1558731640679 -287213
1558731640679 -287213
1558731640679 -287211
1558731640679 -287211
1558731640679 -287211
1558731640679 -287211
1558731640679 -287205
1558731640679 -287204
1558731640679 -287203
1558731640679 -287203
1558731640679 -287202
1558731640679 -287202
1558731640679 -287201
1558731640679 -287200
1558731640679 -287200
1558731640679 -287193
1558731640679 -287193
1558731640679 -287188
1558731640679 -287186
1558731640679 -287186
1558731640679 -287185
1558731640679 -287185
1558731640679 -287184
1558731640679 -287180
1558731640679 -287179
1558731640679 -287176
1558731640679 -287171
1558731640679 -287169
1558731640679 -287168
1558731640679 -287077
1558731640679 -287072
1558731640679 -287064
1558731640679 -287064
1558731640679 -287060
1558731640679 -287059
1558731640679 -287055
1558731640679 -287055
1558731640679 -287055
1558731640679 -287053
1558731640679 -287051
1558731640679 -287050
1558731640679 -287050
1558731640679 -287048
1558731640679 -287047
1558731640679 -286952
1558731640679 -286952
1558731640679 -286950
1558731640679 -286950
1558731640679 -286947
1558731640679 -286947
1558731640679 -286942
1558731640679 -286939
1558731640679 -286938
1558731640679 -286936
1558731640679 -286935
1558731640679 -286934
1558731640679 -286933
1558731640679 -286931
1558731640679 -286930
1558731640679 -286928
1558731640679 -286926
1558731640679 -286925
1558731640679 -286923
1558731640679 -286921
1558731640679 -286920
1558731640679 -286919
1558731640679 -286918
1558731640679 -286864
1558731640679 -286864
1558731640679 -286864
1558731640679 -286861
1558731640679 -286861
1558731640679 -286848
1558731640679 -286848
1558731640679 -286847
1558731640679 -286847
1558731640679 -286846
1558731640679 -286844
1558731640679 -286843
1558731640679 -286842
1558731640679 -286840
1558731640679 -286839
1558731640679 -286839
1558731640679 -286838
1558731640679 -286837
1558731640679 -286834
1558731640679 -286776
1558731640679 -286775
1558731640679 -286772
1558731640679 -286769
1558731640679 -286767
1558731640679 -286765
1558731640679 -286764
1558731640679 -286763
1558731640679 -286761
1558731640679 -286760
1558731640679 -286760
1558731640679 -286757
1558731640679 -286756
1558731640679 -286754
1558731640679 -286752
1558731640679 -286752
1558731640679 -286750
1558731640679 -286747
1558731640679 -286746
1558731640679 -286744
1558731640679 -286689
1558731640679 -286687
1558731640679 -286686
1558731640679 -286685
1558731640679 -286683
1558731640679 -286683
1558731640679 -286682
1558731640679 -286680
1558731640679 -286646
1558731640679 -286641
1558731640679 -286641
1558731640679 -286641
1558731640679 -286640
1558731640679 -286633
1558731640679 -286631
1558731640679 -286628
1558731640679 -286625
1558731640679 -286624
1558731640679 -286623
1558731640679 -286621
1558731640679 -286618
1558731640679 -286617
1558731640679 -286616
1558731640679 -286557
1558731640679 -286555
1558731640679 -286550
1558731640679 -286549
