1558731235409 -472993
1558731235409 -472993
1558731235409 -472993
1558731235409 -472991
1558731235409 -472505
1558731235409 -472505
1558731235409 -472505
1558731235409 -472505
1558731303597 -538775
1558731303597 -538773
1558731303597 -538772
1558731303597 -538772
1558731303597 -538382
1558731303597 -538382
1558731303597 -538382
1558731303597 -538381
1558731303597 -538379
1558731303597 -538379
1558731303597 -536558
1558731303597 -536558
1558731303597 -536558
1558731303597 -536558
1558731303597 -536558
1558731303597 -536558
1558731303597 -536558
1558731303597 -536558
1558731303597 -536558
1558731303597 -536557
1558731303597 -536180
1558731303597 -536180
1558731303597 -536180
1558731303597 -536179
1558731303597 -536179
1558731303597 -536179
1558731303597 -536179
1558731303597 -534983
1558731303597 -534982
1558731303597 -534982
1558731303597 -534982
1558731303597 -534980
1558731303597 -534980
1558731303597 -534979
1558731303597 -534979
1558731303597 -542126
1558731303597 -542126
1558731303597 -542126
1558731303597 -542126
1558731303597 -542126
1558731303597 -542125
1558731303597 -542125
1558731303597 -542125
1558731303597 -542125
1558731303597 -542125
1558731303597 -542125
1558731303597 -539786
1558731303597 -539782
1558731303597 -539562
1558731303735 -539700
1558731303801 -539762
1558731303888 -537848
1558731303888 -537847
1558731303888 -537845
1558731303888 -537845
1558731303888 -537845
1558731303888 -537844
1558731303888 -537844
1558731303888 -537650
1558731303888 -537642
1558731303888 -535814
1558731303888 -535814
1558731303888 -535812
1558731303888 -535812
1558731303888 -535651
1558731303888 -535650
1558731303888 -535650
1558731642464 -418100
1558731642464 -417007
1558731642464 -417007
1558731642464 -417006
1558731642464 -416032
1558731642464 -416032
1558731642464 -416028
1558731642464 -416027
1558731642464 -415383
1558731642464 -415383
1558731642464 -415383
1558731642464 -415383
1558731642464 -415382
1558731642464 -415382
1558731642464 -415382
1558731642464 -415382
1558731642464 -414663
1558731642465 -414664
1558731642465 -414663
1558731642465 -414661
1558731642465 -414661
1558731642465 -414661
1558731642465 -414661
1558731642465 -414116
1558731642465 -414116
1558731642465 -414116
1558731642465 -414116
1558731642465 -414116
1558731642465 -413467
1558731642465 -413466
1558731642465 -413466
1558731642465 -413466
1558731642465 -413466
1558731642465 -413466
1558731642465 -413466
1558731642465 -413466
1558731642465 -413092
1558731642465 -413092
1558731642465 -413092
1558731642465 -413024
1558731642465 -413024
1558731642465 -413024
1558731642933 -413492
1558731642933 -413492
1558731642933 -413492
1558731642933 -413492
1558731642933 -413492
1558731642933 -413491
1558731642933 -413491
1558731642933 -413491
1558731642933 -413137
1558731642933 -413137
1558731642933 -413137
1558731642934 -413138
1558731642934 -386896
1558731642934 -386895
1558731642934 -386895
1558731642934 -386895
1558731642934 -386892
1558731642934 -386886
1558731642934 -386886
1558731642934 -386885
1558731642934 -386880
1558731642934 -386880
1558731642934 -386877
1558731642934 -386867
1558731642934 -386804
1558731642934 -386803
1558731642934 -386803
1558731642934 -386802
1558731642934 -386801
1558731642934 -386795
1558731642934 -386731
1558731642934 -386731
1558731642934 -386730
1558731642934 -386729
1558731642934 -386729
1558731642934 -386728
1558731642934 -386722
1558731642934 -386643
1558731642934 -386642
1558731642934 -386642
1558731642934 -386641
1558731642934 -386641
1558731642934 -386640
1558731642934 -386631
1558731642934 -386631
1558731642934 -386630
1558731643182 -386875
1558731643182 -386848
1558731643182 -386846
1558731643182 -386846
1558731643182 -386845
1558731643182 -386845
1558731643182 -386839
1558731643182 -386828
1558731643182 -386817
1558731643182 -386813
1558731643325 -386954
1558731643325 -386948
1558731643360 -241987
1558731643360 -241987
1558731643360 -241986
1558731643360 -241982
1558731643360 -241981
1558731643360 -241979
1558731643360 -241975
1558731643360 -241973
1558731643360 -241961
1558731643360 -241952
1558731643360 -241950
1558731643360 -241949
1558731643360 -241949
1558731643360 -241948
1558731643360 -241948
1558731643360 -241945
1558731643360 -241942
1558731643361 -241935
1558731643361 -241933
1558731643361 -241933
1558731643361 -241930
1558731643361 -241921
1558731643361 -241919
1558731643361 -241918
1558731643361 -241914
1558731643361 -241913
1558731643361 -241910
1558731643361 -241908
1558731643361 -241889
1558731643361 -241886
1558731643361 -241885
1558731643361 -241884
1558731643361 -241882
1558731643361 -241879
1558731643361 -241875
1558731643361 -241873
1558731643361 -241873
1558731643361 -241872
1558731643361 -241868
1558731643361 -241764
1558731643361 -241762
1558731643361 -241760
1558731643361 -241759
1558731643361 -241752
1558731643361 -241679
1558731643361 -241677
1558731643361 -241673
1558731643361 -241672
1558731643361 -241667
1558731643361 -241666
1558731643361 -241666
1558731643361 -241665
1558731643361 -241659
1558731643361 -241655
1558731643361 -241653
1558731643361 -241651
1558731643361 -241650
1558731643361 -241648
1558731643361 -241645
1558731643361 -241645
1558731643361 -241644
1558731643361 -241641
1558731643361 -241545
1558731643361 -241539
1558731643361 -241539
1558731643361 -241538
1558731643361 -241538
1558731643361 -241537
1558731643361 -241533
1558731643361 -241532
1558731643361 -241527
1558731643361 -241526
1558731643361 -241523
1558731643361 -241522
1558731643361 -241522
1558731643361 -241522
1558731643361 -241520
1558731643361 -241518
1558731643361 -241513
1558731643361 -241513
1558731643361 -241512
1558731643361 -241511
1558731643361 -241510
1558731643361 -241456
1558731643361 -241456
1558731643361 -241456
1558731643361 -241453
1558731643361 -241453
1558731643361 -241445
1558731643361 -241445
1558731643361 -241443
1558731643361 -241440
1558731643361 -241436
1558731643361 -241435
1558731643361 -241433
1558731643361 -241431
1558731643361 -241366
1558731643361 -241366
1558731643361 -241362
1558731643361 -241358
1558731643361 -241356
1558731643361 -241355
1558731643361 -241354
1558731643361 -241353
1558731643361 -241352
1558731643361 -241350
1558731643361 -241343
1558731643361 -241342
1558731643361 -241338
1558731643361 -241283
1558731643361 -241282
1558731643361 -241280
1558731643361 -241279
1558731643361 -241276
1558731643361 -241275
1558731643361 -241267
1558731643361 -241266
1558731643361 -241263
1558731643361 -241258
1558731643361 -241257
1558731643361 -241256
1558731643361 -241252
1558731643361 -241251
1558731643361 -241192
1558731643361 -241187
1558731643361 -241187
1558731643361 -241183
1558731643361 -241182
1558731643361 -241180
1558731643361 -241177
1558731643361 -241175
1558731643361 -241174
1558731643361 -241174
1558731643361 -241173
1558731643361 -241171
