1558731303118 -540760
1558731303537 -540875
1558731303537 -540875
1558731303537 -540875
1558731303537 -540875
1558731303537 -540875
1558731303537 -540874
1558731303537 -540868
1558731303537 -540868
1558731303537 -540866
1558731303537 -540866
1558731303537 -540836
1558731303537 -540836
1558731547845 -782897
1558731547845 -782897
1558731547845 -782897
1558731547845 -782897
1558731547845 -782896
1558731547845 -782896
1558731547845 -782896
1558731547845 -782896
1558731547845 -782809
1558731547845 -782809
1558731547845 -782808
1558731547845 -782808
1558731547845 -782808
1558731547845 -782808
1558731547845 -782808
1558731547845 -782807
1558731547845 -780612
1558731547845 -780612
1558731547845 -780612
1558731547845 -780611
1558731547845 -779033
1558731547845 -779033
1558731547845 -779032
1558731547845 -779032
1558731547845 -779032
1558731547845 -778171
1558731547845 -778170
1558731547845 -778170
1558731547845 -778170
1558731547845 -778170
1558731547845 -778169
1558731547845 -778168
1558731547845 -778168
1558731547845 -785708
1558731547845 -785708
1558731547845 -785707
1558731547845 -785707
1558731547845 -785707
1558731547845 -784664
1558731547845 -784663
1558731547845 -784663
1558731547845 -784660
1558731547845 -784659
1558731547845 -784659
1558731547845 -784658
1558731547845 -783259
1558731547845 -783259
1558731547845 -783259
1558731547845 -782379
1558731547845 -782378
1558731547845 -781046
1558731547845 -781045
1558731547845 -780231
1558731547845 -780230
1558731547845 -780230
1558731547845 -780230
1558731547845 -780230
1558731547845 -780230
1558731547845 -780230
1558731547845 -780230
1558731547845 -779338
1558731547845 -779338
1558731547845 -779338
1558731547845 -779338
1558731547845 -779338
1558731547845 -779336
1558731547845 -779335
1558731547860 -784939
1558731547860 -784939
1558731547903 -784930
1558731547920 -783155
1558731547920 -783155
1558731547920 -783155
1558731547920 -783155
1558731547920 -783155
1558731547920 -783154
1558731547920 -783154
1558731547920 -782652
1558731547920 -782650
1558731547920 -782650
1558731547931 -780958
1558731548496 -781523
1558731548496 -781523
1558731548496 -781520
1558731548496 -781520
1558731548496 -781044
1558731548496 -781043
1558731548496 -781043
1558731548496 -781043
1558731548496 -781043
1558731548496 -779891
1558731548496 -779891
1558731548496 -779891
1558731548496 -779891
1558731641312 -871634
1558731641312 -871503
1558731641312 -871503
1558731641312 -871502
1558731641312 -871502
1558731641312 -871502
1558731641312 -871502
1558731641312 -871502
1558731641312 -813016
1558731641312 -813015
1558731641312 -813015
1558731641312 -813015
1558731641312 -813014
1558731641312 -813014
1558731641312 -813013
1558731641312 -813012
1558731641312 -813012
1558731641312 -813009
1558731641312 -813006
1558731641312 -813005
1558731641312 -813003
1558731641312 -813002
1558731641312 -813000
1558731641312 -812988
1558731641312 -812988
1558731641312 -812981
1558731641312 -812976
1558731641312 -812974
1558731641312 -812973
1558731641312 -812967
1558731641312 -812900
1558731641313 -812899
1558731641313 -812898
1558731641313 -812898
1558731641313 -812897
1558731641313 -812889
1558731641313 -812889
1558731641313 -812888
1558731641313 -812887
1558731641313 -812887
1558731641313 -812881
1558731641313 -812881
1558731641313 -812881
1558731641313 -812880
1558731641313 -812876
1558731641313 -812876
1558731641313 -812874
1558731641313 -812872
1558731641313 -812872
1558731641313 -812872
1558731641313 -812871
1558731641313 -812871
1558731641313 -812867
1558731641313 -812787
1558731641313 -812787
1558731641313 -812785
1558731641313 -812782
1558731641313 -812781
1558731641313 -812774
1558731641313 -812768
1558731641313 -812767
1558731641313 -812766
1558731641313 -812766
1558731641313 -812764
1558731641313 -812764
1558731641313 -812760
1558731641313 -812760
1558731641313 -812756
1558731641313 -812756
1558731641313 -812753
1558731641313 -812751
1558731641313 -812750
1558731641313 -812749
1558731641313 -812748
1558731641313 -812697
1558731641313 -812696
1558731641313 -812694
1558731641313 -812693
1558731641313 -812692
1558731641313 -812690
1558731641313 -812688
1558731641313 -812687
1558731641313 -812682
1558731641313 -812680
1558731641313 -812680
1558731641313 -812677
1558731641313 -812671
1558731641313 -812671
1558731641313 -812609
1558731641313 -812606
1558731641313 -812602
1558731641313 -812601
1558731641313 -812599
1558731641313 -812598
1558731641313 -812598
1558731641313 -812595
1558731641313 -812593
1558731641313 -812593
1558731641313 -812591
1558731641313 -812588
1558731641313 -812585
1558731641313 -812520
1558731641313 -812517
1558731641313 -812512
1558731641313 -812512
1558731641313 -812511
1558731641313 -812509
1558731641313 -812509
1558731641313 -812470
1558731641313 -812469
1558731641313 -812458
1558731641313 -812458
1558731641313 -812457
1558731642372 -417734
1558731642372 -417734
1558731642372 -417734
1558731642372 -417734
1558731642372 -417734
1558731642372 -417734
1558731642372 -417733
1558731642372 -417733
1558731642372 -417503
1558731642372 -417503
1558731642372 -417503
1558731642372 -417502
1558731642372 -415627
1558731642372 -415627
1558731642372 -415626
1558731642372 -415626
1558731642372 -415544
1558731642372 -415544
1558731642372 -415543
1558731642372 -415543
1558731642493 -415664
1558731642493 -415664
1558731642493 -415664
1558731642493 -414451
1558731642493 -414451
1558731642493 -414451
1558731642493 -414449
1558731642493 -414449
1558731642493 -414448
1558731642493 -414383
1558731642493 -414383
1558731642493 -414382
1558731642493 -414382
1558731642493 -414380
1558731642493 -414380
1558731643183 -415070
1558731643183 -415070
1558731643183 -413957
1558731643183 -413957
1558731643183 -413956
1558731643183 -413956
1558731643183 -413956
1558731643183 -413956
1558731643183 -413917
1558731643183 -413917
1558731643183 -413917
1558731643183 -364083
1558731643183 -364081
1558731643183 -364077
1558731643183 -364077
1558731643183 -364071
1558731643183 -364034
1558731643183 -364034
1558731643183 -364030
1558731643183 -364029
1558731643183 -364028
1558731643183 -364028
1558731643183 -364020
1558731643183 -364019
1558731643183 -364017
1558731643183 -364016
1558731643183 -364016
1558731643183 -364016
1558731643183 -364006
1558731643183 -364006
1558731643183 -363999
1558731643183 -363996
1558731643183 -363988
1558731643183 -363986
1558731643183 -363985
1558731643183 -363981
1558731643183 -363980
1558731643183 -363980
1558731643183 -363977
1558731643183 -363976
1558731643183 -363975
1558731643183 -363901
1558731643183 -363901
1558731643183 -363900
1558731643183 -363826
1558731643183 -363824
1558731643183 -363810
1558731643183 -363808
1558731643183 -363740
1558731643183 -363737
1558731643183 -363733
1558731643183 -363730
1558731643183 -363730
1558731643183 -363650
1558731643183 -363642
1558731643183 -363640
1558731643183 -363562
1558731643183 -363560
1558731643183 -363559
1558731643183 -363559
1558731643183 -363557
1558731643183 -363557
1558731643183 -363554
1558731643183 -363554
1558731643183 -363551
1558731643183 -363551
1558731643183 -363477
1558731643183 -363468
1558731643183 -363466
1558731643183 -363464
1558731643183 -363463
1558731643183 -363462
1558731643183 -363461
1558731643183 -363458
1558731643183 -363457
1558731643183 -363453
1558731643183 -363388
1558731643183 -363381
1558731643183 -363380
1558731643183 -363378
1558731643183 -363300
1558731643183 -363300
1558731643183 -363299
1558731643183 -363299
1558731643183 -363299
1558731643183 -363299
1558731643183 -363298
1558731643183 -363295
1558731643183 -363295
1558731643183 -363294
1558731643183 -363291
1558731643183 -363211
1558731643183 -363208
1558731643183 -363206
1558731643183 -363206
1558731643183 -363204
1558731643183 -363190
1558731643183 -363125
1558731643183 -363124
1558731643183 -363123
1558731643183 -363122
1558731643183 -363122
1558731643183 -363122
1558731643183 -363121
1558731643183 -363121
1558731643183 -363119
1558731643183 -363119
1558731643183 -363118
1558731643183 -363117
1558731643183 -363116
1558731643183 -363116
1558731643183 -363116
1558731643183 -363114
1558731643183 -363102
1558731643183 -363101
1558731643183 -363100
1558731643183 -363036
1558731643183 -363035
1558731643183 -363032
1558731643183 -363032
1558731643183 -363027
1558731643183 -363026
1558731643183 -363020
1558731643183 -363013
1558731643183 -363008
1558731643183 -363006
1558731643183 -363006
1558731643183 -363001
1558731643183 -362997
1558731643183 -362992
1558731643183 -362991
1558731643183 -362984
1558731643183 -362906
1558731643183 -362905
1558731643183 -362904
1558731643183 -362904
1558731643183 -362901
1558731643183 -362900
1558731643183 -362900
1558731643183 -362895
1558731643183 -362886
1558731643183 -362878
1558731643183 -362868
1558731643183 -362864
1558731643183 -362860
1558731643183 -362854
1558731643183 -362852
1558731643183 -362852
1558731643183 -362849
1558731643183 -362773
1558731643183 -362773
1558731643183 -362766
1558731643183 -362765
1558731643183 -362765
1558731643183 -362763
1558731643183 -362761
1558731643183 -362761
1558731643183 -362761
1558731643183 -362754
1558731643183 -362754
1558731643183 -362753
1558731643183 -362749
1558731643183 -362749
1558731643183 -362746
1558731643183 -362745
1558731643183 -362684
1558731643183 -362684
1558731643183 -362683
1558731643183 -362683
1558731643183 -362681
1558731643183 -362674
1558731643183 -362671
1558731643183 -339353
1558731643183 -339351
1558731643184 -339349
1558731643724 -339804
1558731643724 -339804
1558731643724 -339798
1558731643724 -339798
1558731643724 -339795
1558731643724 -339795
1558731643724 -339795
1558731643724 -153378
1558731643724 -153378
1558731643724 -153377
1558731643724 -153376
1558731643724 -153375
1558731643724 -153370
1558731643724 -153366
1558731643724 -153365
1558731643724 -153364
1558731643724 -153354
1558731643724 -153353
1558731643724 -153352
1558731643724 -153351
1558731643724 -153347
1558731643724 -153342
1558731643724 -153338
