1558731645089 -882476
1558731645089 -882476
1558731645089 -882476
1558731645089 -882475
1558731645089 -882475
1558731645089 -882475
1558731645089 -882475
1558731645089 -882475
1558731645089 -882475
1558731645089 -882475
1558731645089 -882347
1558731645089 -882346
1558731645089 -882341
1558731645665 -880734
1558731645665 -880733
1558731645665 -880733
1558731645665 -880733
1558731645665 -880733
1558731645665 -880592
1558731645665 -880592
1558731645665 -880591
1558731645665 -880591
1558731645665 -878492
1558731645665 -878492
1558731645665 -878491
1558731645665 -878490
1558731645665 -878490
1558731645665 -878489
1558731645665 -878489
1558731645665 -878489
1558731645665 -878489
1558731645665 -878378
1558731645665 -878375
1558731645665 -878374
1558731645665 -878374
1558731645665 -876886
1558731645665 -876885
1558731645665 -876885
1558731645665 -876885
1558731645665 -876884
1558731645665 -876818
1558731645665 -876818
1558731645665 -876817
1558731645665 -876817
1558731645665 -876817
1558731645665 -876817
1558731645665 -876816
1558731645665 -876816
1558731645665 -876816
1558731645665 -876815
1558731645665 -876006
1558731645665 -876006
1558731646885 -885478
1558731646885 -885478
1558731646885 -885478
1558731646885 -885478
1558731646885 -885477
1558731646885 -885477
1558731646885 -885477
1558731646885 -883013
1558731646885 -883013
1558731646885 -883013
1558731646885 -883011
1558731646885 -883010
1558731646885 -883009
1558731646885 -882908
1558731646885 -882908
1558731646885 -882907
1558731646885 -882907
1558731646885 -880772
1558731646885 -880772
1558731646885 -880772
1558731646885 -880771
1558731646885 -880771
1558731646885 -880771
1558731646885 -880715
1558731646885 -880715
1558731646885 -880715
1558731646885 -880715
1558731646885 -880715
1558731646885 -880714
1558731646885 -880714
1558731646885 -880714
1558731646885 -880714
1558731646885 -880714
1558731646885 -878766
1558731646885 -878764
1558731646885 -422606
1558731646885 -422600
1558731646885 -422600
1558731646885 -421136
1558731646885 -421136
1558731646885 -421136
1558731646885 -421136
1558731646885 -421135
1558731646885 -421135
1558731646885 -420645
1558731646885 -420645
1558731646885 -420645
1558731646885 -420645
1558731646977 -419728
1558731646977 -419728
1558731646977 -419728
1558731646977 -419728
1558731646977 -419728
1558731646977 -419728
1558731646977 -419726
1558731646977 -419345
1558731646977 -419344
1558731646977 -419344
1558731646977 -419344
1558731646977 -419344
1558731646977 -419344
1558731646977 -419344
1558731646977 -418432
1558731646977 -418432
1558731646977 -418432
1558731646977 -418432
1558731646977 -418133
1558731646977 -418130
1558731646977 -418130
1558731646977 -418130
1558731646977 -418129
1558731646977 -418129
1558731646977 -418128
1558731646977 -418128
1558731646977 -418128
1558731646977 -417460
1558731646977 -417459
1558731646977 -417459
1558731646977 -417458
1558731646977 -417457
1558731646977 -417457
1558731646977 -417457
1558731646977 -417457
1558731646977 -417228
1558731646977 -417228
1558731646977 -417228
1558731646977 -417228
1558731646977 -417225
1558731646977 -417065
1558731646977 -417065
1558731646977 -417064
1558731646977 -417064
1558731646977 -417064
1558731646977 -417064
1558731646977 -417064
1558731646977 -422621
1558731646977 -421680
1558731646977 -421680
1558731646977 -421680
1558731646977 -421680
1558731646977 -421679
1558731646977 -421679
1558731646977 -421679
1558731646977 -420424
1558731646977 -420424
1558731646977 -420102
1558731646977 -420102
1558731646977 -420027
1558731646977 -419077
1558731646977 -419077
1558731646977 -419077
1558731646977 -418705
1558731646977 -418705
1558731646977 -418702
1558731646977 -418702
1558731646977 -418702
1558731646977 -418702
1558731646977 -418701
1558731646977 -417919
1558731646977 -417919
1558731646977 -417918
1558731646977 -417917
1558731647525 -417414
1558731647525 -417414
1558731647525 -417414
1558731647525 -417414
1558731647525 -417414
1558731647525 -417414
1558731647525 -417395
1558731647525 -387569
1558731647525 -387569
1558731647525 -387569
1558731647525 -387566
1558731647525 -387565
1558731647525 -387563
1558731647525 -387561
1558731647525 -387556
1558731647525 -387555
1558731647525 -387546
1558731647525 -387546
1558731647525 -387536
1558731647525 -387531
1558731647525 -387530
1558731647525 -387529
1558731647525 -387526
1558731647525 -387520
1558731647525 -387519
1558731647525 -387513
1558731647525 -387508
1558731647525 -387508
1558731647525 -387507
1558731647525 -387502
1558731647525 -387431
1558731647525 -387430
1558731647525 -387430
1558731647525 -387429
1558731647525 -387429
1558731647525 -387428
1558731647525 -387428
1558731647525 -387427
1558731647525 -387427
1558731647525 -387425
1558731647525 -387423
1558731647525 -387422
1558731647525 -387420
1558731647525 -387420
1558731647525 -387420
1558731647525 -387352
1558731647525 -387350
1558731647525 -387350
1558731647525 -387349
1558731647525 -387349
1558731647525 -387348
1558731647525 -387344
1558731647525 -387343
1558731647525 -387338
1558731647525 -387328
1558731647525 -387326
1558731647525 -387324
1558731647525 -387323
1558731647525 -387321
1558731647525 -387321
1558731647525 -387319
1558731647525 -387309
1558731647525 -387306
1558731647525 -387218
1558731647525 -387218
1558731647525 -387218
1558731647525 -387216
1558731647525 -387214
1558731647525 -387212
1558731647525 -387210
1558731647525 -387205
1558731647525 -387204
1558731647525 -387204
1558731647525 -387202
1558731647525 -387201
1558731647525 -387199
1558731647525 -387198
1558731647525 -387198
1558731647525 -387197
1558731647525 -387197
1558731647525 -387196
1558731647525 -387196
1558731647525 -387194
1558731647525 -387194
1558731647525 -387193
1558731647525 -387192
1558731647525 -387191
1558731647525 -387082
1558731647525 -387081
1558731647525 -387081
1558731647525 -387081
1558731647525 -387079
1558731647525 -387070
1558731647525 -387069
1558731647525 -387067
1558731647525 -387066
1558731647525 -387066
1558731647525 -387065
1558731647525 -387065
1558731647525 -387064
1558731647525 -387063
1558731647525 -387061
1558731647525 -387060
1558731647525 -387054
1558731647525 -387050
1558731647525 -387049
1558731647525 -387048
1558731647525 -387047
1558731647525 -387045
1558731647525 -386993
1558731647525 -386992
1558731647525 -386965
1558731647525 -386964
1558731647525 -386953
1558731647525 -386948
1558731647525 -386946
1558731647525 -386944
1558731647525 -386944
1558731647525 -386943
1558731647525 -418464
1558731647525 -418192
1558731647525 -418192
1558731647525 -418192
1558731647525 -418192
1558731647525 -418191
1558731647525 -418191
1558731647525 -417706
1558731647525 -417706
1558731647525 -417705
1558731647525 -417705
1558731647525 -417705
1558731647525 -385994
1558731647525 -385993
1558731647525 -385991
1558731647525 -385991
1558731647525 -385990
1558731647525 -385988
1558731647525 -385987
1558731647525 -385983
1558731647525 -385980
1558731647525 -385980
1558731647525 -385976
1558731647525 -385971
1558731647525 -385965
1558731647525 -385915
1558731647525 -385915
1558731647525 -385914
1558731647525 -385912
1558731647525 -385912
1558731647525 -385911
1558731647525 -385835
1558731647525 -385835
1558731647525 -385835
1558731647525 -385834
1558731647525 -385833
1558731647525 -385748
1558731647525 -385747
1558731647525 -385747
1558731647525 -385747
1558731647525 -385746
1558731647525 -385745
1558731647525 -385743
1558731647525 -385740
1558731647525 -385740
1558731647525 -385738
1558731647525 -385659
1558731647525 -385658
1558731647525 -385658
1558731647933 -387345
1558731647933 -387345
1558731647933 -387345
1558731647933 -387341
1558731647933 -387341
1558731647933 -387340
1558731647933 -387338
1558731647933 -387338
1558731647933 -387337
1558731647933 -387336
1558731647992 -387393
1558731647992 -387391
1558731647992 -387390
1558731647992 -229016
1558731647992 -229009
1558731647992 -229008
1558731647992 -229002
1558731647992 -229001
1558731647992 -228996
1558731647992 -228988
1558731647992 -228987
1558731647992 -228984
1558731647992 -228983
1558731647992 -228983
1558731647992 -228976
1558731647992 -228973
1558731647992 -228971
1558731647992 -228970
1558731647992 -228966
1558731647992 -228963
1558731647992 -228957
1558731647993 -228958
1558731647993 -228955
1558731647993 -228950
1558731647993 -228944
1558731647993 -228941
1558731647993 -228939
1558731647993 -228935
1558731647993 -228935
1558731647993 -228934
1558731647993 -228932
1558731647993 -228926
1558731647993 -228925
1558731647993 -228924
1558731647993 -228922
1558731647993 -228920
1558731647993 -228913
1558731647993 -228912
1558731647993 -228848
1558731647993 -228847
1558731647993 -228845
1558731647993 -228844
1558731647993 -228840
1558731647993 -228837
1558731647993 -228837
1558731647993 -228837
1558731647993 -228836
1558731647993 -228836
1558731647993 -228832
1558731647993 -228832
1558731647993 -228830
1558731647993 -228830
1558731647993 -228827
1558731647993 -228770
1558731647993 -228769
1558731647993 -228764
1558731647993 -228764
1558731647993 -228762
1558731647993 -228760
1558731647993 -228758
1558731647993 -228755
1558731647993 -228754
1558731647993 -228754
1558731647993 -228752
1558731647993 -228747
1558731647993 -228741
1558731647993 -386123
1558731647993 -386120
1558731647993 -386117
1558731647993 -386115
1558731647993 -386111
1558731647993 -386105
1558731647993 -215638
1558731647993 -215637
1558731647993 -215636
1558731647993 -215634
1558731647993 -215632
1558731647993 -215629
1558731647993 -215622
1558731647993 -215621
1558731647993 -215618
1558731647993 -215617
1558731647993 -215615
1558731647993 -215610
1558731647993 -215610
1558731647993 -215603
1558731647993 -215600
1558731647993 -215599
1558731647993 -215588
1558731647993 -215587
1558731647993 -215585
1558731647993 -215584
1558731647993 -215578
1558731647993 -215578
1558731647993 -215578
1558731647993 -215577
1558731647993 -215576
1558731647993 -215573
1558731647993 -215572
1558731647993 -215571
1558731647993 -215569
1558731647993 -215568
1558731647993 -215550
1558731647993 -215549
1558731647993 -215549
1558731647993 -215548
1558731647993 -215545
1558731647993 -215544
1558731647993 -215543
1558731647993 -215542
1558731647993 -215542
1558731647993 -215542
1558731647993 -215540
1558731647993 -215536
1558731647993 -215536
1558731647993 -215535
1558731647993 -215532
1558731647993 -215524
1558731647993 -215523
1558731647993 -215420
1558731647993 -215419
1558731647993 -215417
1558731647993 -215399
1558731647993 -215335
1558731647993 -215335
1558731647993 -215331
1558731647993 -215327
1558731647993 -215319
1558731647993 -215318
1558731647993 -215318
1558731647993 -215317
1558731647993 -215317
1558731647993 -215316
1558731647993 -215316
1558731647993 -215315
1558731647993 -215315
1558731647993 -215313
1558731647993 -215313
1558731647993 -215312
1558731647993 -215304
1558731647993 -215300
1558731647993 -215299
1558731647993 -215201
1558731647993 -215200
1558731647993 -215196
1558731647993 -215192
1558731647993 -215186
1558731647993 -215184
1558731647993 -215183
1558731647993 -215180
1558731647993 -215177
1558731647993 -215176
1558731647993 -215176
1558731647993 -215174
1558731647993 -215173
1558731647993 -215171
1558731647993 -215166
1558731647993 -215163
1558731647993 -215157
1558731647993 -215153
1558731647993 -215150
1558731647993 -215150
1558731647993 -215146
1558731647993 -215146
1558731647993 -215145
1558731647993 -215031
1558731647993 -215027
1558731647993 -215025
1558731647993 -215023
1558731647993 -215022
1558731647993 -215020
1558731647993 -215017
1558731647993 -215016
1558731647993 -215016
1558731647993 -215015
1558731647993 -215013
1558731647993 -215012
1558731647993 -215011
1558731647993 -215008
1558731647993 -215006
1558731647993 -215005
1558731647993 -215004
1558731647993 -215003
1558731647993 -214994
1558731647993 -214993
1558731647993 -214993
1558731647993 -214992
1558731647993 -214991
1558731647993 -214986
1558731647993 -214986
1558731647993 -214982
1558731647993 -214977
1558731647993 -214975
1558731647993 -214975
1558731647993 -214974
1558731647993 -214971
1558731647993 -214969
1558731647993 -214969
1558731647993 -214967
1558731647993 -214967
1558731647993 -214963
1558731647993 -214894
1558731647993 -214893
1558731647993 -214892
1558731647993 -214892
1558731647993 -214891
1558731647993 -214890
1558731647993 -214887
1558731647993 -214882
1558731647993 -214880
1558731647993 -214879
1558731647993 -214877
1558731647993 -214876
1558731647993 -214876
1558731647993 -214874
1558731647993 -214871
1558731647993 -214869
1558731647993 -214866
1558731647993 -214865
1558731647993 -214811
1558731647993 -214810
1558731647993 -214807
1558731647993 -214806
1558731647993 -214805
1558731647993 -214801
1558731647993 -214801
1558731647993 -214799
1558731647993 -214798
1558731647993 -214793
