1558731304049 -1274551
1558731304049 -1274551
1558731304049 -1274550
1558731304049 -1274527
1558731304049 -1274502
1558731304049 -1274501
1558731304049 -1274486
1558731304049 -1225886
1558731304049 -1225885
1558731304049 -1225884
1558731304049 -1225884
1558731304049 -1225883
1558731304049 -1225872
1558731304049 -1225871
1558731304049 -1225869
1558731304049 -1225866
1558731304049 -1225861
1558731304049 -1225860
1558731304049 -1225860
1558731304049 -1225859
1558731304049 -1225858
1558731304049 -1225854
1558731304049 -1225854
1558731304049 -1225854
1558731304049 -1225853
1558731304049 -1225850
1558731304049 -1225849
1558731304049 -1225847
1558731304049 -1225847
1558731304049 -1225846
1558731304049 -1225844
1558731304049 -1225837
1558731304049 -1225830
1558731304049 -1225830
1558731304049 -1225830
1558731304049 -1225828
1558731304049 -1225819
1558731304049 -1225818
1558731304049 -1225818
1558731304049 -1225812
1558731304049 -1225812
1558731304049 -1225806
1558731304049 -1225804
1558731304049 -1225801
1558731304050 -1225801
1558731304050 -1225800
1558731304050 -1225793
1558731304050 -1225787
1558731304050 -1225787
1558731304050 -1225692
1558731304050 -1225690
1558731304050 -1225683
1558731304050 -1225680
1558731304050 -1225674
1558731304050 -1225674
1558731304050 -1225673
1558731304050 -1225670
1558731304050 -1225669
1558731304050 -1225668
1558731304051 -1225669
1558731304051 -1225669
1558731304051 -1225668
1558731304051 -1225663
1558731304051 -1225660
1558731304051 -1225658
1558731304051 -1225654
1558731304051 -1225650
1558731304051 -1225649
1558731304051 -1225644
1558731304051 -1225635
1558731304051 -1225633
1558731304051 -1225628
1558731304051 -1225617
1558731304051 -1225617
1558731304051 -1225617
1558731548439 -1470005
1558731548548 -1470018
1558731548548 -1470017
1558731548548 -1470011
1558731548548 -1470008
1558731548548 -1470006
1558731548548 -1470006
1558731548548 -1470004
1558731548548 -1470003
1558731548548 -1470001
1558731548548 -1469999
1558731548548 -1469992
1558731548548 -1469991
1558731548548 -1469989
1558731548548 -1469987
1558731548548 -1469972
1558731548548 -1469970
1558731548548 -1469970
1558731548548 -1469970
1558731548548 -1469969
1558731548549 -1469967
1558731548549 -1469965
1558731548549 -1469965
1558731548549 -1469951
1558731548549 -1469950
1558731548549 -1469950
1558731548549 -1469887
1558731548549 -1469887
1558731548549 -1469886
1558731548549 -1469884
1558731548549 -1469880
1558731548549 -1469879
1558731548549 -1469877
1558731548549 -1469877
1558731548549 -1469874
1558731548549 -1469873
1558731548549 -1469868
1558731548549 -1469867
1558731548549 -1469865
1558731548549 -1469863
1558731548549 -1469861
1558731548549 -1469859
1558731548549 -1469859
1558731548549 -1469854
1558731548549 -1469799
1558731548549 -1469797
1558731548549 -1469797
1558731548549 -1469796
1558731548549 -1469795
1558731548549 -1469792
1558731548549 -1469790
1558731548549 -1469786
1558731548549 -1469783
1558731548549 -1469783
1558731548549 -1469782
1558731548549 -1469779
1558731548549 -1469779
1558731548549 -1469775
1558731548549 -1469773
1558731549094 -1051593
1558731549094 -1051593
1558731549094 -1051592
1558731549094 -1051592
1558731549094 -1051592
1558731549094 -1051592
1558731549094 -1051592
1558731549094 -1051592
1558731549094 -1051592
1558731549094 -1051592
1558731549094 -1051592
1558731549094 -1051591
1558731549094 -1051591
1558731549094 -1051177
1558731549094 -1051177
1558731549094 -1051177
1558731549094 -1051177
1558731549094 -1051176
1558731549094 -1051176
1558731641777 -1142256
1558731641777 -1142256
1558731641777 -1142256
1558731641777 -1142256
1558731641777 -1142256
1558731641777 -1142255
1558731641777 -1142255
1558731641777 -1142255
1558731641777 -1141974
1558731641777 -1141942
1558731641777 -1140959
1558731641777 -1140958
1558731641777 -1140958
1558731641777 -1140958
1558731641777 -1140958
1558731641777 -1140958
1558731641777 -1140958
1558731641777 -1140958
1558731641777 -1140957
1558731641777 -1140680
1558731641777 -1140680
1558731641777 -1140680
1558731641777 -1140679
1558731641777 -1140679
1558731641777 -1140679
1558731641777 -1140679
1558731641777 -1140679
1558731641777 -1140679
1558731641777 -1139808
1558731641777 -1139808
1558731641777 -1139808
1558731641777 -1139807
1558731641777 -1139807
1558731641777 -1139624
1558731641777 -1139624
1558731641777 -1139623
1558731641777 -1139085
1558731641777 -1139085
1558731641777 -1139085
1558731641777 -1139085
1558731641777 -1139085
1558731641777 -1139085
1558731641777 -1139085
1558731641777 -1139085
1558731641777 -1138967
1558731641777 -1138967
1558731643227 -1140416
1558731643227 -1140416
1558731643227 -1140084
1558731643227 -1140084
1558731643227 -1140083
1558731643227 -1140083
1558731643227 -1140083
1558731643227 -1140083
1558731643227 -1123039
1558731643227 -1123037
1558731643227 -1123035
1558731643227 -1123026
1558731643227 -1123026
1558731643227 -1123025
1558731643227 -1123006
1558731643227 -1123005
1558731643227 -1123005
1558731643227 -1123005
1558731643227 -1123004
1558731643227 -1123004
1558731643227 -1123003
1558731643227 -1123002
1558731643227 -1123002
1558731643227 -1122992
1558731643227 -1122989
1558731643227 -1122987
1558731643227 -1122979
1558731643227 -1122977
1558731643227 -1122975
1558731643227 -1122974
1558731643227 -1122918
1558731643227 -1122916
1558731643227 -1122916
1558731643227 -1122916
1558731643227 -1122915
1558731643227 -1122914
1558731643227 -1122913
1558731643227 -1122913
1558731643227 -1122913
1558731643227 -1122905
1558731643227 -1122903
1558731643227 -1122837
1558731643227 -1122836
1558731643227 -1122836
1558731643227 -1122836
1558731643227 -1122836
1558731643227 -1122835
1558731643227 -1122835
1558731643227 -1122835
1558731643227 -1122834
1558731643227 -1122834
1558731643227 -1122833
1558731643227 -1122831
1558731643227 -1122749
1558731643227 -1122749
1558731643227 -1122749
1558731643227 -1122748
1558731643227 -1122748
1558731643227 -1122746
1558731643227 -1122746
1558731643227 -1122746
1558731643227 -1122745
1558731643227 -1122741
1558731643227 -1122740
1558731643227 -1122735
1558731643227 -1122732
1558731643227 -1122730
1558731643227 -1122730
1558731643227 -1122726
1558731643227 -1122698
1558731643227 -1122697
1558731643227 -1122616
1558731643227 -1122616
1558731643227 -1122614
1558731643227 -1122614
1558731643227 -1122614
1558731643227 -1122613
1558731643227 -1122612
1558731643227 -1122609
1558731643227 -1122608
1558731643227 -1122530
1558731643227 -1122529
1558731643227 -1122529
1558731643227 -1122527
1558731643227 -1122525
1558731643227 -1122515
1558731643227 -1122515
1558731643227 -1122515
1558731643227 -1122514
1558731643808 -1123095
1558731643808 -1123095
1558731643808 -1123094
1558731643808 -1123087
1558731643808 -1123084
1558731643808 -1123080
1558731643808 -1123079
1558731643808 -1123072
1558731643808 -1123069
1558731643808 -1123068
1558731643808 -1123063
1558731643808 -1123062
1558731643808 -1123039
1558731643808 -1123036
1558731643808 -1122979
1558731643808 -1122978
1558731643808 -1122978
1558731643808 -1122978
1558731643808 -1122977
1558731643808 -1122977
1558731643808 -1122975
1558731643808 -1122975
1558731643808 -1122971
1558731643808 -1122965
1558731643808 -1122964
1558731644736 -1123891
1558731644736 -1123889
1558731644736 -1123887
1558731644736 -1123885
1558731644736 -1123882
1558731644736 -1123882
1558731644737 -1123883
1558731644737 -1123882
1558731644737 -1123882
1558731644737 -1123879
1558731644737 -1123876
1558731644737 -1123876
1558731644737 -1046757
1558731644737 -1046756
1558731644737 -1046754
1558731644737 -1046751
1558731644737 -1046751
1558731644737 -1046751
1558731644737 -1046744
1558731644737 -1046742
1558731644737 -1046736
1558731644737 -1046733
1558731644737 -1046733
1558731644737 -1046731
1558731644737 -1046727
1558731644737 -1046727
1558731644737 -1046727
1558731644737 -1046724
1558731644737 -1046723
1558731644737 -1046718
1558731644737 -1046713
1558731644737 -1046709
1558731644737 -1046708
1558731644737 -1046705
1558731644737 -1046704
1558731644737 -1046703
1558731644737 -1046703
1558731644737 -1046701
1558731644737 -1046701
1558731644737 -1046697
1558731644737 -1046695
1558731644737 -1046695
1558731644737 -1046693
1558731644737 -1046690
1558731644737 -1046690
1558731644737 -1046683
1558731644737 -1046680
1558731644737 -1046673
1558731644737 -1046670
1558731644737 -1046669
1558731644737 -1046666
1558731644737 -1046660
1558731644737 -1046660
1558731644737 -1046659
1558731644737 -1046658
1558731644737 -1046654
1558731644737 -1046592
1558731644737 -1046588
1558731644737 -1046583
1558731644737 -1046574
1558731644737 -1046574
1558731644737 -1046570
1558731644737 -1046570
1558731644737 -1046569
1558731644737 -1046507
1558731644737 -1046505
1558731644737 -1046502
1558731644737 -1046499
1558731644737 -1046496
1558731644737 -1046496
1558731644737 -1046493
1558731644737 -1046492
1558731644737 -1046492
1558731644737 -882492
1558731644737 -882492
1558731644737 -882492
1558731644737 -882492
1558731644753 -882508
1558731644984 -882739
1558731644984 -882739
1558731644984 -882739
1558731644984 -882738
1558731644984 -882738
1558731644984 -882738
1558731644984 -882738
1558731644984 -881911
1558731644984 -881911
1558731644984 -881911
1558731644984 -881911
1558731644984 -881911
1558731644984 -881910
1558731644984 -881910
1558731644984 -880291
1558731644984 -880290
1558731644984 -880290
1558731644984 -880288
1558731644984 -880288
1558731644984 -880288
1558731644984 -879621
1558731644984 -879620
1558731644984 -878075
1558731644984 -877480
1558731644984 -877480
1558731644984 -877480
1558731645329 -882762
1558731645329 -882762
1558731645329 -882762
1558731645329 -882761
1558731645329 -882761
1558731645329 -882761
1558731645329 -882761
1558731645329 -882761
1558731645329 -882547
1558731645329 -882547
1558731645329 -882547
1558731645329 -880406
1558731645329 -880405
1558731645329 -880405
1558731645329 -880405
1558731645329 -880405
1558731645329 -880405
1558731645329 -880405
1558731645329 -880212
1558731645329 -880212
1558731645329 -880212
1558731645329 -878217
1558731645329 -878217
1558731645329 -878214
1558731645329 -878214
1558731645329 -878214
1558731645329 -877994
1558731645329 -877994
1558731645329 -877993
1558731645329 -877993
1558731645329 -877993
1558731645329 -877993
1558731645329 -876579
1558731645329 -876578
1558731645329 -876578
1558731645329 -876578
1558731645329 -876576
1558731645329 -876576
1558731645441 -884109
1558731645441 -884108
1558731645441 -884108
1558731645441 -884108
1558731645441 -884107
1558731645441 -884107
1558731645441 -884107
1558731645441 -881507
1558731645441 -881507
1558731645441 -881507
1558731645441 -881506
1558731645441 -881506
1558731645441 -881506
1558731645441 -881506
1558731645441 -881506
1558731645441 -881506
1558731645441 -881506
1558731645441 -879300
1558731645441 -879300
1558731645441 -879299
1558731645441 -879299
1558731645441 -879299
1558731645441 -879294
1558731645441 -879294
1558731645441 -879294
1558731645441 -879294
1558731645728 -877578
1558731645728 -877578
1558731645728 -877576
1558731645728 -877576
1558731645728 -877575
1558731645728 -877573
1558731645728 -877573
1558731645728 -877561
1558731645728 -877561
1558731645728 -877560
1558731645728 -876177
1558731645728 -876176
1558731645728 -876176
1558731645728 -876176
1558731645728 -876176
1558731645728 -876176
1558731645728 -876176
1558731645728 -876176
1558731645728 -877158
1558731645728 -877157
1558731645728 -877157
1558731645728 -877156
1558731645728 -877154
1558731645728 -877154
1558731645728 -877154
1558731645728 -876426
1558731645728 -876426
1558731645728 -876426
1558731645728 -876426
1558731645728 -876425
1558731645728 -876423
1558731645728 -876423
1558731645728 -876423
1558731645728 -876423
1558731645728 -876423
1558731645728 -876423
1558731645728 -876422
1558731645728 -876422
1558731645728 -876129
1558731645728 -876129
1558731645728 -876129
1558731645728 -876015
1558731645728 -876015
1558731645728 -876013
1558731645728 -876012
1558731645728 -876012
1558731645728 -876012
1558731645728 -876012
1558731645728 -876012
1558731645728 -875943
1558731645728 -875943
1558731645728 -875943
1558731645728 -875943
1558731645728 -875943
1558731645728 -875942
1558731645728 -875942
1558731645728 -875942
1558731645728 -875942
1558731645728 -875899
1558731645728 -875899
1558731645728 -875899
1558731645728 -875899
1558731645728 -875899
1558731645728 -875898
1558731645728 -875898
1558731645728 -875886
1558731645728 -875886
1558731645728 -875885
1558731645728 -875885
1558731645728 -875885
1558731645728 -875885
1558731645728 -875884
1558731645728 -875884
1558731645728 -875882
1558731645728 -875868
1558731645728 -875867
1558731645728 -875867
1558731645728 -875833
1558731645728 -875815
1558731645728 -875777
1558731645728 -875768
1558731645728 -875768
1558731645728 -875764
1558731645728 -875763
1558731645728 -875757
1558731645728 -875750
1558731645728 -875734
1558731645728 -875729
1558731645728 -875720
1558731645728 -875715
1558731645728 -875697
1558731645728 -875691
1558731645728 -875686
1558731645728 -875685
1558731645728 -875680
1558731645728 -875647
1558731645728 -875638
1558731645728 -875617
1558731645728 -875614
1558731645728 -875610
1558731645728 -875514
1558731645728 -875511
1558731645728 -875509
1558731645728 -875489
1558731645728 -875469
1558731645728 -875467
1558731645728 -875457
1558731645728 -875455
1558731645728 -875444
1558731645728 -875427
1558731645728 -875424
1558731645728 -875394
1558731645728 -875377
1558731645728 -875376
1558731645728 -875374
1558731645728 -875361
1558731645728 -875354
1558731645728 -875353
1558731645728 -875352
1558731645728 -875350
1558731645728 -875349
1558731645728 -875346
1558731645728 -875316
1558731645728 -875313
1558731645728 -875311
1558731645728 -875307
1558731645728 -875291
1558731645728 -875278
1558731645728 -875277
1558731645728 -875261
1558731645728 -875254
1558731645728 -875242
1558731645728 -875240
1558731645728 -875222
1558731645728 -875220
1558731645728 -875219
1558731645728 -875218
1558731645728 -875193
1558731645728 -875184
1558731645728 -875174
1558731645728 -875172
1558731645728 -875145
1558731645728 -875137
1558731645728 -875124
1558731645728 -875109
1558731645728 -875107
1558731645728 -875105
1558731645728 -875105
1558731645728 -875095
1558731645728 -875081
1558731645728 -875030
1558731645728 -875028
1558731645728 -875026
1558731645728 -875025
1558731645728 -875007
1558731645728 -875005
1558731645728 -874993
1558731645728 -874993
1558731645728 -874992
1558731645728 -874988
1558731645728 -874988
1558731645728 -874961
1558731645728 -874957
1558731645728 -874937
1558731645728 -874925
1558731645728 -874924
1558731645728 -874920
1558731645728 -874918
1558731645728 -874912
1558731645728 -874908
1558731645728 -874906
1558731645728 -874887
1558731645728 -874887
1558731645728 -874863
1558731645728 -874863
1558731645728 -874850
1558731645728 -874842
1558731645728 -874827
1558731645728 -874824
1558731645728 -874823
1558731645728 -874820
1558731645728 -874819
1558731645799 -874875
1558731646068 -875140
1558731646068 -875135
1558731646068 -875134
1558731646068 -875134
1558731646068 -875122
1558731646068 -875120
1558731646068 -875113
1558731646068 -875104
1558731646068 -875101
1558731646068 -875099
1558731646068 -875099
1558731646068 -875093
1558731646068 -875081
1558731646068 -875075
1558731646068 -875074
1558731646068 -875073
1558731646068 -808523
1558731646068 -808523
1558731646068 -808520
1558731646068 -808518
1558731646068 -808517
1558731646068 -808510
1558731646068 -808505
1558731646068 -808462
1558731646068 -808462
1558731646068 -808462
1558731646069 -792827
1558731646069 -792826
1558731646069 -792826
1558731646069 -792824
1558731646069 -792824
1558731646069 -792822
1558731646069 -792816
1558731646069 -792816
1558731646069 -792816
1558731646069 -792815
1558731646069 -792815
1558731646069 -792815
1558731646069 -792810
1558731646069 -792807
1558731647477 -423230
1558731647477 -423229
1558731647477 -423229
1558731647477 -423229
1558731647477 -423229
1558731647477 -423217
1558731647661 -421885
1558731647661 -421885
1558731647661 -421885
1558731647661 -421882
1558731647661 -421882
1558731647661 -421882
1558731647661 -421882
1558731647661 -421881
1558731647661 -421881
1558731647661 -421881
1558731647661 -421447
1558731647661 -421447
1558731647661 -421447
1558731647661 -421445
1558731647661 -421444
1558731647661 -421443
1558731647661 -420391
1558731647661 -420390
1558731647661 -420390
1558731647661 -420389
1558731647661 -420389
1558731647661 -420389
1558731647661 -420389
1558731647661 -420389
1558731647661 -420389
1558731647661 -420048
1558731647662 -420049
1558731647662 -420049
1558731647662 -420048
1558731647662 -420048
1558731647662 -419109
1558731647662 -419109
1558731647662 -419109
1558731647662 -419108
1558731647662 -419108
1558731647662 -419107
1558731647662 -419106
1558731647662 -419106
1558731647662 -418826
1558731647662 -418826
1558731647662 -418824
1558731647662 -418824
1558731647662 -418823
1558731647662 -418823
1558731647662 -418823
1558731647816 -423446
1558731647816 -423446
1558731647816 -423446
1558731647816 -422293
1558731647816 -422293
1558731647816 -422293
1558731647816 -422283
1558731647816 -422283
1558731647816 -421420
1558731647816 -421420
1558731647816 -421420
1558731647816 -421420
1558731647816 -421420
1558731647816 -421420
1558731647816 -421419
1558731647816 -421419
1558731647816 -421418
1558731647816 -420682
1558731647816 -420682
1558731647816 -420680
1558731647816 -420680
1558731647816 -420680
1558731647816 -420061
1558731647816 -420061
1558731647816 -420059
1558731647816 -420059
1558731647816 -420059
1558731647816 -419380
1558731647816 -419380
1558731647816 -419377
1558731647816 -419377
1558731647816 -419377
1558731647816 -418856
1558731647816 -418856
1558731647816 -418856
1558731647816 -418855
1558731647816 -418855
1558731647816 -418355
1558731647969 -418446
1558731647969 -418446
1558731647969 -418446
1558731647969 -418446
1558731647969 -418445
1558731647969 -418223
1558731647969 -418223
1558731647969 -418223
1558731647969 -418222
1558731647969 -418222
1558731647969 -418222
1558731647969 -407716
1558731647969 -407716
1558731647969 -407716
1558731647969 -407716
1558731647969 -407715
1558731647969 -407714
1558731647969 -407712
1558731647969 -407704
1558731647969 -407699
1558731647969 -407698
1558731647969 -407697
1558731647969 -407696
1558731647969 -407695
1558731647969 -407694
1558731647969 -407691
1558731647969 -407690
1558731647969 -407688
1558731647969 -407687
1558731647969 -407686
1558731647969 -407686
1558731647969 -407683
1558731647969 -407683
1558731647969 -407668
1558731647969 -407667
1558731647969 -407666
1558731647969 -407666
1558731647969 -407665
1558731647969 -407663
1558731647969 -407662
1558731647969 -407662
1558731647969 -407660
1558731647969 -407656
1558731647969 -407651
1558731647969 -407648
1558731647969 -407636
1558731647969 -407636
1558731647969 -407635
1558731647969 -407631
1558731647969 -407624
1558731647969 -407617
1558731647969 -407614
1558731647969 -407559
1558731647969 -407559
1558731647969 -407557
1558731647969 -407549
1558731647969 -407548
1558731647969 -407548
1558731647969 -407479
1558731647969 -407479
1558731647969 -407479
1558731647969 -407479
1558731647969 -407478
1558731647969 -407478
1558731647969 -407478
1558731647969 -407477
1558731647969 -407477
1558731647969 -407477
1558731647969 -407475
1558731647969 -407474
1558731647969 -407474
1558731647969 -407472
1558731647969 -407470
1558731647969 -407469
1558731647969 -407391
1558731647969 -407390
1558731647969 -407388
1558731647969 -407383
1558731647969 -407303
1558731647969 -407301
1558731647969 -407301
1558731647969 -407300
1558731647969 -407300
1558731647969 -407292
1558731647969 -407292
1558731647969 -407292
1558731647969 -407292
1558731647969 -407215
1558731647969 -407212
1558731647969 -407212
1558731647969 -407205
1558731647969 -407201
1558731647969 -407200
1558731647969 -407199
1558731647969 -407198
1558731647969 -407196
1558731647969 -407195
1558731647969 -407194
1558731647969 -407193
1558731647969 -407187
1558731647969 -407187
1558731647969 -407186
1558731647969 -407084
1558731647969 -407083
1558731647969 -407083
1558731647969 -407083
1558731647969 -407083
1558731647969 -407083
1558731647969 -407082
1558731647969 -407081
1558731647969 -407080
1558731647969 -407076
1558731647969 -407075
1558731647969 -407055
1558731647969 -407051
1558731647969 -407048
1558731647969 -407047
1558731647969 -407046
1558731647969 -407036
1558731647969 -407033
1558731647969 -407031
1558731647969 -407027
1558731647969 -407020
1558731647969 -406908
1558731647969 -406907
1558731647969 -406906
1558731647969 -406906
1558731647969 -406906
1558731647969 -406903
1558731647969 -406898
1558731647969 -406897
1558731647969 -406893
1558731647969 -406891
1558731647969 -406891
1558731647969 -406888
1558731647969 -406886
1558731647969 -406886
1558731647969 -406880
1558731647969 -406875
1558731647969 -406818
1558731647969 -406818
1558731647969 -406818
1558731647969 -406818
1558731647969 -406817
1558731647969 -406816
1558731647969 -406816
1558731647969 -406816
1558731647969 -406815
1558731647969 -406815
1558731647969 -406814
1558731647969 -406811
1558731647969 -406808
1558731647969 -406807
1558731647969 -406805
1558731647969 -406804
1558731647969 -406801
1558731647969 -406800
1558731647969 -406797
1558731647969 -406796
1558731647969 -406795
1558731647969 -406731
1558731647969 -406728
1558731647969 -406727
1558731647969 -406727
1558731647969 -406726
1558731647969 -406726
1558731647969 -406726
1558731647969 -406725
1558731647969 -406721
1558731647969 -406711
1558731647969 -406708
1558731647969 -406708
1558731647969 -406706
1558731647969 -406706
1558731647969 -406705
1558731647969 -406704
1558731647969 -406702
1558731647969 -406700
1558731647969 -406687
1558731647969 -406687
1558731647969 -406685
1558731647969 -406685
1558731647969 -406682
1558731647969 -406679
1558731647969 -406676
1558731647969 -406675
1558731647969 -406658
1558731647969 -406653
1558731647969 -406652
1558731647969 -406639
1558731647969 -406632
1558731647969 -406625
1558731647969 -406614
1558731647969 -406603
1558731647969 -406602
1558731647969 -406600
1558731648229 -418768
1558731648229 -418768
1558731648229 -418768
1558731648229 -418768
1558731648229 -418768
1558731648229 -418767
1558731648229 -418767
1558731648229 -418767
1558731648229 -418767
1558731648229 -418437
1558731648229 -418437
1558731648229 -418436
1558731648229 -418436
1558731648229 -418436
1558731648229 -418436
1558731648229 -418436
1558731648229 -418436
1558731648229 -418436
1558731648229 -418436
1558731648229 -418436
1558731648229 -418336
1558731648229 -359374
1558731648229 -359373
1558731648229 -359373
1558731648229 -359371
1558731648229 -359370
1558731648229 -359366
1558731648229 -359363
1558731648229 -359362
1558731648229 -359358
1558731648229 -359356
1558731648229 -359351
1558731648229 -359350
1558731648229 -359347
1558731648229 -359347
1558731648229 -359341
1558731648229 -359340
1558731648229 -359336
1558731648229 -359331
1558731648229 -359331
1558731648229 -359328
1558731648229 -359261
1558731648229 -359260
1558731648229 -359259
1558731648229 -359258
1558731648229 -359258
1558731648229 -359256
1558731648230 -359255
1558731648230 -359254
1558731648230 -359253
1558731648230 -359252
1558731648230 -359183
1558731648230 -359181
1558731648230 -359181
1558731648230 -359174
1558731648230 -359170
1558731648230 -359169
1558731648230 -359096
1558731648230 -359095
1558731648230 -359093
1558731648230 -359091
1558731648230 -359088
1558731648230 -359084
1558731648230 -359080
1558731648230 -359080
1558731648230 -359008
1558731648230 -359004
1558731648230 -359002
1558731648230 -359000
1558731648230 -359000
1558731648230 -358996
1558731648230 -358995
1558731648230 -358995
1558731648230 -358994
1558731648230 -358993
1558731648230 -358992
1558731648230 -358991
1558731648230 -358988
1558731648230 -358987
1558731648230 -358982
1558731648230 -358981
1558731648230 -358976
1558731648230 -358975
1558731648230 -358974
1558731648230 -358973
1558731648230 -358970
1558731648230 -358970
1558731648230 -358968
1558731648230 -358876
1558731648230 -358867
1558731648230 -358862
1558731648230 -358784
1558731648230 -358783
1558731648230 -358782
1558731648230 -358781
1558731648230 -358775
1558731648230 -358773
1558731648230 -358771
1558731648230 -358767
1558731648230 -358759
1558731648230 -358757
1558731648230 -358757
1558731648230 -358754
1558731648230 -358753
1558731648230 -358748
1558731648230 -358745
1558731648443 -358951
1558731648443 -358948
1558731648443 -358945
1558731648443 -358940
1558731648443 -358939
1558731648443 -358939
1558731648443 -132721
1558731648443 -132717
1558731648443 -132717
1558731648443 -132717
1558731648443 -132717
1558731648443 -132712
1558731648443 -132711
1558731648443 -132710
1558731648443 -132708
1558731648443 -132705
1558731648443 -132704
1558731648443 -132703
1558731648443 -132700
1558731648443 -132698
1558731648443 -132698
1558731648443 -132694
1558731648443 -132694
1558731648443 -132693
1558731648443 -132688
1558731648443 -132684
1558731648444 -132679
1558731648444 -132679
1558731648444 -132672
1558731648444 -132672
1558731648444 -132671
1558731648444 -132662
1558731648444 -132661
1558731648444 -132659
1558731648444 -132656
1558731648444 -132655
1558731648444 -132655
1558731648444 -132653
1558731648444 -132653
1558731648444 -132651
1558731648444 -132648
1558731648444 -132647
1558731648444 -132644
1558731648444 -132642
1558731648444 -132641
1558731648444 -132640
1558731648444 -132639
1558731648444 -132639
1558731648444 -132639
1558731648444 -132636
1558731648444 -132636
1558731648444 -132635
1558731648444 -132635
1558731648444 -132634
1558731648444 -132628
1558731648444 -132625
1558731648444 -132621
1558731648444 -132621
1558731648444 -132621
1558731648444 -132618
1558731648444 -132616
1558731648444 -132615
1558731648444 -132614
1558731648444 -132613
1558731648444 -132611
1558731648444 -132605
1558731648444 -132604
1558731648444 -132602
1558731648444 -132602
1558731648444 -132599
1558731648444 -132598
1558731648444 -132591
1558731648444 -132590
1558731648444 -132590
1558731648444 -132588
1558731648444 -132588
1558731648468 -132612
1558731648468 -132611
1558731648468 -132606
1558731648468 -132605
1558731648468 -132600
1558731648468 -132599
1558731648468 -132597
1558731648468 -132595
1558731648468 -132594
1558731648468 -132538
1558731648468 -132538
1558731648468 -132536
1558731648468 -132536
1558731648468 -132535
1558731648468 -132535
1558731648468 -132535
1558731648468 -132534
1558731648468 -132534
1558731648468 -132534
1558731648468 -132529
1558731648468 -132528
1558731648468 -132526
1558731648468 -132458
1558731648468 -132458
1558731648468 -132456
1558731648468 -132454
1558731648468 -132452
1558731648468 -132451
1558731648468 -132449
1558731648468 -132448
1558731648468 -132439
1558731648468 -132370
1558731648468 -132370
1558731648468 -132369
1558731648468 -132368
1558731648468 -132367
1558731648468 -132367
1558731648468 -132367
1558731648468 -132366
1558731648468 -132366
1558731648468 -132366
1558731648468 -132364
1558731648468 -132364
1558731648468 -132364
1558731648468 -132360
1558731648468 -132358
