1558731304005 -1255779
1558731304005 -1255778
1558731304005 -1255763
1558731304005 -1255762
1558731304005 -1255762
1558731304005 -1255762
1558731304005 -1255762
1558731304005 -1255758
1558731304005 -1255758
1558731304005 -1255757
1558731304005 -1255757
1558731304005 -1255757
1558731304005 -1255757
1558731304005 -1255740
1558731304005 -1255739
1558731304005 -1255734
1558731304005 -1255732
1558731304005 -1255721
1558731304005 -1255708
1558731304005 -1255700
1558731304005 -1255700
1558731304005 -1255699
1558731304005 -1255699
1558731304005 -1255699
1558731304005 -1255688
1558731304007 -1255683
1558731304007 -1255680
1558731304007 -1255679
1558731304007 -1255642
1558731304007 -1255642
1558731304007 -1255642
1558731304007 -1255642
1558731304007 -1255642
1558731304007 -1255638
1558731304007 -1255596
1558731304007 -1255595
1558731304007 -1255594
1558731304007 -1255582
1558731304007 -1255575
1558731304007 -1255574
1558731304007 -1255514
1558731304007 -1255514
1558731304007 -1255514
1558731304007 -1255514
1558731304007 -1255514
1558731304007 -1255513
1558731304007 -1255513
1558731304007 -1255513
1558731304007 -1255513
1558731304007 -1255426
1558731304007 -1255426
1558731304007 -1255426
1558731304007 -1255418
1558731304007 -1255418
1558731304007 -1255416
1558731304007 -1255416
1558731304007 -1255416
1558731304007 -1255416
1558731304007 -1255415
1558731304007 -1255415
1558731304007 -1255415
1558731304007 -1255401
1558731304007 -1255401
1558731304007 -1255401
1558731304007 -1255383
1558731304007 -1255298
1558731304007 -1255296
1558731304007 -1255295
1558731304007 -1255294
1558731304007 -1255292
1558731304007 -1255291
1558731304007 -1255291
1558731304007 -1255284
1558731304007 -1255281
1558731304007 -1255280
1558731304007 -1255266
1558731304007 -1255260
1558731304007 -1255260
1558731304007 -1255259
1558731304007 -1255236
1558731304007 -1255231
1558731304007 -1255183
1558731304007 -1255183
1558731304007 -1255183
1558731304007 -1255182
1558731304007 -1255182
1558731304007 -1255182
1558731304007 -1255182
1558731304007 -1255121
1558731304007 -1255121
1558731304007 -1255120
1558731304007 -1255118
1558731304007 -1255117
1558731304007 -1255116
1558731304007 -1255112
1558731304007 -1255101
1558731304007 -1255099
1558731304007 -1255099
1558731304007 -1255097
1558731304007 -1255097
1558731304007 -1255097
1558731304007 -1255086
1558731304008 -1255087
1558731304008 -1255076
1558731304008 -1255062
1558731304008 -1255062
1558731304008 -1255056
1558731304008 -1255047
1558731304008 -1255040
1558731304008 -1255037
1558731304008 -1255037
1558731304008 -1255027
1558731304008 -1255025
1558731304008 -1255024
1558731304008 -1255012
1558731304008 -1255008
1558731304008 -1255006
1558731304008 -1255006
1558731304008 -1255004
1558731304008 -1254983
1558731304008 -1254982
1558731304008 -1254982
1558731304008 -1254982
1558731304008 -1254982
1558731304008 -1254981
1558731304008 -1254977
1558731304008 -1254974
1558731304008 -1254974
1558731304008 -1254973
1558731304008 -1254973
1558731304008 -1254972
1558731304009 -1254965
1558731304009 -1254963
1558731304009 -1254959
1558731304009 -1254957
1558731304009 -1254956
1558731304009 -1254956
1558731304009 -1254952
1558731304009 -1254903
1558731304009 -1254903
1558731304009 -1254903
1558731304009 -1254903
1558731304009 -1254902
1558731304009 -1254900
1558731304009 -1254899
1558731304009 -1254899
1558731304009 -1254891
1558731304009 -1254889
1558731304009 -1254885
1558731304009 -1254881
1558731304009 -1254872
1558731304009 -1254862
1558731304009 -1254857
1558731304009 -1254857
1558731304009 -1254851
1558731304009 -1254842
1558731304009 -1254839
1558731548402 -1499230
1558731548604 -1499431
1558731548604 -1499428
1558731548604 -1499399
1558731548604 -1499399
1558731548604 -1499398
1558731548604 -1499398
1558731548604 -1499398
1558731548604 -1499397
1558731548604 -1499396
1558731548604 -1499396
1558731548604 -1499395
1558731548604 -1499395
1558731548604 -1499382
1558731641797 -1144088
1558731641797 -1144088
1558731641797 -1144088
1558731641797 -1144088
1558731641797 -1144088
1558731641797 -1144087
1558731641797 -1144087
1558731641797 -1144087
1558731641797 -1144087
1558731641797 -1144087
1558731641797 -1142200
1558731641797 -1142199
1558731641797 -1142196
1558731641797 -1142196
1558731641797 -1142084
1558731641797 -1142084
1558731641797 -1142084
1558731641797 -1142084
1558731641797 -1142083
1558731641797 -1140876
1558731641797 -1140875
1558731641797 -1140875
1558731641797 -1140875
1558731641797 -1140875
1558731641797 -1140771
1558731641797 -1140771
1558731641797 -1140771
1558731641797 -1140771
1558731641797 -1140770
1558731641797 -1140770
1558731641797 -1140770
1558731641797 -1140769
1558731641797 -1140769
1558731641797 -1139743
1558731642689 -1140634
1558731642689 -1140634
1558731642689 -1140634
1558731642689 -1140634
1558731642689 -1140634
1558731642689 -1139983
1558731642689 -1139983
1558731642689 -1139983
1558731642689 -1139983
1558731642689 -1139983
1558731642689 -1139981
1558731642689 -1139976
1558731642689 -1139976
1558731642689 -1139976
1558731642689 -1139896
1558731642689 -1139896
1558731642689 -1117001
1558731642689 -1117000
1558731642689 -1117000
1558731642689 -1116999
1558731642689 -1116998
1558731642689 -1116998
1558731642689 -1116986
1558731642689 -1116983
1558731642689 -1116983
1558731642689 -1116968
1558731642689 -1116957
1558731642689 -1116953
1558731642689 -1116950
1558731642689 -1116950
1558731642689 -1116949
1558731642689 -1116936
1558731642689 -1116936
1558731642689 -1116936
1558731642689 -1116932
1558731642689 -1116928
1558731642689 -1116914
1558731642689 -1116914
1558731642689 -1116911
1558731642689 -1116904
1558731642689 -1116903
1558731642689 -1116898
1558731642689 -1116896
1558731642689 -1116895
1558731642689 -1116891
1558731642689 -1116890
1558731642689 -1116886
1558731642689 -1116885
1558731642689 -1116882
1558731642689 -1116881
1558731642689 -1116880
1558731642689 -1116876
1558731642689 -1116874
1558731642689 -1116873
1558731642689 -1116870
1558731642689 -1116847
1558731642689 -1116847
1558731642689 -1116845
1558731642689 -1116844
1558731642689 -1116836
1558731642689 -1116834
1558731642689 -1116832
1558731642689 -1116832
1558731642689 -1116830
1558731642689 -1116826
1558731642689 -1116822
1558731642689 -1116822
1558731642689 -1116822
1558731642689 -1116820
1558731642689 -1116819
1558731642689 -1116815
1558731642689 -1116812
1558731642689 -1116810
1558731642689 -1116809
1558731642689 -1116798
1558731642689 -1116786
1558731642689 -1116784
1558731642689 -1116782
1558731642689 -1116770
1558731642689 -1116765
1558731642689 -1116762
1558731642689 -1116748
1558731642689 -1116739
1558731642689 -1116739
1558731642689 -1116729
1558731642690 -1116729
1558731642690 -1116723
1558731642690 -1116720
1558731642690 -1116713
1558731642690 -1116712
1558731642690 -1116711
1558731642690 -1116708
1558731642690 -1116701
1558731642690 -1116688
1558731642690 -1116685
1558731642690 -1116684
1558731642690 -1116682
1558731642690 -1116682
1558731642690 -1116681
1558731642690 -1116680
1558731642690 -1116677
1558731642690 -1116671
1558731642690 -1116667
1558731642690 -1116650
1558731642690 -1116650
1558731642690 -1116650
1558731642690 -1116646
1558731642690 -1116646
1558731642690 -1116642
1558731642690 -1116633
1558731642690 -1116629
1558731642690 -1116625
1558731642690 -1116621
1558731642690 -1116621
1558731642690 -1116619
1558731642690 -1116604
1558731642690 -1116602
1558731642690 -1116599
1558731642690 -1116598
1558731642690 -1116585
1558731642690 -1116583
1558731642690 -1116581
1558731642690 -1116581
1558731642690 -1116578
1558731642690 -1116576
1558731642690 -1116574
1558731642690 -1116574
1558731642690 -1116573
1558731642690 -1116564
1558731642690 -1116561
1558731642690 -1116559
1558731642818 -1116686
1558731642818 -1116685
1558731642818 -1116685
1558731642818 -1116683
1558731642818 -1116680
1558731642818 -1116678
1558731642818 -1116675
1558731642818 -1116672
1558731642818 -1116663
1558731642818 -1116661
1558731642818 -1116658
1558731642818 -1116658
1558731642818 -1116657
1558731642818 -1116648
1558731642818 -1115342
1558731642818 -1115342
1558731642818 -1115342
1558731642818 -1115342
1558731642818 -1115342
1558731642818 -1115342
1558731642818 -1115340
1558731642818 -1115340
1558731642861 -1115383
1558731643105 -1115627
1558731643105 -1115627
1558731643673 -1116195
1558731643673 -1116195
1558731643673 -1116195
1558731643673 -1116195
1558731643673 -1116195
1558731643673 -1116194
1558731643673 -1116194
1558731643673 -1116194
1558731643673 -1017198
1558731643673 -1017197
1558731643673 -1017196
1558731643673 -1017189
1558731643673 -1017189
1558731643673 -1017186
1558731643673 -1017184
1558731643673 -1017181
1558731643673 -1017180
1558731643673 -1017176
1558731643673 -1017176
1558731643673 -1017175
1558731643673 -1017171
1558731643673 -1017171
1558731643673 -1017171
1558731643673 -1017170
1558731643673 -1017167
1558731643673 -1017167
1558731643673 -1017166
1558731643673 -1017165
1558731643673 -1017163
1558731643673 -1017162
1558731643673 -1017146
1558731643673 -1017146
1558731643673 -1017145
1558731643673 -1017141
1558731643673 -1017141
1558731643673 -1017128
1558731643673 -1017126
1558731643673 -1017124
1558731643673 -1017116
1558731643673 -1017115
1558731643673 -1017114
1558731643673 -1017114
1558731643673 -1017112
1558731643673 -1017112
1558731643673 -1017110
1558731643673 -1017109
1558731643673 -1017104
1558731643673 -1017102
1558731643673 -1017096
1558731643673 -1017093
1558731643673 -1017093
1558731643673 -1017091
1558731643673 -1017087
1558731643673 -1017086
1558731643673 -1017083
1558731643673 -1017082
1558731643673 -1017081
1558731643673 -1017079
1558731643673 -1017076
1558731643673 -1017075
1558731643673 -1017075
1558731643673 -1017071
1558731643673 -1017069
1558731643673 -1017069
1558731645737 -421572
1558731645737 -421571
1558731645737 -421571
1558731645737 -421571
1558731645737 -419875
1558731645737 -419875
1558731645737 -419875
1558731645737 -419875
1558731645737 -419875
1558731645737 -419874
1558731645737 -419874
1558731645737 -419874
1558731645737 -419562
1558731645737 -419560
1558731645737 -419559
1558731645737 -418430
1558731645737 -418430
1558731645737 -418430
1558731645737 -418427
1558731645737 -418188
1558731645737 -418186
1558731645737 -418185
1558731645737 -418185
1558731645737 -418185
1558731645737 -417154
1558731645737 -417153
1558731645737 -417152
1558731645737 -417151
1558731645737 -417151
1558731645737 -417151
1558731645737 -417151
1558731645737 -417151
1558731645737 -416936
1558731645737 -416934
1558731645737 -416934
1558731645737 -416934
1558731645737 -416933
1558731645737 -416933
1558731645737 -416933
1558731645737 -416933
1558731645737 -416933
1558731646301 -416756
1558731646301 -416756
1558731646301 -416756
1558731646301 -416756
1558731646301 -416755
1558731646301 -416755
1558731646301 -416755
1558731646301 -416755
1558731646301 -416569
1558731646301 -416368
1558731646301 -416368
1558731646301 -408611
1558731646301 -408606
1558731646301 -408568
1558731646301 -408567
1558731646301 -408561
1558731646301 -408557
1558731646301 -408553
1558731646301 -408552
1558731646301 -408550
1558731646301 -408549
1558731646301 -408547
1558731646301 -408538
1558731646301 -408536
1558731646301 -408533
1558731646301 -408529
1558731646301 -408521
1558731646301 -408509
1558731646301 -408507
1558731646301 -408502
1558731646301 -408489
1558731646301 -408426
1558731646301 -408425
1558731646301 -408425
1558731646301 -408425
1558731646301 -408423
1558731646301 -408418
1558731646301 -408409
1558731646301 -408348
1558731646301 -408348
1558731646301 -408348
1558731646301 -408347
1558731646301 -408347
1558731646301 -408347
1558731646301 -408345
1558731646301 -408345
1558731646301 -408344
1558731646301 -408339
1558731646301 -408328
1558731646301 -408259
1558731646301 -408259
1558731646301 -408258
1558731646301 -408258
1558731646301 -408256
1558731646301 -408256
1558731646301 -408251
1558731646301 -408249
1558731646301 -408246
1558731646301 -408172
1558731646301 -408171
1558731646301 -408170
1558731646301 -408161
1558731646301 -408159
1558731646301 -408158
1558731646301 -408157
1558731646301 -408147
1558731646301 -408073
1558731646301 -408071
1558731646301 -408069
1558731646301 -408069
1558731646301 -408055
1558731646301 -408054
1558731646301 -408043
1558731646301 -408042
1558731646301 -408037
1558731646301 -408033
1558731646301 -408030
1558731646301 -408030
1558731646301 -408026
1558731646301 -408024
1558731646301 -408024
1558731646301 -408022
1558731646301 -408021
1558731646301 -408021
1558731646301 -408018
1558731646301 -408016
1558731646301 -408015
1558731646301 -408010
1558731646301 -408010
1558731646301 -408002
1558731646301 -408000
1558731646301 -407998
1558731646301 -407998
1558731646301 -407995
1558731646301 -407994
1558731646301 -407992
1558731646301 -407991
1558731646301 -407984
1558731646301 -407978
1558731646301 -407978
1558731646301 -407974
1558731646301 -407973
1558731646301 -407964
1558731646301 -407954
1558731646301 -407952
1558731646301 -407950
1558731646301 -407943
1558731646301 -407942
1558731646301 -407941
1558731646301 -407941
1558731646301 -407940
1558731646301 -407937
1558731646301 -407932
1558731646301 -407929
1558731646301 -407919
1558731646301 -407918
1558731646301 -407918
1558731646301 -407864
1558731646301 -407863
1558731646301 -407862
1558731646301 -407860
1558731646301 -407860
1558731646301 -407859
1558731646301 -407857
1558731646301 -407855
1558731646301 -407851
1558731646301 -407844
1558731646301 -407842
1558731646301 -407836
1558731646301 -407835
1558731646301 -407825
1558731646301 -407824
1558731646301 -407818
1558731646301 -407809
1558731646301 -407794
1558731646301 -407790
1558731646301 -407781
1558731646301 -407771
1558731646301 -407766
1558731646301 -407764
1558731646301 -407759
1558731646301 -407756
1558731646301 -407755
1558731646301 -407749
1558731646301 -407742
1558731646301 -407727
1558731646770 -408191
1558731646770 -408183
1558731646770 -408179
1558731646770 -408170
1558731646770 -408167
1558731646770 -336449
1558731646770 -336447
1558731646770 -336446
1558731646770 -336446
1558731646770 -336445
1558731646770 -336445
1558731646770 -336443
1558731646770 -336441
1558731646770 -336440
1558731646770 -336440
1558731646770 -336438
1558731646770 -336436
1558731646770 -336433
1558731646770 -336429
1558731646770 -336427
1558731646770 -336423
1558731646770 -336422
1558731646770 -336422
1558731646770 -336421
1558731646770 -336419
1558731646770 -336418
1558731646770 -336416
1558731646770 -336412
1558731646770 -336410
1558731646770 -336409
1558731646770 -336408
1558731646770 -336408
1558731646770 -336407
1558731646770 -336400
1558731646770 -336400
1558731646770 -336398
1558731646770 -336397
1558731646770 -336396
1558731646770 -336395
1558731646770 -336391
1558731646770 -336389
1558731646770 -336388
1558731646770 -336387
1558731646770 -336385
1558731646770 -336384
1558731646770 -336381
1558731646770 -336380
1558731646770 -336380
1558731646770 -336378
1558731646770 -336377
1558731646770 -336375
1558731646770 -336374
1558731646770 -336372
1558731646770 -336368
1558731646770 -336366
1558731646770 -336365
1558731646770 -336364
1558731646770 -336362
1558731646770 -336360
1558731646770 -336360
1558731646770 -336356
1558731646770 -336354
1558731646770 -336353
1558731646770 -336352
1558731646770 -336350
1558731646770 -336350
1558731646770 -336349
1558731646770 -336349
1558731646770 -336348
1558731646770 -336346
1558731646770 -336346
1558731646770 -336344
1558731646770 -336343
1558731646770 -336339
1558731646770 -336338
1558731646770 -336338
1558731646770 -336338
1558731646770 -336337
1558731646770 -336334
1558731646770 -336332
1558731646770 -336330
1558731646770 -336276
1558731646770 -336273
1558731646770 -336269
1558731646770 -336265
1558731646770 -336264
1558731646770 -336263
1558731646770 -336258
1558731646770 -336257
1558731646770 -336254
1558731646770 -336245
1558731646770 -336245
1558731646770 -336244
1558731646770 -336241
1558731646770 -336237
