1558731303501 -79460
1558731303501 -77533
1558731303501 -77420
1558731303501 -77420
1558731303501 -77419
1558731303501 -77418
1558731303501 -77418
1558731547981 -320569
1558731547981 -320569
1558731547981 -320569
1558731547981 -320562
1558731547981 -320562
1558731547981 -320562
1558731547981 -320561
1558731547981 -320561
1558731547981 -320561
1558731547981 -320561
1558731547981 -320506
1558731547981 -320505
1558731547981 -320505
1558731547981 -320505
1558731547981 -320503
1558731547981 -320503
1558731547981 -319308
1558731547981 -319308
1558731547981 -319308
1558731547981 -319307
1558731547981 -319245
1558731547981 -319245
1558731547981 -319244
1558731547981 -319244
1558731547981 -319244
1558731547981 -319244
1558731547981 -318376
1558731547981 -318376
1558731547981 -318375
1558731547981 -318374
1558731547981 -318374
1558731547981 -318346
1558731547981 -318345
1558731547981 -318344
1558731547981 -318343
1558731547981 -318342
1558731547981 -318029
1558731547981 -317908
1558731547981 -317908
1558731547981 -317908
1558731547981 -317908
1558731547981 -317908
1558731547981 -317908
1558731547981 -317908
1558731547981 -317908
1558731547981 -323324
1558731547981 -323324
1558731547981 -323324
1558731547981 -323323
1558731547981 -323124
1558731547981 -323123
1558731547981 -323123
1558731547981 -323123
1558731547981 -323123
1558731548032 -323174
1558731548032 -323174
1558731548032 -323174
1558731548032 -321279
1558731548032 -321279
1558731548032 -321279
1558731548032 -321279
1558731548032 -321279
1558731548032 -321278
1558731548032 -321278
1558731548032 -321278
1558731548032 -321278
1558731548032 -321208
1558731548032 -321207
1558731548032 -321207
1558731548032 -321207
1558731548032 -321207
1558731548032 -321206
1558731548032 -321206
1558731548032 -321206
1558731548032 -321206
1558731548032 -321206
1558731548032 -319977
1558731548032 -319977
1558731548032 -319977
1558731548032 -319975
1558731548032 -319931
1558731548032 -319931
1558731548032 -319931
1558731548032 -319931
1558731548032 -319931
1558731548032 -319931
1558731548032 -319929
1558731548032 -323444
1558731548032 -323443
1558731548032 -323443
1558731548032 -323443
1558731548032 -323443
1558731548032 -323442
1558731548032 -323442
1558731548032 -323131
1558731548032 -323131
1558731548032 -323131
1558731548032 -323131
1558731548032 -323131
1558731548032 -323130
1558731548032 -323130
1558731548032 -323130
1558731548032 -321339
1558731548032 -321339
1558731548032 -321339
1558731548032 -321339
1558731548032 -321337
1558731548032 -321337
1558731548032 -321337
1558731548032 -321337
1558731548032 -321193
1558731548032 -321192
1558731548032 -320115
1558731548032 -320115
1558731548032 -320115
1558731548032 -320115
1558731548032 -320115
1558731548033 -320116
1558731548033 -320116
1558731548033 -320116
1558731548033 -320115
1558731548033 -320115
1558731548033 -320115
1558731548033 -320115
1558731548033 -320115
1558731548033 -320115
1558731548033 -319780
1558731548033 -319779
1558731548033 -318963
1558731548033 -318963
1558731548033 -318962
1558731548033 -318962
1558731548033 -323110
1558731548033 -323110
1558731548033 -323110
1558731548033 -321380
1558731548033 -321379
1558731548033 -321379
1558731548033 -321377
1558731548033 -321377
1558731548033 -321185
1558731548033 -321185
1558731548033 -320089
1558731548033 -320089
1558731548033 -320089
1558731548033 -320088
1558731548033 -320088
1558731548033 -320088
1558731548033 -320088
1558731548033 -320088
1558731548033 -320088
1558731548033 -320088
1558731548033 -319813
1558731548033 -319813
1558731548033 -319812
1558731548033 -319812
1558731548033 -319809
1558731548033 -319809
1558731548033 -318944
1558731548033 -318942
1558731548033 -318941
1558731548033 -318941
1558731548033 -318941
1558731548033 -318941
1558731548033 -318726
1558731548033 -318725
1558731548033 -318723
1558731548033 -318205
1558731548102 -318028
1558731548102 -318012
1558731548102 -318011
1558731548102 -318011
1558731548102 -318011
1558731548102 -318011
1558731548102 -317955
1558731548102 -317955
1558731548102 -317934
1558731548102 -317934
1558731548102 -317933
1558731548102 -317933
1558731548102 -317933
1558731548102 -317933
1558731548102 -293122
1558731548102 -293120
1558731548102 -293117
1558731548102 -293105
1558731548102 -293102
1558731548102 -293101
1558731548102 -293095
1558731548102 -293088
1558731548102 -293083
1558731548102 -293073
1558731548102 -293072
1558731548102 -293071
1558731548102 -293069
1558731548102 -293063
1558731548102 -293058
1558731548102 -293058
1558731548102 -293058
1558731548102 -293057
1558731548102 -293057
1558731548102 -292993
1558731548102 -292992
1558731548102 -292992
1558731548102 -292992
1558731548102 -292989
1558731548102 -292988
1558731548102 -292987
1558731548102 -292913
1558731548102 -292913
1558731548102 -292912
1558731548102 -292911
1558731548102 -292910
1558731548102 -292910
1558731548102 -292909
1558731548102 -292909
1558731548102 -292902
1558731548102 -292900
1558731548102 -292896
1558731548102 -292825
1558731548102 -292824
1558731548102 -292824
1558731548102 -292824
1558731548102 -292823
1558731548103 -292824
1558731548103 -292823
1558731548103 -292822
1558731548103 -292774
1558731548103 -292774
1558731548103 -292774
1558731548103 -292772
1558731548103 -292770
1558731548103 -292768
1558731548103 -292765
1558731548103 -292764
1558731548103 -292763
1558731548103 -292762
1558731548103 -292761
1558731548103 -292752
1558731548103 -292750
1558731548103 -292746
1558731548214 -292854
1558731548214 -292854
1558731548214 -292848
1558731548214 -292847
1558731548214 -292837
1558731548214 -292837
1558731548214 -292834
1558731548214 -292760
1558731548214 -292760
1558731548214 -292760
1558731548214 -292759
1558731548214 -292758
1558731548214 -292758
1558731548214 -292753
1558731548214 -292752
1558731548214 -292752
1558731548214 -292750
1558731548214 -292749
1558731548214 -292746
1558731548214 -292743
1558731548214 -292735
1558731548214 -292734
1558731548214 -292731
1558731548214 -292729
1558731548214 -292726
1558731548214 -292726
1558731548214 -292720
1558731548215 -292716
1558731548215 -292715
1558731548215 -292710
1558731548215 -292703
1558731548215 -292702
1558731548215 -292701
1558731548215 -292701
1558731548215 -292699
1558731548215 -292699
1558731548215 -292694
1558731548215 -292693
1558731548215 -292692
1558731548215 -292586
1558731548215 -292585
1558731548215 -292585
1558731548215 -292583
1558731548215 -292582
1558731548215 -292582
1558731548215 -292581
1558731548215 -292579
1558731548215 -292577
1558731548215 -292569
1558731548215 -292569
1558731548215 -292569
1558731548215 -292567
1558731548215 -292564
1558731548215 -292563
1558731548215 -292561
1558731548215 -292551
1558731548215 -292550
1558731548215 -292546
1558731548215 -292545
1558731548215 -292535
1558731548215 -292531
1558731548215 -292531
1558731548215 -244892
1558731548215 -244892
1558731548215 -244892
1558731548215 -244891
1558731548215 -318983
1558731548215 -318983
1558731548215 -318983
1558731548215 -318983
1558731548215 -318983
1558731548215 -318982
1558731548215 -318982
1558731548215 -318982
1558731548215 -318952
1558731548215 -318952
1558731548215 -318952
1558731548215 -318359
1558731548215 -290624
1558731548215 -290621
1558731548215 -290619
1558731548215 -290609
1558731548216 -290606
1558731548216 -290598
1558731548216 -290597
1558731548216 -290593
1558731548216 -290591
1558731548216 -290584
1558731548216 -290583
1558731548216 -290580
1558731548216 -290578
1558731548216 -290577
1558731548216 -290573
1558731548216 -290571
1558731548216 -290569
1558731548216 -290462
1558731548216 -290459
1558731548216 -290458
1558731548216 -290457
1558731548216 -290457
1558731548216 -290450
1558731548216 -290450
1558731548216 -290448
1558731548216 -290443
1558731548216 -290442
1558731548216 -290441
1558731548216 -290438
1558731548216 -290363
1558731548216 -290361
1558731548216 -290359
1558731548216 -290359
1558731548216 -290289
1558731548216 -290289
1558731548216 -290286
1558731548216 -290282
1558731548216 -290281
1558731548216 -290279
1558731548216 -290273
1558731548216 -290270
1558731548216 -290270
1558731548216 -290266
1558731548216 -290264
1558731548216 -290264
1558731548216 -290253
1558731548216 -290250
1558731548217 -290250
1558731548217 -290157
1558731548217 -290157
1558731548217 -290157
1558731548217 -290156
1558731548217 -290156
1558731548217 -290072
1558731548217 -290071
1558731548217 -290071
1558731548217 -290071
1558731548217 -290070
1558731548228 -290080
1558731548228 -290078
1558731548228 -290077
1558731548228 -290077
1558731548228 -290076
1558731548228 -290076
1558731548228 -290073
1558731548228 -290071
1558731548228 -290071
1558731548228 -290067
1558731548228 -290053
1558731548228 -290052
1558731548228 -290052
1558731548228 -290050
1558731548228 -290050
1558731548229 -290046
1558731548229 -290045
1558731548229 -290043
1558731548229 -290042
1558731548229 -290042
1558731548229 -290040
1558731548229 -318903
1558731548229 -318903
1558731548229 -318903
1558731548229 -318902
1558731548229 -318902
1558731548229 -318902
1558731548229 -318407
1558731548229 -286064
1558731548229 -286064
1558731548229 -286063
1558731548229 -286058
1558731548242 -286066
1558731548242 -286063
1558731548242 -286061
1558731548242 -286061
1558731548242 -286059
1558731548242 -286059
1558731548242 -286058
1558731548242 -286058
1558731548242 -286056
1558731548242 -286055
1558731548242 -286055
1558731548242 -286051
1558731548242 -286051
1558731548242 -286051
1558731548242 -286048
1558731548242 -286048
1558731548242 -286047
1558731548242 -286045
1558731548242 -286044
1558731548242 -286043
1558731548242 -286038
1558731548242 -286033
1558731548242 -286032
1558731548242 -286032
1558731548242 -286030
1558731548242 -286030
1558731548242 -286030
1558731548242 -286027
1558731548242 -286027
1558731548242 -286026
1558731548242 -286025
1558731548242 -286023
1558731548242 -286021
1558731548242 -286019
1558731548242 -286019
1558731548242 -286016
1558731548242 -286012
1558731548242 -285944
1558731548242 -285944
1558731548242 -285943
1558731548242 -285942
1558731548242 -285942
1558731548242 -285942
1558731548242 -285936
1558731548242 -285935
1558731548242 -285863
1558731548242 -285863
1558731548242 -285863
1558731548242 -285861
1558731548242 -285861
1558731548242 -285860
1558731548242 -285859
1558731548242 -285774
1558731548242 -285774
1558731548242 -285773
1558731548242 -285772
1558731548242 -285772
1558731548242 -285772
1558731548242 -285767
1558731548242 -285767
1558731548242 -285689
1558731548242 -285688
1558731548242 -285688
1558731548242 -285687
1558731548242 -285686
1558731548242 -285685
1558731548242 -285681
1558731548242 -285679
1558731548242 -285679
1558731548242 -285676
1558731548242 -285600
1558731548242 -285599
1558731548242 -285598
1558731548242 -285597
1558731548242 -285597
1558731548242 -285597
1558731548242 -285594
1558731548242 -285593
1558731548242 -285591
1558731548242 -285588
1558731548242 -285588
1558731548242 -285574
1558731548242 -285571
1558731548242 -285569
1558731548242 -285467
1558731548242 -285466
1558731548242 -285465
1558731548242 -285463
1558731548242 -285462
1558731548242 -285459
1558731548242 -285458
1558731548242 -285454
1558731548242 -285450
1558731548242 -285443
1558731548242 -285442
1558731548242 -285442
1558731548242 -285440
1558731548242 -285439
1558731548242 -285439
1558731548242 -285436
1558731548242 -285436
1558731548243 -285436
1558731548243 -285381
1558731548243 -285378
1558731548243 -285376
1558731548243 -285376
1558731548243 -285376
1558731548243 -285375
1558731548243 -285375
1558731548243 -285373
1558731548243 -285370
1558731548243 -285370
1558731548243 -285369
1558731548243 -285369
1558731548243 -285366
1558731548243 -285363
1558731548243 -285361
1558731548243 -285360
1558731548243 -285359
1558731548243 -285357
1558731548243 -285356
1558731548243 -285271
1558731548243 -285252
1558731548243 -285249
1558731548243 -285249
1558731548243 -285247
1558731548243 -285246
1558731548243 -285236
1558731548243 -285236
1558731548243 -285235
1558731548243 -285233
1558731548243 -285206
1558731548243 -285204
1558731548243 -285204
1558731640185 -377146
1558731640185 -377145
1558731640185 -377143
1558731640185 -377142
1558731640185 -377101
1558731640185 -377101
1558731640185 -377101
1558731640185 -377100
1558731640185 -377081
1558731640185 -377078
1558731640185 -377075
1558731640185 -377065
1558731640185 -377065
1558731640185 -377056
1558731640185 -377049
1558731640185 -377048
1558731640185 -377047
1558731640185 -377045
1558731640185 -377039
1558731640185 -377037
1558731640185 -377034
1558731640185 -377032
1558731640185 -377032
1558731640185 -377030
1558731640185 -377030
1558731640185 -377029
1558731640185 -377029
1558731640185 -377027
1558731640185 -377026
1558731640185 -377025
1558731640185 -377023
1558731640185 -377022
1558731640185 -377020
1558731640185 -377015
1558731640185 -377014
1558731640185 -377013
1558731640185 -377011
1558731640185 -377009
1558731640185 -377005
1558731640185 -377005
1558731640185 -377002
1558731640185 -376997
1558731640185 -376996
1558731640185 -376996
1558731640185 -376995
1558731640185 -376994
1558731640185 -376991
1558731640185 -376984
1558731640185 -376982
1558731640552 -410723
1558731640552 -410723
1558731640552 -410723
1558731640552 -410723
1558731640552 -410719
1558731640552 -410719
1558731640552 -410719
1558731640552 -410719
1558731640552 -410671
1558731640552 -410671
1558731640552 -410671
1558731640552 -410670
1558731640552 -410670
1558731640552 -410670
1558731640552 -410670
1558731640552 -410669
1558731640552 -410669
1558731640552 -346644
1558731640552 -346643
1558731640552 -346643
1558731640552 -346633
1558731640552 -346631
1558731640552 -346629
1558731640552 -346628
1558731640552 -346620
1558731640552 -346620
1558731640552 -346616
1558731640552 -346613
1558731640552 -346610
1558731640552 -346610
1558731640552 -346605
1558731640552 -346599
1558731640552 -346598
1558731640552 -346597
1558731640552 -346595
1558731640552 -346593
1558731640552 -346592
1558731640552 -346587
1558731640552 -346581
1558731640552 -346577
1558731640552 -346575
1558731640552 -346573
1558731640552 -346494
1558731640552 -346491
1558731640552 -346490
1558731640552 -346489
1558731640552 -346486
1558731640552 -346480
1558731640552 -346478
1558731640552 -346477
1558731640552 -346474
1558731640552 -346414
1558731640552 -346413
1558731640552 -346413
1558731640552 -346411
1558731640552 -346409
1558731640552 -346406
1558731640552 -346406
1558731640552 -346403
1558731640552 -346401
1558731640552 -346398
1558731640552 -346397
1558731640552 -346393
1558731640552 -346388
1558731640552 -346387
1558731640552 -346386
1558731640552 -346382
1558731640552 -346380
1558731640552 -346379
1558731640552 -346377
1558731640552 -346372
1558731640552 -346371
1558731640552 -346282
1558731640552 -346281
1558731640552 -346269
1558731640552 -346268
1558731640552 -346266
1558731640552 -346266
1558731640552 -346265
1558731640552 -346259
1558731640552 -346257
1558731640552 -346257
1558731640552 -346256
1558731640552 -346255
1558731640552 -346253
1558731640552 -346251
1558731640552 -346149
1558731640552 -346144
1558731640552 -346143
1558731640552 -346143
1558731640552 -346140
1558731640552 -346134
1558731640552 -346134
1558731640552 -346132
1558731640552 -346131
1558731640552 -346129
1558731640552 -346125
1558731640552 -346120
1558731640552 -346119
1558731640552 -346119
1558731640552 -346117
1558731640552 -346115
1558731640552 -346111
1558731640552 -346111
1558731640552 -346110
1558731640552 -346109
1558731640552 -346108
1558731640552 -346108
1558731640552 -346108
1558731640552 -346061
1558731640552 -346054
1558731640552 -346054
1558731640552 -346052
1558731640552 -346051
1558731640552 -346048
1558731640552 -346046
1558731640552 -346044
1558731640552 -346043
1558731640552 -346042
1558731640552 -346040
1558731640552 -346040
1558731640552 -346039
1558731640552 -346039
1558731640697 -337373
1558731640697 -337373
1558731640697 -337373
1558731640697 -337373
1558731640697 -337240
1558731640697 -337240
1558731640697 -247415
1558731640697 -247413
1558731640697 -247413
1558731640697 -247413
1558731640697 -247412
1558731640697 -247412
1558731640697 -247411
1558731640697 -247411
1558731640697 -247410
1558731640697 -247409
1558731640697 -247409
1558731640697 -247408
1558731640697 -247408
1558731640697 -247406
1558731640697 -247405
1558731640697 -247405
1558731640697 -247404
1558731640697 -247401
1558731640697 -247398
1558731640697 -247398
1558731640697 -247395
1558731640697 -247390
1558731640697 -247388
1558731640697 -247387
1558731640697 -247385
1558731640697 -247384
1558731640697 -247377
1558731640697 -247376
1558731640697 -247373
1558731640697 -247372
1558731640697 -247371
1558731640697 -247368
1558731640697 -247367
1558731640697 -247359
1558731640697 -247356
1558731640697 -247356
1558731640697 -247356
1558731640697 -247353
1558731640697 -247352
1558731640697 -247352
1558731640697 -247349
1558731640697 -247346
1558731640697 -247345
1558731640697 -247343
1558731640697 -247341
1558731640697 -247340
1558731640697 -247339
1558731640697 -247332
1558731640697 -247332
1558731640697 -247331
1558731640697 -247330
1558731640697 -247329
1558731640697 -247329
1558731640697 -247320
1558731640697 -247317
1558731640697 -247315
1558731640697 -247313
1558731640697 -247312
1558731640697 -247312
1558731640697 -247308
1558731640697 -247308
1558731640697 -247305
1558731640697 -247305
1558731640697 -247302
1558731640697 -247299
1558731640697 -247296
1558731640697 -247295
1558731640697 -247295
1558731640697 -382507
1558731640697 -382501
1558731640697 -382496
1558731640697 -382494
1558731640697 -382487
1558731640697 -229397
1558731640697 -229394
1558731640697 -229393
1558731640697 -229390
1558731640697 -229388
1558731640697 -229384
1558731640697 -229383
1558731640697 -229381
1558731640697 -229371
1558731640697 -229369
1558731640697 -229367
1558731640697 -229366
1558731640697 -229364
1558731640697 -229358
1558731640697 -229358
1558731640697 -229352
1558731640697 -229349
1558731640697 -229346
1558731640697 -229345
1558731640697 -229343
1558731640697 -229339
1558731640697 -229334
1558731640697 -229334
1558731640697 -229328
1558731640697 -229322
1558731640697 -229321
1558731640752 -229374
1558731640752 -229372
1558731640752 -229372
1558731640752 -229367
1558731640752 -229365
1558731640752 -229364
1558731640752 -229363
1558731640752 -229360
1558731640752 -229358
1558731640752 -229357
1558731640752 -229355
1558731640752 -229353
1558731640752 -229352
1558731640752 -229350
1558731640752 -229294
1558731640752 -229290
1558731640752 -229285
1558731640752 -229282
1558731640752 -229279
1558731640752 -229276
1558731640752 -229273
1558731640752 -229270
1558731640752 -229212
1558731640752 -229211
1558731640752 -229211
1558731640752 -229210
1558731640752 -229210
1558731640752 -229209
1558731640752 -229207
1558731640752 -229206
1558731640752 -229205
1558731640752 -229202
1558731640752 -229201
1558731640752 -229197
1558731640752 -229197
1558731640752 -229194
1558731640752 -229192
1558731640752 -229187
1558731640752 -229186
1558731640752 -229186
1558731640752 -229186
1558731640752 -229184
1558731640752 -229182
1558731640752 -229178
1558731640752 -229124
1558731640752 -229122
1558731640752 -229122
1558731640753 -229122
1558731640753 -229121
1558731640753 -229119
1558731640753 -229118
1558731640753 -229111
1558731640753 -229109
1558731640753 -229107
1558731640753 -229104
1558731640753 -229104
1558731640753 -229104
1558731640753 -229103
1558731640753 -229101
1558731640753 -229099
1558731640753 -229098
1558731640753 -229097
1558731640753 -229039
1558731640753 -229035
1558731640753 -229035
1558731640753 -229034
1558731640753 -229034
1558731640753 -229032
1558731640753 -229031
1558731640753 -229028
1558731640753 -229026
1558731640753 -229024
1558731640753 -377549
1558731640753 -377545
1558731640753 -377541
1558731640753 -377537
1558731640753 -377536
1558731640753 -203273
1558731640753 -203272
1558731640753 -203271
1558731640753 -203270
1558731640753 -203264
1558731640753 -203253
1558731640753 -203250
1558731640753 -203246
1558731640753 -203236
1558731640753 -203236
1558731640753 -203235
1558731641045 -346528
1558731641045 -346526
1558731641045 -346524
1558731641045 -346524
1558731641045 -346524
1558731641045 -346522
1558731641045 -346521
1558731641045 -346521
1558731641045 -346519
1558731641045 -104919
1558731641045 -104918
1558731641045 -104917
1558731641045 -104916
1558731641045 -104916
1558731641045 -104916
1558731641045 -104915
1558731641045 -104912
1558731641045 -104909
1558731641045 -104908
1558731641045 -104905
1558731641045 -104904
1558731641045 -104903
1558731641045 -104901
1558731641045 -104900
1558731641045 -104888
1558731641045 -104888
1558731641045 -104885
1558731641045 -104882
1558731641045 -104878
1558731641045 -104877
1558731641045 -104876
1558731641045 -104876
1558731641045 -104873
1558731641045 -104870
1558731641045 -104867
1558731641045 -104867
1558731641045 -104866
1558731641045 -104862
1558731641045 -104861
1558731641045 -104861
1558731641045 -104856
1558731641045 -104854
1558731641045 -104846
1558731641045 -104844
1558731641045 -104844
1558731641045 -104841
1558731641045 -104838
1558731641045 -104838
1558731641045 -104837
1558731641045 -104834
1558731641045 -104827
1558731641045 -104823
1558731641045 -104820
1558731641045 -104820
1558731641045 -104820
1558731641045 -104819
1558731641045 -104819
1558731641045 -104819
1558731641045 -104817
1558731641045 -104816
1558731641045 -104815
1558731641045 -104815
1558731641045 -104815
1558731641045 -104814
1558731641045 -104814
1558731641045 -104812
1558731641045 -104808
1558731641045 -104804
1558731641045 -104804
1558731641045 -104743
1558731641045 -104742
1558731641045 -104742
1558731641045 -104741
1558731641045 -104739
1558731641045 -104721
1558731641045 -104718
1558731641045 -104716
1558731641045 -104712
1558731641045 -104710
1558731641045 -104710
1558731641045 -104709
1558731641045 -104705
1558731641045 -104700
1558731641045 -104696
1558731641045 -104696
1558731641045 -104692
1558731641045 -104691
1558731641045 -104690
1558731641045 -104687
1558731641045 -104685
1558731641045 -104619
1558731641045 -104618
1558731641045 -104617
1558731641045 -104615
1558731641045 -104615
1558731641045 -104615
1558731641045 -104614
1558731641045 -104613
1558731641045 -104610
1558731641045 -104610
