1558731548013 -785488
1558731548013 -785192
1558731548013 -785191
1558731548013 -785191
1558731548013 -785191
1558731548013 -785191
1558731548013 -783118
1558731548013 -783117
1558731548013 -783116
1558731548013 -783099
1558731548013 -783099
1558731548013 -783099
1558731548013 -782874
1558731548013 -782873
1558731548013 -782873
1558731548013 -782873
1558731548013 -782873
1558731548013 -782873
1558731548013 -782873
1558731548013 -782873
1558731548013 -780883
1558731548013 -780883
1558731643632 -419523
1558731643632 -419523
1558731643632 -417707
1558731643632 -417707
1558731643632 -417527
1558731643632 -417527
1558731643632 -417526
1558731643632 -417526
1558731643632 -417526
1558731643632 -417524
1558731643632 -417523
1558731643632 -417522
1558731643632 -417522
1558731643632 -417521
1558731643632 -417521
1558731643633 -417522
1558731643633 -416256
1558731643633 -416256
1558731643633 -416255
1558731643633 -416255
1558731643633 -416255
1558731643633 -416131
1558731643633 -416131
1558731643633 -416129
1558731643633 -414985
1558731643633 -414985
1558731643633 -414985
1558731643633 -414985
1558731643633 -414863
1558731643633 -414860
1558731643633 -414860
1558731643633 -414860
1558731643633 -414860
1558731643633 -414860
1558731643633 -414062
1558731643633 -414062
1558731643633 -419274
1558731643633 -419274
1558731643633 -418289
1558731643633 -417141
1558731643633 -417141
1558731643633 -417136
1558731643633 -417136
1558731643633 -417136
1558731643633 -416627
1558731643633 -415797
1558731643633 -415797
1558731643633 -415797
1558731643633 -415794
1558731643633 -415326
1558731643633 -415325
1558731643633 -415324
1558731643633 -415324
1558731643633 -415324
1558731643633 -415324
1558731643633 -415324
1558731643633 -415324
1558731643633 -415323
1558731643633 -415323
1558731643633 -415323
1558731643633 -415323
1558731643633 -415323
1558731643633 -415323
1558731643633 -415323
1558731643633 -415323
1558731643633 -415323
1558731643633 -414604
1558731643633 -414284
1558731643633 -414284
1558731643633 -414283
1558731643633 -414283
1558731643633 -414283
1558731643633 -414282
1558731643633 -414282
1558731643633 -414282
1558731643633 -414282
1558731643633 -414282
1558731643633 -418279
1558731643633 -418279
1558731643633 -418279
1558731643633 -417134
1558731643633 -417134
1558731643633 -417129
1558731643633 -416638
1558731643633 -416634
1558731643633 -416633
1558731643633 -416633
1558731643633 -415790
1558731643633 -415789
1558731643633 -415789
1558731643633 -415789
1558731643633 -415330
1558731643633 -415330
1558731643633 -415327
1558731643633 -415327
1558731643633 -415327
1558731643633 -414603
1558731643633 -414601
1558731643633 -414601
1558731643633 -414600
1558731643633 -414600
1558731643633 -414286
1558731643633 -414286
1558731643633 -414285
1558731643633 -418008
1558731643633 -418004
1558731643633 -418004
1558731643633 -417319
1558731643633 -417319
1558731643633 -417319
1558731643633 -417317
1558731643633 -417317
1558731643633 -417315
1558731643633 -417315
1558731643633 -416453
1558731643633 -416452
1558731643633 -416452
1558731643633 -415918
1558731643633 -415918
1558731643633 -415918
1558731643633 -415918
1558731643633 -415915
1558731643633 -415915
1558731643633 -415915
1558731643633 -415913
1558731643633 -415162
1558731643633 -415162
1558731643633 -415162
1558731643633 -415162
1558731643633 -415160
1558731643633 -415160
1558731643633 -414708
1558731643633 -414708
1558731643633 -414708
1558731643633 -414708
1558731643633 -414708
1558731643633 -414707
1558731643633 -414707
1558731643633 -414707
1558731643633 -414707
1558731643633 -414707
1558731643633 -414151
1558731643633 -414151
1558731643817 -414246
1558731643817 -414245
1558731643817 -414240
1558731643817 -414240
1558731643817 -414240
1558731643817 -414156
1558731643817 -414156
1558731643817 -414156
1558731643817 -414155
1558731643817 -414155
1558731643817 -414155
1558731643817 -414155
1558731643817 -414155
1558731643817 -414155
1558731643817 -413878
1558731643817 -408884
1558731643817 -408884
1558731643817 -408884
1558731643817 -408881
1558731643817 -408881
1558731643817 -408881
1558731643817 -408875
1558731643817 -408874
1558731643817 -408871
1558731643817 -408866
1558731643817 -408860
1558731643817 -408859
1558731643817 -408855
1558731643817 -408852
1558731643817 -408852
1558731643817 -408852
1558731643817 -408851
1558731643817 -408846
1558731643817 -408831
1558731643817 -408830
1558731643817 -408829
1558731643817 -408829
1558731643817 -408820
1558731643817 -408816
1558731643817 -408814
1558731643817 -408809
1558731643817 -408808
1558731643817 -408752
1558731643817 -408752
1558731643817 -408752
1558731643817 -408752
1558731643817 -408752
1558731643817 -408752
1558731643817 -408752
1558731643817 -408751
1558731643817 -408751
1558731643817 -408747
1558731643817 -408739
1558731643817 -408739
1558731643817 -408738
1558731643817 -408736
1558731643817 -408686
1558731643817 -408686
1558731643817 -408685
1558731643817 -408685
1558731643817 -408683
1558731643817 -408672
1558731643817 -408668
1558731643817 -408668
1558731643817 -408605
1558731643817 -408604
1558731643817 -408604
1558731643817 -408604
1558731643817 -408604
1558731643817 -408570
1558731643817 -408558
1558731643817 -408557
1558731643817 -408467
1558731643817 -408467
1558731643817 -408467
1558731643817 -408335
1558731643817 -408320
1558731643817 -408319
1558731643817 -408249
1558731643817 -408248
1558731643817 -408248
1558731643817 -408178
1558731643817 -408177
1558731643817 -408099
1558731643817 -408099
1558731643817 -408098
1558731643817 -408098
1558731643817 -408098
1558731643817 -408098
1558731643817 -408098
1558731643817 -408096
1558731643817 -408095
1558731643817 -408092
1558731643817 -408090
1558731643817 -408047
1558731643817 -408047
1558731643817 -408047
1558731643817 -408047
1558731643817 -407991
1558731643817 -407982
1558731643817 -407981
1558731643817 -407976
1558731643817 -407964
1558731643817 -407961
1558731643817 -407954
1558731643817 -407953
1558731643817 -407947
1558731643817 -407946
1558731643817 -407930
1558731643817 -407923
1558731643817 -407919
1558731643817 -407908
1558731643817 -407891
1558731643817 -407886
1558731643817 -407879
1558731643817 -407874
1558731643817 -407864
1558731643817 -407855
1558731643817 -407853
1558731643817 -407850
1558731643817 -407849
1558731643817 -407847
1558731643817 -407844
1558731643817 -407842
1558731643817 -407842
1558731643817 -407835
1558731643817 -407830
1558731643817 -407823
1558731643817 -407820
1558731643817 -407819
1558731643817 -407817
1558731643817 -407816
1558731643817 -407805
1558731643817 -407798
1558731643817 -407789
1558731643817 -407789
1558731643817 -407783
1558731643865 -414057
1558731643865 -414057
1558731643865 -414056
1558731643865 -414056
1558731643865 -414056
1558731643865 -414056
1558731643865 -413976
1558731643865 -413976
1558731643865 -413976
1558731643865 -413976
1558731643865 -413976
1558731643865 -391354
1558731643865 -391351
1558731643865 -391337
1558731643865 -391336
1558731643865 -391320
1558731643865 -391316
1558731643865 -391313
1558731643865 -391308
1558731643865 -391307
1558731643865 -391307
1558731643865 -391299
1558731643865 -391296
1558731643865 -391293
1558731643865 -391242
1558731643865 -391240
1558731643865 -391239
1558731643865 -391238
1558731643865 -391238
1558731643865 -391238
1558731643865 -391237
1558731643865 -391234
1558731643865 -391164
1558731643865 -391163
1558731643865 -391163
1558731643865 -391161
1558731643865 -391160
1558731643865 -391160
1558731643865 -391154
1558731643865 -391073
1558731643865 -391072
1558731643865 -391072
1558731643865 -391071
1558731643865 -391071
1558731643865 -391071
1558731643865 -391070
1558731643865 -390987
1558731643865 -390987
1558731643865 -390986
1558731643865 -390986
1558731643865 -390986
1558731643865 -390986
1558731643865 -390985
1558731643865 -390984
1558731643865 -390984
1558731643865 -390983
1558731643865 -390980
1558731643865 -390979
1558731643865 -390976
1558731643865 -390899
1558731643865 -390897
1558731643865 -390897
1558731643865 -390895
1558731643865 -390894
1558731643865 -390893
1558731643865 -390885
1558731643865 -390881
1558731643865 -390881
1558731643865 -390880
1558731643865 -390879
1558731643865 -390878
1558731643865 -390878
1558731643865 -390863
1558731643865 -390863
1558731643865 -390857
1558731643865 -390855
1558731643865 -390766
1558731643865 -390766
1558731643865 -390763
1558731643865 -390762
1558731643865 -390754
1558731643865 -390752
1558731643865 -390752
1558731643865 -390750
1558731643865 -390749
1558731643865 -390748
1558731643865 -390743
1558731643865 -390743
1558731643865 -390741
1558731643865 -390739
1558731643865 -390738
1558731643865 -390736
1558731643865 -390735
1558731643865 -390679
1558731643865 -390679
1558731643865 -390677
1558731643865 -390675
1558731643865 -390673
1558731643865 -390671
1558731643865 -390671
1558731643865 -390670
1558731643865 -390669
1558731643865 -390668
1558731643865 -390668
1558731643865 -390668
1558731643865 -414517
1558731643865 -414517
1558731643865 -414517
1558731643865 -414055
1558731643865 -414055
1558731643865 -414055
1558731643865 -414055
1558731643865 -414055
1558731643865 -414054
1558731643865 -390366
1558731643865 -390364
1558731643865 -390363
1558731643865 -390363
1558731643865 -390361
1558731643865 -390360
1558731643865 -390356
1558731643865 -390353
1558731643865 -390353
1558731643865 -390346
1558731643865 -390346
1558731643865 -390345
1558731643865 -390345
1558731643865 -390231
1558731643865 -390231
1558731643865 -390230
1558731643865 -390230
1558731643865 -390229
1558731643865 -390222
1558731643865 -390215
1558731643865 -390178
1558731643865 -390178
1558731643865 -390178
1558731643865 -390177
1558731643865 -390106
1558731643865 -390105
1558731643865 -390104
1558731643865 -390102
1558731643865 -390017
1558731643865 -390016
1558731643865 -414380
1558731643865 -414380
1558731643865 -414091
1558731643865 -414091
1558731643865 -414091
1558731643865 -414091
1558731643865 -414091
1558731643865 -414091
1558731643865 -414091
1558731643865 -385830
1558731643865 -385829
1558731643865 -385797
1558731643865 -385794
1558731643865 -385792
1558731643865 -385789
1558731643865 -385789
1558731643865 -385785
1558731643865 -385783
1558731643865 -385774
1558731643865 -385771
1558731643865 -385765
1558731643865 -385764
1558731643865 -385762
1558731643865 -385762
1558731643865 -385761
1558731643865 -385696
1558731643865 -385695
1558731643865 -385693
1558731643865 -385692
1558731643865 -385688
1558731643865 -385683
1558731643865 -385615
1558731643865 -385614
1558731643865 -385614
1558731643865 -385614
1558731643865 -385613
1558731643865 -385613
1558731643865 -385612
1558731643865 -385607
1558731643865 -385602
1558731643865 -385602
1558731643865 -385600
1558731643865 -385598
1558731643865 -385597
1558731643865 -385597
1558731643865 -385596
1558731643865 -385594
1558731643865 -385593
1558731643865 -385592
1558731643865 -385586
1558731643865 -385584
1558731643865 -385584
1558731643865 -385584
1558731643865 -385583
1558731643865 -385581
1558731643865 -385482
1558731643865 -385481
1558731643865 -385480
1558731643865 -385476
1558731643865 -385393
1558731643865 -385393
1558731643865 -385391
1558731643865 -385386
1558731643865 -385386
1558731643865 -385383
1558731643865 -385378
1558731643865 -385375
1558731643865 -385373
1558731643865 -385371
1558731643865 -385368
1558731643865 -385363
1558731643865 -385363
1558731643865 -385362
1558731643865 -385362
1558731643865 -385353
1558731643865 -385303
1558731643865 -385302
1558731643865 -385301
1558731643865 -385299
1558731643865 -385298
1558731643865 -385297
1558731643865 -385296
1558731643865 -385294
1558731643865 -385290
1558731643865 -385282
1558731643865 -385214
1558731643865 -385212
1558731643865 -385211
1558731643865 -385208
1558731643865 -385204
1558731643865 -385204
1558731643865 -385198
1558731643865 -385193
1558731643865 -385191
1558731643865 -385190
1558731643865 -385189
1558731643865 -385189
1558731643865 -385188
1558731643865 -385131
1558731643865 -385129
1558731643865 -385127
1558731643865 -385125
1558731643865 -385120
1558731643865 -385116
1558731643865 -385116
1558731643865 -385115
1558731643866 -385114
1558731643866 -385113
1558731643866 -385110
1558731643866 -385109
1558731643866 -385106
1558731643866 -385105
1558731643866 -385103
1558731643866 -385103
1558731643866 -385101
1558731643866 -385098
1558731643866 -385095
1558731643866 -385094
1558731643866 -385094
1558731644238 -408196
1558731644238 -408194
1558731644238 -408193
1558731644238 -408189
1558731644238 -342843
1558731644238 -342842
1558731644238 -342841
1558731644238 -342841
1558731644238 -342841
1558731644238 -342839
1558731644238 -342837
1558731644238 -342835
1558731644238 -342830
1558731644238 -342830
1558731644238 -342827
1558731644238 -342825
1558731644238 -342813
1558731644238 -342811
1558731644238 -342808
1558731644238 -342808
1558731644238 -342805
1558731644238 -342805
1558731644238 -342802
1558731644238 -342799
1558731644238 -342793
1558731644238 -342792
1558731644238 -342792
1558731644238 -342791
1558731644238 -342787
1558731644238 -342776
1558731644238 -342775
1558731644238 -342772
1558731644238 -342770
1558731644238 -342765
1558731644238 -342757
1558731644238 -342756
1558731644238 -342754
1558731644238 -342754
1558731644238 -342747
1558731644238 -342741
1558731644238 -342735
1558731644238 -342733
1558731644238 -342733
1558731644238 -342731
1558731644238 -342648
1558731644238 -342643
1558731644238 -342642
1558731644238 -342642
1558731644238 -342639
1558731644238 -342636
1558731644238 -342634
1558731644238 -342632
1558731644238 -342632
1558731644238 -342632
1558731644238 -342631
1558731644238 -342623
1558731644238 -342622
1558731644239 -342622
1558731644239 -342616
1558731644239 -342616
1558731644239 -342615
1558731644239 -342614
1558731644239 -342614
1558731644239 -342613
1558731644239 -342613
1558731644239 -342561
1558731644239 -342561
1558731644239 -342561
1558731644239 -342560
1558731644239 -342560
1558731644239 -342560
1558731644239 -342560
1558731644239 -342559
1558731644239 -342559
1558731644239 -342557
1558731644239 -342557
1558731644239 -342557
1558731644239 -342556
1558731644239 -342554
1558731644239 -342554
1558731644239 -342549
1558731644239 -342549
1558731644239 -342545
1558731644239 -342544
1558731644239 -342544
1558731644239 -342543
1558731644239 -342538
1558731644239 -342471
1558731644385 -340935
1558731644385 -266748
1558731644385 -266745
1558731644385 -266741
1558731644385 -266736
1558731644385 -266735
1558731644385 -266733
1558731644385 -266729
1558731644385 -266728
1558731644385 -266728
1558731644385 -266727
1558731644385 -266723
1558731644385 -266723
1558731644385 -266723
1558731644385 -266723
1558731644385 -266718
1558731644385 -266717
1558731644385 -266716
1558731644385 -266716
1558731644385 -266713
1558731644385 -266712
1558731644385 -266711
1558731644385 -266709
1558731644385 -266708
1558731644385 -266707
1558731644385 -266705
1558731644385 -266704
1558731644385 -266702
1558731644385 -266695
1558731644385 -266695
1558731644385 -266695
1558731644385 -266694
1558731644385 -266691
1558731644385 -266690
1558731644385 -266686
1558731644385 -266685
1558731644385 -266683
1558731644385 -266681
1558731644385 -266679
1558731644385 -266676
1558731644385 -266675
1558731644385 -266673
1558731644385 -266665
1558731644385 -266663
1558731644385 -266661
1558731644385 -266660
1558731644385 -266652
1558731644385 -266652
1558731644385 -266652
1558731644385 -266651
1558731644406 -266670
1558731644406 -266670
1558731644406 -266670
1558731644406 -266668
1558731644406 -266667
1558731644406 -266667
1558731644406 -266659
1558731644406 -266658
1558731644406 -266658
1558731644406 -266548
1558731644406 -266546
1558731644406 -266544
1558731644406 -266543
1558731644406 -266543
1558731644406 -266540
1558731644406 -266539
1558731644406 -266538
1558731644406 -266535
1558731644406 -266534
1558731644406 -266533
1558731644406 -266533
1558731644406 -266532
1558731644406 -266527
1558731644406 -266526
1558731644406 -266522
1558731644406 -266518
1558731644406 -266518
1558731644406 -266516
1558731644406 -266516
1558731644406 -266515
1558731644406 -266514
1558731644406 -266513
1558731644406 -266458
1558731644406 -266452
1558731644406 -266452
1558731644406 -266451
1558731644406 -266451
1558731644406 -266451
1558731644406 -266448
1558731644406 -266448
1558731644406 -266445
1558731644406 -266444
1558731644406 -266444
1558731644406 -266431
1558731644406 -266431
1558731644406 -266431
1558731644406 -266370
1558731644406 -390554
1558731644406 -390553
1558731644406 -390549
1558731644407 -390548
1558731644407 -390547
1558731644407 -390543
1558731644407 -390542
1558731644407 -390541
1558731644407 -261507
1558731644407 -261505
1558731644407 -261503
1558731644407 -261501
1558731644407 -261501
1558731644407 -261496
1558731644407 -261489
1558731644407 -261488
1558731644407 -261485
1558731644407 -261485
1558731644407 -261481
1558731644407 -261480
1558731644407 -261479
1558731644407 -261476
1558731644407 -261476
1558731644407 -261473
1558731644407 -261468
1558731644407 -261466
1558731644407 -261466
1558731644407 -261466
1558731644407 -261465
1558731644407 -261460
1558731644407 -261456
1558731644407 -261455
1558731644407 -261454
1558731644407 -261450
1558731644407 -261444
1558731644407 -261444
1558731644407 -261441
1558731644407 -261437
1558731644407 -261437
1558731644407 -261433
1558731644407 -261433
1558731644407 -261432
1558731644407 -261430
1558731644407 -261430
1558731644407 -261428
1558731644407 -261427
1558731644407 -261421
1558731644407 -261420
1558731644407 -261419
1558731644407 -261418
1558731644407 -261418
1558731644407 -261417
1558731644407 -261413
1558731644407 -261412
1558731644407 -261346
1558731644407 -261342
1558731644407 -261339
1558731644407 -261339
1558731644407 -261336
1558731644407 -261335
1558731644407 -261329
1558731644407 -261328
1558731644407 -261324
1558731644407 -261323
1558731644407 -261319
1558731644407 -261317
1558731644407 -261312
1558731644407 -261311
1558731644407 -261309
1558731644407 -261305
1558731644407 -261303
1558731644407 -261297
1558731644408 -261298
1558731644408 -261292
1558731644408 -261288
1558731644408 -261288
1558731644408 -261287
1558731644408 -261284
1558731644408 -261283
1558731644408 -261282
1558731644408 -261277
1558731644408 -261277
1558731644408 -261273
1558731644408 -261271
1558731644408 -261271
1558731644408 -261213
1558731644408 -261210
1558731644408 -261204
1558731644409 -261202
1558731644409 -261201
1558731644409 -261201
1558731644409 -261200
1558731644409 -261200
1558731644409 -261199
1558731644409 -261188
1558731644409 -261185
1558731644409 -261184
1558731644409 -261183
1558731644409 -261180
1558731644409 -261124
1558731644409 -261122
1558731644409 -261121
1558731644409 -261121
1558731644409 -261121
1558731644409 -261119
1558731644409 -261118
1558731644409 -261112
1558731644409 -261103
1558731644409 -261100
1558731644409 -261098
1558731644409 -261096
1558731644409 -261094
1558731644409 -261092
1558731644409 -261089
1558731644409 -261089
1558731644409 -261088
1558731644409 -261086
1558731644409 -261084
1558731644409 -261083
1558731644409 -261080
1558731644409 -261077
1558731644409 -261076
1558731644409 -261074
1558731644409 -261073
1558731644409 -261071
1558731644409 -261071
1558731644409 -261070
1558731644409 -261069
1558731644409 -261069
1558731644409 -261066
1558731644409 -261065
1558731644409 -261062
1558731644409 -261061
1558731644409 -261060
1558731644409 -261058
1558731644409 -261057
1558731644409 -261055
1558731644409 -261054
1558731644409 -261054
1558731644409 -261052
1558731644409 -261051
1558731644409 -261050
1558731644409 -261049
1558731644409 -261048
1558731644409 -261047
1558731644409 -261047
1558731644409 -261044
1558731644409 -261043
1558731644409 -260975
1558731644409 -260971
1558731644409 -260967
1558731644409 -260966
1558731644409 -260965
1558731644409 -260965
1558731644449 -261003
1558731644449 -261002
1558731644449 -261000
1558731644449 -260999
1558731644449 -260999
1558731644449 -260998
1558731644449 -260996
1558731644449 -260994
1558731644449 -260992
1558731644449 -260992
1558731644449 -260992
1558731644449 -260989
1558731644449 -260926
1558731644449 -260926
1558731644449 -260923
1558731644450 -385675
1558731644450 -385670
1558731644450 -232448
1558731644450 -232446
1558731644450 -232446
1558731644450 -232446
1558731644450 -232445
1558731644450 -232445
1558731644450 -232440
1558731644450 -232438
1558731644450 -232435
1558731644450 -232435
1558731644450 -232429
1558731644450 -232429
1558731644450 -232421
1558731644450 -232418
1558731644450 -232417
1558731644450 -232416
1558731644450 -232416
1558731644450 -232414
1558731644450 -232412
1558731644450 -232411
1558731644450 -232410
1558731644450 -232408
1558731644450 -232408
1558731644450 -232404
1558731644450 -232399
1558731644450 -232398
1558731644450 -232393
1558731644450 -232392
1558731644450 -232384
1558731644450 -232383
1558731644450 -232383
1558731644450 -232382
1558731644450 -232380
1558731644450 -232380
1558731644450 -232380
1558731644450 -232379
1558731644450 -232379
1558731644450 -232379
1558731644451 -232379
1558731644451 -232378
1558731644451 -232370
1558731644451 -232366
1558731644451 -232362
1558731644451 -232360
1558731644451 -232360
1558731644451 -232358
1558731644451 -232355
1558731644451 -232353
1558731644451 -232352
1558731644451 -232351
1558731644451 -232349
1558731644451 -232349
1558731644451 -232348
1558731644451 -232343
1558731644451 -232340
1558731644451 -232260
1558731644451 -232259
1558731644451 -232257
1558731644451 -232256
1558731644451 -232255
1558731644451 -232254
1558731644451 -232253
1558731644451 -232252
