1558731303471 -540844
1558731303471 -540844
1558731303471 -540844
1558731303471 -540843
1558731303471 -540843
1558731303471 -540843
1558731303471 -540843
1558731303471 -540735
1558731303471 -540733
1558731303471 -540733
1558731303471 -540732
1558731303471 -540732
1558731303471 -540732
1558731303471 -540732
1558731303471 -540732
1558731547867 -782933
1558731547867 -782933
1558731547867 -782933
1558731547867 -782933
1558731547867 -782932
1558731547867 -782932
1558731547867 -782932
1558731547867 -782806
1558731547867 -782802
1558731547867 -782802
1558731547867 -780684
1558731547867 -780682
1558731547867 -780682
1558731547867 -780598
1558731547867 -780598
1558731547867 -780597
1558731547867 -780597
1558731547867 -780597
1558731547867 -779077
1558731547867 -779077
1558731547867 -779029
1558731547867 -779029
1558731547867 -779026
1558731547867 -778205
1558731547867 -778205
1558731547867 -778205
1558731547867 -778205
1558731547867 -778205
1558731547867 -778205
1558731640853 -878926
1558731640853 -878926
1558731640853 -878925
1558731640853 -878925
1558731640853 -877453
1558731640853 -877453
1558731640853 -876479
1558731640853 -876479
1558731640853 -876478
1558731640853 -875195
1558731640853 -875195
1558731640853 -875194
1558731640853 -875194
1558731640853 -874237
1558731640853 -874235
1558731640853 -874235
1558731640853 -874235
1558731640853 -874235
1558731640853 -873106
1558731640853 -873103
1558731640853 -872489
1558731640853 -416696
1558731640853 -416696
1558731640853 -416696
1558731640853 -416696
1558731640853 -416696
1558731640853 -416696
1558731640853 -416696
1558731640853 -416695
1558731641125 -415252
1558731641125 -415252
1558731641125 -415252
1558731641125 -415252
1558731641125 -415251
1558731641125 -415251
1558731641125 -415251
1558731641125 -415251
1558731641125 -415251
1558731641125 -414962
1558731641125 -414960
1558731641125 -414959
1558731641125 -414958
1558731641125 -414958
1558731641125 -414958
1558731641125 -413794
1558731641125 -413794
1558731641125 -413794
1558731641125 -413794
1558731641125 -413793
1558731641125 -413793
1558731641125 -413580
1558731641125 -413580
1558731641125 -413579
1558731641125 -413578
1558731641125 -412538
1558731641125 -412538
1558731641125 -412538
1558731641125 -412538
1558731641125 -412538
1558731641125 -412538
1558731641125 -412536
1558731641125 -412536
1558731641125 -412535
1558731641125 -412328
1558731641125 -412328
1558731641125 -412328
1558731641125 -412326
1558731641125 -412326
1558731641125 -412326
1558731641125 -412325
1558731641125 -412325
1558731641361 -411813
1558731641361 -411813
1558731641361 -411813
1558731641361 -411813
1558731641361 -411631
1558731641361 -411631
1558731641361 -411631
1558731641361 -411631
1558731641361 -411631
1558731641361 -411630
1558731641361 -411630
1558731641361 -411630
1558731641361 -411630
1558731641361 -411427
1558731641361 -398456
1558731641361 -398454
1558731641361 -398452
1558731641361 -398450
1558731641398 -398461
1558731641398 -398461
1558731641398 -398461
1558731641398 -398461
1558731641398 -398460
1558731641398 -398460
1558731641398 -398460
1558731641398 -398460
1558731641398 -398460
1558731641398 -398416
1558731641398 -398415
1558731641398 -398413
1558731641398 -398402
1558731641398 -398335
1558731641398 -398333
1558731641398 -398332
1558731641398 -398330
1558731641398 -398327
1558731641398 -398245
1558731641398 -398244
1558731641398 -398236
1558731641398 -398235
1558731641398 -398235
1558731641398 -398235
1558731641398 -398228
1558731641398 -398228
1558731641398 -398226
1558731641398 -398225
1558731641398 -398224
1558731641398 -398223
1558731641398 -398220
1558731641398 -398219
1558731641888 -398709
1558731641888 -398708
1558731641888 -398705
1558731641888 -398704
1558731641888 -338756
1558731641888 -338755
1558731641888 -338727
1558731641888 -338725
1558731641888 -338724
1558731641888 -338720
1558731641888 -338432
1558731641888 -338432
1558731641888 -338432
1558731641888 -338431
1558731641888 -311728
1558731641888 -311722
1558731641888 -311717
1558731641888 -311716
1558731641888 -311716
1558731641888 -311708
1558731641888 -311708
1558731641888 -311707
1558731641888 -311702
1558731641888 -311698
1558731641888 -311693
1558731641889 -311694
1558731641889 -311693
1558731641889 -311692
1558731641889 -311691
1558731641891 -311690
1558731641891 -311689
1558731641891 -311686
1558731641891 -311685
1558731641891 -311683
1558731641891 -311678
1558731641891 -311676
1558731641891 -311675
1558731641891 -311674
1558731641891 -311673
1558731641918 -311697
1558731641918 -311691
1558731641918 -311689
1558731641918 -311681
1558731641918 -311678
1558731641997 -311755
1558731641997 -311753
1558731641997 -311752
1558731641997 -311751
1558731641997 -311751
1558731641997 -311658
1558731641997 -311656
1558731641997 -311652
1558731641997 -311651
1558731641997 -311648
1558731641997 -311647
1558731641997 -311645
1558731641997 -311634
1558731641997 -311632
1558731641997 -311632
1558731641997 -311629
1558731641997 -311626
1558731641997 -311535
1558731641997 -311532
1558731641997 -311531
1558731641997 -311522
1558731641997 -311520
1558731641997 -311513
1558731641997 -311513
1558731641997 -311511
1558731641997 -311510
1558731641997 -311509
1558731641997 -311506
1558731641997 -311505
1558731641997 -311501
1558731641997 -311497
1558731641997 -311446
1558731641997 -311445
1558731641997 -311445
1558731641997 -311444
1558731641997 -311444
1558731641997 -311443
1558731641997 -311442
1558731641997 -311435
1558731641997 -311434
1558731641997 -311433
1558731641997 -311433
1558731641997 -311433
1558731641997 -311432
1558731641997 -311430
1558731641997 -311424
1558731641997 -311423
1558731641997 -311422
1558731641997 -311421
1558731641997 -311358
1558731641997 -311352
1558731641997 -311351
1558731641997 -311350
1558731641997 -311349
1558731641997 -311349
1558731641997 -311348
1558731641997 -311345
1558731641997 -311341
1558731641997 -311338
1558731641997 -311336
1558731641997 -311335
1558731641997 -311332
1558731641997 -311331
1558731641997 -311330
1558731641997 -311328
1558731641997 -311271
1558731641997 -311270
1558731641997 -311269
1558731641997 -311268
1558731641997 -311268
1558731641997 -311267
1558731641997 -311267
1558731641997 -311266
1558731641997 -311264
1558731641997 -311263
1558731641997 -311262
1558731641997 -311260
1558731641997 -311258
1558731641997 -311256
1558731641997 -311255
1558731641997 -311255
1558731641997 -311253
1558731641997 -311249
1558731641997 -311240
1558731641997 -311240
1558731641997 -311239
1558731641997 -311238
1558731641997 -311178
1558731641997 -311177
1558731641997 -311176
1558731641997 -311169
1558731641997 -311168
1558731641997 -311167
1558731641997 -311166
1558731641997 -311165
