1558731645905 -883882
1558731645905 -883880
1558731645905 -883880
1558731645905 -883880
1558731645905 -883878
1558731645905 -883878
1558731645905 -882603
1558731645905 -882603
1558731645905 -882602
1558731645905 -882602
1558731645905 -882602
1558731645905 -882602
1558731645905 -882602
1558731645905 -882602
1558731645905 -881412
1558731645905 -881412
1558731645905 -881410
1558731645905 -881409
1558731645905 -880368
1558731645905 -880368
1558731645905 -880368
1558731645905 -880368
1558731645905 -880367
1558731645905 -880367
1558731645905 -880366
1558731645905 -879182
1558731645905 -879182
1558731645905 -879182
1558731645905 -879182
1558731645905 -879181
1558731645905 -879181
1558731645905 -879181
1558731645905 -878236
1558731645905 -878235
1558731645905 -878235
1558731645905 -878235
1558731645905 -878234
1558731645905 -878234
1558731645905 -878234
1558731647301 -422940
1558731647301 -422940
1558731647301 -422940
1558731647301 -421889
1558731647301 -421888
1558731647301 -421888
1558731647301 -421885
1558731647301 -420818
1558731647301 -420816
1558731647301 -420284
1558731647301 -420284
1558731647301 -420283
1558731647301 -420282
1558731647301 -420282
1558731647301 -420282
1558731647301 -420281
1558731647301 -420281
1558731647301 -419474
1558731647301 -419474
1558731647301 -419472
1558731647301 -419471
1558731647301 -418985
1558731647301 -418985
1558731647301 -418985
1558731647301 -418984
1558731647301 -418984
1558731647301 -418983
1558731647301 -418982
1558731647301 -418982
1558731647301 -418982
1558731647301 -418982
1558731647301 -418283
1558731647301 -418282
1558731647301 -418282
1558731647301 -418281
1558731647301 -418280
1558731647301 -418280
1558731647301 -418280
1558731647301 -417944
1558731647301 -417944
1558731647301 -417944
1558731647301 -417944
1558731647301 -417943
1558731647814 -418009
1558731647814 -418009
1558731647814 -418009
1558731647814 -418008
1558731647814 -418008
1558731647814 -418008
1558731647814 -418007
1558731647814 -418007
1558731647814 -417923
1558731647814 -417923
1558731647814 -417922
1558731647814 -374062
1558731647814 -374061
1558731647814 -374060
1558731647814 -374060
1558731647814 -374056
1558731647814 -374053
1558731647814 -374050
1558731647814 -374038
1558731647814 -374037
1558731647814 -374037
1558731647814 -374033
1558731647814 -374031
1558731647814 -374024
1558731647814 -374023
1558731647814 -374017
1558731647814 -374015
1558731647814 -374012
1558731647814 -374007
1558731647814 -374006
1558731647814 -374004
1558731647814 -374002
1558731647814 -374001
1558731647814 -373999
1558731647814 -373996
1558731647814 -373995
1558731647814 -373987
1558731647814 -373985
1558731647814 -373982
1558731647814 -373982
1558731647814 -373980
1558731647814 -373979
1558731647814 -373979
1558731647814 -373917
1558731647814 -373916
1558731647814 -373915
1558731647814 -373914
1558731647814 -373912
1558731647814 -373911
1558731647814 -373909
1558731647814 -373909
1558731647814 -373908
1558731647814 -373836
1558731647814 -373835
1558731647814 -373834
1558731647814 -373832
1558731647814 -373832
1558731647814 -373830
1558731647814 -373830
1558731647814 -373828
1558731647814 -373748
1558731647814 -373744
1558731647814 -373742
1558731647814 -373740
1558731647814 -373731
1558731647814 -373657
1558731647814 -373654
1558731647814 -373651
1558731647814 -373650
1558731647814 -373646
1558731647814 -373643
1558731647814 -373642
1558731647814 -373641
1558731647815 -373570
1558731647815 -373569
1558731647815 -373565
1558731647815 -373562
1558731647815 -373557
1558731647815 -373553
1558731647815 -373542
1558731647815 -373539
1558731647815 -373537
1558731647815 -373533
1558731647815 -373436
1558731647815 -373432
1558731647815 -373432
1558731647815 -373429
1558731647815 -373429
1558731647815 -373428
1558731647815 -373424
1558731647815 -373424
1558731647815 -373421
1558731647815 -373415
1558731647815 -373413
1558731647815 -373410
1558731647815 -373408
1558731647815 -373405
1558731647815 -373403
1558731647815 -373403
1558731647815 -373401
1558731647815 -373401
1558731647815 -373309
1558731647815 -373307
1558731647815 -373307
1558731647815 -373307
1558731647815 -373306
1558731647815 -373305
1558731647815 -373304
1558731647815 -373303
1558731647815 -373302
1558731647815 -373302
1558731647815 -373300
1558731647815 -373300
1558731647815 -373300
1558731647815 -373300
1558731647815 -373299
1558731647815 -373298
1558731647815 -373296
1558731647815 -373294
1558731647815 -373292
1558731647815 -373292
1558731647815 -373290
1558731647815 -373285
1558731647815 -373283
1558731647815 -373282
1558731647815 -373280
1558731647815 -373280
1558731647815 -373277
1558731647815 -373273
1558731647815 -373272
1558731647815 -373272
1558731647815 -373270
1558731647815 -373270
1558731647815 -373222
1558731647815 -373221
1558731647815 -373220
1558731647815 -373220
1558731647815 -373219
1558731647815 -373212
1558731647815 -373210
1558731647815 -373209
1558731647815 -373206
1558731647815 -373206
1558731647815 -373201
1558731647815 -373198
1558731647815 -373198
1558731647815 -373198
1558731647815 -373195
1558731647815 -373126
1558731647815 -373124
1558731647815 -373121
1558731647815 -373120
1558731647815 -373119
1558731647815 -373119
1558731647815 -373118
1558731647815 -373118
1558731647815 -373118
1558731647815 -373115
1558731647815 -373115
1558731647815 -373115
1558731647815 -373114
1558731647815 -373113
1558731647815 -373111
1558731647815 -373111
1558731647815 -373110
1558731647815 -373107
1558731647815 -373107
1558731647815 -373106
1558731647815 -373105
1558731647815 -373103
1558731647815 -373100
1558731647815 -373094
1558731647815 -373093
1558731647815 -373089
1558731648196 -373467
1558731648196 -373461
1558731648196 -171737
1558731648196 -171735
1558731648196 -171735
1558731648196 -171732
1558731648196 -171732
1558731648196 -171729
1558731648196 -171724
1558731648196 -171723
1558731648196 -171722
1558731648196 -171722
1558731648196 -171721
1558731648196 -171715
1558731648196 -171715
1558731648196 -171714
1558731648196 -171712
1558731648196 -171708
1558731648196 -171708
1558731648196 -171708
1558731648196 -171707
1558731648196 -171706
1558731648196 -171704
1558731648196 -171699
1558731648196 -171698
1558731648196 -171697
1558731648196 -171696
1558731648196 -171696
1558731648196 -171691
1558731648196 -171690
1558731648196 -171690
1558731648196 -171690
1558731648196 -171690
1558731648196 -171689
1558731648196 -171688
1558731648196 -171685
1558731648196 -171685
1558731648196 -171685
1558731648196 -171679
1558731648196 -171679
1558731648196 -171679
1558731648196 -171676
1558731648196 -171675
1558731648196 -171670
1558731648196 -171670
1558731648196 -171668
1558731648196 -171668
1558731648196 -171666
1558731648196 -171665
1558731648232 -171700
1558731648232 -171700
1558731648232 -171699
1558731648232 -171693
1558731648232 -171691
1558731648232 -171690
1558731648232 -171687
