1558731303097 -540760
1558731303097 -540760
1558731303097 -540760
1558731303097 -540759
1558731303097 -540759
1558731303097 -540759
1558731303097 -540759
1558731303097 -540098
1558731303097 -540096
1558731303097 -540096
1558731303097 -540094
1558731303097 -538353
1558731303097 -538353
1558731303097 -538353
1558731303097 -538353
1558731303097 -538353
1558731303097 -538352
1558731303097 -538352
1558731303097 -538352
1558731303097 -538352
1558731303097 -538352
1558731303097 -538352
1558731303097 -538352
1558731303097 -538352
1558731303097 -538351
1558731303097 -538351
1558731303097 -538351
1558731303097 -537789
1558731303097 -537789
1558731303097 -537789
1558731303097 -537789
1558731303097 -537789
1558731303097 -536138
1558731303097 -536138
1558731548407 -780941
1558731548407 -780941
1558731548407 -780941
1558731548407 -780941
1558731548407 -780940
1558731548407 -780940
1558731548407 -779814
1558731548407 -779814
1558731548407 -779813
1558731548407 -779813
1558731548407 -779813
1558731548407 -779813
1558731548407 -779811
1558731548407 -779120
1558731548407 -779120
1558731548407 -779120
1558731548407 -778789
1558731548407 -778789
1558731548407 -778787
1558731548407 -778785
1558731548407 -778785
1558731548407 -778785
1558731548407 -778785
1558731548407 -778706
1558731548407 -778705
1558731548407 -778614
1558731548407 -778614
1558731548407 -778614
1558731548407 -778610
1558731548407 -778610
1558731548407 -778610
1558731643524 -419439
1558731643524 -419439
1558731643524 -419439
1558731643525 -417572
1558731643525 -417572
1558731643525 -417569
1558731643525 -417569
1558731643525 -417567
1558731643525 -417437
1558731643525 -417435
1558731643525 -416121
1558731643525 -416121
1558731643525 -416121
1558731643525 -416121
1558731643525 -416119
1558731643525 -416119
1558731643525 -416041
1558731643525 -416041
1558731643525 -416041
1558731643525 -416041
1558731643525 -416039
1558731643525 -416038
1558731643525 -414860
1558731643525 -414860
1558731643525 -414860
1558731643525 -414860
1558731643525 -414860
1558731643525 -414860
1558731643525 -414859
1558731643525 -414859
1558731643525 -414859
1558731643525 -414859
1558731643525 -414786
1558731643525 -414786
1558731643525 -414785
1558731643525 -414781
1558731643525 -413927
1558731643525 -413927
1558731643525 -413927
1558731643525 -413926
1558731643525 -413926
1558731643525 -413926
1558731643525 -413924
1558731643525 -413885
1558731643525 -413884
1558731643617 -413976
1558731643617 -413976
1558731643617 -413976
1558731643617 -413976
1558731643617 -413975
1558731643617 -413668
1558731643617 -413668
1558731643617 -413668
1558731643617 -413668
1558731643617 -413668
1558731643617 -413667
1558731643617 -399041
1558731643617 -399041
1558731643617 -399041
1558731643617 -399041
1558731643617 -399039
1558731643617 -399030
1558731643617 -399030
1558731643617 -399024
1558731643617 -399024
1558731643617 -399020
1558731643617 -399020
1558731643617 -399018
1558731643617 -399018
1558731643617 -399017
1558731643617 -399017
1558731643617 -399016
1558731643617 -399012
1558731643617 -399012
1558731643617 -399012
1558731643617 -399011
1558731643617 -398951
1558731643617 -398950
1558731643617 -398950
1558731643617 -398950
1558731643617 -398947
1558731643617 -398946
1558731643617 -398944
1558731643617 -398941
1558731643617 -398940
1558731643617 -398872
1558731643617 -398871
1558731643617 -398870
1558731643617 -398869
1558731643617 -398869
1558731643617 -398869
1558731643617 -398869
1558731643617 -398868
1558731643617 -398866
1558731643617 -398862
1558731643617 -398856
1558731643617 -398855
1558731643617 -398842
1558731643617 -398840
1558731643617 -398819
1558731643617 -398816
1558731643617 -398740
1558731643617 -398739
1558731643617 -398739
1558731643617 -398738
1558731643617 -398738
1558731643617 -398738
1558731643617 -398737
1558731643617 -398736
1558731643617 -398736
1558731643617 -398735
1558731643617 -398734
1558731643617 -398732
1558731643617 -398724
1558731643617 -398721
1558731643617 -398721
1558731643617 -398720
1558731643617 -398719
1558731643617 -398716
1558731643617 -398714
1558731643617 -398711
1558731643617 -398703
1558731643617 -398702
1558731643617 -398696
1558731643617 -398694
1558731643617 -398644
1558731643617 -398642
1558731643617 -398640
1558731643617 -398640
1558731643617 -398640
1558731643617 -398629
1558731643617 -398622
1558731643617 -398620
1558731643617 -398617
1558731643617 -398616
1558731643617 -398615
1558731643617 -398614
1558731643617 -398611
1558731643617 -340470
1558731643617 -340469
1558731644173 -341013
1558731644173 -340996
1558731644173 -340995
1558731644173 -340719
1558731644173 -340719
1558731644173 -308445
1558731644173 -308445
1558731644173 -308445
1558731644173 -308445
1558731644173 -308445
1558731644173 -308444
1558731644173 -308444
1558731644173 -308444
1558731644173 -308443
1558731644173 -308438
1558731644173 -308438
1558731644173 -308435
1558731644173 -308427
1558731644173 -308421
1558731644173 -308421
1558731644173 -308417
1558731644173 -308416
1558731644173 -308405
1558731644173 -308404
1558731644173 -308399
1558731644173 -308398
1558731644173 -308392
1558731644173 -308390
1558731644173 -308389
1558731644173 -308388
1558731644173 -308387
1558731644173 -308378
1558731644173 -308376
1558731644173 -308369
1558731644173 -308369
1558731644173 -308367
1558731644173 -308365
1558731644173 -308364
1558731644173 -308363
1558731644173 -308362
1558731644173 -308362
1558731644173 -308360
1558731644173 -308359
1558731644173 -308358
1558731644173 -308352
1558731644173 -308351
1558731644173 -308350
1558731644173 -308344
1558731644173 -308342
1558731644173 -308342
1558731644173 -308340
1558731644173 -308338
1558731644173 -308327
1558731644173 -308325
1558731644173 -308323
1558731644173 -308319
1558731644173 -308318
1558731644173 -308314
1558731644173 -308312
1558731644173 -308311
1558731644173 -308309
1558731644173 -308308
1558731644173 -308307
1558731644173 -308305
1558731644173 -308302
1558731644173 -308299
1558731644173 -308203
1558731644173 -308203
1558731644173 -308202
1558731644173 -308196
1558731644173 -308194
1558731644173 -308193
1558731644173 -308193
1558731644173 -308188
1558731644173 -308188
1558731644173 -308188
1558731644173 -308179
1558731644173 -308178
1558731644173 -308119
1558731644173 -308109
1558731644173 -308107
1558731644173 -308103
1558731644173 -308102
1558731644173 -308099
1558731644173 -308098
1558731644173 -308098
1558731644173 -308096
1558731644173 -308096
1558731644173 -308092
1558731644173 -308089
1558731644173 -308029
1558731644173 -308024
1558731644173 -308015
1558731644173 -308014
1558731644173 -308013
1558731644173 -308010
1558731644173 -308007
1558731644173 -308006
1558731644173 -308005
1558731644173 -308002
1558731644173 -307999
1558731644173 -307998
1558731644173 -307998
1558731644173 -307943
1558731644173 -307943
1558731644173 -307941
1558731644173 -307938
1558731644173 -307938
