1558731548848 -1051943
1558731548849 -1051944
1558731548849 -1051944
1558731548849 -1050392
1558731548849 -1050392
1558731548849 -1050392
1558731548849 -1050392
1558731548849 -1050392
1558731548849 -1050392
1558731548849 -1050391
1558731548849 -1050391
1558731548849 -1050391
1558731548849 -1050391
1558731548849 -1049645
1558731548849 -1049645
1558731548849 -1049645
1558731548849 -1049645
1558731548849 -1049645
1558731548849 -1049645
1558731548849 -1049645
1558731548849 -1049645
1558731548849 -1049645
1558731548849 -1049642
1558731548849 -1049642
1558731548849 -1049642
1558731548849 -1049642
1558731548849 -1049642
1558731548849 -1049642
1558731548849 -1049642
1558731548849 -1049642
1558731548849 -1049642
1558731548849 -1049642
1558731548849 -1049642
1558731548849 -1049641
1558731548849 -1049641
1558731548849 -1049641
1558731548849 -1049641
1558731548849 -1049641
1558731548849 -1049641
1558731548849 -1048737
1558731548849 -1048737
1558731548849 -1048737
1558731548849 -1048736
1558731548849 -1048736
1558731548849 -1048736
1558731548849 -1048736
1558731548849 -1048733
1558731548849 -1048732
1558731548849 -1048732
1558731548849 -1048732
1558731548849 -1048732
1558731548849 -1048732
1558731548849 -1048732
1558731548849 -1048224
1558731548849 -1048224
1558731548849 -1048224
1558731548849 -1048224
1558731548849 -1048224
1558731548849 -1048224
1558731548849 -1048224
1558731548849 -1048223
1558731548849 -1048223
1558731548849 -1048223
1558731548849 -1048223
1558731548849 -1048223
1558731548849 -1048223
1558731548849 -1047564
1558731548849 -1047564
1558731549012 -1047727
1558731549012 -1047727
1558731549012 -1047726
1558731549012 -1047726
1558731549012 -1047726
1558731549012 -1047726
1558731549012 -1047726
1558731549012 -1047726
1558731549012 -1047203
1558731549012 -1047201
1558731549012 -1047201
1558731549012 -1047200
1558731549012 -1047200
1558731549012 -1047200
1558731641593 -1139781
1558731641593 -1139781
1558731641593 -1139781
1558731641593 -1139310
1558731641593 -1139310
1558731641593 -1139310
1558731641593 -1139310
1558731641593 -1139310
1558731641593 -1139309
1558731641593 -1139309
1558731641593 -1139309
1558731641593 -1139309
1558731641593 -1139309
1558731641593 -1139309
1558731641593 -1139309
1558731641593 -1139309
1558731641593 -1139309
1558731641593 -1139309
1558731641593 -1139309
1558731641593 -1139309
1558731641593 -1139309
1558731641593 -1139307
1558731641593 -1138998
1558731641593 -1138998
1558731641593 -1138998
1558731641593 -1138998
1558731641593 -1138997
1558731641593 -1138997
1558731641593 -1138997
1558731641593 -1138997
1558731641593 -1138997
1558731641593 -1138997
1558731641593 -1138997
1558731641593 -1138997
1558731641593 -1125215
1558731641593 -1125214
1558731641593 -1125214
1558731641593 -1125213
1558731641593 -1125213
1558731641593 -1125213
1558731641593 -1125212
1558731641593 -1125212
1558731641593 -1125212
1558731641593 -1125211
1558731641593 -1125211
1558731641593 -1125210
1558731641593 -1125210
1558731641593 -1125210
1558731641593 -1125207
1558731641593 -1125204
1558731641593 -1125204
1558731641593 -1125201
1558731641593 -1125201
1558731641593 -1125199
1558731641593 -1125199
1558731641593 -1125198
1558731641593 -1125197
1558731641593 -1125191
1558731641593 -1125189
1558731641593 -1125188
1558731641593 -1125187
1558731641593 -1125121
1558731641593 -1125121
1558731641593 -1125121
1558731641593 -1125121
1558731641593 -1125121
1558731641593 -1125121
1558731641593 -1125120
1558731641593 -1125120
1558731641593 -1125120
1558731641593 -1125120
1558731641593 -1125120
1558731641593 -1125120
1558731641593 -1125120
1558731641593 -1125120
1558731641593 -1125118
1558731641593 -1125118
1558731641593 -1125118
1558731641593 -1125052
1558731641593 -1125051
1558731641593 -1125050
1558731641593 -1125049
1558731641593 -1125049
1558731641593 -1125048
1558731641593 -1125047
1558731641593 -1125046
1558731641593 -1125045
1558731641593 -1125045
1558731641593 -1125043
1558731641593 -1125041
1558731641593 -1125041
1558731641593 -1125040
1558731641593 -1125039
1558731641593 -1124962
1558731641593 -1124961
1558731641593 -1124961
1558731641593 -1124930
1558731641593 -1124930
1558731641593 -1124930
1558731641593 -1124930
1558731641593 -1124930
1558731641593 -1124930
1558731641593 -1124930
1558731641593 -1124930
1558731641593 -1124930
1558731642276 -1125613
1558731642276 -1125612
1558731642276 -1125612
1558731642276 -1125612
1558731642276 -1125612
1558731642276 -1125612
1558731642276 -1125612
1558731642276 -1125612
1558731642276 -1125612
1558731642276 -1125612
1558731642276 -1125612
1558731642276 -1125610
1558731642276 -1125602
1558731644004 -1127326
1558731644005 -1127325
1558731644005 -1127324
1558731644005 -1127324
1558731644005 -1127321
1558731644005 -1116761
1558731644005 -1116634
1558731644005 -1116633
1558731644005 -1116633
1558731644005 -1116633
1558731644005 -1116633
1558731644005 -1116633
1558731644005 -1116633
1558731644005 -1116633
1558731644005 -1116632
1558731644005 -1116632
1558731644005 -1116632
1558731644005 -1116632
1558731644005 -1061079
1558731644005 -1061078
1558731644005 -1061075
1558731644005 -1061074
1558731644005 -1061070
1558731644005 -1061069
1558731644005 -1061069
1558731644005 -1061067
1558731644005 -1061063
1558731644005 -1061062
1558731644005 -1061062
1558731644005 -1061061
1558731644005 -1061059
1558731644005 -1061059
1558731644005 -1061057
1558731644005 -1061056
1558731644005 -1061054
1558731644005 -1061052
1558731644005 -1061049
1558731644005 -1061049
1558731644005 -1061049
1558731644005 -1061048
1558731644005 -1061048
1558731644005 -1061045
1558731644005 -1061045
1558731644005 -1061032
1558731644005 -1061031
1558731644005 -1061030
1558731644005 -1061029
1558731644005 -1061029
1558731644005 -1061027
1558731644005 -1061027
1558731644005 -1061022
1558731644005 -1061020
1558731644005 -1061020
1558731644005 -1061018
1558731644005 -1061018
1558731644005 -1061016
1558731644005 -1061013
1558731644005 -1061012
1558731644005 -1061010
1558731644005 -1061008
1558731644005 -1061007
1558731644005 -1061006
1558731644005 -1061005
1558731644005 -1061004
1558731644005 -1061003
1558731644005 -1061002
1558731644005 -1060998
1558731644005 -1060998
1558731644005 -1060998
1558731644005 -1060997
1558731644005 -1060996
1558731644005 -1060995
1558731644005 -1060994
1558731644005 -1060994
1558731644005 -1060994
1558731644005 -1060993
1558731644005 -1060993
1558731644005 -1060992
1558731644005 -1060992
1558731644005 -1060991
1558731644005 -1060990
1558731644005 -1060990
1558731644005 -1060989
1558731644005 -1060989
1558731644005 -1060989
1558731644005 -1060988
1558731644005 -1060986
1558731644005 -1060986
1558731644005 -1060984
1558731644005 -1060983
1558731644005 -1060979
1558731644005 -1060978
1558731644005 -1060978
1558731644005 -1060976
1558731644005 -1060976
1558731644005 -1060974
1558731644005 -1060971
1558731644005 -1060971
1558731644005 -1060970
1558731644005 -1060970
1558731644005 -1060970
1558731644005 -1060967
1558731644005 -1060965
1558731644005 -1060965
1558731644005 -1060964
1558731644005 -1060963
1558731644005 -1060963
1558731644005 -1060962
1558731644005 -1060960
1558731644005 -1060960
1558731644005 -1060960
1558731644005 -1060959
1558731644005 -1060958
1558731644005 -1060957
1558731644005 -1060957
1558731644005 -1060957
1558731644005 -1060953
1558731644005 -1060952
1558731644005 -1060949
1558731644005 -1060949
1558731644005 -1060948
1558731644005 -1060947
1558731644005 -1060946
1558731644005 -1060847
1558731644005 -1060847
1558731644005 -1060846
1558731644005 -1060845
1558731644005 -1060844
1558731644005 -1060844
1558731644005 -1060843
1558731644005 -1060842
1558731644005 -1060841
1558731644005 -1060841
1558731644005 -1060840
1558731644005 -1060837
1558731644005 -1060837
1558731644005 -1060837
1558731644005 -1060836
1558731644005 -1060836
1558731644005 -1060836
1558731644005 -1060833
1558731644005 -1060833
1558731644005 -1060831
1558731644005 -1060830
1558731644005 -1060830
1558731644005 -1060829
1558731644005 -1060829
1558731644005 -1060829
1558731644005 -1060828
1558731644005 -1060827
1558731644005 -1060827
1558731644005 -1060826
1558731644005 -1060825
1558731644005 -1060825
1558731644005 -1060824
1558731644005 -1060823
1558731644005 -1060821
1558731644005 -1060821
1558731644005 -1060820
1558731644005 -1060820
1558731644005 -1060819
1558731644005 -1060819
1558731644005 -1060818
1558731644005 -1060817
1558731644005 -1060815
1558731644005 -1060811
1558731644005 -1060758
1558731644005 -1060758
1558731644005 -1060757
1558731644005 -1060757
1558731644005 -1060756
1558731644005 -1060756
1558731644005 -1060755
1558731644005 -1060755
1558731644005 -1060754
1558731644005 -1060753
1558731644005 -1060753
1558731644005 -1060752
1558731644005 -1060751
1558731644005 -1060751
1558731644005 -1060749
1558731644005 -1060749
1558731644005 -1060749
1558731644005 -1060749
1558731644005 -1060749
1558731644005 -1060748
1558731644005 -1060748
1558731644005 -1060748
1558731644005 -1060748
1558731644005 -1060746
1558731644005 -1060745
1558731644005 -1060745
1558731644005 -1060744
1558731644005 -1060744
1558731644005 -1060744
1558731644005 -1060743
1558731644005 -1060742
1558731644005 -1060741
1558731644005 -1060741
1558731644005 -1060740
1558731644005 -1060739
1558731644005 -1060738
1558731644005 -1060738
1558731644005 -1060738
1558731644005 -1060737
1558731644005 -1060735
1558731644005 -1060735
1558731644005 -1060731
1558731644005 -1060731
1558731644005 -1060670
1558731644005 -1060670
1558731644005 -1060670
1558731644005 -1060670
1558731644005 -1060668
1558731644005 -1060668
1558731644005 -1060668
1558731644005 -1060667
1558731644005 -1060667
1558731644005 -1060666
1558731644005 -1060666
1558731644005 -1060666
1558731644005 -1060665
1558731644005 -1060663
1558731644005 -1060662
1558731644005 -1060662
1558731644005 -1060660
1558731644005 -1060660
1558731644005 -1060659
1558731644005 -1060657
1558731644005 -1060655
1558731644005 -1060653
1558731644005 -1060653
1558731644005 -1060652
1558731644005 -1060652
1558731644005 -1060652
1558731644005 -1060652
1558731644005 -1060652
1558731644005 -1060652
1558731644005 -1060649
1558731644005 -1060648
1558731644005 -1060647
1558731644005 -1060646
1558731644005 -1060646
1558731644005 -1060644
1558731644005 -1060643
1558731644005 -1060642
1558731644005 -1060642
1558731644005 -1060640
1558731644005 -1060640
1558731644005 -1060584
1558731644005 -1060583
1558731644005 -1060582
1558731644005 -1060581
1558731644005 -1060580
1558731644005 -1060579
1558731644005 -1060576
1558731644005 -1060576
1558731644005 -1060575
1558731644005 -1060575
1558731644005 -1060574
1558731644005 -1060574
1558731644005 -1060570
1558731644005 -1060569
1558731644005 -1060569
1558731644668 -1061229
1558731644668 -1061227
1558731644668 -1061226
1558731644668 -1061226
1558731644668 -1061220
1558731644668 -1061220
1558731644668 -1061218
1558731644668 -1061218
1558731644668 -1061218
1558731644668 -1061217
1558731644668 -1061215
1558731644669 -1061216
1558731644669 -1061215
1558731644669 -1061159
1558731644669 -1061159
1558731644669 -1061159
1558731644669 -1061159
1558731644669 -1061159
1558731644669 -1061159
1558731644669 -1061157
1558731644669 -1061156
1558731644669 -1061156
1558731644669 -1061155
1558731644669 -1061154
1558731644669 -1061153
1558731644669 -1061151
1558731644669 -1061151
1558731644669 -1061150
1558731644669 -1061148
1558731644669 -1061147
1558731644669 -1061145
1558731644669 -1061142
1558731644669 -1061141
1558731644669 -1061141
1558731644669 -1061140
1558731644669 -1061140
1558731644669 -1061139
1558731644669 -1061139
1558731644669 -1061137
1558731644669 -1061136
1558731644669 -882332
1558731644669 -882331
1558731644669 -882331
1558731644669 -882331
1558731644669 -882331
1558731644669 -881670
1558731644669 -881670
1558731644669 -881670
1558731644669 -881668
1558731644669 -881666
1558731644669 -879924
1558731644669 -879924
1558731644669 -879924
1558731644669 -879924
1558731644669 -879924
1558731644669 -879924
1558731644669 -879924
1558731644669 -879924
1558731644669 -879924
1558731644669 -879924
1558731644669 -879362
1558731644669 -879362
1558731644669 -879361
1558731644669 -879361
1558731644669 -879361
1558731644669 -879361
1558731644669 -877710
1558731644669 -877709
1558731644669 -877708
1558731644669 -877708
1558731644669 -877707
1558731644669 -877707
1558731645341 -883644
1558731645341 -883644
1558731645341 -883644
1558731645341 -883644
1558731645341 -883644
1558731645341 -883643
1558731645341 -881723
1558731645341 -881723
1558731645341 -881723
1558731645341 -881723
1558731645341 -881139
1558731645341 -881139
1558731645341 -881139
1558731645341 -881139
1558731645341 -881139
1558731645341 -881139
1558731645341 -879480
1558731645341 -879480
1558731645341 -879480
1558731645341 -879478
1558731645341 -878914
1558731645341 -878914
1558731645341 -878913
1558731645341 -877048
1558731645848 -878382
1558731645848 -878382
1558731645848 -877254
1558731645849 -877255
1558731645849 -877255
1558731645849 -877255
1558731645849 -877255
1558731645849 -877253
1558731645849 -877253
1558731645849 -876563
1558731645849 -876563
1558731645849 -876563
1558731645849 -876563
1558731645849 -876563
1558731645849 -876563
1558731645849 -876562
1558731645849 -876562
1558731645849 -876562
1558731645849 -876562
1558731645849 -876231
1558731645849 -876231
1558731645849 -876229
1558731645849 -876227
1558731645849 -876227
1558731645849 -876227
1558731645849 -876227
1558731645849 -876227
1558731645849 -876150
1558731645849 -876150
1558731645849 -876147
1558731645849 -876147
1558731645849 -876147
1558731645849 -876147
1558731645849 -876146
1558731645849 -876146
1558731645849 -876146
1558731645849 -876145
1558731645849 -876144
1558731645849 -876057
1558731645849 -876057
1558731645849 -876056
1558731645849 -876056
1558731645849 -876056
1558731645849 -876052
1558731647073 -422782
1558731647073 -422782
1558731647073 -421344
1558731647073 -421343
1558731647073 -421343
1558731647073 -421343
1558731647073 -421342
1558731647073 -421342
1558731647073 -421342
1558731647073 -420815
1558731647073 -420812
1558731647073 -420812
1558731647073 -419840
1558731647073 -419421
1558731647073 -419421
1558731647073 -419421
1558731647073 -419421
1558731647073 -419421
1558731647073 -419420
1558731647073 -419420
1558731647073 -419419
1558731647073 -419419
1558731647073 -418549
1558731647073 -418549
1558731647073 -418547
1558731647073 -418547
1558731647073 -418547
1558731647073 -418188
1558731647478 -418592
1558731647479 -417981
1558731647479 -417981
1558731647479 -417981
1558731647479 -417981
1558731647479 -417981
1558731647479 -417980
1558731647479 -417980
1558731647479 -417980
1558731647479 -417980
1558731647479 -417980
1558731647479 -417711
1558731647479 -417711
1558731647479 -410543
1558731647479 -410542
1558731647479 -410529
1558731647479 -410527
1558731647479 -410525
1558731647479 -410515
1558731647479 -410513
1558731647479 -410512
1558731647479 -410490
1558731647479 -410485
1558731647479 -410481
1558731647479 -410466
1558731647479 -410457
1558731647479 -410456
1558731647479 -410417
1558731647479 -410416
1558731647479 -410415
1558731647479 -410405
1558731647479 -410404
1558731647479 -410398
1558731647479 -410392
1558731647479 -410391
1558731647479 -410390
1558731647479 -410389
1558731647479 -410330
1558731647479 -410328
1558731647479 -410327
1558731647479 -410327
1558731647479 -410327
1558731647479 -410326
1558731647479 -410319
1558731647479 -410318
1558731647479 -410314
1558731647479 -410312
1558731647479 -410312
1558731647479 -410300
1558731647479 -410298
1558731647479 -410298
1558731647919 -410732
1558731647919 -410730
1558731647919 -410716
1558731647919 -410712
1558731647919 -344871
1558731647919 -344869
1558731647919 -344869
1558731647919 -344869
1558731647919 -344859
1558731647919 -344858
1558731647919 -344835
1558731647919 -344835
1558731647919 -344835
1558731647919 -344789
1558731647919 -344782
1558731647919 -339012
1558731647919 -339010
1558731647919 -339008
1558731647919 -339008
1558731647919 -339007
1558731647919 -339007
1558731647919 -339007
1558731647919 -339004
1558731647919 -338995
1558731647919 -338993
1558731647919 -338991
1558731647919 -338991
1558731647919 -338991
1558731647919 -338991
1558731647919 -338990
1558731647919 -338990
1558731647919 -338989
1558731647919 -338987
1558731647919 -338987
1558731647919 -338983
1558731647919 -338979
1558731647919 -338975
1558731647919 -338973
1558731647919 -338972
1558731647919 -338967
1558731647919 -338967
1558731647919 -338963
1558731647919 -338962
1558731647919 -338962
1558731647919 -338958
1558731647919 -338957
1558731647919 -338957
1558731647919 -338950
1558731647919 -338949
1558731647919 -338945
1558731647919 -338942
1558731647919 -338941
1558731647919 -338938
1558731647919 -338938
1558731647919 -338935
1558731647919 -338935
1558731647919 -338934
1558731647919 -338929
1558731647919 -338926
1558731647919 -338926
1558731647919 -338924
1558731647919 -338901
1558731647919 -338901
1558731647919 -338900
1558731647919 -338900
1558731647920 -338901
1558731647920 -338901
1558731647920 -338901
1558731647920 -338901
1558731647920 -338802
1558731647920 -338802
1558731647920 -338802
1558731647920 -338786
1558731647920 -338785
1558731647920 -338784
1558731647920 -338782
1558731647920 -338777
1558731647920 -338777
1558731647920 -338772
1558731648012 -338862
1558731648012 -338860
1558731648012 -338859
1558731648012 -338859
1558731648012 -338858
1558731648012 -338762
1558731648012 -338762
1558731648012 -338761
1558731648012 -338761
1558731648012 -338757
1558731648012 -338749
1558731648012 -338746
1558731648012 -338745
1558731648012 -338740
1558731648012 -338738
1558731648012 -338733
1558731648012 -338729
1558731648012 -338728
1558731648012 -338725
1558731648012 -338716
1558731648012 -338711
1558731648012 -338698
1558731648012 -338696
1558731648012 -338630
1558731648012 -338630
1558731648012 -338626
1558731648012 -338625
1558731648012 -338620
1558731648012 -338619
1558731648012 -338612
1558731648012 -338612
1558731648012 -338611
1558731648012 -338609
1558731648012 -338608
1558731648012 -338606
1558731648012 -338605
1558731648012 -338605
1558731648012 -338603
1558731648012 -338542
1558731648012 -338542
1558731648012 -338538
1558731648012 -338537
1558731648013 -338534
1558731648013 -338526
1558731648013 -338525
1558731648013 -338522
1558731648013 -338520
1558731648013 -338515
1558731648013 -338510
1558731648013 -338452
1558731648013 -338450
1558731648013 -338449
1558731648013 -338448
1558731648013 -338448
1558731648013 -338445
1558731648013 -338444
1558731648013 -338442
1558731648013 -338440
1558731648013 -338439
1558731648013 -338434
1558731648013 -338434
1558731648013 -338434
1558731648013 -338430
1558731648013 -338428
1558731648013 -338425
1558731648013 -338423
