1558731303692 -806847
1558731303692 -806846
1558731303692 -806844
1558731303692 -806791
1558731303692 -806790
1558731303692 -806789
1558731303692 -806789
1558731303692 -806789
1558731303692 -806788
1558731303692 -806788
1558731303825 -806921
1558731303825 -805374
1558731303825 -805374
1558731303825 -805373
1558731303825 -805373
1558731303825 -805373
1558731303825 -804568
1558731303825 -804568
1558731303825 -804568
1558731303825 -804567
1558731303825 -804567
1558731303825 -804567
1558731303825 -803784
1558731303825 -803784
1558731303825 -803784
1558731303825 -803784
1558731303825 -803783
1558731303825 -803783
1558731303825 -803135
1558731303825 -803135
1558731303825 -803135
1558731303825 -803134
1558731303825 -803134
1558731303825 -803117
1558731303825 -802576
1558731303825 -802576
1558731303825 -802576
1558731303825 -802576
1558731303825 -802576
1558731303825 -802575
1558731303825 -802575
1558731303825 -801968
1558731303825 -801968
1558731303825 -801968
1558731303825 -801967
1558731303825 -801967
1558731303825 -801967
1558731303825 -801562
1558731303825 -801561
1558731303825 -801561
1558731303825 -801561
1558731303825 -801561
1558731303825 -801561
1558731303825 -801561
1558731303825 -805189
1558731303825 -805189
1558731303825 -805188
1558731303825 -805187
1558731303825 -805187
1558731303825 -805186
1558731303825 -804824
1558731303825 -804824
1558731303825 -804824
1558731303825 -804824
1558731303825 -804824
1558731303825 -804823
1558731303825 -804823
1558731303825 -804823
1558731303825 -804823
1558731303825 -804823
1558731303825 -803536
1558731303825 -803535
1558731303825 -803535
1558731303825 -803535
1558731303825 -803374
1558731303825 -803374
1558731303825 -803372
1558731303825 -803371
1558731303825 -803371
1558731303825 -803371
1558731303825 -802348
1558731303825 -802348
1558731303825 -802348
1558731303825 -802348
1558731303825 -802348
1558731303825 -802348
1558731303825 -802347
1558731303825 -802347
1558731303825 -802347
1558731303825 -802347
1558731303825 -802347
1558731303825 -802172
1558731303825 -802172
1558731303825 -802171
1558731303825 -802171
1558731548773 -1046509
1558731548774 -1046510
1558731548774 -1046168
1558731548774 -1046166
1558731548774 -1046165
1558731548774 -1046165
1558731548774 -1046165
1558731548774 -1046165
1558731548774 -1046165
1558731548774 -1045926
1558731548774 -1045923
1558731548774 -1045923
1558731548774 -1045923
1558731548774 -1045923
1558731548774 -1045922
1558731548774 -1045922
1558731548774 -1045922
1558731548774 -1045922
1558731548774 -1045652
1558731548774 -1045652
1558731548774 -1045652
1558731548774 -1045652
1558731548774 -1045652
1558731548774 -1045651
1558731548774 -1045651
1558731548795 -1045592
1558731548795 -1045592
1558731548795 -1045590
1558731548795 -1045590
1558731548795 -1045590
1558731548795 -1045590
1558731548795 -1045589
1558731548795 -1045525
1558731548795 -1045524
1558731548795 -1045524
1558731548795 -1045524
1558731548795 -1045524
1558731548795 -1045524
1558731548795 -1045524
1558731548795 -1045455
1558731548795 -1045454
1558731548795 -1045454
1558731548795 -1045454
1558731548795 -1045453
1558731548796 -1045454
1558731548796 -1045454
1558731548796 -1045454
1558731548796 -1045454
1558731548796 -1045453
1558731548796 -1045453
1558731548796 -1045452
1558731548796 -1045452
1558731548796 -1045433
1558731548796 -1045433
1558731548796 -1045433
1558731548796 -1045431
1558731548796 -1045431
1558731548796 -1045431
1558731548796 -1045431
1558731548796 -1045431
1558731548796 -1045431
1558731548796 -1045431
1558731548796 -1045377
1558731548796 -1045376
1558731548796 -1045376
1558731548796 -1045376
1558731548796 -1045373
1558731548796 -1045373
1558731548796 -1045367
1558731548796 -1045366
1558731548796 -1045366
1558731548796 -1045365
1558731548796 -1045365
1558731548796 -1045365
1558731548796 -1045311
1558731548796 -1045311
1558731548796 -1045311
1558731548796 -1045310
1558731548796 -1045310
1558731548796 -1045309
1558731548796 -1046422
1558731548796 -1046422
1558731548796 -1046422
1558731548807 -1046432
1558731548811 -1046436
1558731548811 -1046436
1558731548811 -1046299
1558731548811 -1045924
1558731548811 -1045924
1558731548811 -1045924
1558731548811 -1045924
1558731548811 -1045924
1558731548811 -1045923
1558731548811 -1045703
1558731548811 -1045703
1558731548811 -1045703
1558731548811 -1045703
1558731548811 -1045698
1558731548811 -1045698
1558731548811 -1045698
1558731548811 -1045698
1558731548811 -1045698
1558731548811 -1045697
1558731548811 -1045697
1558731548811 -1045697
1558731548811 -1045697
1558731548812 -1045610
1558731548812 -1045610
1558731548812 -1045609
1558731548812 -1045609
1558731548812 -1045609
1558731548812 -1045541
1558731640292 -1137002
1558731640292 -1137002
1558731640292 -1137002
1558731640292 -1137001
1558731640292 -1137001
1558731640292 -1137001
1558731640292 -1136999
1558731640292 -1136999
1558731640292 -1136999
1558731640292 -1136956
1558731640292 -1136956
1558731640292 -1136955
1558731640292 -1136953
1558731640292 -1136953
1558731640292 -1136953
1558731640292 -1136860
1558731640292 -1136859
1558731640292 -1136858
1558731640292 -1136858
1558731640292 -1136858
1558731640292 -1136857
1558731640292 -1136857
1558731640292 -1136856
1558731640292 -1136856
1558731640292 -1136819
1558731640292 -1136818
1558731640292 -1136816
1558731640292 -1136815
1558731640292 -1136815
1558731640292 -1136805
1558731640292 -1136804
1558731640292 -1136783
1558731640292 -1136783
1558731640292 -1136783
1558731640292 -1136783
1558731640292 -1136783
1558731640292 -1136783
1558731640292 -1136782
1558731640292 -1136782
1558731640292 -1136782
1558731640292 -1136782
1558731640292 -1136734
1558731640292 -1136733
1558731640292 -1136706
1558731640292 -1136706
1558731640292 -1136706
1558731640292 -1136706
1558731640292 -1136702
1558731640292 -1136702
1558731640292 -1136702
1558731640292 -1136691
1558731640292 -1136688
1558731640292 -1136687
1558731640292 -1136683
1558731640292 -1136679
1558731640292 -1136677
1558731640292 -1136676
1558731640292 -1136662
1558731640292 -1136661
1558731640292 -1136652
1558731640292 -1136651
1558731640292 -1136651
1558731640292 -1136640
1558731640292 -1136640
1558731640292 -1136630
1558731640292 -1136624
1558731640292 -1136623
1558731640292 -1136605
1558731640292 -1136605
1558731640292 -1136605
1558731640292 -1136604
1558731640292 -1136593
1558731640292 -1136592
1558731640292 -1136591
1558731640292 -1136574
1558731640292 -1136573
1558731640292 -1136573
1558731640292 -1136572
1558731640292 -1136566
1558731640292 -1136511
1558731640292 -1136511
1558731640292 -1136510
1558731640292 -1136510
1558731640292 -1136510
1558731640292 -1136509
1558731640292 -1136509
1558731640292 -1136508
1558731640292 -1136508
1558731640292 -1136507
1558731640292 -1136478
1558731640292 -1136453
1558731640292 -1136453
1558731640292 -1136453
1558731640292 -1136453
1558731640292 -1136439
1558731640292 -1136426
1558731640292 -1136426
1558731640292 -1136425
1558731640292 -1136408
1558731640292 -1136398
1558731640292 -1136397
1558731640292 -1136384
1558731640292 -1136372
1558731640292 -1136362
1558731640292 -1136362
1558731640292 -1136361
1558731640292 -1136361
1558731640292 -1136350
1558731640292 -1136334
1558731640292 -1136310
1558731640292 -1136308
1558731640292 -1136308
1558731640292 -1136291
1558731640292 -1136241
1558731640292 -1136226
1558731640292 -1136199
1558731640292 -1136183
1558731640292 -1136169
1558731640292 -1136169
1558731640292 -1136151
1558731644913 -1141402
1558731644913 -1141402
1558731644913 -1141402
1558731644913 -1141402
1558731644913 -1141402
1558731644913 -1141397
1558731644913 -1112397
1558731644913 -1112397
1558731644913 -1112396
1558731644913 -1112396
1558731645240 -1112722
1558731645240 -1112722
1558731645240 -1112721
1558731645240 -1112717
1558731645240 -1112712
1558731645240 -1112707
1558731645240 -1112707
1558731645240 -1112705
1558731645240 -1112704
1558731645240 -1112704
1558731645240 -1112703
1558731645240 -1112700
1558731645240 -1112698
1558731645240 -1112695
1558731645240 -1112693
1558731645240 -1112690
1558731645240 -1112690
1558731645240 -1112686
1558731645240 -1112686
1558731645240 -1112684
1558731645240 -1112679
1558731645240 -1112674
1558731645240 -1112672
1558731645240 -1112667
1558731645241 -1112668
1558731645241 -1112667
1558731645241 -1112662
1558731645241 -1112662
1558731645241 -1112661
1558731645241 -1112661
1558731645241 -1112660
1558731645241 -1112660
1558731645241 -1112659
1558731645241 -1112659
1558731645241 -1112659
1558731645241 -1112657
1558731645241 -1112656
1558731645241 -1112654
1558731645241 -1112654
1558731645241 -1112653
1558731645241 -1112650
1558731645241 -1112650
1558731645241 -1112648
1558731645241 -1112647
1558731645241 -1112646
1558731645241 -1112643
1558731645241 -1112638
1558731645241 -1112635
1558731645241 -1112632
1558731645241 -1112622
1558731645241 -1112621
1558731645241 -1112621
1558731645241 -1112620
1558731645241 -1112616
1558731645241 -1112608
1558731645241 -1112606
1558731645241 -1112605
1558731645241 -1112604
1558731645241 -1112601
1558731645241 -1112601
1558731645241 -1112599
1558731645241 -1112594
1558731645241 -1112593
1558731645241 -1112591
1558731645241 -1112589
1558731645241 -1112586
1558731645241 -1112584
1558731645241 -1112527
1558731645241 -1112522
1558731645241 -1112518
1558731645241 -1112512
1558731645241 -1112512
1558731645241 -1112511
1558731645241 -1112505
1558731645241 -1112497
1558731645241 -1112497
1558731645241 -1112494
1558731645241 -1112449
1558731645241 -1112448
1558731645241 -1112446
1558731645241 -1112442
1558731645241 -1112441
1558731645241 -1112440
1558731645241 -1112439
1558731645241 -1112438
1558731645241 -1112436
1558731645241 -1112432
1558731645241 -1112431
1558731645241 -1112431
1558731645241 -1112427
1558731645241 -1112426
1558731645241 -1112426
1558731645241 -1112420
1558731645241 -1112419
1558731645241 -1112418
1558731645241 -1112417
1558731645241 -1112416
1558731645241 -1112412
1558731645241 -1112412
1558731645241 -1112410
1558731645241 -1112363
1558731645241 -1112360
1558731645241 -1112359
1558731645241 -1112358
1558731645241 -1112358
1558731645241 -1112357
1558731645241 -1112352
1558731645241 -1112350
1558731645241 -1112350
1558731645241 -1112346
1558731645241 -1112343
1558731645241 -1112342
1558731645241 -1112342
1558731645241 -1112338
1558731645241 -1112335
1558731645241 -1112335
1558731645241 -1112334
1558731645241 -1112332
1558731645241 -1112330
1558731645241 -1117865
1558731645241 -1117865
1558731645241 -1117772
1558731645241 -1117772
1558731645241 -1117772
1558731645241 -1117772
1558731645241 -1117772
1558731645241 -1117772
1558731645241 -1112267
1558731645241 -1112266
1558731645241 -1112266
1558731645241 -1112264
1558731645241 -1112263
1558731645241 -1112259
1558731645241 -1112257
1558731645241 -1112251
1558731645241 -1112250
1558731645241 -1112240
1558731645241 -1112237
1558731645241 -1112233
1558731645241 -1112232
1558731645241 -1112229
1558731645241 -1112225
1558731645241 -1112224
1558731645241 -1112224
1558731645241 -1112222
1558731645241 -1112222
1558731645241 -1112221
1558731645241 -1112220
1558731645241 -1112216
1558731645241 -1112215
1558731645241 -1112213
1558731645241 -1112212
1558731645241 -1112212
1558731645241 -1112210
1558731645241 -1112209
1558731645241 -1112209
1558731645241 -1112207
1558731645241 -1112204
1558731645241 -1112201
1558731645241 -1112199
1558731645241 -1112197
1558731645241 -1112196
1558731645241 -1112192
1558731645241 -1112189
1558731645241 -1112189
1558731645241 -1112079
1558731645241 -1112072
1558731645241 -1112068
1558731645241 -1112066
1558731645241 -1112059
1558731645241 -1112054
1558731645241 -1112051
1558731645241 -1112048
1558731645241 -1111988
1558731645241 -1111987
1558731645241 -1111985
1558731645241 -1111984
1558731645241 -1111983
1558731645241 -1111980
1558731645241 -1111979
1558731645241 -1111979
1558731645241 -1111976
1558731645241 -1111975
1558731646141 -883729
1558731646141 -883727
1558731646141 -883236
1558731646141 -883236
1558731646141 -883236
1558731646141 -881326
1558731646141 -881326
1558731646141 -881326
1558731646141 -881323
1558731646141 -881322
1558731646141 -881322
1558731646804 -881584
1558731646804 -881584
1558731646804 -881584
1558731646804 -881584
1558731646804 -881584
1558731646804 -881583
1558731646804 -881583
1558731647084 -881862
1558731647084 -881861
1558731647084 -881861
1558731647084 -881861
1558731647084 -880065
1558731647084 -880065
1558731647084 -880064
1558731647084 -880063
1558731647084 -880063
1558731647084 -880047
1558731647084 -880047
1558731647084 -880047
1558731647084 -880047
1558731647084 -880047
1558731647084 -880046
1558731647084 -879719
1558731647084 -879719
1558731647084 -879719
1558731647084 -879718
1558731647084 -879718
1558731647084 -878440
1558731647084 -878437
1558731647084 -878204
1558731647084 -878204
1558731647084 -878204
1558731647085 -878205
1558731647085 -878205
1558731647085 -878205
1558731647085 -878203
1558731647085 -877440
1558731647085 -877440
1558731647085 -877440
1558731647085 -877440
1558731647085 -877439
1558731647085 -877439
1558731647677 -885908
1558731647677 -885905
1558731647677 -885905
1558731647677 -885904
1558731647677 -885903
1558731647677 -885903
1558731647677 -885903
1558731647677 -884132
1558731647677 -884132
1558731647677 -884132
1558731647677 -884131
1558731647677 -884131
1558731647696 -884150
1558731647696 -883478
1558731647696 -883478
1558731647696 -883478
1558731647696 -883478
1558731647696 -883478
1558731647696 -883478
1558731647696 -883477
1558731647696 -881890
1558731647696 -881890
1558731647696 -881890
1558731647696 -881890
1558731647696 -881889
1558731647696 -881889
1558731647696 -881889
1558731647696 -881887
1558731647696 -881887
1558731647696 -881199
1558731647696 -881199
1558731647696 -881199
1558731647696 -881199
1558731647696 -881199
1558731647696 -881199
1558731647696 -881198
1558731647696 -881198
1558731647696 -879817
1558731647696 -879817
1558731647696 -879815
1558731647697 -423411
1558731647697 -423410
1558731647697 -423410
1558731647697 -423410
1558731647697 -423410
1558731647697 -423640
1558731647697 -423640
1558731647697 -423639
1558731647697 -423639
1558731647697 -423639
1558731647697 -421722
1558731647697 -421718
1558731647697 -421718
1558731647697 -421718
1558731647697 -421717
1558731647697 -421716
1558731647697 -421626
1558731647697 -421626
1558731647697 -421625
1558731647697 -421625
1558731647697 -421625
1558731647697 -421625
1558731647697 -420271
1558731647697 -420269
1558731647697 -420269
1558731647697 -420268
1558731647697 -420268
1558731647697 -420267
1558731647697 -420267
1558731647697 -420265
1558731647697 -420230
1558731647697 -420228
1558731647697 -420228
1558731647697 -420227
1558731647697 -419016
1558731647697 -419016
1558731647697 -419016
1558731647697 -419015
1558731647697 -419015
1558731647697 -418964
1558731647697 -418964
1558731647697 -422067
1558731647697 -422067
1558731647697 -422062
1558731647697 -422062
1558731647697 -421388
1558731647697 -421387
1558731647697 -421387
1558731647697 -421387
1558731647697 -421385
1558731647697 -421385
1558731647697 -421385
1558731647697 -421385
1558731647697 -421385
1558731647697 -420511
1558731647697 -420511
1558731647697 -420511
1558731647697 -420509
1558731647697 -420509
1558731647697 -420509
1558731647697 -419992
1558731647697 -419984
1558731647697 -419983
1558731647697 -419221
1558731647697 -419220
1558731647697 -419219
1558731647697 -418776
1558731647697 -418776
1558731647697 -418775
1558731647697 -418773
1558731647697 -418773
1558731647885 -418960
1558731647885 -418396
1558731647885 -418396
1558731647885 -418396
1558731647885 -418395
1558731647885 -418395
1558731647885 -418114
1558731647885 -423597
1558731647885 -423594
1558731647885 -423594
1558731647885 -422156
1558731647885 -422156
1558731647885 -422156
1558731647885 -422156
1558731647886 -422157
1558731647886 -422157
1558731647886 -422156
1558731647886 -422156
1558731647886 -422156
1558731647886 -422155
1558731647886 -421630
1558731647886 -421629
1558731647886 -421628
1558731647886 -421625
1558731647886 -420653
1558731647886 -420653
1558731647886 -420652
1558731647886 -420651
1558731647886 -420649
1558731647886 -420649
1558731647886 -420233
1558731647886 -420233
1558731647886 -420233
1558731647886 -420233
1558731647886 -420233
1558731647886 -420232
1558731647886 -420232
1558731647886 -420232
1558731647886 -420232
1558731647886 -419362
1558731647886 -419361
1558731647886 -419360
1558731647886 -419360
1558731647886 -419360
1558731647886 -419360
1558731647886 -419001
1558731647886 -419001
1558731647886 -419001
1558731647886 -419001
1558731647886 -419001
1558731647925 -422184
1558731647925 -422184
1558731647925 -422184
1558731647925 -422184
1558731647925 -422184
1558731647925 -422183
1558731647925 -422183
1558731647925 -422183
1558731647925 -422183
1558731647925 -422183
1558731647925 -422183
1558731647925 -422183
1558731647925 -422183
1558731647925 -421681
1558731647925 -421681
1558731647925 -421676
1558731647925 -420681
1558731647925 -420679
1558731647925 -420679
1558731647925 -420677
1558731647926 -420678
1558731647926 -420678
1558731647926 -420287
1558731647926 -420287
1558731647926 -420287
1558731647926 -420287
1558731647926 -420287
1558731647926 -420286
1558731647926 -420286
1558731647926 -420286
1558731647926 -419386
1558731647926 -419384
1558731647926 -419382
1558731647926 -419076
1558731647926 -419075
1558731647926 -419074
1558731647926 -419074
1558731647926 -419073
1558731647926 -419073
1558731647926 -419073
1558731647926 -419073
1558731647926 -418411
1558731648001 -423644
1558731648001 -422693
1558731648001 -422687
1558731648001 -422687
1558731648001 -422687
1558731648001 -422687
1558731648001 -422687
1558731648001 -421454
1558731648001 -421454
1558731648001 -421452
1558731648001 -421053
1558731648001 -421053
1558731648001 -421048
1558731648001 -421046
1558731648001 -421046
1558731648001 -421046
1558731648001 -421046
1558731648001 -420106
1558731648001 -420106
1558731648001 -420106
1558731648001 -420106
1558731648001 -420106
1558731648001 -420106
1558731648001 -420106
1558731648001 -420105
1558731648001 -420093
1558731648001 -419733
1558731648001 -419733
1558731648001 -419733
1558731648001 -419732
1558731648001 -419732
1558731648001 -418940
1558731648001 -418940
1558731648001 -418940
1558731648001 -418940
1558731648001 -418940
1558731648001 -418940
1558731648001 -418938
1558731648001 -418938
1558731648001 -419266
1558731648001 -418392
1558731648001 -418392
1558731648001 -418392
1558731648001 -418392
1558731648001 -418392
1558731648001 -418391
1558731648001 -418367
1558731648001 -418366
1558731648001 -418366
1558731648001 -418366
1558731648001 -417759
1558731648001 -417757
1558731648001 -417757
1558731648001 -417755
1558731648001 -417754
1558731648001 -417743
1558731648001 -417740
1558731648001 -417731
1558731648001 -417727
1558731648001 -417722
1558731648001 -417721
1558731648001 -417711
1558731648001 -417710
1558731648001 -417705
1558731648001 -417696
1558731648001 -417695
1558731648001 -417692
1558731648001 -417684
1558731648001 -417660
1558731648001 -417654
1558731648001 -417642
1558731648001 -417633
1558731648001 -417633
1558731648001 -417632
1558731648001 -417616
1558731648001 -417616
1558731648001 -417614
1558731648001 -417611
1558731648001 -417611
1558731648001 -417611
1558731648001 -417610
1558731648001 -417608
1558731648001 -417606
1558731648001 -417604
1558731648001 -417601
1558731648001 -417588
1558731648001 -417586
1558731648001 -417585
1558731648001 -417584
1558731648001 -417584
1558731648001 -417582
1558731648001 -417581
1558731648001 -417580
1558731648001 -417579
1558731648001 -417518
1558731648001 -417515
1558731648001 -417513
1558731648001 -417505
1558731648001 -417496
1558731648001 -417494
1558731648001 -417490
1558731648001 -417474
1558731648001 -417473
1558731648001 -417458
1558731648001 -417448
1558731648001 -417378
1558731648001 -417375
1558731648001 -417367
1558731648001 -417365
1558731648001 -417365
1558731648001 -417361
1558731648001 -417249
1558731648001 -417249
1558731648001 -417249
1558731648001 -417249
1558731648001 -417248
1558731648001 -417248
1558731648001 -417248
1558731648001 -417248
1558731648001 -417248
1558731648001 -417248
1558731648001 -417248
1558731648001 -417248
1558731648001 -417248
1558731648001 -417248
1558731648001 -417248
1558731648001 -417248
1558731648001 -417247
1558731648001 -417247
1558731648001 -417247
1558731648001 -417247
1558731648001 -417247
1558731648001 -417247
1558731648001 -417240
1558731648001 -417228
1558731648001 -417224
1558731648001 -417222
1558731648001 -417221
1558731648001 -417205
1558731648001 -417203
1558731648001 -417198
1558731648001 -417136
1558731648001 -417135
1558731648001 -417135
1558731648001 -417134
1558731648001 -417133
1558731648001 -417130
1558731648001 -417130
1558731648001 -417128
1558731648001 -417122
1558731648001 -417120
1558731648001 -417117
1558731648001 -417105
1558731648001 -417081
1558731648001 -417079
1558731648001 -417053
1558731648001 -417052
1558731648001 -417041
1558731648001 -417039
1558731648001 -417028
1558731648001 -417012
1558731648001 -417010
1558731648001 -417008
1558731648001 -416974
1558731648001 -416959
1558731648001 -416936
1558731648001 -416928
1558731648001 -416897
1558731648001 -416888
1558731648001 -416875
1558731648001 -416873
1558731648001 -416870
1558731648001 -416863
1558731648001 -416862
1558731648001 -416853
1558731648001 -416851
1558731648001 -416850
1558731648001 -416822
1558731648001 -416815
1558731648001 -416814
1558731648001 -416787
1558731648001 -416787
1558731648001 -416785
1558731648001 -416779
1558731648001 -416770
1558731648001 -416761
1558731648001 -416761
1558731648001 -416760
1558731648001 -416760
1558731648001 -416711
1558731648001 -416711
1558731648001 -412647
1558731648001 -412647
1558731648001 -423634
1558731648001 -423631
1558731648001 -422493
1558731648001 -422493
1558731648001 -422493
1558731648001 -421600
1558731648001 -421600
1558731648001 -421600
1558731648001 -421600
1558731648001 -421600
1558731648001 -421599
1558731648001 -421599
1558731648001 -421599
1558731648001 -421599
1558731648001 -420869
1558731648001 -420869
1558731648001 -420869
1558731648001 -420869
1558731648001 -420243
1558731648001 -420243
1558731648001 -420243
1558731648001 -420240
1558731648001 -420239
1558731648001 -419569
1558731648001 -419568
1558731648001 -419566
1558731648001 -419566
1558731648001 -419037
1558731648001 -419037
1558731648001 -419036
1558731648001 -419036
1558731648001 -418542
1558731648001 -418542
1558731648103 -418332
1558731648103 -418331
1558731648103 -418331
1558731648103 -418204
1558731648103 -418204
1558731648103 -418204
1558731648103 -418204
1558731648103 -418204
1558731648103 -418204
1558731648103 -418203
1558731648103 -418203
1558731648103 -418203
1558731648103 -418203
1558731648103 -412284
1558731648103 -412284
1558731648103 -412279
1558731648103 -412278
1558731648103 -412278
1558731648103 -412269
1558731648103 -412264
1558731648103 -412263
1558731648103 -412258
1558731648103 -412243
1558731648103 -412179
1558731648103 -412172
1558731648103 -412157
1558731648103 -412152
1558731648103 -412152
1558731648103 -412150
1558731648103 -412141
1558731648103 -412139
1558731648103 -412137
1558731648103 -412030
1558731648103 -412029
1558731648103 -412028
1558731648103 -412028
1558731648139 -412064
1558731648139 -412062
1558731648139 -412062
1558731648139 -412056
1558731648139 -412046
1558731648139 -412044
1558731648139 -412043
1558731648139 -412025
1558731648139 -411977
1558731648139 -411977
1558731648139 -411976
1558731648139 -411976
1558731648139 -411975
1558731648139 -411973
1558731648139 -411972
1558731648139 -411967
1558731648139 -411963
1558731648139 -411960
1558731648139 -411958
1558731648139 -411958
1558731648139 -411887
1558731648140 -411887
1558731648140 -411877
1558731648140 -411874
1558731648140 -411871
1558731648140 -411851
1558731648140 -411849
1558731648140 -411839
1558731648140 -411839
1558731648140 -411835
1558731648140 -411834
1558731648140 -411833
1558731648140 -411832
1558731648140 -411827
1558731648140 -411825
1558731648140 -411758
1558731648140 -411758
1558731648140 -411757
1558731648140 -411755
1558731648140 -411755
1558731648140 -411753
1558731648140 -411753
1558731648140 -411749
1558731648140 -411748
1558731648140 -411744
1558731648140 -411744
1558731648140 -411740
1558731648140 -411713
1558731648140 -411713
1558731648140 -411713
1558731648140 -411712
1558731648140 -411712
1558731648140 -411711
1558731648140 -411710
1558731648140 -411710
1558731648140 -411710
1558731648140 -411710
1558731648140 -411698
1558731648140 -419254
1558731648140 -419254
1558731648140 -419254
1558731648140 -419254
1558731648140 -419254
1558731648140 -419254
1558731648140 -419254
1558731648140 -419254
1558731648140 -419254
1558731648140 -419254
1558731648140 -418642
1558731648140 -418641
1558731648140 -418641
1558731648140 -418372
1558731648140 -418372
1558731648140 -418372
1558731648140 -411185
1558731648140 -411177
1558731648141 -411172
1558731648141 -411165
1558731648141 -411164
1558731648141 -411152
1558731648141 -411151
1558731648141 -411148
1558731648141 -411147
1558731648141 -411143
1558731648141 -411140
1558731648141 -411135
1558731648141 -411133
1558731648141 -411132
1558731648141 -411132
1558731648141 -411128
1558731648141 -411118
1558731648141 -411080
1558731648141 -411080
1558731648141 -411079
1558731648141 -411078
1558731648141 -411078
1558731648141 -411078
1558731648141 -411077
1558731648141 -411076
1558731648141 -411076
1558731648141 -411076
1558731648141 -411076
1558731648141 -411076
1558731648141 -411076
1558731648141 -411070
1558731648141 -411069
1558731648141 -411069
1558731648141 -411067
1558731648141 -410992
1558731648141 -410991
1558731648141 -410991
1558731648141 -410991
1558731648141 -410990
1558731648141 -410985
1558731648141 -410977
1558731648141 -410975
1558731648141 -410971
1558731648141 -410964
1558731648141 -410959
1558731648141 -410959
1558731648248 -418732
1558731648248 -418732
1558731648248 -418731
1558731648248 -418496
1558731648248 -418495
1558731648248 -418495
1558731648248 -418495
1558731648249 -418496
1558731648249 -418496
1558731648249 -418496
1558731648249 -418338
1558731648249 -418338
1558731648249 -418338
1558731648249 -403177
1558731648249 -403176
1558731648249 -403173
1558731648249 -403169
1558731648249 -403166
1558731648249 -403165
1558731648249 -403165
1558731648249 -403161
1558731648249 -403158
1558731648249 -403155
1558731648249 -403154
1558731648249 -403154
1558731648249 -403146
1558731648249 -403144
1558731648249 -403140
1558731648249 -403139
1558731648249 -403133
1558731648249 -403132
1558731648249 -403132
1558731648249 -403132
1558731648249 -403128
1558731648249 -403127
1558731648249 -403120
1558731648249 -403120
1558731648249 -403115
1558731648249 -403112
1558731648249 -403111
1558731648249 -403111
1558731648341 -403195
1558731648341 -403190
1558731648341 -403167
1558731648341 -403163
1558731648341 -403161
1558731648341 -403154
1558731648341 -403153
1558731648341 -403153
1558731648342 -403150
1558731648342 -403150
1558731648342 -403146
1558731648342 -403043
1558731648342 -403041
1558731648342 -403040
1558731648342 -403040
1558731648342 -403037
1558731648342 -403036
1558731648342 -403035
1558731648342 -403034
1558731648342 -403033
1558731648342 -402956
1558731648342 -402956
1558731648342 -402955
1558731648342 -402955
1558731648342 -402954
1558731648342 -402953
1558731648342 -402953
1558731648342 -402953
1558731648342 -402950
1558731648342 -402949
1558731648342 -402948
1558731648342 -402946
1558731648342 -402946
1558731648342 -402945
1558731648342 -402944
1558731648342 -402943
1558731648342 -402941
1558731648342 -402938
1558731648342 -402938
1558731648342 -402936
1558731648342 -402936
1558731648342 -402929
1558731648342 -402925
1558731648342 -402924
1558731648342 -402824
1558731648342 -402823
1558731648342 -402823
1558731648342 -402822
1558731648342 -402820
1558731648342 -402814
1558731648342 -402814
1558731648342 -402812
1558731648342 -402811
1558731648342 -402808
1558731648342 -402807
1558731648342 -402807
1558731648342 -402805
1558731648342 -402803
1558731648342 -402800
1558731648342 -402798
1558731648342 -402798
1558731648342 -402795
1558731648342 -402794
1558731648342 -402793
1558731648342 -402787
1558731648342 -402736
1558731648342 -402736
1558731648342 -402735
1558731648342 -402734
1558731648342 -402729
1558731648342 -402727
1558731648342 -402726
1558731648342 -402725
1558731648342 -402724
1558731648342 -402724
1558731648342 -402722
1558731648342 -402719
1558731648342 -402719
1558731648342 -402718
1558731648342 -402717
1558731648342 -402715
1558731648342 -402708
1558731648342 -402706
1558731648342 -402648
1558731648342 -402646
1558731648342 -402645
1558731648342 -402645
1558731648342 -402645
1558731648342 -402645
1558731648342 -402644
1558731648342 -402642
1558731648342 -402638
1558731648342 -402629
1558731648342 -402627
1558731648342 -402626
1558731648342 -402623
1558731648342 -402619
1558731648342 -402613
1558731648342 -402612
1558731648342 -402560
1558731648342 -402560
1558731648342 -402558
1558731648342 -402558
1558731648342 -402552
1558731648342 -402552
1558731648342 -402551
1558731648342 -402546
1558731648342 -402537
1558731648342 -402532
1558731648342 -402526
1558731648342 -402525
1558731648342 -402523
1558731648342 -402522
1558731648342 -402470
1558731648342 -402469
1558731648342 -402469
1558731648342 -402465
1558731648342 -402464
1558731648342 -402461
1558731648342 -402456
1558731648342 -402456
1558731648342 -402454
1558731648342 -402453
1558731648342 -402450
1558731648342 -402446
1558731648342 -402445
1558731648342 -402443
1558731648342 -402441
1558731648342 -402432
1558731648342 -402429
1558731648342 -402425
1558731648342 -402420
1558731648342 -402419
1558731648342 -402418
1558731648342 -402418
1558731648342 -402414
1558731648342 -402407
1558731648342 -402381
1558731648342 -402381
1558731648342 -402380
1558731648342 -402368
1558731648342 -402366
1558731648342 -402364
1558731648342 -402354
1558731648342 -402354
1558731648342 -402352
1558731648419 -419356
1558731648419 -419087
1558731648419 -419087
1558731648419 -419087
1558731648419 -419087
1558731648419 -419086
1558731648419 -419086
1558731648419 -419086
1558731648419 -418598
1558731648419 -418598
1558731648419 -418598
1558731648419 -378633
1558731648419 -378633
1558731648419 -378628
1558731648419 -378614
1558731648419 -378610
1558731648419 -378607
1558731648419 -378606
1558731648419 -378606
1558731648419 -378603
1558731648419 -378602
1558731648419 -378597
1558731648419 -378594
1558731648419 -378594
1558731648419 -378584
1558731648419 -378583
1558731648419 -378517
1558731648419 -378516
1558731648419 -378516
1558731648419 -378515
1558731648419 -378515
1558731648419 -378513
1558731648419 -378510
1558731648419 -378508
1558731648419 -378508
1558731648419 -378497
1558731648419 -378437
1558731648419 -378431
1558731648419 -378429
1558731648419 -378428
1558731648419 -378427
1558731648444 -378451
1558731648444 -378449
1558731648444 -378444
1558731648444 -378444
1558731648444 -378443
1558731648444 -378443
1558731648444 -378432
1558731648444 -378432
1558731648444 -378429
1558731648444 -378428
1558731648444 -378428
1558731648444 -378425
1558731648444 -378323
1558731648444 -378323
1558731648444 -378319
1558731648444 -378315
1558731648444 -378242
1558731648444 -378242
1558731648444 -378241
1558731648444 -378237
1558731648444 -378233
1558731648444 -378230
1558731648444 -378227
1558731648444 -378226
1558731648445 -378226
1558731648445 -378226
1558731648445 -378223
1558731648445 -378223
1558731648445 -378222
1558731648445 -378219
1558731648445 -378211
1558731648445 -378208
1558731648445 -378208
1558731648445 -378208
1558731648445 -378207
1558731648445 -378204
1558731648445 -378203
1558731648445 -378202
1558731648445 -378155
1558731648445 -378153
1558731648445 -378144
1558731648445 -378144
1558731648445 -378142
1558731648445 -378136
1558731648445 -378132
1558731648445 -413091
1558731648445 -413091
1558731648445 -413091
1558731648445 -413090
1558731648445 -413090
1558731648445 -413090
1558731648445 -376589
1558731648445 -376589
1558731648445 -376582
1558731648445 -376579
1558731648445 -376573
1558731648445 -376572
1558731648445 -376561
1558731648445 -376560
1558731648445 -376558
1558731648445 -376555
1558731648445 -376555
1558731648445 -376554
1558731648445 -376548
1558731648445 -376547
1558731648445 -376546
1558731648445 -376544
1558731648445 -376544
1558731648445 -376541
1558731648445 -376539
1558731648445 -376533
1558731648445 -376533
1558731648445 -376532
1558731648445 -376530
1558731648445 -376529
1558731648445 -376528
1558731648445 -376526
1558731648445 -376525
1558731648445 -376525
1558731648445 -376522
1558731648445 -376520
1558731648445 -376519
1558731648445 -376516
1558731648445 -376516
1558731648445 -376514
1558731648445 -376513
1558731648445 -376511
1558731648445 -376508
1558731648445 -376508
1558731648445 -376504
1558731648445 -376503
1558731648445 -376502
1558731648445 -376501
1558731648445 -376500
1558731648445 -376498
1558731648446 -418987
1558731648446 -418653
1558731648446 -418652
1558731648446 -418652
1558731648446 -418652
1558731648446 -418652
1558731648446 -418651
1558731648446 -418651
1558731648446 -371718
1558731648446 -371712
1558731648446 -371709
1558731648446 -371705
1558731648471 -371730
1558731648471 -371727
1558731648471 -371727
1558731648471 -371719
1558731648471 -371718
1558731648471 -371713
1558731648471 -371710
1558731648471 -371651
1558731648471 -371645
1558731648471 -371642
1558731648471 -371635
1558731648471 -371576
1558731648471 -371576
1558731648471 -371575
1558731648471 -371573
1558731648471 -371572
1558731648471 -371571
1558731648471 -371567
1558731648471 -371558
1558731648471 -371553
1558731648471 -371551
1558731648471 -371549
1558731648471 -371548
1558731648471 -371546
1558731648471 -371544
1558731648471 -371444
1558731648471 -371442
1558731648471 -371438
1558731648471 -371436
1558731648471 -371436
1558731648471 -371436
1558731648471 -371432
1558731648472 -371433
1558731648512 -412068
1558731648512 -411992
1558731648512 -411991
1558731648512 -411991
1558731648512 -411990
1558731648512 -411990
1558731648512 -411984
1558731648512 -411979
1558731648512 -411977
1558731648512 -343712
1558731648512 -343712
1558731648512 -343710
1558731648512 -343698
1558731648512 -343692
1558731648512 -343692
1558731648512 -343690
1558731648512 -343689
1558731648512 -343688
1558731648512 -343685
1558731648512 -343678
1558731648512 -343678
1558731648512 -343672
1558731648512 -343664
1558731648512 -343662
1558731648512 -343661
1558731648512 -343661
1558731648512 -343651
1558731648512 -343651
1558731648512 -343650
1558731648512 -343650
1558731648512 -343650
1558731648512 -343648
1558731648512 -343647
1558731648512 -343642
1558731648512 -343637
1558731648513 -343637
1558731648513 -343635
1558731648513 -343633
1558731648513 -343633
1558731648513 -343632
1558731648513 -343627
1558731648513 -343625
1558731648513 -343624
1558731648513 -343620
1558731648513 -343619
1558731648513 -343615
1558731648513 -343611
1558731648513 -343610
1558731648513 -343610
1558731648513 -343610
1558731648513 -343608
1558731648513 -343608
1558731648513 -343606
1558731648513 -343605
1558731648513 -343605
1558731648513 -343605
1558731648513 -343604
1558731648513 -343602
1558731648513 -343601
1558731648513 -343598
1558731648513 -343596
1558731648513 -343594
1558731648513 -343592
1558731648513 -343591
1558731648513 -343589
1558731648513 -343589
1558731648513 -343500
1558731648513 -343498
1558731648513 -343494
1558731648513 -343494
1558731648513 -343492
1558731648513 -343491
1558731648513 -343489
1558731648513 -343489
1558731648513 -343488
1558731648513 -343485
1558731648513 -343484
1558731648513 -343478
1558731648513 -343477
1558731648513 -343477
1558731648513 -343474
1558731648513 -343472
1558731648534 -343493
1558731648534 -343386
1558731648534 -343386
1558731648534 -343385
1558731648534 -343382
1558731648535 -343380
1558731648535 -343376
1558731648535 -343376
1558731648535 -343375
1558731648535 -343373
1558731648535 -343372
1558731648535 -343366
1558731648535 -343365
1558731648535 -343361
1558731648535 -343360
1558731648535 -343360
1558731648535 -343359
1558731648535 -343357
1558731648535 -343356
1558731648535 -343355
1558731648535 -343352
1558731648535 -343352
1558731648535 -343299
1558731648535 -343299
1558731648535 -343294
1558731648535 -343292
1558731648535 -343290
1558731648535 -343287
1558731648535 -343285
1558731648535 -343283
1558731648535 -343282
1558731648535 -343280
1558731648535 -343280
1558731648535 -343279
1558731648535 -343277
1558731648535 -343277
1558731648535 -343212
1558731648535 -343211
1558731648535 -343204
1558731648535 -343203
1558731648535 -343203
1558731648535 -343200
1558731648535 -343185
1558731648535 -343185
1558731648535 -343184
1558731648535 -343182
1558731648535 -411351
1558731648535 -411348
1558731648535 -411347
1558731648535 -411330
1558731648535 -411328
1558731648535 -411328
1558731648535 -345485
1558731648535 -345451
1558731648535 -345451
1558731648535 -345451
1558731648535 -345451
1558731648535 -345406
1558731648535 -345403
1558731648535 -339628
1558731648535 -339626
1558731648535 -339626
1558731648535 -339625
1558731648535 -339625
1558731648535 -339624
1558731648535 -339623
1558731648535 -339622
1558731648535 -339622
1558731648535 -339620
1558731648535 -339618
1558731648535 -339615
1558731648535 -339612
1558731648535 -339610
1558731648535 -339610
1558731648535 -339609
1558731648535 -339609
1558731648535 -339604
1558731648535 -339603
1558731648535 -339602
1558731648535 -339601
1558731648535 -339598
1558731648535 -339595
1558731648535 -339587
1558731648535 -339586
1558731648535 -339585
1558731648535 -339585
1558731648535 -339576
1558731648535 -339575
1558731648535 -339572
1558731648535 -339571
1558731648535 -339570
1558731648536 -339571
1558731648536 -339570
1558731648536 -339569
1558731648536 -339569
1558731648536 -339567
1558731648536 -339564
1558731648536 -339563
1558731648536 -339563
1558731648536 -339559
1558731648536 -339550
1558731648536 -339549
1558731648536 -339547
1558731648536 -339546
1558731648536 -339545
1558731648536 -339542
1558731648536 -339542
1558731648536 -339518
1558731648536 -339518
1558731648536 -339518
1558731648536 -339518
1558731648536 -339517
1558731648536 -339517
1558731648536 -339517
1558731648536 -339517
1558731648536 -339517
1558731648536 -339517
1558731648536 -339517
1558731648536 -339517
1558731648536 -339516
1558731648536 -339418
1558731648536 -339417
1558731648536 -339416
1558731648536 -339413
1558731648536 -339412
1558731648536 -339412
1558731648536 -339410
1558731648536 -339407
1558731648536 -339406
1558731648536 -339404
1558731648536 -339395
1558731648536 -339394
1558731648536 -339392
1558731648536 -339386
1558731648536 -339384
1558731648536 -339384
1558731648536 -339381
1558731648536 -339287
1558731648536 -339286
1558731648536 -339286
1558731648536 -339285
1558731648536 -339285
1558731648536 -339283
1558731648536 -339279
1558731648536 -339277
1558731648536 -339276
1558731648536 -339272
1558731648536 -339272
1558731648536 -339271
1558731648536 -339269
1558731648536 -339264
1558731648536 -339262
1558731648551 -339272
1558731648551 -339272
1558731648552 -339268
1558731648552 -339266
1558731648552 -339265
1558731648552 -339263
1558731648552 -339262
1558731648552 -339259
1558731648552 -339250
1558731648552 -339248
1558731648552 -339244
1558731648552 -339244
1558731648552 -339243
1558731648552 -339240
1558731648552 -339239
1558731648552 -339237
1558731648552 -339237
1558731648552 -339236
1558731648552 -339158
1558731648552 -339155
1558731648552 -339154
1558731648552 -339154
1558731648552 -339153
1558731648552 -339150
1558731648552 -339149
1558731648552 -339145
1558731648552 -339145
1558731648552 -339144
1558731648552 -339142
1558731648552 -339082
1558731648552 -339081
1558731648552 -339079
1558731648552 -339079
1558731648552 -339077
1558731648552 -339075
1558731648552 -339074
1558731648552 -339074
1558731648552 -339069
1558731648552 -339069
1558731648552 -339068
1558731648552 -339066
1558731648552 -339064
1558731648552 -339062
1558731648552 -339059
1558731648552 -339059
1558731648552 -339059
1558731648552 -339058
1558731648552 -339056
1558731648552 -339052
1558731648552 -339048
1558731648552 -339048
1558731648552 -338993
1558731648552 -338993
1558731648552 -338990
1558731648552 -338988
1558731648552 -338988
1558731648552 -338987
1558731648552 -338987
1558731648552 -338986
1558731648552 -338985
1558731648552 -338982
1558731648552 -338981
1558731648552 -338979
1558731648552 -338979
1558731648552 -338975
1558731648552 -338974
1558731648552 -338972
1558731648552 -338967
1558731648552 -338965
1558731648552 -338965
1558731648552 -338962
1558731648552 -338961
1558731648640 -378326
1558731648640 -378323
1558731648640 -378318
1558731648640 -378317
1558731648640 -378317
1558731648640 -378314
1558731648640 -378313
1558731648640 -378313
1558731648640 -378310
1558731648640 -378309
1558731648640 -378299
1558731648640 -181195
1558731648640 -181195
1558731648640 -181194
1558731648640 -181190
1558731648640 -181190
1558731648640 -181185
1558731648640 -181183
1558731648640 -181182
1558731648640 -181177
1558731648640 -181166
1558731648640 -181163
1558731648640 -181161
1558731648640 -181161
1558731648640 -181161
1558731648640 -181157
1558731648640 -181156
1558731648640 -181152
1558731648640 -181150
1558731648640 -181148
1558731648640 -181147
1558731648640 -181146
1558731648640 -181145
1558731648640 -181142
1558731648640 -181137
1558731648640 -181133
1558731648640 -181133
1558731648640 -181113
1558731648640 -181113
1558731648640 -181113
1558731648640 -181113
1558731648640 -181112
1558731648640 -181112
1558731648640 -181112
1558731648640 -181112
1558731648640 -181111
1558731648640 -181110
1558731648640 -181108
1558731648640 -181108
1558731648640 -181106
1558731648640 -181105
1558731648640 -181104
1558731648641 -181099
1558731648641 -181090
1558731648641 -181089
1558731648641 -181088
1558731648641 -181086
1558731648641 -181025
1558731648641 -181024
1558731648641 -181021
1558731648641 -181019
1558731648641 -181019
1558731648641 -181018
1558731648641 -181018
1558731648641 -181016
1558731648641 -181012
1558731648641 -181012
1558731648641 -181010
1558731648641 -181004
1558731648641 -181004
1558731648641 -181003
1558731648641 -180946
1558731648641 -180943
1558731648641 -180942
1558731648641 -180938
1558731648641 -180937
1558731648641 -180936
1558731648641 -180933
1558731648641 -180933
1558731648641 -180929
1558731648641 -180929
1558731648641 -180928
1558731648641 -180927
1558731648641 -180926
1558731648641 -180922
1558731648641 -180919
1558731648641 -180918
1558731648641 -180918
1558731648641 -180859
1558731648641 -180854
1558731648641 -180853
1558731648641 -180852
1558731648641 -180851
1558731648641 -180849
1558731648641 -180849
1558731648641 -180847
1558731648641 -180847
1558731648641 -180846
1558731648641 -180846
1558731648641 -180844
1558731648641 -180844
1558731648641 -180843
1558731648641 -180838
1558731648641 -180837
1558731648641 -180837
1558731648641 -180836
1558731648641 -180834
1558731648641 -180833
1558731648641 -180832
1558731648641 -180832
1558731648641 -180830
1558731648641 -180829
1558731648653 -180839
1558731648653 -180839
1558731648653 -180838
1558731648653 -180778
1558731648653 -180771
1558731648653 -180767
1558731648661 -371616
1558731648661 -344877
1558731648661 -344876
1558731648661 -344876
1558731648661 -344875
1558731648661 -344874
1558731648661 -344872
1558731648661 -344798
1558731648661 -344797
1558731648661 -162420
1558731648661 -162418
1558731648661 -162416
1558731648661 -162415
1558731648661 -162414
1558731648661 -162414
1558731648661 -162408
1558731648662 -162409
1558731648662 -162404
1558731648662 -162399
1558731648662 -162395
1558731648662 -162395
1558731648662 -162389
1558731648662 -162381
1558731648662 -162380
1558731648662 -162378
1558731648662 -162378
1558731648663 -162378
1558731648663 -162377
1558731648663 -162377
1558731648663 -162376
1558731648663 -162372
1558731648663 -162371
1558731648663 -162366
1558731648663 -162360
1558731648663 -162358
1558731648663 -162357
1558731648663 -162354
1558731648663 -162352
1558731648663 -162346
1558731648663 -162344
1558731648664 -162339
1558731648664 -162336
1558731648664 -162335
1558731648664 -162329
1558731648664 -162320
1558731648664 -162319
1558731648664 -162318
1558731648664 -162214
1558731648664 -162213
1558731648664 -162206
1558731648664 -162203
1558731648664 -162202
1558731648664 -162201
1558731648664 -162200
1558731648664 -162199
1558731648664 -162199
1558731648664 -162196
1558731648664 -162195
1558731648664 -162187
1558731648664 -162187
1558731648664 -162186
1558731648664 -162183
1558731648664 -162080
1558731648664 -162080
1558731648664 -162080
1558731648664 -162078
1558731648665 -162076
1558731648665 -162076
1558731648665 -162075
1558731648665 -162072
1558731648665 -162071
1558731648665 -162069
1558731648665 -162067
1558731648665 -162067
1558731648665 -162067
1558731648665 -162065
1558731648666 -162066
1558731648666 -162062
1558731648666 -162061
1558731648666 -162059
1558731648666 -162055
1558731648666 -162054
1558731648666 -162053
1558731648666 -162052
1558731648666 -162051
1558731648666 -162050
1558731648667 -162051
1558731648667 -162049
1558731648667 -162048
1558731648667 -162047
1558731648667 -162045
1558731648667 -162042
1558731648667 -162041
1558731648667 -162040
1558731648667 -162040
1558731648667 -162040
1558731648667 -162036
1558731648667 -162035
1558731648667 -162034
1558731648667 -162034
1558731648667 -162031
1558731648667 -162030
1558731648667 -162030
1558731648667 -162029
1558731648667 -162024
1558731648667 -162023
1558731648667 -162022
1558731648667 -161949
1558731648667 -161947
1558731648667 -161943
1558731648667 -161942
1558731648667 -161941
1558731648667 -161938
1558731648668 -161938
1558731648668 -161938
1558731648668 -161929
1558731648668 -161927
1558731648668 -161927
1558731648668 -161925
1558731648668 -161910
1558731648668 -161906
1558731648668 -161904
1558731648668 -161901
1558731648668 -161900
1558731648668 -161896
1558731648668 -161891
1558731648669 -161818
1558731648669 -161818
1558731648669 -161817
1558731648669 -161815
1558731648669 -161814
1558731648669 -161811
1558731648669 -161810
1558731648669 -161809
1558731648669 -161808
1558731648669 -161807
1558731648669 -161804
1558731648669 -161804
1558731648669 -161803
1558731648669 -161800
1558731648669 -161795
1558731648669 -161792
1558731648669 -161787
1558731648669 -161786
1558731648669 -161735
1558731648669 -161735
1558731648669 -161733
