1558294538282 -4798
1558294538282 -3160
1558294538294 -3123
1558294538294 -3123
1558294538327 -3156
1558294538369 -3247
1558294539929 -4758
1558294541081 -7428
1558294541423 -6301
1558294541423 -6301
1558294542441 -7318
1558294543155 -9502
1558294543445 -8322
1558294545065 -11412
1558294545915 -10742
1558294548613 -13440
1558294548666 -13493
1558294549562 -14389
1558294549648 -14475
1558294549648 -14475
1558294549780 -16126
1558294549780 -16126
1558294551003 -15880
1558294552442 -17268
1558294553432 -18258
1558294554377 -18968
1558294554864 -19741
1558294555396 -21742
1558294556290 -20881
1558294556290 -20881
1558294556369 -22715
1558294559562 -24439
1558294561032 -25621
1558294561184 -27530
1558294562161 -28507
1558294563123 -29469
1558294564086 -30432
1558294564423 -29300
1558294565053 -31398
1558294565394 -30271
1558294565394 -30271
1558294566758 -31347
