1558294550298 -16905
1558294550535 -17142
1558294550571 -17178
1558294554099 -20704
1558294554100 -20705
1558294557946 -24551
1558294557946 -24551
1558294559922 -26526
1558294563699 -30142
1558294578151 -42725
1558294578174 -42747
1558294578175 -42748
1558294578196 -42769
1558294578275 -42847
1558294578308 -42880
1558294578328 -42900
1558294578335 -42907
1558294578349 -42921
1558294578430 -43001
1558294579207 -43778
1558294579208 -43779
1558294579530 -44101
1558294581679 -46249
1558294581944 -46514
1558294582199 -46769
1558294582200 -46770
1558294582695 -47265
1558294582860 -47430
1558294582921 -47491
